0.288266
0.04898734
0.07422189
0.048054527
0.024824336
0.030400002
0.030719751
0.023615032
0.025416622
0.028375715
0.025487589
0.022329232
0.023625435
0.025081148
0.0230351
0.021864899
0.02289442
0.02347733
0.02206719
0.022011003
0.022471504
0.022602523
0.021809189
0.021973537
0.022359563
0.022331946
0.021641577
0.022172647
0.022615755
0.022341559
0.022105651
0.021501422
0.022724012
0.023627436
0.022671595
0.02219137
0.022207351
0.021652877
0.022016963
0.022452861
0.02191545
0.021818126
0.021877967
0.021563673
0.022035284
0.022221908
0.021562347
0.021845294
0.022328854
0.021821031
0.021570995
0.02172867
0.021449516
0.021663606
0.021841845
0.021428945
0.021688571
0.02198057
0.021515822
0.021422075
0.021515133
0.021096965
0.021274194
0.021432018
0.020795196
0.020554435
0.02061032
0.020152496
0.020133942
0.020162037
0.019707859
0.019604025
0.019572986
0.019162351
0.019085977
0.01901262
0.018607512
0.01840859
0.018117366
0.017965764
0.017597651
0.017513908
0.017513856
0.017177751
0.01758995
0.017709622
0.017163558
0.016987607
0.016738476
0.016266331
0.016116383
0.016052345
0.015843237
0.015584331
0.01570057
0.015342238
0.015882177
0.015396789
0.0152457105
0.014916177
0.015055135
0.014950161
0.014343877
0.014236547
0.014128282
0.013908957
0.014079462
0.013791613
0.013797317
0.013639982
0.013341914
0.013185069
0.013216287
0.013010045
0.013184209
0.013005695
0.012850601
0.012785639
0.012525953
0.012381437
0.012494236
0.012313206
0.012431008
0.012168728
0.012292528
0.012137074
0.012069945
0.012038534
0.011736703
0.0116272345
0.011853926
0.011633347
0.011777948
0.011775427
0.011315666
0.011245369
0.011481076
0.011355835
0.0111856265
0.0111773135
0.011061117
0.010983172
0.011112601
0.011051024
0.010797766
0.010667446
0.010732099
0.010598681
0.010582395
0.0104239555
0.010551254
0.010406104
0.010409747
0.010293092
0.010286297
0.010222984
0.010210293
0.010159611
0.010067334
0.010054099
0.009978761
0.009910251
0.009990622
0.009868397
0.0099012535
0.009775936
0.009909901
0.009862476
0.009667278
0.009615653
0.009718292
0.009583363
0.009718983
0.009646328
0.0094766505
0.009460185
0.009531016
0.009498707
0.009370806
0.009372575
0.0093642
0.009296025
0.009402874
0.0093917465
0.0091465125
0.0091093695
0.009363573
0.009255041
0.009106395
0.00901861
0.009295468
0.009216306
0.008969842
0.008908243
0.0091473935
0.009035322
0.008915207
0.00885051
0.009018882
0.008953744
0.008838099
0.008833693
0.008794521
0.00873286
0.008849714
0.008786745
0.008712654
0.00866562
0.008726616
0.008652412
0.008604826
0.008562458
0.008568914
0.008510613
0.008576644
0.008541457
0.008463183
0.008423023
0.008486163
0.008429048
0.008372969
0.008372238
0.008405751
0.00834111
0.008305247
0.008395779
0.008282833
0.008424276
0.008217265
0.008231605
0.008186824
0.008397813
0.008040528
0.009294095
0.009281527
0.008538875
0.008738697
0.008387398
0.008624979
0.008670396
0.008133878
0.00851483
0.008302763
0.008094176
0.008141816
0.007970306
0.007945744
0.008092939
0.008087337
0.007880754
0.007939231
0.0077895797
0.007842478
0.007725286
0.007739522
0.0077745505
0.0077924323
0.00791474
0.007643553
0.0077871024
0.007576375
0.007641032
0.0075383163
0.0074948184
0.00755428
0.0074494123
0.0075304606
0.007399307
0.007617405
0.007523754
0.007284319
0.0072889384
0.0072025084
0.007226045
0.007252772
0.0070793373
0.0076141194
0.007612083
0.0071553253
0.0072812294
0.007199697
0.007223299
0.0072529274
0.007059133
0.0072238087
0.0071684155
0.007093869
0.007213781
0.006887046
0.007542206
0.0074576214
0.0071040317
0.0071837306
0.007172661
0.007073092
0.006890735
0.0069416016
0.0068582497
0.0068087014
0.0071107657
0.0068522952
0.007350107
0.007261301
0.0068567223
0.0068804156
0.006795144
0.0067144125
0.0067871683
0.006648365
0.006651342
0.006718295
0.0065987515
0.006642081
0.0066016093
0.0066221184
0.006862685
0.006626878
0.007238141
0.00743325
0.006687108
0.0069762715
0.0068985582
0.006818192
0.007028874
0.0066595958
0.006726718
0.006736887
0.0067010764
0.006702469
0.0064663975
0.006708655
0.0065375254
0.006594408
0.0066779437
0.006460708
0.0066497796
0.0066606943
0.0062773335
0.0063903555
0.0062743383
0.006350471
0.0061823744
0.006606368
0.006533435
0.0063159615
0.0064579095
0.006157004
0.0063235494
0.0062050815
0.0061214208
0.0061365976
0.006121037
0.0060567423
0.00612062
0.0060021025
0.0061779185
0.0061567905
0.0060100905
0.006050126
0.005971294
0.0059041805
0.0060087615
0.006005322
0.0058831326
0.0060863253
0.005919336
0.0060521266
0.0060463524
0.005865025
0.0060327793
0.0058132545
0.006381067
0.0062704557
0.0062026847
0.006219871
0.0062952414
0.0062104366
0.005758926
0.006050321
0.0058037317
0.006319184
0.0066495673
0.0058874846
0.0062374044
0.0064813904
0.005905785
0.006077045
0.0060389354
0.005912341
0.005849486
0.005870869
0.005844457
0.0056118406
0.005760791
0.005610011
0.00584909
0.0058067725
0.0057366155
0.0057728575
0.005558777
0.005611904
0.005442493
0.0057022814
0.005602203
0.005490197
0.0056420616
0.0053451452
0.00573595
0.005722186
0.0053613684
0.0054436564
0.0052989866
0.0054009743
0.0053363442
0.005316214
0.005401198
0.005193501
0.005318029
0.005249427
0.0051884763
0.0052593513
0.0050457222
0.005652429
0.0057412013
0.0053595505
0.005213853
0.00541426
0.005436633
0.004914994
0.005086125
0.0050214212
0.0049265292
0.0048254095
0.005137432
0.0051229396
0.0047849375
0.005117554
0.0050853216
0.0048590545
0.00481917
0.0047757714
0.0048309523
0.0048167673
0.0047279126
0.0047740783
0.004750487
0.0045517073
0.004824734
0.0045093107
0.0051207994
0.005208403
0.0047664344
0.004634556
0.0049373526
0.0047632973
0.0045821755
0.0047502927
0.0045216656
0.004532469
0.0045199455
0.004580878
0.0043458003
0.0046954066
0.0047634975
0.004385445
0.0043586134
0.004379714
0.004137643
0.004596231
0.0044284873
0.004520646
0.0045883236
0.004009155
0.004379084
0.0045019086
0.0041159564
0.004099637
0.0040713646
0.0040618093
0.004023897
0.004055178
0.003885147
0.004004122
0.004019456
0.0039584646
0.004004106
0.0037690364
0.004071412
0.0038144852
0.0041076443
0.0042510633
0.0038659023
0.003757057
0.0039573656
0.003657803
0.0041253134
0.0042381673
0.0036481686
0.0041723675
0.0045780092
0.0041678227
0.0037758246
0.0041605406
0.0040581194
0.0035700516
0.003804783
0.0037410867
0.0035967305
0.003631858
0.0035768298
0.0034025935
0.0034539867
0.0033810583
0.0033678922
0.003288129
0.0033559122
0.0032367604
0.003443149
0.0033629152
0.0033220954
0.0034972783
0.0031592
0.0034752619
0.0034325991
0.003147617
0.0036792832
0.0036898481
0.0032719392
0.003320603
0.0034584515
0.0032062724
0.0035109546
0.0035069014
0.0032327294
0.003219246
0.0033435207
0.0031572247
0.003427012
0.0034024622
0.0031805455
0.0031046756
0.00325393
0.003054266
0.003389235
0.0033868614
0.0031600948
0.0031316804
0.003049327
0.0029786534
0.0031997527
0.0031036756
0.0031574816
0.0030635223
0.0030973412
0.0031132938
0.0029045658
0.003039403
0.002913629
0.0028817926
0.0029910363
0.0028357932
0.0029394627
0.0029012316
0.0028979133
0.0028073045
0.002917422
0.0028193567
0.0028123867
0.0028617282
0.0027201027
0.0030338534
0.0028765134
