0.2893281
0.0759821
0.05571388
0.030020922
0.034279265
0.031409897
0.022966625
0.0309178
0.032975838
0.024775043
0.024124226
0.027067708
0.02459994
0.022920905
0.023159781
0.023283517
0.02297119
0.022013394
0.022810152
0.023141885
0.021758279
0.021977581
0.022423455
0.021327771
0.021392351
0.02184023
0.02091921
0.021161603
0.021576563
0.020882448
0.020739848
0.021102153
0.020668263
0.02078648
0.020996124
0.020650966
0.020634433
0.02069676
0.020645333
0.02038193
0.020330386
0.020649847
0.020492606
0.020643301
0.020373145
0.02074332
0.020625206
0.020073513
0.020019783
0.020268584
0.020051265
0.019998075
0.019858563
0.019713202
0.019530164
0.019366205
0.019141389
0.019181011
0.019069621
0.01874985
0.018595306
0.018603554
0.01844337
0.018495103
0.018366082
0.018272633
0.01818572
0.018136704
0.017970992
0.0182117
0.017957764
0.018071039
0.018071344
0.01768282
0.017660858
0.01811179
0.01786291
0.017925888
0.017997755
0.017651632
0.017882204
0.017782636
0.017600315
0.017560242
0.017640663
0.017538061
0.017599273
0.017584965
0.017423242
0.017596332
0.01730335
0.017578764
0.017395178
0.017467806
0.017494857
0.017279437
0.017318083
0.017197149
0.017207509
0.017048053
0.017180718
0.017061597
0.016992157
0.01694716
0.016906442
0.016844755
0.016860463
0.016780557
0.016738988
0.016673192
0.016655302
0.01661059
0.016421478
0.016373593
0.016557924
0.016438607
0.016327418
0.016466556
0.016057374
0.016369289
0.016206335
0.016174681
0.016074497
0.016399622
0.015899662
0.016077884
0.016256737
0.015622494
0.015650287
0.015503596
0.015401744
0.015580788
0.015338346
0.015233096
0.015158273
0.015247424
0.015026995
0.015085071
0.015116348
0.014593947
0.01519495
0.014391136
0.015392383
0.014450952
0.014865086
0.014639487
0.014755424
0.014333303
0.014743027
0.014243762
0.014115408
0.013923983
0.014176386
0.01366542
0.013999342
0.013741759
0.014289544
0.013769016
0.013633796
0.0137954205
0.013488725
0.013375883
0.013884212
0.01387393
0.013552301
0.0139462715
0.013444473
0.013720974
0.013567697
0.013843565
0.014206044
0.013576842
0.013674679
0.013498146
0.014236536
0.0136112645
0.013675989
0.013582175
0.013253392
0.013498914
0.013028911
0.0128560895
0.012737622
0.012854849
0.012601675
0.0125150345
0.012448198
0.012396161
0.012203504
0.012530945
0.012145163
0.012729856
0.0125003485
0.012163017
0.012291054
0.01186617
0.012463756
0.012487955
0.011897523
0.011862448
0.01208775
0.011910777
0.011548057
0.011535731
0.011352065
0.011080666
0.011101787
0.010810924
0.011687412
0.011424772
0.011167042
0.010953452
0.011381281
0.010958399
0.011965677
0.0118136
0.010537304
0.010595563
0.0102749625
0.010314575
0.010196514
0.010240516
0.009910531
0.010551368
0.010456641
0.010004178
0.009907895
0.01028427
0.01001983
0.010312393
0.010377335
0.010029179
0.009834654
0.009835974
0.009700421
0.009764097
0.009605196
0.0097803855
0.009659605
0.009874972
0.009798014
0.009637911
0.009416032
0.009111268
0.009205011
0.00934595
0.009730582
0.009434448
0.009165474
0.009426938
0.009762251
0.009461285
0.00955883
0.009207066
0.0092649795
0.009459984
0.009208281
0.008774233
0.009404189
0.009459461
0.00902014
0.008951694
0.008979644
0.008895108
0.0085648075
0.009017694
0.008753321
0.009417815
0.008980819
0.008641933
0.009628692
0.009206704
0.008713263
0.009251945
0.009080828
0.009038847
0.009460223
0.00900901
0.009284779
0.009377382
0.0090517765
0.008749475
0.00888881
0.008893411
0.008416
0.008523823
0.008524485
0.008258254
0.008684394
0.008659531
0.008499641
0.00829096
0.008566423
0.008148079
0.008088032
0.007834926
0.007825204
0.008047893
0.0075459275
0.008594905
0.008808055
0.00800492
0.008080202
0.008201961
0.0075584822
0.007909611
0.008153287
0.008042861
0.0075491234
0.007291078
0.0070176176
0.007169893
0.0076446473
0.00744647
0.0075986576
0.007872003
0.0076521337
0.006805142
0.0076100254
0.0074548866
0.0072187465
0.00747408
0.006929238
0.0068707555
0.006658664
0.0064695105
0.007007916
0.0068008914
0.0067063966
0.006616231
0.0066359024
0.006659536
0.006387209
0.0064236694
0.0063104294
0.006248823
0.0063608997
0.006020376
0.005932402
0.0066321627
0.0064539486
0.0068037263
0.006653259
0.0063903653
0.006579491
0.006211448
0.00621525
0.006691359
0.006589985
0.0063969158
0.006564606
0.0061471853
0.0065307305
0.0063505857
0.006616877
0.0071958974
0.006878096
0.005938672
0.006767018
0.007393097
0.007219985
0.006081682
0.0060908603
0.0059885555
0.006339131
0.006615879
0.0063224784
0.0066033658
0.006457329
0.0064008
0.006040051
0.0069441795
0.0062288083
0.0068266112
0.00709242
0.0064263344
0.0065962267
0.0064971573
0.005987782
0.0057835965
0.0056427824
0.0054691583
0.00600524
0.0058458927
0.005847709
0.0058794967
0.005546139
0.0061123627
0.006234877
0.005821044
0.005480897
0.0064949743
0.0059783445
0.0058017615
0.005811736
0.005632542
0.0058172215
0.005410018
0.0056903395
0.00556726
0.005762832
0.0055592977
0.0058116266
0.0057649557
0.005698614
0.0057906373
0.0054467362
0.005636914
0.005360171
0.0054778964
0.0055266097
0.005305961
0.0053733904
0.0050222096
0.0052974275
0.005169085
0.0052367686
0.0051547643
0.005164753
0.005140932
0.0052988357
0.0051906435
0.0050824448
0.005376637
0.005077424
0.006110251
0.005763588
0.005226996
0.0053191236
0.0052885115
0.0051150564
0.005247031
0.0049168733
0.005773568
0.0057479837
0.0054506324
0.0057380707
0.0059227683
0.0064094663
0.005299121
0.0061379946
0.006135916
0.0059450525
0.0062660133
0.0055820383
0.0058566104
0.0057393312
0.005262516
0.005344722
0.005181708
0.005206104
0.005132451
0.005275972
0.00519591
0.005161229
0.0052509923
0.0052068303
0.0060948855
0.0053812154
0.005448524
0.005725919
0.00532507
0.0050685145
0.0057024583
0.005441601
0.0051397174
0.0053912327
0.005387669
0.00512475
0.0051231985
0.004848456
0.005614067
0.0049954313
0.0057589505
0.005684028
0.0049667195
0.0058922973
0.006000755
0.0051660202
0.005442185
0.0059343367
0.0048928163
0.0063741743
0.0073980037
0.0057106353
0.005466066
0.0061669475
0.006114227
0.00516241
0.005678633
0.0060884445
0.0052909986
0.0052257315
0.0051150844
0.005285905
0.0049123582
