0.43324524
0.099405244
0.088563666
0.11689622
0.10694007
0.075122304
0.06055127
0.06884028
0.07074282
0.064255
0.059423856
0.06270221
0.061317302
0.060502864
0.060321096
0.060931817
0.059995253
0.05959496
0.059838418
0.058850307
0.059728105
0.059619207
0.058488443
0.058542933
0.058685716
0.057820916
0.05969489
0.06015161
0.05814753
0.058278035
0.058764163
0.058451757
0.05768881
0.05694506
0.057415955
0.056433372
0.058204386
0.05950777
0.0565598
0.057037838
0.058432464
0.05634773
0.056078985
0.056937154
0.055001
0.056365807
0.05741243
0.05487504
0.054782696
0.056059495
0.053779736
0.05349389
0.053903468
0.0519341
0.05361492
0.055624407
0.05180257
0.051113304
0.051362682
0.050045338
0.048658434
0.04833058
0.047986798
0.046581488
0.04517443
0.04444921
0.043114655
0.042172734
0.04046847
0.040730983
0.039929662
0.037050646
0.03767727
0.038462393
0.036457438
0.034376178
0.034040995
0.03574478
0.03305467
0.050629217
0.05476505
0.035632297
0.040530477
0.044512033
0.04002149
0.03228003
0.06673871
0.11880089
0.07442902
0.032565743
0.038060717
0.041259676
0.038420822
0.03286704
0.032124873
0.036670208
0.034909375
0.031522408
0.030664323
0.03129143
0.030968508
0.029635362
0.02985163
0.030523524
0.029307533
0.028535733
0.028689949
0.027803054
0.028193701
0.02821244
0.026884433
0.027847497
0.028077602
0.026530059
0.027642854
0.029233595
0.026921688
0.025958097
0.026369099
0.025898354
0.025302203
0.025401732
0.025414206
0.025160825
0.024523003
0.024702564
0.024498578
0.024125705
0.024371767
0.024050014
0.024695756
0.024072869
0.025190143
0.025744239
0.023341784
0.023476385
0.02363308
0.023383714
0.022713793
0.025363645
0.025659883
0.024560645
0.024295993
0.023328034
0.022343816
0.023468029
0.023626603
0.023086522
0.022511877
0.023209522
0.023003466
0.02392598
0.024135228
0.022984708
0.022199284
0.02239634
0.022209777
0.02297485
0.023250688
0.021955017
0.021243248
0.02181938
0.02335193
0.021742288
0.021586394
0.021792434
0.021374308
0.021089813
0.021071002
0.021955993
0.02127091
0.020996332
0.020811275
0.021079551
0.02105396
0.020376118
0.020099333
0.021140447
0.02042292
0.020404277
0.020389482
0.019778304
0.019662498
0.019821653
0.0195583
0.019836292
0.019509872
0.019610634
0.019491319
0.018793456
0.020038255
0.019531505
0.019698426
0.01902455
0.019372812
0.019773034
0.018586101
0.019875752
0.021295357
0.019443497
0.01927826
0.020968862
0.019553771
0.018553076
0.018609695
0.018407788
0.01798421
0.017892793
0.017815776
0.017400412
0.017514385
0.017393563
0.017419014
0.017572049
0.017299049
0.017037496
0.016889727
0.016716072
0.016976349
0.016855095
0.016463669
0.016802166
0.01642453
0.016508492
0.01645985
0.01645268
0.016155181
0.016610283
0.01647271
0.015952908
0.015992166
0.015582526
0.0154208625
0.015649877
0.015213011
0.016988838
0.017687913
0.016327528
0.016657887
0.016624948
0.016580893
0.016397798
0.015086012
0.015757563
0.016434034
0.01607449
0.015400815
0.014750719
0.01516968
0.015098667
0.015090741
0.014860579
0.014614545
0.014681367
0.01498939
0.01429535
0.015160888
0.014882689
0.015536528
0.015444158
0.015125923
0.015204863
0.014955256
0.014211492
0.015088702
0.015310096
0.014344231
0.015375481
0.016079843
0.014932449
0.014142605
0.01457064
0.014069195
0.014287932
0.0144370245
0.013827294
0.014106836
0.014255493
0.013602376
0.014621468
0.015461419
0.014832993
0.014964565
0.015120764
0.014188882
0.014291491
0.014679935
0.01409926
0.013744007
0.013932731
0.013534015
0.014450711
0.014432367
0.014476692
0.014292168
0.014666633
0.0136239
0.013923986
0.01412106
0.013877576
0.013818494
0.013475865
0.013595938
0.013446013
0.013393593
0.013515426
0.013495856
0.013478221
0.013122741
0.013374611
0.013321261
0.013432324
0.013433812
0.013343491
0.013183405
0.013459541
0.013259654
0.013119012
0.013059843
0.013302339
0.013239501
0.013125744
0.013106121
0.012999408
0.012827565
0.01334833
0.013295813
0.012881986
0.012900689
0.012906324
0.012740658
0.013234814
0.013097971
0.012779625
0.012824993
0.012775141
0.01267851
0.012980807
0.012837167
0.01284435
0.012839849
0.012686731
0.012646638
0.012866265
0.012768368
0.01274244
0.012726954
0.012652733
0.012640242
0.012671693
0.01257649
0.01277401
0.012699777
0.012567414
0.012561251
0.012513613
0.012485387
0.012458747
0.012445469
0.0124199055
0.012377925
0.012430378
0.012306184
0.012662276
0.012699675
0.012293606
0.012810103
0.012770808
0.012389662
0.012393359
0.012518453
0.012180046
0.013168625
0.01311668
0.01238459
0.012630575
0.012771015
0.01229252
0.012770379
0.012807148
0.01207919
0.012094478
0.012331649
0.012152067
0.012589703
0.012649529
0.01207126
0.012375714
0.012114449
0.012542383
0.012618419
0.012360727
0.012273038
0.012372262
0.012363507
0.012034869
0.012753653
0.012918054
0.011987845
0.0124958465
0.012623458
0.012102123
0.012215199
0.012262832
0.012093579
0.0121387085
0.012343026
0.011948822
0.0127104325
0.01314189
0.01251954
0.012223028
0.012644095
0.012554401
0.012945555
0.012662644
0.012141527
0.012347742
0.012223411
0.011834503
0.01300993
0.013059389
0.011915605
0.012138903
0.012386836
0.0121029075
0.011974188
0.012059234
0.011974863
0.011818751
0.011820016
0.011732938
0.011786784
