0.2885009
0.04596424
0.06995564
0.10256048
0.068817325
0.030167693
0.026651217
0.03922163
0.039320406
0.028282613
0.022121137
0.024441876
0.028561175
0.02602788
0.021528872
0.021891013
0.024462387
0.02387414
0.02149512
0.020906443
0.022136196
0.02140888
0.020666746
0.02183795
0.021968795
0.021094605
0.020775847
0.02135107
0.021234894
0.020611992
0.021241894
0.021178566
0.020890832
0.020695701
0.021427268
0.021289773
0.020492757
0.020549262
0.020691661
0.020521779
0.020617336
0.020616794
0.020512117
0.020641511
0.02053469
0.020614944
0.020527111
0.020665554
0.020574337
0.020678306
0.020570934
0.02070964
0.02059977
0.020628769
0.020619294
0.020462433
0.02048141
0.020494942
0.020398187
0.020684259
0.020663949
0.020355904
0.02070982
0.020403901
0.021058315
0.021282448
0.020532565
0.020804213
0.020913893
0.020828009
0.020531252
0.020517508
0.020590637
0.020239584
0.020390963
0.020278359
0.020289786
0.020362247
0.02013058
0.020631619
0.02079123
0.020327007
0.020118551
0.02046772
0.02036411
0.01999475
0.019998891
0.020044342
0.019761635
0.02051994
0.020706343
0.019850392
0.020200973
0.020550443
0.019992216
0.019775467
0.019760951
0.019604133
0.019639742
0.019392004
0.019300701
0.01907288
0.019398024
0.019103767
0.018832698
0.018788928
0.018687688
0.01854097
0.018730571
0.018561013
0.01829957
0.018186288
0.018295
0.018118039
0.018210227
0.018129297
0.017978959
0.017892936
0.017979948
0.017818257
0.017959485
0.017911093
0.017690504
0.01760816
0.017889192
0.017786272
0.017646246
0.017666668
0.017636422
0.017512932
0.017714718
0.017558202
0.017618125
0.017614404
0.01739493
0.017337391
0.017620875
0.017538546
0.017451538
0.017412564
0.017492084
0.017431026
0.017413717
0.01737095
0.01742758
0.017368784
0.017380847
0.017361587
0.017329056
0.017267158
0.017434731
0.017402276
0.017251605
0.017219597
0.017413529
0.017334735
0.017260723
0.017236395
0.017302439
0.017245263
0.017289408
0.017251372
0.017248662
0.017216088
0.017258614
0.017220907
0.017237982
0.0172043
0.017225033
0.01718839
0.017221453
0.017187603
0.01719405
0.017152874
0.017225366
0.01719069
0.017151749
0.01711753
0.017221877
0.017184975
0.017121129
0.017090281
0.017210955
0.017174503
0.017089924
0.017059365
0.01720361
0.017163455
0.017059674
0.01702969
0.017191632
0.017146358
0.017031433
0.017001461
0.017171754
0.017118836
0.017010363
0.01698392
0.017115416
0.017062472
0.017004615
0.016977644
0.017053215
0.017005406
0.016995499
0.016962448
0.017002469
0.016959894
0.016966915
0.016926935
0.016971871
0.016925557
0.016924826
0.016880741
0.016939474
0.016887732
0.01687301
0.016824722
0.016915109
0.016854072
0.016819729
0.016765459
0.016887266
0.016814603
0.016755775
0.01669625
0.016866444
0.016770331
0.016700272
0.016639283
0.016800271
0.016691325
0.016668165
0.016617259
0.016652232
0.016594179
0.01660382
0.01657213
0.016542962
0.016515452
0.016516365
0.016479246
0.016515011
0.016497763
0.01641172
0.016407387
0.016395153
0.016361618
0.016364299
0.016342679
0.016287128
0.016291928
0.016161365
0.016416028
0.016220883
0.016331447
0.016338779
0.016037412
0.01604356
0.016069414
0.015982365
0.016275147
0.016282575
0.015998732
0.016063571
0.015912982
0.01598758
0.015923323
0.015803197
0.01593251
0.015885055
0.015723888
0.015798308
0.015682476
0.015900122
0.016028969
0.015722869
0.015580195
0.015664553
0.015537887
0.01559862
0.015497533
0.01555372
0.015449889
0.015861547
0.015836338
0.015380137
0.015288013
0.015252315
0.015129693
0.015285257
0.015132851
0.015725039
0.015506885
0.015063328
0.014976093
0.015358631
0.015387247
0.014995101
0.014953365
0.01485077
0.014748022
0.015129104
0.014907
0.015008549
0.014870561
0.014866538
0.014886363
0.014561226
0.014493026
0.014789537
0.014699242
0.014454274
0.014348141
0.014761221
0.0146122975
0.014418985
0.014373884
0.014426783
0.014374333
0.01427683
0.014201991
0.014297266
0.014179237
0.014228717
0.01408882
0.014274515
0.01421591
0.014006834
0.013898015
0.014487627
0.01448092
0.013883601
0.013939674
0.014018868
0.01390954
0.014156341
0.014202293
0.013980351
0.0139287235
0.0137222
0.013912263
0.013594054
0.014178398
0.014200319
0.0141387405
0.014071591
0.013856861
0.014084384
0.014313842
0.013797027
0.013742245
0.014172837
0.014082109
0.013951908
0.013735001
0.013804021
0.014008642
0.01359696
0.013583183
0.0135847
0.013447176
0.013685793
0.013677612
0.013664022
0.013610933
0.013585945
0.013385017
0.0135517465
0.013570353
0.013877898
0.013699795
0.013408284
0.013416815
0.013442422
0.013391669
0.013101066
0.013326618
0.013108168
0.013526714
0.013261241
0.013456923
0.013424508
0.013055075
0.0129423
0.013127918
0.013051901
0.012969137
0.0128709385
0.0132747665
0.013066257
0.012990889
0.01292156
0.013065539
0.012951297
0.012860928
0.012658914
0.013006497
0.013032622
0.012830717
0.01279794
0.012892384
0.012769088
0.012886171
0.012697783
0.012897651
0.012855289
0.012631332
0.012580271
0.012608662
0.012565856
0.012856419
0.012712778
0.012792557
0.012766567
0.012434556
0.012471444
0.012372906
0.012326007
0.012339212
0.012248172
0.01242819
0.0122151
0.012783952
0.012659877
0.012458504
0.012294523
0.012476165
0.0122776665
0.012624833
0.012553692
0.012035704
0.012412737
0.0120958565
0.012092716
0.012085979
0.012078762
0.0121559845
0.01186309
0.011864591
0.01201607
0.01183566
0.011871242
0.012026034
0.012000213
0.01182058
0.011979252
0.011802933
0.0122253
0.012138466
0.012270011
0.01193186
0.012155972
0.012148995
0.012209897
0.011969785
0.011978735
0.011912343
0.012106977
0.011835001
0.011875751
0.01186175
0.011851163
0.011769173
0.011780857
0.011679128
0.01172972
0.011595999
0.011762261
0.011625144
0.011680749
0.011595071
0.011528463
0.011473673
0.011516613
0.011390639
0.011654652
0.011478655
0.011469975
0.011414103
0.011379607
0.011290338
0.011527821
0.011355654
0.011494134
0.011503366
0.0112407245
0.011255407
0.011477825
0.011513855
0.0112320185
0.011225087
0.011249377
0.01108545
0.01152156
0.011534441
0.011035909
0.011114736
0.01111085
0.01088116
0.011574418
0.011465982
0.011210586
0.011283897
0.010963359
0.010888673
0.011250615
0.0112339845
0.011161829
0.011018935
0.011386541
0.01128563
0.0115182
0.0112130195
0.011061582
0.010988324
0.011156112
0.0109074935
0.011629168
0.011642284
0.010836457
0.010901235
0.010841832
0.010969768
0.010867533
0.01088222
0.010842537
0.010670031
0.011137727
0.01081046
0.011686708
0.01148285
0.011431567
0.011083863
0.011338532
0.011120473
0.010929222
0.0108561935
0.011004265
