0.4351289
0.091972634
0.101132266
0.12111791
0.1030626
0.09324755
0.10070077
0.09801148
0.09211169
0.095421515
0.096360415
0.093120925
0.09302314
0.09465449
0.0930364
0.09219221
0.09304059
0.09237314
0.09252515
0.092737526
0.09223691
0.09213012
0.092337765
0.09178787
0.09180722
0.09232839
0.09184214
0.09308931
0.093253404
0.09169218
0.093242556
0.094275296
0.09263867
0.091682896
0.09211057
0.09160568
0.09205943
0.09231048
0.091490924
0.09239292
0.093233235
0.092154115
0.091352396
0.09162063
0.091288626
0.091745995
0.09196431
0.09119548
0.09209753
0.09309405
0.09217152
0.09103262
0.093266
0.09556954
0.09504942
0.092491694
0.09099803
0.09187077
0.09214405
0.091265626
0.09123912
0.09173077
0.09144193
0.0909521
0.09199003
0.09204088
0.091221064
0.09126052
0.09135062
0.09143383
0.09097776
0.09158221
0.09207679
0.09126162
0.09111384
0.09143215
0.09103164
0.09113639
0.091221966
0.09095753
0.091080286
0.091128066
0.09094795
0.09096151
0.091040805
0.0908261
0.09105104
0.09103846
0.09072395
0.090695255
0.09104673
0.09095527
0.09062285
0.09064641
0.090576
0.09051002
0.09048397
0.09038357
0.09031681
0.090187974
0.09024841
0.090069786
0.089816056
0.06583046
0.08674461
0.106106
0.08236956
0.06317074
0.07290598
0.07356488
0.065119684
0.06748199
0.072852425
0.06715074
0.061910138
0.06395189
0.063928634
0.06208126
0.06221493
0.06179729
0.06211914
0.06166935
0.060416445
0.061192703
0.060897827
0.06017413
0.060144477
0.060150698
0.05981582
0.05967081
0.059766397
0.05927374
0.0596409
0.059380032
0.05924919
0.059178457
0.058939
0.058837343
0.05880966
0.05864896
0.058685705
0.058600478
0.05851333
0.058471557
0.058427304
0.058304653
0.05849094
0.058393948
0.058165267
0.058295224
0.05816718
0.058077794
0.058096416
0.05795935
0.05793145
0.05791005
0.05784721
0.057838682
0.05769841
0.057903722
0.057871077
0.05771245
0.057475217
0.057980996
0.058143243
0.057567094
0.057690073
0.05765116
0.057708487
0.05778919
0.057223327
0.057837363
0.058523946
0.05782924
0.0574673
0.05739009
0.05709259
0.05737174
0.057091895
0.057048038
0.057090953
0.05687146
0.056802966
0.05691585
0.056847002
0.056763332
0.05661804
0.05675179
0.056694403
0.056462403
0.056489095
0.056374982
0.05627672
0.0562862
0.056226324
0.05616877
0.056099072
0.05606171
0.05604524
0.055904634
0.05626641
0.056370925
0.055773553
0.056417484
0.056826387
0.056130532
0.055847336
0.055962488
0.05568293
0.055654723
0.055684734
0.055523656
0.05543743
0.055457477
0.05532913
0.05520409
0.055344496
0.05519903
0.05505324
0.055003054
0.05478594
0.054768033
0.054648876
0.054484632
0.054720145
0.054661844
0.054134324
0.0546434
0.054918952
0.054627314
0.054326437
0.053513844
0.05382996
0.05481293
0.0541146
0.053555295
0.052812316
0.051901773
0.051702313
0.051090512
0.05048879
0.05005694
0.04947965
0.048691515
0.048072577
0.04801266
0.047722634
0.047838893
0.04730956
0.046500467
0.046033826
0.045273617
0.04432203
0.04416638
0.044292472
0.043607853
0.042674374
0.042240784
0.04213651
0.04159656
0.040673062
0.040406864
0.040162396
0.039145283
0.038896844
0.038549423
0.03823304
0.037310917
0.036769662
0.03651524
0.03570161
0.034478698
0.03421333
0.033896353
0.033862315
0.03292362
0.032698464
0.032091733
0.031034151
0.030326998
0.02950776
0.028757272
0.02857987
0.027698206
0.027091816
0.02642231
0.025827542
0.02504752
0.0241533
0.024669822
0.023252416
0.022618802
0.021846388
0.021109171
0.020568153
0.020211034
0.020059988
0.019268954
0.01976676
0.018913355
0.018726809
0.018443067
0.01877641
0.017882297
0.01822006
0.017907564
0.017688287
0.017898802
0.017405637
0.01677936
0.018175367
0.018078538
0.018357523
0.017281845
0.017166428
0.01760488
0.016841479
0.016109517
0.017166013
0.017236458
0.01789213
0.017131535
0.015577525
0.015657933
0.015865602
0.01526893
0.017644126
0.017782032
0.015479231
0.016834872
0.017396232
0.0179059
0.017059118
0.016441556
0.015884813
0.017001195
0.017745843
0.0155824935
0.016235914
0.016565327
0.017120706
0.016529832
0.015770614
0.01549665
0.0152285835
0.014959874
0.014973926
0.014701176
0.016059948
0.01560843
0.014902897
0.01497646
0.014482528
0.014313685
0.014596515
0.01418056
0.015611381
0.01542353
0.014019002
0.013890374
0.015504338
0.015480324
0.013838697
0.013761097
0.014635116
0.01416811
0.015192217
0.0154329045
0.0135874795
0.015524255
0.016035454
0.014974402
0.015613637
0.014862069
0.015152842
0.015650554
0.013599742
0.014975072
0.015926449
0.01601749
0.014464767
0.013295673
0.01392223
0.0132478615
0.013829565
0.014302099
0.013300346
0.0140487
0.015187679
0.014433055
0.013128276
0.013397608
0.013530398
0.013412246
0.0130959945
0.013056699
0.013563015
0.013054652
0.014143225
0.013884349
0.014342995
0.014054746
0.013072782
0.012972556
0.014449777
0.014202698
0.0127876755
0.01276462
0.01366976
0.013177834
0.013796586
0.013803069
0.0128038945
0.01262812
0.013848294
0.0136354305
0.012701336
0.012490709
0.014149741
0.014004762
0.012463852
0.012387318
0.013704364
0.013466085
0.012613417
0.012367518
0.013828092
0.013736216
0.01248614
0.012380381
0.0132715395
0.013046313
0.012782709
0.012520362
0.013314194
0.013140453
0.0126584945
0.012552135
0.012933052
0.012806521
0.012605641
0.012361236
0.013362199
0.013178176
0.012367727
0.012309295
0.013057925
0.012883407
0.012413154
0.012225987
