0.42649627
0.07459421
0.107807614
0.07849372
0.056466863
0.06362581
0.06313336
0.057355445
0.057660263
0.058094773
0.05678293
0.055915534
0.05529649
0.055292893
0.0550908
0.05417722
0.053812817
0.05375834
0.05332983
0.05208115
0.05223015
0.052098203
0.050719988
0.050679605
0.050711643
0.050061267
0.050615538
0.04973334
0.04902451
0.048912257
0.049378812
0.048391756
0.049164593
0.049162697
0.049036
0.047940884
0.050196666
0.050498072
0.048392415
0.049049273
0.04894204
0.048601955
0.049034078
0.047534853
0.048095714
0.049118076
0.047692586
0.04744206
0.047485422
0.04696585
0.047199648
0.046574146
0.047745477
0.048009206
0.04663336
0.047911216
0.0493619
0.047936488
0.046809047
0.046948195
0.046919215
0.04692783
0.046368737
0.04658283
0.046851486
0.04622372
0.046353832
0.04666796
0.04639719
0.045989066
0.04656158
0.04684766
0.04608343
0.046102762
0.04625657
0.046361208
0.04610184
0.0454298
0.046522826
0.04734156
0.046717852
0.046441168
0.046410114
0.045088988
0.045879945
0.046020746
0.04491967
0.04679996
0.048618227
0.046967555
0.044359997
0.046742857
0.049929116
0.049090505
0.04567818
0.04450478
0.04561756
0.045125324
0.043756414
0.04522866
0.04688925
0.045568217
0.044087138
0.043692797
0.043394793
0.043699782
0.04348755
0.04336365
0.04309875
0.043184686
0.043118034
0.042654123
0.042434037
0.042394143
0.04212646
0.0420317
0.04166415
0.041839425
0.04177755
0.041123983
0.040837783
0.04104342
0.040763352
0.040833354
0.04057106
0.040138453
0.039968442
0.040121324
0.03990676
0.039654642
0.039406516
0.039722472
0.03955294
0.038848784
0.038559303
0.0390762
0.0388956
0.038453814
0.038315352
0.03792223
0.03771575
0.037596025
0.037612095
0.03714696
0.037177507
0.037055194
0.03675828
0.036474276
0.036447007
0.03606687
0.037356164
0.037733704
0.03611426
0.03859928
0.039818507
0.03666837
0.03520521
0.03537649
0.034129564
0.034802172
0.034658615
0.033141937
0.03431582
0.032748044
0.031082736
0.031089075
0.031130085
0.03038154
0.029931972
0.029925888
0.02992568
0.028874487
0.030242214
0.029580876
0.02882289
0.028578706
0.02778776
0.027479256
0.027306916
0.02703175
0.026735907
0.025687689
0.025569057
0.025265148
0.025338508
0.024731465
0.024228169
0.025717005
0.024973273
0.026338061
0.026799895
0.02364459
0.027346313
0.029083787
0.02465876
0.028034488
0.030778116
0.023767134
0.025550524
0.027389666
0.025117347
0.022668825
0.024670556
0.024794355
0.02513425
0.027024338
0.02324372
0.022917734
0.023254573
0.022075942
0.022409433
0.02181985
0.022577807
0.021135112
0.023618272
0.024501838
0.0210208
0.023155501
0.024326228
0.022833606
0.02304213
0.021049866
0.020887258
0.021907568
0.01994358
0.020607965
0.021451047
0.020650541
0.019551933
0.019856568
0.02017062
0.01843111
0.019425286
0.019609263
0.019138629
0.018116785
0.018104972
0.018797422
0.01864885
0.017623385
0.017770834
0.017768493
0.017408615
0.017192977
0.017439099
0.016004529
0.019752191
0.022147074
0.017678546
0.017173916
0.018183045
0.016065223
0.017920975
0.018230058
0.014963973
0.017061992
0.017704854
0.014590892
0.017824154
0.019149529
0.014335632
0.016952397
0.019390242
0.015435872
0.015788434
0.017479971
0.014416491
0.014776416
0.01608854
0.013708831
0.016289173
0.018111855
0.01466044
0.015030428
0.016971814
0.014567558
0.014726347
0.015847987
0.013538312
0.014301416
0.0154683115
0.013628383
0.014403649
0.013907562
0.012352236
0.014221072
0.01459266
0.013699154
0.012332212
0.013140944
0.012540183
0.012271049
0.012498997
0.011315142
0.013364933
0.014672655
0.012754533
0.011301133
0.012466401
0.011830923
0.01148324
0.01098811
0.0111552095
0.0105526475
0.0110789975
0.010976224
0.012793089
0.0121729635
0.01061537
0.009988915
0.011721454
0.011466771
0.01197398
0.012516811
0.01011889
0.010385815
0.010121354
0.011535714
0.011878058
0.0113216685
0.01072466
0.011642284
0.010250065
0.011615996
0.012714796
0.01092121
0.010731147
0.010681056
0.011347362
0.009775195
0.010383378
0.011353406
0.008751485
0.012994233
0.015401346
0.012848109
0.01439887
0.012544765
0.010169101
0.010237141
0.0092955595
0.008940205
0.010246476
0.010202891
0.009885686
0.009965072
0.008508838
0.00923786
0.008752816
0.010382458
0.009939747
0.008233515
0.008740589
0.007877605
0.007696385
0.008812357
0.008329599
0.008959233
0.008783833
0.010266032
0.010644079
0.008127446
0.012502909
0.015539363
0.0116686
0.010291624
0.0126012
0.010409106
0.0085570505
0.009813187
0.0077421702
0.010771137
0.013306036
0.0094738295
0.008499801
0.0098339105
0.007937982
0.010028895
0.011068831
0.00784623
0.010279688
0.012006342
0.008613442
0.008912762
0.01106179
0.0081315
0.009342325
0.011642911
0.009112654
0.008260853
0.009697116
0.0075916536
0.009577368
0.011647545
0.009054999
0.008000138
0.009544623
0.007791216
0.009044579
0.010801647
0.007880625
0.009166197
0.012155067
0.009141584
0.00751707
0.0086602075
0.0071251257
0.009131069
0.011132486
0.008085431
0.008374597
0.009924698
0.007450056
0.008817367
0.010834329
0.007882862
0.0081064245
0.009904053
0.007850526
0.008112694
0.009297705
0.0069901124
0.009087558
0.011040807
0.0085125705
0.0076888376
0.00894585
0.007117298
0.008836463
0.010801102
0.008303278
0.00843535
0.011167009
0.008792036
0.00796672
0.009422939
0.008107044
0.008049087
0.009095377
0.0077775517
0.00850878
0.009981303
0.007414714
0.007886161
0.009655855
0.0075037885
0.0074404045
0.00867403
0.0068133273
0.008004983
0.0098225735
0.0073577645
0.00715235
0.008233598
0.0065434724
0.008197115
0.010031798
0.00744942
0.006902471
0.008017887
0.0065162294
0.007851995
0.009207098
0.0070254356
0.0072729723
0.008608433
0.0070829676
0.007212525
0.007939141
0.0070819086
0.0076197437
0.0077843987
0.007573196
0.0065358
0.006697893
0.0062963306
0.0067940354
0.007161652
0.0065882863
0.0065657026
0.0074881017
0.0074138013
0.0060255975
0.007124758
0.007199371
0.0073473305
0.007610426
0.0061523
0.007768286
0.008352194
0.007272575
0.0068297386
0.0061901994
0.0068832166
0.006591262
0.007466393
0.008066044
0.0059947
0.009681126
0.012381595
0.009480978
0.008322106
0.008691962
0.0063553774
0.008082889
0.008812494
0.0071773943
0.008476318
0.008643573
0.0070548267
0.007613484
0.007849417
0.0073151304
0.0069039227
0.0058818483
0.007875058
0.0073348475
0.0059170946
0.00605752
0.0063727573
0.0058540585
0.0066700433
0.006929977
0.0054360083
0.0055713304
0.0058662854
0.0057225176
0.0053286287
0.0059975297
0.005832775
0.0072844834
0.007022412
0.0059840097
0.0062789633
0.0058532357
0.005464466
0.0064173792
0.006544626
0.0055551142
0.005226905
0.0065055066
0.0058038495
0.0061612106
0.0064750747
0.0052522006
0.0052734553
0.006086804
0.0057803504
0.005388415
0.005391167
0.0055530183
0.005061095
0.0062046438
0.0060835727
0.0049457345
0.0047986
0.006555321
0.0065597
0.005243523
0.0052783038
0.0053985957
0.0049279137
0.0056241453
0.0058016866
0.005229727
0.0048340335
0.0058384393
0.0053251088
0.005637704
0.0057792924
0.0049827085
0.0047318013
0.0058090533
0.00579177
0.0048970175
0.0046500843
0.0058045746
0.0056470684
0.0053759776
0.0052480907
0.0053183152
0.0048195417
