0.28770432
0.0712255
0.055844147
0.032798838
0.031067634
0.026365614
0.024696743
0.02460293
0.02311927
0.022594566
0.022518499
0.021895835
0.021687135
0.021650441
0.021419795
0.021182373
0.021167057
0.021029206
0.021066224
0.021069793
0.020817913
0.020891806
0.020752607
0.020860793
0.020787966
0.020875266
0.020785166
0.020754866
0.020825252
0.02059181
0.020559378
0.02062209
0.020497762
0.020746449
0.020783959
0.02040529
0.020661311
0.020618424
0.020333517
0.020972863
0.020492708
0.021288672
0.021496385
0.02054921
0.021024898
0.021154968
0.020779321
0.020586306
0.020652562
0.020562945
0.020589279
0.020421049
0.020551719
0.020622661
0.020155149
0.020705303
0.020869797
0.020254932
0.020451413
0.020792102
0.020223003
0.020342289
0.020615706
0.020199647
0.020124136
0.020229561
0.02003776
0.019996574
0.020038772
0.01989506
0.019862486
0.020016974
0.01974136
0.019978091
0.02024847
0.019912032
0.019783596
0.019873185
0.01976092
0.019569533
0.019738792
0.019722275
0.019513058
0.019626873
0.019629141
0.019742027
0.019377425
0.020953989
0.020353965
0.01941294
0.019514313
0.019518966
0.019800575
0.019495651
0.019943697
0.020068528
0.019289905
0.020135885
0.02043382
0.019541232
0.020164667
0.020825889
0.01961379
0.01925989
0.019875648
0.019094216
0.019315464
0.019635865
0.018847197
0.01972208
0.020699983
0.019357622
0.018734181
0.019012189
0.018603234
0.018761823
0.018664965
0.018260479
0.018213205
0.01785586
0.01828824
0.017802661
0.018107409
0.017957307
0.01714054
0.016940348
0.017051497
0.016495401
0.017319689
0.017604554
0.016212642
0.01926674
0.020012423
0.020539429
0.021137223
0.018374583
0.016614614
0.015840767
0.016341181
0.016582265
0.01651421
0.016193911
0.015406844
0.015386757
0.015875347
0.015702516
0.015128218
0.015237394
0.015158934
0.014968061
0.015117989
0.015187699
0.015274506
0.0146842105
0.015261584
0.015375263
0.015068781
0.014911498
0.014326123
0.014349724
0.014499553
0.014150699
0.014274019
0.014321898
0.014167402
0.013901365
0.01458831
0.014574143
0.014972292
0.014589585
0.014142442
0.0140911415
0.013915803
0.013984986
0.013946742
0.013594826
0.014516265
0.014896969
0.014750044
0.014063135
0.014326516
0.013790019
0.01444187
0.015356577
0.015291754
0.014978868
0.0139518855
0.014861909
0.015182913
0.01375099
0.014925059
0.015976885
0.014786703
0.014878909
0.015100705
0.01399709
0.014379871
0.014863536
0.013549169
0.015138189
0.017269587
0.01530395
0.013643364
0.014292937
0.013695203
0.014181864
0.014829956
0.013596028
0.013948816
0.014714447
0.013679408
0.013887942
0.014304432
0.013296257
0.014527994
0.015625399
0.013962156
0.013316513
0.013925441
0.013138478
0.014306657
0.01542699
0.013885255
0.013354029
0.014074084
0.013211551
0.013633851
0.014322198
0.013202957
0.01369607
0.014524403
0.013343084
0.013415924
0.014067846
0.01310603
0.013790503
0.014650356
0.013362992
0.0132848015
0.013857752
0.012950349
0.01396127
0.01505325
0.013677448
0.012976155
0.013475145
0.012836472
0.013869934
0.014747503
0.01338507
0.013103629
0.013775769
0.0129463645
0.013415667
0.014181563
0.013085097
0.013144895
0.0137831485
0.012878302
0.0133211585
0.014018744
0.0129369
0.013184138
0.013935972
0.012954417
0.0130625805
0.013716094
0.012823257
0.0131413
0.013779048
0.01284025
0.01306432
0.013657483
0.012755327
0.013124782
0.013772271
0.012799315
0.013087953
0.013699368
0.012761342
0.013000975
0.013540019
0.012658118
0.013225249
0.014007182
0.012919669
0.01271481
0.013178895
0.01250686
0.013124299
0.013736066
0.012765691
0.012792118
0.013311026
0.012497189
0.013096827
0.0137232235
0.012722947
0.012729763
0.013158332
0.01246852
0.013013766
0.013620876
0.012604054
0.012702894
0.01333003
0.012466952
0.012673099
0.013151244
0.0124276355
0.012719785
0.013254721
0.012313041
0.012851913
0.013458169
0.012610137
0.012453857
0.01273447
0.012216534
0.012683825
0.013066242
0.012367914
0.0126176
0.013429935
0.012987365
0.012121335
0.012695208
0.012719278
0.011973341
0.0135239735
0.0137378955
0.012094896
0.0124066835
0.012814138
0.01227357
0.011995223
0.01235054
0.011754955
0.012741958
0.013075069
0.012342811
0.012306955
0.012446298
0.011920293
0.012240804
0.012146669
0.011836764
0.012375017
0.011795166
0.012248579
0.012630499
0.012095039
0.011946705
0.01211265
0.011896395
0.011656366
0.011521657
0.011380008
0.011646924
0.011426161
0.011755708
0.01193583
0.011932261
0.011690452
0.011471788
0.011427435
0.011386718
0.011187424
0.01219331
0.012439772
0.011397588
0.013060826
0.01519657
0.01444409
0.013343901
0.013295031
0.012321517
0.012202073
0.012409575
0.011575542
0.011258792
0.01196609
0.011662226
0.011336307
0.01111598
0.011821736
0.011510178
0.011104795
0.011098724
0.011143173
0.011016779
0.011419979
0.011566218
0.010959797
0.012267417
0.012619081
0.0117905745
0.01157672
0.011950351
0.011283055
0.011341545
0.011770117
0.011188108
0.0109955855
0.011093025
0.011026119
0.010771546
0.010956608
0.011334826
0.010983677
0.010764596
0.01096706
0.011392317
0.011103332
0.010813325
0.0108419135
0.0106883645
0.011257678
0.0112594655
0.010818459
0.01060539
0.010723054
0.010390505
0.011453718
0.011984383
0.010631143
0.011098839
0.011493293
0.011170504
0.010704053
0.0105435625
0.010745902
0.010163055
0.01154309
0.012945821
0.011444139
0.010707055
0.010947461
0.010854214
0.01096614
0.010423419
0.010571451
0.010372844
0.010283146
0.010201816
0.010191375
0.010131138
0.010143765
0.010182166
0.010064782
0.00985691
0.009877486
0.010066556
0.009730942
0.010086771
0.010724586
0.010014473
0.010871738
0.011580429
0.010756803
0.01038602
0.010801489
0.01070555
0.010054902
0.009942687
0.009961738
0.009758023
0.009710997
0.009787065
0.009709402
0.009537202
0.009606595
0.009558369
0.009341636
0.00933653
0.009637647
0.009300358
0.0093452325
0.009454287
0.009205253
0.009109924
0.009701634
0.009325483
0.0100698965
0.010233848
0.009286286
0.00972086
0.009427699
0.009620008
0.009280003
0.00955392
0.009223358
0.009540971
0.009286191
0.009474992
0.009065843
0.009257252
0.009072721
0.009230676
0.008942757
0.0093696825
0.009306759
0.008887101
0.008843881
0.009141088
0.009155869
0.008942292
0.009131127
0.008576668
0.008900191
0.008635444
0.008859349
0.008829977
0.008559189
0.00857231
0.008638053
0.00845283
0.008978947
0.009014276
0.008348054
0.008933646
0.008877906
0.0088100685
0.008941743
0.008923511
0.009101617
0.009752105
0.010260315
0.009476253
0.009841398
0.010071748
0.01197888
0.012539461
0.010928646
0.009842724
0.009279535
0.010660152
