0.43000937
0.08003423
0.13150042
0.13017304
0.12676565
0.1276757
0.12821706
0.12395104
0.13547252
0.14389178
0.13797484
0.12693867
0.1250258
0.12884212
0.12808375
0.12454536
0.124991454
0.12715769
0.12612383
0.123853244
0.12547182
0.1278653
0.1271164
0.12443092
0.12368936
0.12464658
0.12416744
0.123097144
0.12436012
0.12570399
0.12489855
0.12301832
0.12354344
0.12527831
0.12480412
0.12300217
0.12280765
0.12344488
0.123029776
0.12224855
0.12439311
0.12495994
0.12450222
0.12293577
0.12216551
0.122276545
0.12182317
0.121534415
0.12180185
0.121250294
0.12116275
0.12090228
0.12207079
0.12123505
0.12061971
0.12051159
0.11939755
0.11988457
0.12074899
0.119430624
0.118715785
0.11833017
0.11812493
0.11750293
0.117600895
0.11815535
0.11758849
0.11667311
0.11709109
0.11796862
0.11733946
0.11598905
0.11524684
0.115523584
0.11503795
0.11432066
0.11393231
0.11304445
0.11215364
0.11165921
0.11069586
0.10900616
0.10828403
0.10591737
0.10350082
0.09848211
0.09559602
0.09547597
0.09456811
0.08996504
0.08551661
0.08133009
0.074905396
0.06990694
0.06619498
0.06388148
0.06480595
0.06429771
0.06277346
0.06134537
0.060309883
0.060101826
0.05953991
0.059429437
0.05857223
0.057638746
0.057257567
0.05683465
0.056552336
0.056457292
0.0561581
0.055506933
0.055285234
0.055017263
0.054839507
0.054497737
0.054523837
0.0542389
0.054272752
0.053983796
0.05310917
0.052466273
0.04897513
0.053223718
0.054369826
0.046221852
0.036313195
0.034447636
0.03421542
0.030142685
0.02607791
0.025043547
0.02443716
0.022638587
0.020426204
0.01940952
0.018698536
0.017242044
0.015804254
0.015219796
0.014783442
0.013977204
0.013300848
0.013214073
0.012981713
0.013062823
0.013177793
0.013107307
0.013290732
0.01309561
0.01297988
0.012666244
0.012611933
0.01222701
0.012618276
0.012473027
0.011657756
0.011541031
0.011864081
0.011512379
0.0116789155
0.011701979
0.010986275
0.011066274
0.01090348
0.010627724
0.010738932
0.010439708
0.010981389
0.010941145
0.010517434
0.010263403
0.010182214
0.010037982
0.009809016
0.009795705
0.009583771
0.009412175
0.009382397
0.009084961
0.009173755
0.008850237
0.00903306
0.008850328
0.008694572
0.008493268
0.008743065
0.008486652
0.008601013
0.0083527155
0.008134314
0.008048468
0.008062928
0.0078863995
0.007954375
0.007824731
0.007811079
0.0076943855
0.0075810016
0.0074634575
0.0075690113
0.007407797
0.0073726694
0.0072294218
0.007404136
0.0072830566
0.007106027
0.0070307553
0.0071040937
0.006982109
0.00699114
0.0068343007
0.0070309
0.0069146752
0.0067677037
0.006719775
0.0067293583
0.0066192723
0.006696529
0.0065898993
0.006574787
0.006438969
0.006634841
0.006552895
0.0063137696
0.0062112645
0.0065791197
0.0064798403
0.00611968
0.0060218885
0.006548774
0.0064334967
0.005947457
0.005861687
0.0065025142
0.00640622
0.005801059
0.0057700635
0.0060784854
0.005888942
0.0060567986
0.0060214344
0.0056981468
0.00561636
0.0060643167
0.0058769626
0.005674898
0.00557478
0.005801998
0.005679431
0.0056490987
0.005586654
0.0055796267
0.005453436
0.0057120477
0.005635218
0.0053873495
0.0053250156
0.005611705
0.0055469796
0.005275237
0.0051776604
0.0056488463
0.0055434615
0.00519542
0.0051199603
0.0055263746
0.005427994
0.0051784203
0.0050924453
0.005388727
0.0052881413
0.005196766
0.00509779
0.0052367486
0.005117919
0.00525772
0.0052014547
0.0050509605
0.0049999566
0.0051662414
0.0050951466
0.0050278287
0.004908998
0.005207749
0.0051483787
0.0049059815
0.004874923
0.0050266646
0.0049587707
0.004904059
0.004800199
0.005045434
0.0049843825
0.004796632
0.0047506224
0.004900385
0.004788491
0.0048641725
0.004764413
0.0048362627
0.004740253
0.0048141275
0.0047355965
0.0047437767
0.0046435236
0.0048035807
0.004699572
0.0046911277
0.004577466
0.004809949
0.004709464
0.0046067126
0.00452395
0.004786176
0.004704123
0.0045204763
0.0044591483
0.004753196
0.0046830853
0.004431715
0.004367301
0.004785325
0.0047080424
0.0043484843
0.0042993804
0.004727294
0.0045983978
0.0043860707
0.004370431
0.004483542
0.004339296
0.0046607717
0.004601827
0.0043010437
0.004298863
0.004424557
0.004249537
0.0045468044
0.0044695414
0.004213776
0.004138229
0.004593898
0.0045250836
0.0041326587
0.004157672
0.004314429
0.004199407
0.004375477
0.004336859
0.0041517015
0.004105892
0.004275861
0.004155927
0.00429499
0.00430543
0.0040453905
0.0041169897
0.0040509086
0.003972574
0.004149252
0.0039946265
0.0042787055
0.004316324
0.0038907342
0.004109151
0.0039591943
0.004032869
0.0038564221
0.004080215
0.0039055739
0.004148644
0.0041708224
0.0038725936
0.004009571
0.0037516698
0.0044851387
0.004314452
0.003910927
0.003971139
0.0040332098
0.0038816072
0.003985847
0.0038481613
0.0038421927
0.003896486
0.0036833219
0.004106466
0.004135994
0.0037093367
0.0039259614
0.003668173
0.0039668246
0.0038274855
0.0039140475
0.004068742
0.0037214353
0.0038445157
0.003918933
0.003670051
0.003989074
0.0039693653
0.003572739
0.0036112193
0.0036598544
0.0035512068
0.0037439123
0.0037294591
0.003665722
0.0037501783
0.0036564872
0.00362279
0.003689712
0.0035607691
0.0037273075
0.0036802394
0.0035180089
0.0035814617
0.0034951374
0.0036109984
0.0033495312
0.0037700573
0.003424668
0.00401481
0.004169228
0.0033092715
0.0037805922
0.0035186673
0.003568615
0.0034785343
0.0034389712
0.0033433016
0.003457757
0.0032756336
0.003619225
0.0034768668
0.0034552738
0.0036187053
0.0032919971
0.0035054751
0.0033359926
0.0034030431
0.0032668915
0.0033965819
0.0033723619
0.0032142273
0.0034762567
0.003225723
0.003712672
0.00393886
0.0032740973
0.0036220783
0.0036130084
0.0030255374
0.0040525887
0.0042038616
0.0033608405
0.0035851775
0.0038265763
0.0034798684
0.0032122948
0.0033025302
0.0032356672
0.0031126228
0.0032562874
0.003007347
0.0038677764
0.0039971536
0.0033079258
0.0033026494
0.0033507973
0.0031411871
0.0033471633
0.0031624392
0.0032645464
0.0032102435
0.0033464178
0.003323639
0.0034297246
0.0033488611
0.003280023
0.0032744
0.0030824032
0.0030460719
0.0032099478
0.003022763
0.0032985245
0.0033885546
0.0029324114
0.0030301623
0.0030855353
0.0028362088
0.0035266366
0.0036686007
0.0030289677
0.0031678968
0.0035265433
0.0029635879
0.0034934015
0.003900418
0.0032156613
0.0030739575
0.0034629793
0.0033131922
0.002870505
0.003078452
0.0029075432
0.0030033917
0.0030041977
0.0029339606
0.0031613724
0.0027733746
0.003197517
0.0030978622
0.0029391972
0.003123379
0.002859784
0.0028956626
0.0029179247
0.0029077448
0.0028841782
0.0030184828
0.0027981165
0.0032252676
0.0031969883
0.0027061
0.002792158
0.0028091825
0.0025784255
0.002844925
0.0026914775
0.0026909923
0.002780271
0.0026471512
0.0029369667
0.0029817522
0.002907974
0.0028820587
0.00276158
0.0028159888
0.00260513
0.0031612322
0.003121948
0.002513636
0.0026201932
0.0026103081
0.00256509
0.0025481624
0.0024603698
0.0028389401
0.0026290205
0.0029939134
0.0031305614
0.0027872336
0.0027695165
0.002812032
0.0027287987
0.002628413
