0.28754094
0.04275063
0.06979408
0.054621745
0.02482497
0.029898057
0.03247488
0.026301807
0.022529041
0.02521482
0.026631182
0.023529822
0.021289855
0.022618666
0.022741003
0.021481536
0.021471666
0.021970788
0.021375485
0.02109441
0.021278499
0.021216003
0.02085256
0.021200215
0.021276737
0.020790378
0.020781366
0.02097056
0.020910775
0.020548867
0.0208183
0.021126183
0.020903273
0.020697728
0.020516863
0.020641344
0.0207151
0.020442476
0.020449676
0.020677535
0.020692442
0.020754902
0.0203122
0.02105008
0.021124775
0.020898841
0.02102158
0.020475417
0.02053608
0.020477861
0.02103009
0.021171486
0.020700155
0.020491656
0.020230215
0.020380005
0.020484954
0.020418195
0.020408541
0.020202685
0.020532444
0.02068045
0.020332055
0.02042258
0.020292943
0.02015891
0.020359417
0.02024413
0.020296805
0.020263977
0.02005898
0.020128416
0.020026894
0.020183017
0.020141676
0.019927107
0.019959116
0.019866368
0.019916577
0.019776197
0.019811066
0.019715652
0.019505901
0.019407673
0.019155504
0.018905751
0.01813289
0.017448217
0.016597161
0.015867947
0.015625317
0.015298675
0.0151824085
0.015258436
0.015078726
0.015227594
0.015151714
0.015017233
0.014726649
0.01480319
0.014662419
0.01455456
0.014400214
0.014252673
0.014201212
0.0139910085
0.013852472
0.014213607
0.013906124
0.014172446
0.013882563
0.01403078
0.013766239
0.013682139
0.013618245
0.013244157
0.013160246
0.0134134395
0.01327028
0.01318524
0.012997579
0.013291537
0.013111743
0.0129992915
0.012980446
0.012797442
0.012698901
0.0129845925
0.012841489
0.012664479
0.0125638945
0.012664404
0.012455256
0.012799152
0.012720373
0.012341586
0.012324616
0.012342085
0.012207844
0.012401764
0.012343935
0.012043913
0.011941649
0.012352656
0.012186085
0.011898006
0.011776902
0.012036346
0.011708627
0.012142311
0.012248288
0.011455737
0.012260324
0.012180023
0.011565406
0.011845001
0.0116318455
0.011539417
0.011474341
0.011554317
0.011631064
0.011146647
0.011421853
0.011626317
0.010886055
0.011426936
0.011851559
0.011191073
0.01085553
0.0108958185
0.010969627
0.010601605
0.0109089585
0.010715585
0.010572399
0.010684933
0.010421474
0.010476547
0.010460243
0.01024352
0.010565455
0.010686903
0.010157056
0.010574671
0.010794182
0.01028692
0.010180053
0.010287006
0.010157404
0.010029246
0.010181192
0.010032789
0.009986554
0.010172264
0.009913524
0.009940325
0.009920633
0.009803002
0.009938697
0.009971668
0.00979795
0.009656194
0.009870616
0.009636898
0.00973088
0.009847511
0.0096028065
0.009694762
0.0098089
0.009478609
0.0099190995
0.010027097
0.009809283
0.009551113
0.009726825
0.009826711
0.009704758
0.009471624
0.009636178
0.009676713
0.009469154
0.009364284
0.009394611
0.009365948
0.009398178
0.009276781
0.009342983
0.0093108555
0.009237257
0.009156798
0.0092944475
0.009260991
0.009165546
0.009110243
0.009158912
0.009110057
0.009150512
0.009088263
0.0090598585
0.009019162
0.009062451
0.008985731
0.009090188
0.009053632
0.008920129
0.008900016
0.0089911
0.008908219
0.008956325
0.008923751
0.0088593215
0.008803671
0.008930563
0.008891422
0.008771438
0.008711975
0.008900318
0.008845283
0.008691481
0.008629713
0.008854683
0.008759599
0.0086490875
0.008599227
0.0087333815
0.008673962
0.008584558
0.008544347
0.008638928
0.008587427
0.008511636
0.008453055
0.008604982
0.008549676
0.00841067
0.008359133
0.008536852
0.008467312
0.008352541
0.008305254
0.00844657
0.008362596
0.0083229095
0.008271045
0.008320243
0.008279095
0.008248265
0.0082562575
0.008204973
0.008172838
0.008207803
0.00816451
0.008134571
0.008157577
0.00810201
0.008084291
0.008117181
0.008116758
0.007983898
0.007983256
0.00800582
0.007948657
0.007935294
0.007851279
0.008045499
0.008010115
0.0077688494
0.0077292672
0.008047481
0.007997565
0.007701324
0.008069574
0.0076744645
0.008789384
0.009118037
0.007860539
0.00893604
0.009827702
0.008568111
0.008392767
0.008525952
0.008577515
0.008347829
0.0077821836
0.008455341
0.008159856
0.0077055157
0.0076952316
0.007708654
0.0075337365
0.008086896
0.008019776
0.007652504
0.0077963597
0.007650224
0.007594083
0.007735079
0.0076044523
0.0076619317
0.0077000693
0.007361015
0.007331325
0.0076142414
0.007466733
0.00747597
0.007450111
0.00739993
0.007291285
0.007514057
0.0073412564
0.007453701
0.0073600225
0.007300963
0.007181529
0.007448593
0.007335395
0.007208356
0.007165177
0.00727721
0.0072310604
0.0071296743
0.007108955
0.0071164146
0.007026116
0.00722292
0.0071724765
0.0069499915
0.006903549
0.0071089957
0.0069349506
0.00702127
0.0069136
0.0069284863
0.006833485
0.006833494
0.0067306473
0.0068308986
0.006737802
0.0067318827
0.006725505
0.006553933
0.0064641233
0.0068756156
0.006702278
0.0065517593
0.006575504
0.006400608
0.00649567
0.006234622
0.006725723
0.00668975
0.0061139613
0.00631242
0.006030658
0.006690603
0.0066440795
0.0059860176
0.006474758
0.0063829254
0.0058190697
0.006213752
0.0060922275
0.005701265
0.0058207437
0.0056700134
0.005681498
0.005620787
0.005408472
0.0059552067
0.005551322
0.0063506067
0.006491994
0.0055061677
0.00624139
0.006178955
0.0059796493
0.00569631
0.0057130153
0.005462807
0.005387666
0.005231814
0.0053255446
0.005213287
0.0053988136
0.005082827
0.005636851
0.005642003
0.0054445886
0.0054353178
0.0050138854
0.005049475
0.0049221534
0.0047089276
0.0050335564
0.004991924
0.0049986434
0.004822329
0.005327511
0.0047797933
0.0053521194
0.005244622
0.004486594
0.004493227
0.0049591307
0.0046734107
0.0050993334
0.0052747224
0.0043909037
0.0043913093
0.004815303
0.004425599
0.0050432086
0.005142107
0.0041131494
0.006070819
0.006271837
0.004740665
0.005626598
0.0053650294
0.0051790113
0.005099606
0.005282761
0.0047216197
0.0053237565
0.00566481
0.0050699795
0.0048085377
0.0052278466
0.0049645607
0.0044650673
0.004287828
0.0050537996
0.0047343266
0.0046330914
0.0044663064
0.0044493745
0.0043004667
0.004630873
0.0046121846
0.0040739253
0.0039361063
0.0046978532
0.004615523
0.004119631
0.0040453686
0.0043016057
0.0041723102
0.004490893
0.0044284286
0.0040777097
0.003970254
0.004393454
0.0042661703
0.0040324684
0.003940272
0.004204554
0.004049607
0.0040515815
0.0040862747
0.0038877726
0.0037547362
0.004248343
0.0041052583
0.004003234
0.0037886668
0.004125729
0.0039451537
0.0040116925
0.0038685028
0.003948418
0.0037888829
0.0040600826
0.004003055
0.0037706417
0.003839847
0.004045108
0.003876419
0.003829769
0.003911113
0.0037387991
0.0035500813
0.0040513594
0.003888204
0.0036659706
0.003617827
0.0038414262
0.003697898
0.0037954217
0.0036981488
0.0036722468
0.0036090445
0.0037606575
0.003675555
0.0036332526
0.003578877
0.0037144078
0.0036369048
0.0036509207
0.0036251757
0.003538536
0.003420212
0.0037272265
0.0036466138
0.0033867636
0.0033024854
0.003778645
0.003688205
0.0033060294
0.0032583808
0.0036242434
0.003445442
0.0036221826
0.003568667
0.0033804495
0.0033406364
0.0034839157
0.0033098543
0.003586499
0.0035622148
0.0032425234
0.0031942378
0.0035978165
0.0034717452
0.0034507979
0.0034882296
0.003322777
0.0033372706
0.0032510988
0.0032498494
0.003352403
0.0031674046
0.0037811017
0.0037937572
0.0031337023
0.0037067796
0.0032881154
