0.28898087
0.05020651
0.08034351
0.058842268
0.024609879
0.03464162
0.03940117
0.03314633
0.022672107
0.03300768
0.041232914
0.03562558
0.029313445
0.025991833
0.025265759
0.027960151
0.028672388
0.024879152
0.02182053
0.024385674
0.025996298
0.023145245
0.021398047
0.022428041
0.022525288
0.02124866
0.021040259
0.021625146
0.020996554
0.02086105
0.02103136
0.021146307
0.020622015
0.020688152
0.021004096
0.020627117
0.020718755
0.02067315
0.020925606
0.020357827
0.021731645
0.02234806
0.021279022
0.021538628
0.021750577
0.020973114
0.020845339
0.021135345
0.021116761
0.020388922
0.020848883
0.021193586
0.020349769
0.021010563
0.02134577
0.020601852
0.020544516
0.020899622
0.020344036
0.020029737
0.020111
0.01975114
0.020005373
0.020222118
0.019496588
0.01981667
0.0199645
0.019410716
0.019703066
0.019946449
0.019447803
0.019168405
0.019245515
0.018979238
0.019290878
0.01920627
0.019065127
0.018778432
0.018986247
0.018931335
0.018173931
0.017999902
0.017939901
0.01742314
0.017989622
0.018003302
0.017216228
0.016856892
0.016393224
0.016506247
0.016327593
0.015213028
0.015896527
0.016102187
0.015120474
0.014764431
0.014696841
0.014280051
0.014179055
0.013770841
0.0131928185
0.013300848
0.013041
0.012535808
0.012351252
0.012078335
0.011727855
0.011964601
0.012250031
0.012065594
0.012477778
0.011774525
0.011754215
0.011318768
0.012136185
0.011857991
0.011756696
0.011541799
0.011027063
0.011136435
0.010539641
0.010767852
0.010648042
0.010425295
0.010449675
0.0102
0.010351843
0.010490355
0.009935854
0.010814872
0.010748886
0.0101020085
0.0100996345
0.010124293
0.009757469
0.01008165
0.010083194
0.009617106
0.009384484
0.009443093
0.009242133
0.009147357
0.009130688
0.009182298
0.009139721
0.009018671
0.008839869
0.009051392
0.008814231
0.009389752
0.009209202
0.009393605
0.00888707
0.009714258
0.009886858
0.00878006
0.008884038
0.009041189
0.009319357
0.0083415145
0.008975434
0.009193521
0.008762784
0.00819469
0.00857036
0.008464222
0.008194351
0.008024587
0.008147544
0.0077657644
0.009024702
0.008998838
0.007989562
0.00809064
0.0077521834
0.008189847
0.007820449
0.0078069554
0.007760178
0.0074931593
0.0073752315
0.007642608
0.007507564
0.007506778
0.0073989765
0.0074134134
0.007305283
0.007167304
0.007026945
0.007256241
0.00709584
0.007068236
0.0069774054
0.0069278455
0.006861119
0.0068666465
0.006651363
0.0069463537
0.0069047995
0.0065506794
0.0064245746
0.0067781843
0.006579723
0.0064926893
0.0064431764
0.0063630673
0.006313612
0.0063205124
0.0061637186
0.0063500796
0.00624818
0.0061039403
0.0060240612
0.006186653
0.006091999
0.0059287553
0.005816501
0.0060477685
0.005901328
0.005913327
0.0058970205
0.0056637214
0.0055787205
0.005896514
0.0057416274
0.0056005646
0.0055758967
0.005509574
0.0054117553
0.00561809
0.0055351933
0.005359166
0.0052329837
0.005658762
0.0056152493
0.0051276633
0.005167415
0.00518415
0.0050112926
0.0057221893
0.0057821516
0.0049801716
0.0059648454
0.006351614
0.0057160724
0.005264875
0.0053976052
0.00573007
0.0053528496
0.004994506
0.0050642197
0.0051643294
0.0048180227
0.0051254104
0.005233882
0.005010566
0.0049615935
0.0047384202
0.0048898137
0.004764193
0.0050990297
0.005164239
0.00474135
0.004774801
0.004610896
0.00475432
0.004615901
0.0045064646
0.004522877
0.0044350517
0.004430867
0.0043147407
0.0043142126
0.0043786666
0.0041822963
0.004869415
0.004812392
0.004297634
0.0043493942
0.004236989
0.004122788
0.004434264
0.0043571317
0.0042745643
0.0042188726
0.0042537223
0.0040919054
0.0041343006
0.0040270295
0.004101976
0.003991095
0.004140519
0.004064566
0.0041592284
0.00397292
0.004239773
0.0041369516
0.0038625363
0.003969915
0.0038319502
0.0037847217
0.0039235167
0.0036882178
0.0038389573
0.0037924508
0.0038618075
0.0036592179
0.004062154
0.0039252155
0.0037252668
0.003980234
0.0037247848
0.004004409
0.0039480557
0.0038238226
0.0037174693
0.003898152
0.0034549397
0.004528086
0.0044248737
0.0034748998
0.0038144542
0.0036729078
0.0036660836
0.0035526755
0.0036691215
0.0035259665
0.0036879072
0.003605049
0.0035678397
0.003501726
0.0035555146
0.0034498852
0.0036204215
0.0035950074
0.0033692785
0.0034275583
0.0033829834
0.0032835684
0.0035677229
0.0034472719
0.0034360907
0.0034221045
0.0032873638
0.0031501784
0.004094999
0.0039587864
0.0035058137
0.003561603
0.0036411032
0.0031726782
0.0041522947
0.0039236145
0.0033375688
0.0033757223
0.0034287598
0.0031515034
0.00408991
0.0040236264
0.003135746
0.003178655
0.0034209471
0.00323301
0.0034825709
0.0033678832
0.0033685484
0.0031510422
0.003607435
0.0035007736
0.0032808546
0.0033029865
0.003218852
0.0031726568
0.0031837553
0.003103657
0.003273585
0.0031089394
0.0033165265
0.0032145127
0.003106966
0.0030801066
0.0032332223
0.0031948162
0.003044586
0.003032593
0.003067701
0.002992602
0.00311624
0.0029767428
0.0031901803
0.003088611
0.0030653065
0.00303569
0.003024806
0.002993811
0.003023011
0.002935876
0.0030720916
0.0030251339
0.0029570882
0.002890723
0.003050837
0.002952277
0.0030100688
0.0029337527
0.0029674887
0.0029109109
0.002910522
0.0028455723
0.0029881566
0.0029638857
0.0028181963
0.0027992725
0.002927574
0.0028409495
0.0029261496
0.0029023897
0.00276626
0.0026901185
0.0030150593
0.0029103716
0.0027409883
0.0026960482
0.0028778606
0.0027564305
0.0028395464
