0.28877664
0.092297874
0.06360274
0.035273924
0.03388181
0.031683873
0.02421253
0.02771601
0.02900889
0.022904515
0.023657141
0.026565066
0.023674957
0.021379547
0.022301441
0.022701725
0.021325136
0.0217278
0.022689382
0.021939078
0.021162564
0.020948684
0.021905735
0.021410173
0.020945186
0.021059515
0.021030024
0.021284297
0.020672718
0.021733766
0.022100838
0.021152884
0.021489432
0.021329938
0.020881744
0.020973815
0.021193748
0.020573927
0.020961327
0.020662
0.02169694
0.021589035
0.020526944
0.021326447
0.021589227
0.02071316
0.020946125
0.021242628
0.020533448
0.021177685
0.021896884
0.020987362
0.020549724
0.020970926
0.020867065
0.020325905
0.020423442
0.020331373
0.020618988
0.02040274
0.020498699
0.020570284
0.020495197
0.020217864
0.020278672
0.020222576
0.020375589
0.020213261
0.020305296
0.020379003
0.020177377
0.020462895
0.020627918
0.020541213
0.02006921
0.02122388
0.021703998
0.020908376
0.021167481
0.020781843
0.020215042
0.020338587
0.020030515
0.02006388
0.019982407
0.020073978
0.020102264
0.019937523
0.02003661
0.020197978
0.020099415
0.02011045
0.019860825
0.020242235
0.020108463
0.02054876
0.020509904
0.019689068
0.021840846
0.023719845
0.02214467
0.021209741
0.020941013
0.020054951
0.020563839
0.020865953
0.020536924
0.020614302
0.020591022
0.020054763
0.0200981
0.019840382
0.019816699
0.019826679
0.019809129
0.019564418
0.019952623
0.020059103
0.019608036
0.019737354
0.01937808
0.020315671
0.020830387
0.01981415
0.019996248
0.0208137
0.019834328
0.019339077
0.019486813
0.018968556
0.020153062
0.021046093
0.019823013
0.01890465
0.019080536
0.018641321
0.019402862
0.019895142
0.018822132
0.018918544
0.019441636
0.018667938
0.018610755
0.018914506
0.018149674
0.01864718
0.019238653
0.018466813
0.01804375
0.01826042
0.017742319
0.018344877
0.018813614
0.017946616
0.018021666
0.018469566
0.0176945
0.017664019
0.017925749
0.0174207
0.017803423
0.018449469
0.017691985
0.01724697
0.017414145
0.017031098
0.01761481
0.018137863
0.017349117
0.017084341
0.017411916
0.016946504
0.017029755
0.017464811
0.017003687
0.016855322
0.017237857
0.01692988
0.016816242
0.01719672
0.01692894
0.016684478
0.016724082
0.016758293
0.016449617
0.016228033
0.01660801
0.016616521
0.016298255
0.01630862
0.017647497
0.017039863
0.016377958
0.016125886
0.016320927
0.016565295
0.016576976
0.016040975
0.01592934
0.016156558
0.016075373
0.015704142
0.015899157
0.015800282
0.01580604
0.015930535
0.015751274
0.015413237
0.01577215
0.015837794
0.015715547
0.015448053
0.015465132
0.015357245
0.015441656
0.015470521
0.015310007
0.015104704
0.015274472
0.01533604
0.015136701
0.0149786165
0.015111971
0.015078935
0.014988817
0.014905948
0.014737953
0.014661654
0.014881731
0.014759518
0.014617267
0.014584293
0.014544758
0.0143905105
0.014477174
0.014485742
0.014339683
0.014154583
0.014350598
0.014229611
0.014045234
0.013929139
0.01401561
0.013944715
0.013800259
0.014007892
0.013712215
0.013676167
0.013704918
0.013636306
0.013312648
0.0135613335
0.0132064475
0.013282052
0.013090077
0.013226074
0.013256836
0.012902503
0.013214844
0.013593626
0.012815208
0.013022903
0.013305134
0.013373185
0.012854879
0.012865019
0.013314118
0.013158639
0.013151207
0.012753986
0.01258377
0.012584501
0.01233321
0.012414525
0.01237835
0.012452527
0.012514683
0.0124336295
0.0124336695
0.012019205
0.012336454
0.012887009
0.012160773
0.012319361
0.012522693
0.012405754
0.011797125
0.0124752475
0.013099787
0.012652499
0.0122961
0.012274779
0.0121429665
0.012182265
0.011846914
0.011834708
0.012172413
0.012061045
0.011462632
0.011748068
0.012024053
0.011647992
0.011586748
0.011444108
0.011241004
0.011112603
0.011114198
0.011106159
0.011026365
0.011341955
0.0112616345
0.01091407
0.01087496
0.010984029
0.010891584
0.010673287
0.010647632
0.01070454
0.01056638
0.010771002
0.010771788
0.01052417
0.01040937
0.010697956
0.010631586
0.010376437
0.010380636
0.010228535
0.010216995
0.010534617
0.010289072
0.010456125
0.010553584
0.010132669
0.010393879
0.010135165
0.010268559
0.010248415
0.010150374
0.010305863
0.010088614
0.010432146
0.010450616
0.01002089
0.010468769
0.0107889995
0.010015375
0.010215149
0.010262408
0.00999812
0.009890863
0.009946004
0.009607602
0.009614202
0.009582217
0.009531613
0.009453032
0.009415782
0.009569902
0.009394721
0.0093080625
0.009151866
0.009350839
0.009016954
0.00906636
0.00901087
0.009033006
0.008993353
0.008907038
0.008873208
0.008698268
0.008682196
0.0086948015
0.008622435
0.008500061
0.008340176
0.0084803235
0.008532834
0.008311756
0.008573879
0.008531918
0.0089128055
0.008941558
0.008393929
0.008635168
0.008454767
0.008208651
0.008280959
0.008314286
0.0081360815
0.007830194
0.008194923
0.008083063
0.008309853
0.008216812
0.007943616
0.007979031
0.007918461
0.008191952
0.007971827
0.0081658
0.008130285
0.007991587
0.008131432
0.007707832
0.0078642005
0.0078076287
0.0074754283
0.008098993
0.008094538
0.0076672523
0.007751687
0.007519236
0.007670302
0.0075826533
0.0076810587
0.007641083
0.0075408123
0.0074770353
0.0074333264
0.007482048
0.0073083327
0.0072677485
0.0072723273
0.0072230436
0.007032572
0.007585076
0.0073608733
0.0072502918
