0.28732646
0.065645985
0.06333984
0.037874777
0.022867419
0.025665129
0.021859646
0.028888538
0.02940724
0.021979786
0.026596123
0.030153804
0.025594382
0.022596845
0.023006437
0.023838768
0.023375908
0.021266714
0.022002151
0.023136586
0.021152785
0.021093016
0.021953374
0.02082557
0.02065879
0.021058107
0.020430597
0.020394234
0.020537993
0.019997375
0.021305248
0.021808475
0.02056845
0.020044694
0.020726101
0.020438155
0.020267127
0.019868702
0.02054955
0.020310897
0.020390682
0.019774772
0.020489493
0.02063465
0.019502977
0.019832984
0.019859362
0.01978411
0.019233793
0.019140396
0.018910201
0.018734982
0.017974595
0.018785223
0.018366717
0.017648632
0.01725729
0.016785806
0.016564682
0.01651317
0.016289664
0.016713185
0.016628636
0.016021347
0.016241224
0.016099954
0.015785474
0.015744885
0.015489317
0.015592188
0.01534607
0.015731892
0.0155654205
0.015349087
0.015291959
0.015211497
0.015100633
0.015063144
0.01491876
0.014868222
0.014878447
0.014642034
0.015036811
0.014924459
0.014839211
0.014768439
0.014306364
0.014383615
0.014249588
0.014283587
0.014129846
0.014097865
0.0139728645
0.01392742
0.013851773
0.013849718
0.013731736
0.013654503
0.013538924
0.013635844
0.013551903
0.013340394
0.013340239
0.013165732
0.013132192
0.013117687
0.012916614
0.012982309
0.012818401
0.013076204
0.013173417
0.012639453
0.013054415
0.013343018
0.012594172
0.012721355
0.01313268
0.012754299
0.012210511
0.0123290615
0.012185474
0.012132117
0.0121880425
0.0119883595
0.012342448
0.012187917
0.01224161
0.0121071115
0.012235001
0.012005302
0.012009439
0.011797304
0.012203905
0.011988535
0.011633498
0.011600467
0.011660348
0.011477013
0.011879648
0.011846078
0.011475067
0.011438864
0.011492585
0.011321671
0.011599024
0.011397618
0.011409484
0.011321664
0.01133708
0.011292755
0.011233355
0.011167821
0.01125117
0.011107544
0.011267006
0.011240102
0.010945651
0.010879229
0.011245488
0.011063646
0.010996096
0.010878048
0.011075296
0.01095702
0.010932035
0.010909309
0.010786115
0.010721999
0.0109856995
0.010903924
0.010698241
0.010688367
0.010791478
0.010745347
0.0106549235
0.010648094
0.010589413
0.01052129
0.010640885
0.010568327
0.010547566
0.010520677
0.010473435
0.010446602
0.010418023
0.010382074
0.01035585
0.010339978
0.010350755
0.010333695
0.010308743
0.010295591
0.010275195
0.010294299
0.0100984685
0.010134548
0.010016822
0.009936043
0.010434687
0.010399703
0.009992334
0.010058678
0.009979847
0.009995083
0.009857888
0.010073569
0.009982324
0.009822901
0.010052602
0.009819406
0.010007244
0.010076049
0.009720384
0.009746851
0.0097213285
0.009602313
0.009477237
0.010122637
0.010084406
0.00964377
0.009771197
0.009825592
0.009428683
0.00957992
0.009430365
0.010004551
0.009915384
0.009506948
0.0097375065
0.010060265
0.009952355
0.009473672
0.009340263
0.009549479
0.00944811
0.009203344
0.009085449
0.009365653
0.009223621
0.009080113
0.008931829
0.009082106
0.008963318
0.008725368
0.008717639
0.008552401
0.008732613
0.008349863
0.008180461
0.008872115
0.008558045
0.008733321
0.008972439
0.008408927
0.008305793
0.008541086
0.007833374
0.00845195
0.0084227165
0.00788951
0.007799448
0.007919935
0.00794848
0.0075823762
0.007709674
0.0076739304
0.0075187986
0.0075484295
0.0073995106
0.007762185
0.0076161865
0.007565048
0.007401611
0.0075804642
0.0073931827
0.0074075297
0.007268224
0.0073180385
0.0071627614
0.0073748343
0.00724412
0.0072497106
0.0072094626
0.0071227164
0.007015252
0.0070746155
0.0069408515
0.006916599
0.00690415
0.0067751557
0.0068496396
0.006696809
0.006783863
0.006640341
0.0070599522
0.0068717524
0.0069943913
0.007158967
0.006478589
0.0070682154
0.0067105307
0.0067995787
0.0067417957
0.0065287105
0.0066219005
0.006410923
0.0064142533
0.006395819
0.0062576425
0.006306873
0.006103413
0.006178619
0.006104505
0.00606329
0.0060834386
0.0059192143
0.0063945674
0.0059811496
0.0063746846
0.006288829
0.0058009815
0.0058263578
0.005790249
0.0056764507
0.0058243163
0.005639034
0.005745065
0.0056339414
0.005508498
0.0053704544
0.0056956615
0.0056293313
0.0052490607
0.0053082216
0.0051581473
0.005260009
0.005002692
0.0055750865
0.0052672443
0.0051402147
0.00561464
0.005208172
0.005087837
0.005052921
0.0051086084
0.004834423
0.0054310043
0.0051840204
0.005226364
0.005174419
0.004966115
0.0048016203
0.005016766
0.0048334473
0.004823125
0.004817433
0.004770282
0.004669009
0.004878408
0.0047637876
0.004569801
0.0044847564
0.0046271193
0.004525278
0.0046526403
0.0045717345
0.0044534593
0.0043149777
0.0046510813
0.004503817
0.004404201
0.004371979
0.004452519
0.0043786443
0.0043906597
0.004370091
0.004241383
0.004206346
0.0043273405
0.004251125
0.004191732
0.0041534207
0.004199691
0.004095373
0.004256431
0.004125951
0.004213045
0.0040843002
0.0041938717
0.0040205815
0.004253166
0.0041335383
0.0040701465
0.004002606
0.004143084
0.00403719
0.004128421
0.0041605844
0.003859489
0.0038942287
0.0040585943
0.0039214604
0.0040846956
0.0041287993
0.0037476243
0.004278083
0.0037442485
0.004375883
0.00434421
0.0037404718
0.004050062
0.003741897
0.004111338
0.0040664617
0.0038097824
0.0043040747
0.003907478
0.00429334
0.0044522546
0.003919616
0.003998054
0.0041281083
0.0036998624
0.0042125513
0.0043268376
0.0038304154
0.0038714204
0.003960412
0.0035920024
0.0040751784
0.0039227656
0.0039994805
0.003983243
0.0038818188
0.0037880342
0.003724696
0.0036863026
0.003809223
0.0036747735
0.0036714051
0.0036336433
0.0036141453
0.0034348809
0.0039623096
0.003929028
0.0035211565
0.0035787548
0.003487482
0.0034921512
0.0034846014
0.0033781275
0.0038151059
0.0036532057
0.0037622508
0.003838721
0.00352247
0.0035163686
0.0036336072
0.0035684723
0.0034975111
0.0035728954
0.003458331
0.0034132537
0.0035198405
0.0034038548
0.003581524
0.0035017396
0.0034670252
0.003491388
0.0034331316
0.003481159
0.003356469
0.0034921933
0.0034788505
0.0033070005
0.0035944118
0.003434227
0.0033903082
0.003433939
0.0033925602
0.0033028324
0.0035159427
0.0032967925
0.0036616519
0.003555292
0.003346116
0.0033578463
0.0033271546
0.003311782
0.0032613159
0.0033285741
0.0031414803
0.0033681572
0.003165519
0.0037247231
0.0036944922
0.0033332675
0.0032399532
0.0035664607
0.0032084936
0.0037662599
0.003823947
0.003397954
0.003454643
0.0033770523
0.0033129063
0.0032612942
0.0031921603
0.0033503093
0.0032661322
0.003437983
0.0033688436
0.0034743398
0.00321895
0.0036373474
0.0035618749
0.0031941824
0.0033067747
0.0032701707
0.0031281002
0.0033919525
0.0032541417
0.0033296987
0.0033417947
0.0032507693
0.003183623
0.0033802446
0.0032136592
0.0033278177
0.0033375293
0.0032580115
0.0032708894
0.003219759
0.003170396
0.003228372
0.0031912867
0.0032042672
0.0031723029
0.0032758825
0.0031529057
0.0032533475
0.0032230432
0.0031688297
0.0032270702
0.0030626412
0.0031089846
0.0030782607
0.003047755
0.0031739008
0.002997985
0.0035939673
0.003560833
0.0030211795
0.00310017
0.0030643444
0.0029441938
0.0032306025
0.0029385183
0.0039534937
0.0041656457
0.0031222769
