0.28763285
0.059853792
0.06480983
0.03561132
0.02552869
0.026718346
0.022127053
0.026495814
0.025272848
0.021308007
0.023206688
0.023496179
0.021282986
0.022085713
0.023404734
0.021913767
0.02045142
0.02096803
0.0204542
0.02060164
0.02056162
0.020132763
0.020585386
0.020728527
0.01979986
0.02080237
0.021721056
0.020565962
0.019123102
0.020382062
0.019885099
0.019517206
0.019241873
0.019483894
0.01881172
0.018603936
0.01807285
0.017854238
0.017467905
0.017480517
0.017332792
0.01688278
0.017429266
0.01747903
0.017290825
0.016748527
0.016542796
0.01651788
0.016174063
0.016561246
0.016764203
0.016052505
0.01644884
0.016653588
0.016381472
0.016344428
0.016079005
0.015819794
0.016130589
0.015966723
0.015578736
0.01582046
0.0157513
0.015575026
0.015689587
0.015481223
0.015519156
0.015637957
0.015647737
0.0150937475
0.01664191
0.017220447
0.01565555
0.01621216
0.016627872
0.01571008
0.016011933
0.016294315
0.015071921
0.015955968
0.016999336
0.015776439
0.014673698
0.014922291
0.014631786
0.0151735665
0.015461221
0.014735654
0.015114918
0.01586789
0.015400253
0.014691315
0.014904179
0.01519094
0.014565217
0.014637028
0.015008755
0.01449128
0.014330051
0.014610238
0.014373496
0.014010072
0.014029822
0.013943955
0.0138384625
0.014044841
0.013808253
0.01356041
0.014021623
0.013673666
0.013409781
0.013703923
0.013924054
0.013523345
0.013129406
0.012731384
0.013212804
0.013239421
0.012591802
0.012322873
0.0122110285
0.011866097
0.012116146
0.012318677
0.01215481
0.011495925
0.011252939
0.011102855
0.010779562
0.010565177
0.011300405
0.011113877
0.010055133
0.009732489
0.011013854
0.011002071
0.0100555
0.009818654
0.00988527
0.009686506
0.010438215
0.010383471
0.009515622
0.009336139
0.009467616
0.009149759
0.009829909
0.010072445
0.009508409
0.008927987
0.009661206
0.00960589
0.009072592
0.009064461
0.009306182
0.008888985
0.008731901
0.0085995905
0.008982707
0.008989962
0.0087869195
0.008632513
0.008134584
0.008121591
0.008600606
0.008560206
0.008667793
0.008416099
0.0076752654
0.007813782
0.00771354
0.007847606
0.00816429
0.007954074
0.007991261
0.0076769083
0.007621842
0.007279992
0.0074615018
0.007420029
0.0071171126
0.007024133
0.0071165003
0.0068184934
0.0067231096
0.0066473796
0.006760832
0.00659556
0.006800735
0.006662706
0.0060766223
0.0059538595
0.006606163
0.006555762
0.006248305
0.005899491
0.0064745224
0.006016417
0.00584357
0.005896505
0.005921399
0.0056382515
0.0057497
0.005530016
0.005561684
0.005390166
0.0055770255
0.005438356
0.0050676055
0.0050611957
0.005529349
0.0051171575
0.005670397
0.005493647
0.0051740063
0.0049255495
0.0054643103
0.0050551994
0.0053274618
0.0051671397
0.00492415
0.0050444067
0.0046921275
0.0052384455
0.0049525658
0.0055599273
0.005188075
0.0049256748
0.004994644
0.0047886963
0.0044154897
0.005134513
0.0048181945
0.0046356064
0.004535949
0.0047647506
0.004545583
0.004625279
0.0045235255
0.0043107066
0.0041962094
0.0041749985
0.0040475936
0.0046183877
0.004210214
0.0046809902
0.0044201766
0.0042129816
0.004211391
0.0038998742
0.0038737562
0.003987786
0.004175449
0.0038947666
0.0038553888
0.0038652653
0.004037899
0.0037065381
0.004323187
0.004313618
0.004275125
0.003924424
0.0045425897
0.0044013783
0.0036498478
0.0035888713
0.0040174164
0.0035062737
0.004635338
0.004983812
0.00366258
0.005428273
0.006312541
0.004655719
0.0043636854
0.004721392
0.0047582374
0.004113039
0.0039522094
0.0043038195
0.003997849
0.003574837
0.0039136126
0.0037358727
0.0035567128
0.0035621664
0.0035616849
0.0032463793
0.0034893814
0.0032290139
0.0034090902
0.0030493995
0.0036124121
0.0036185558
0.0032479968
0.00360814
0.003464548
0.0037689367
0.0036194262
0.0032664137
0.0032788627
0.003251196
0.003192665
0.0033550214
0.0033154294
0.0033749167
0.0034638308
0.0030457291
0.0034193534
0.0031376434
0.0031359242
0.0031355533
0.0033785617
0.00294175
0.004003735
0.003888698
0.0029437393
0.0037182383
0.0035435688
0.0029918607
0.0033890188
0.0031827285
0.0027489427
0.003158692
0.0025940982
0.00443808
0.0048894845
0.0032061397
0.0037809957
0.0046209004
0.0032455698
0.0033339194
0.0038770232
0.0030838095
0.0032072098
0.0036552453
0.0029219717
0.0030122492
0.0031485248
0.0027067773
0.0029385332
0.002893397
0.002605728
0.0028162964
0.0026469575
0.0027556727
0.0026149713
0.0029074189
0.0028067827
0.002569699
0.002531517
0.002655083
0.0026041185
0.002512142
0.0024947769
0.00270157
0.0025928768
0.002585831
0.002529956
0.002663451
0.0027637428
0.002373397
0.0027203218
0.002605521
0.0025248348
0.0026194362
0.0024184275
0.0024880038
0.0025149558
0.0023305758
0.0025740669
0.0022504975
0.0027187923
0.0028184995
0.0024556404
0.0025634735
0.002637128
0.0024763725
0.0022772849
0.0024921473
0.0023159292
0.0023046704
0.0024551002
0.0022500309
0.002305756
0.002434286
0.0022360298
0.0022827664
0.0022817582
0.0025257065
0.0022034757
0.0038093664
0.0043561594
0.002347702
0.004074379
0.0054872413
0.003884554
0.002746438
0.0033623145
0.0028648777
0.002763414
0.0028703054
0.0022831543
0.002688802
0.0025398342
0.0025606407
0.002613101
0.002279754
0.0022292952
0.0022471678
0.0021051364
0.0022822788
0.0020480521
0.0024334672
0.0022724643
0.0024535295
0.0025368985
0.0023947798
0.002397829
0.0021570509
0.0022749275
0.0020814424
0.0021842818
0.0018995969
0.0028378954
0.0028221097
0.0023733526
0.0025516888
0.0022439135
0.0023771059
0.0021305582
0.002122565
0.0020481546
0.0021111274
0.0019817308
0.0021039501
0.0018730746
0.0023822554
0.0022145293
0.0022343108
0.002358607
0.0021358794
0.0023129126
0.0021166361
0.0020693273
0.0021207286
0.0020940565
0.001855515
0.0019622343
0.0018725665
0.0019325785
0.0022969928
0.0019402733
0.0020750016
0.002362273
0.0018785835
0.0021703832
0.0025761465
0.0018862741
0.0020679089
0.0023144379
0.0017309533
0.0024482568
0.0032474606
0.0021384775
0.0020996125
0.002740686
0.0022626086
0.0018925654
0.0022473712
0.0021731795
0.0017885616
0.0020005938
0.0020399364
0.0017069081
0.0018529323
0.0021341054
0.0018130693
0.0017744489
0.0020712817
0.0019468629
0.0017751359
0.0016310603
0.001691224
0.0016043029
0.0017944975
0.0017604996
0.001564334
0.001676036
0.0017314559
0.001571858
0.0017054989
0.0019703622
0.001686985
0.0018571041
0.0018700986
0.0019354429
0.0016200008
0.0016354695
0.0016685979
0.0015468458
0.0016251365
0.0014275502
