0.2900736
0.05708621
0.07168589
0.04735257
0.023196543
0.034307495
0.032407887
0.023727559
0.02771441
0.03085871
0.02710182
0.022927135
0.024792323
0.02701837
0.025636883
0.022992512
0.021604821
0.022842037
0.021506757
0.021276513
0.021088757
0.020858005
0.020754145
0.019918362
0.020446725
0.020123444
0.019354044
0.019282026
0.019009897
0.01853052
0.019099932
0.018737128
0.018096382
0.018090444
0.018011177
0.01778278
0.01829048
0.018264098
0.017598413
0.019058581
0.0196886
0.018223016
0.018076854
0.018415587
0.01841355
0.017674746
0.018660376
0.019331954
0.01847493
0.017964978
0.017941974
0.018169647
0.01757619
0.017622432
0.017822677
0.017394282
0.017705679
0.018139446
0.017754037
0.01743055
0.017775754
0.017911462
0.017514149
0.017246619
0.017272826
0.017313762
0.01737124
0.0172226
0.017137498
0.017699681
0.01730673
0.017954782
0.01795894
0.017057965
0.017087767
0.017123174
0.016953938
0.017567793
0.017257629
0.017356867
0.01748246
0.016766427
0.016714597
0.017090837
0.016661324
0.01773739
0.01799214
0.0167594
0.018132871
0.019202523
0.017351335
0.016840957
0.01741759
0.016434396
0.016931655
0.01762383
0.016381692
0.016531827
0.01714074
0.016132697
0.016273385
0.016754167
0.015762353
0.016081216
0.016515763
0.015399312
0.015864002
0.0166786
0.015378253
0.014923352
0.015242954
0.0144496085
0.014820389
0.015185598
0.014192574
0.014002689
0.014446986
0.013777133
0.013277984
0.013416994
0.012843977
0.01319008
0.01313702
0.012587144
0.012451115
0.012689396
0.012336411
0.011947942
0.013417192
0.013885447
0.012333804
0.01237853
0.01280761
0.01207652
0.011903442
0.0118983835
0.011744611
0.01151795
0.011395264
0.011332336
0.011101108
0.011089541
0.010939282
0.010983138
0.010952451
0.010725163
0.010770504
0.010571399
0.010429117
0.010516923
0.010287349
0.010508125
0.010440345
0.010001007
0.010054986
0.009869137
0.0097150365
0.00988135
0.009550175
0.009916616
0.009928703
0.009428776
0.009361479
0.009742633
0.009316854
0.009669287
0.009913444
0.008913576
0.010099421
0.010110204
0.010142892
0.009837607
0.009035865
0.008962295
0.009022719
0.008824752
0.008806008
0.008689908
0.008980845
0.008575607
0.008819587
0.008621906
0.008670143
0.008450775
0.00831983
0.008224401
0.008240629
0.008145281
0.008227444
0.008069885
0.008267038
0.008253805
0.007791626
0.007692018
0.00815139
0.007958514
0.0076913754
0.00768653
0.007502546
0.007364314
0.007946413
0.0076997173
0.0073584337
0.007236378
0.0073612505
0.0071915276
0.0074711964
0.0072375773
0.0071820267
0.007057292
0.0071987766
0.0070969313
0.0070360824
0.006838079
0.007023514
0.006828138
0.006860692
0.0070203734
0.006592477
0.006622532
0.0066417307
0.0063826717
0.0065587275
0.006281464
0.006999679
0.0070326687
0.006747158
0.006607778
0.006622425
0.0067600124
0.00642114
0.00654195
0.006665411
0.006256862
0.0068030865
0.0064230734
0.0069512073
0.0073682717
0.00676349
0.0063406024
0.0067300345
0.0066208523
0.006057101
0.0061355545
0.006252464
0.0060396553
0.006234914
0.0061190277
0.0058635697
0.005756469
0.005882477
0.0056480616
0.0058194944
0.0056458763
0.005814658
0.0056810626
0.005606825
0.0055953353
0.005623494
0.005364084
0.006098361
0.0060272687
0.0053734886
0.0058695474
0.0054430305
0.0057900376
0.005587615
0.0057106693
0.0054452405
0.00547323
0.005418177
0.005213745
0.0052800686
0.0051182867
0.0052093267
0.005061121
0.005043486
0.005054482
0.0048945392
0.0048929886
0.004795059
0.004917649
0.004957147
0.0048217867
0.0047723767
0.0048485766
0.0045883036
0.0050192075
0.004820869
0.0050408165
0.005023097
0.004776508
0.005246013
0.0047910693
0.0051164986
0.0053051617
0.0048940554
0.004621522
0.0052193846
0.004913894
0.0046433886
0.004612422
0.0047976
0.004723076
0.004659789
0.004761523
0.0044457316
0.0043904893
0.004515694
0.0042624534
0.004823715
0.0047490294
0.004386529
0.004294801
0.00434362
0.0041950434
0.0046250485
0.004587801
0.004575334
0.0044224393
0.004103446
0.0041069984
0.004295388
0.0040382254
0.004583633
0.0047966987
0.0040153298
0.0043098913
0.00418378
0.004017263
0.004262782
0.0038208533
0.0042154244
0.0041982266
0.003821008
0.0042498657
0.0039934707
0.004110671
0.004411775
0.0041613476
0.003773331
0.0043812566
0.004453787
0.003902816
0.0036105781
0.0040821056
0.004344949
0.0039095622
0.003579637
0.004205297
0.004341683
0.0039828103
0.0036884814
0.0037143696
0.0038038439
0.003692298
0.0034740318
0.0041306545
0.004215596
0.0036545172
0.0035539735
0.0036833344
0.003574439
0.0034932634
0.0033622242
0.003435717
0.003370896
0.0034378704
0.003209836
0.0036329918
0.003927047
0.0035199097
0.0036383516
0.003939123
0.0039964556
0.0037429559
0.003763832
0.0040942472
0.0038290042
0.0038361428
0.0036221321
0.0035793043
0.003854543
0.0034883134
0.0036116869
0.0035144694
0.003493607
0.0035060646
0.00346822
0.0034375396
0.003265926
0.0035130174
0.003522509
0.0034683056
0.0036025948
0.0034583313
0.0035183933
0.0032398242
0.0034293842
0.0034294652
0.00324469
0.0032659795
0.003073559
0.0037561841
0.003936383
0.0032908358
0.0032277836
0.0037843846
0.0032075075
0.0033342503
0.0035374349
0.0031168803
0.003312779
0.0031819157
0.003065604
0.0030279874
0.0031474677
0.0031382174
0.003110623
0.0032012824
0.0031359121
0.0029257357
0.0034032594
0.0032047417
0.0034118493
0.0034627707
0.0034638399
0.003411702
0.0029148012
0.0028432999
0.0031719657
0.0028827412
0.0033828865
0.0036099106
0.0031226466
0.0029295918
0.0032436315
0.0029233198
0.0032474007
0.0034921356
0.0032443267
0.0029892742
0.0033029045
0.003381325
0.0027642862
0.0030571034
0.0032437667
0.002816138
0.0031301768
0.0032935813
0.0030190954
0.002904449
0.003304431
0.0032664228
0.0030133966
0.0030166963
0.0029169044
0.0029267855
0.0027633638
0.002970026
0.0029108848
0.003127848
0.003180946
0.0029620752
0.0029308752
0.0028858893
0.0028487367
