0.29029825
0.089862674
0.05190621
0.032284338
0.03262255
0.028877756
0.024366444
0.027656348
0.025817042
0.02257427
0.02430608
0.023580082
0.02242436
0.023108372
0.022583252
0.022573395
0.022714058
0.022010555
0.022405565
0.022262743
0.021781022
0.021662667
0.021601772
0.021321462
0.021206452
0.021212554
0.020806143
0.021534884
0.020911014
0.021550432
0.021305233
0.020827672
0.02074919
0.020569272
0.020447547
0.020473259
0.020330412
0.020284625
0.020184241
0.020248866
0.020105414
0.020218689
0.02007963
0.020070618
0.019982884
0.019994734
0.019869948
0.01993164
0.019803928
0.019766934
0.019671531
0.019550953
0.019500399
0.019285385
0.019300297
0.019147659
0.01890996
0.01942431
0.019196978
0.018786222
0.019171173
0.018753095
0.01875583
0.018695638
0.018454634
0.018672667
0.018072406
0.020607637
0.019578671
0.017901784
0.017898748
0.018274957
0.018209122
0.017527709
0.01741898
0.01755484
0.017175842
0.018124871
0.018004721
0.017123258
0.017103337
0.017179716
0.01698287
0.017867476
0.017350646
0.01730252
0.0173874
0.016716527
0.016516892
0.01698347
0.016802408
0.017061716
0.016786318
0.01618073
0.016134357
0.01636671
0.01606708
0.016418684
0.01644727
0.01589725
0.015855463
0.015829619
0.015590325
0.016011186
0.015937464
0.015501966
0.015446053
0.015597071
0.015295104
0.015355752
0.015375455
0.014927264
0.014791407
0.014831272
0.014585364
0.014708717
0.014655583
0.01414257
0.015363742
0.0147263175
0.014633171
0.01473336
0.013600928
0.013507732
0.013250952
0.013926703
0.0131772
0.013882957
0.013186994
0.014310644
0.013758232
0.012248918
0.012041499
0.011739881
0.011541858
0.011453956
0.011782415
0.011092058
0.014142784
0.015075763
0.012425297
0.013119261
0.01444747
0.011921793
0.01360415
0.015682848
0.013644942
0.01252151
0.012635474
0.011756319
0.0116215525
0.011753735
0.010906026
0.011194495
0.011392948
0.010505897
0.010717048
0.010874183
0.010633579
0.010190841
0.010737125
0.010856611
0.010166285
0.010109676
0.010293732
0.009902599
0.010132923
0.010150117
0.010061249
0.0097751105
0.010115347
0.010171228
0.009627505
0.009590554
0.009708799
0.009482928
0.009381153
0.00960959
0.009418662
0.009363926
0.009310864
0.009509624
0.00902081
0.010191298
0.010503843
0.009071675
0.01119033
0.01327556
0.011363988
0.009910797
0.010456282
0.010001282
0.009411064
0.009901072
0.009652146
0.009046538
0.009033983
0.009128247
0.008910471
0.008751537
0.008706276
0.008515312
0.008686755
0.008514245
0.008863953
0.008788735
0.008722793
0.008633143
0.008588308
0.008569106
0.008378244
0.008522497
0.00814743
0.00869476
0.008704404
0.008046185
0.00835917
0.008311336
0.00788727
0.0082146395
0.007832403
0.008550394
0.009087008
0.0079475045
0.008438784
0.00919672
0.008506955
0.008047861
0.008104176
0.00817614
0.0078498535
0.0079019815
0.007694392
0.0076438487
0.007467182
0.00765909
0.007653346
0.007478013
0.007471113
0.007666494
0.0074089915
0.0072579067
0.0071756695
0.0071766214
0.0070051136
0.0072719553
0.0072068796
0.0071115247
0.0071379407
0.007092629
0.0069074905
0.0071342825
0.006855699
0.0071124625
0.0069082677
0.0067610494
0.0066622174
0.006937884
0.0069518234
0.0064461436
0.0064667487
0.0066288114
0.0064007216
0.006818518
0.0068061464
0.0061745136
0.0062395134
0.006248794
0.0060145403
0.0071498244
0.007382363
0.006002487
0.007901544
0.009264073
0.008474142
0.008407766
0.009003087
0.0076838196
0.007059152
0.0072335657
0.007454759
0.007189376
0.0060646622
0.00695716
0.007801097
0.006993755
0.0067901853
0.0066943676
0.006155117
0.006219244
0.0066465456
0.0060393573
0.0060260147
0.0060400967
0.006018394
0.0058880574
0.005618435
0.0055293962
0.005966338
0.0057867095
0.0059441053
0.0058489107
0.005866585
0.0058369325
0.0053854412
0.005239288
0.005763019
0.0057005645
0.005490832
0.0053371047
0.005402123
0.005351063
0.0055054612
0.005309434
0.005260095
0.005157821
0.0054166527
0.0053067296
0.0050817514
0.0050632157
0.0051885433
0.005054382
0.005142137
0.005067295
0.004988313
0.004924094
0.0050864387
0.005000357
0.0049118963
0.004825616
0.0050415625
0.0049205325
0.004877569
0.004798246
0.0049076737
0.004808713
0.004826184
0.0047271047
0.004865427
0.0048130373
0.0046724686
0.0045996625
0.004851194
0.0047402834
0.004651952
0.0045948443
0.004739569
0.0046582757
0.0046214485
0.0045699137
0.0046606604
0.004573805
0.004579256
0.0044928864
0.0046287025
0.004549704
0.0045111976
0.0044267406
0.004614268
0.0045328876
0.0044424348
0.004394127
0.00452117
0.0044568754
0.0043961047
0.004328105
0.004490216
0.0043832115
0.0044251983
0.0043763737
0.00435653
0.00425628
0.0044362987
0.0043407828
0.004335148
0.004267806
0.0042954055
0.0042386125
0.00434011
0.004340645
0.004124736
0.004111203
0.0044193477
0.004154619
0.0044608903
0.004544864
0.0040395246
0.0043348535
0.0041520232
0.0043211314
0.0041006655
0.005008438
0.0051927874
0.00483304
0.0045239786
0.004220521
0.004469603
0.004318178
0.003972983
0.0043615513
0.0042653484
0.0043723644
0.004245587
0.0042601186
0.0040913387
0.0043469244
0.0040859464
0.0044670193
0.0042174137
0.004190625
0.0042861034
0.0040227626
0.0040706433
0.0039966134
