0.28885832
0.04360755
0.07940652
0.06570209
0.028525343
0.03000391
0.03588021
0.027972221
0.024294546
0.025293285
0.02614198
0.02470765
0.022908872
0.023149446
0.024394594
0.023351362
0.021782627
0.02316858
0.022573972
0.021898003
0.02204367
0.02171664
0.021643335
0.021569967
0.021326447
0.02145955
0.021242848
0.021132255
0.021005908
0.02091189
0.020720012
0.021090081
0.021057904
0.02047729
0.020611137
0.02036825
0.020912146
0.020640858
0.020444198
0.020492746
0.02045494
0.02011898
0.020950625
0.02111576
0.02011667
0.020597877
0.02103058
0.02036486
0.019929862
0.019947859
0.019927021
0.019412974
0.019436851
0.019368343
0.018824669
0.018890664
0.01880087
0.018489351
0.019020138
0.01844692
0.018973378
0.018919427
0.018261354
0.018405335
0.018245025
0.018541941
0.018503664
0.017844439
0.01851781
0.018456187
0.01790895
0.01791651
0.017705347
0.017870601
0.017651781
0.017853258
0.017889148
0.01744412
0.017399171
0.01776871
0.017416488
0.017374469
0.01744902
0.017409362
0.017356174
0.017374426
0.017284159
0.017170848
0.017158145
0.01709984
0.017154604
0.017041823
0.017251704
0.017321043
0.017214919
0.01693976
0.017402017
0.017370416
0.016861962
0.017030751
0.01708328
0.016925827
0.016748037
0.016898574
0.016745603
0.0170807
0.01719332
0.016634397
0.017295046
0.017833658
0.017054366
0.016844437
0.017224712
0.016914755
0.01671179
0.016946742
0.016758185
0.016612088
0.016843481
0.016556183
0.016433997
0.016510082
0.016297765
0.016360877
0.016376058
0.016054973
0.016164238
0.01596664
0.01591003
0.015892258
0.015859034
0.01571367
0.015846483
0.015755532
0.015496236
0.015765263
0.01569091
0.01547496
0.015921285
0.015843464
0.015401407
0.0151785435
0.015742049
0.015588216
0.015451707
0.015498354
0.014893877
0.014725444
0.014879242
0.014952729
0.01460467
0.014800443
0.014987343
0.015007902
0.015030039
0.0144786425
0.015159274
0.014742817
0.015208256
0.015161461
0.015250371
0.015286538
0.013864716
0.014897983
0.015463415
0.014953342
0.01557904
0.015406705
0.014243558
0.014286849
0.014067997
0.013640289
0.013837402
0.013852584
0.013242782
0.013301249
0.013447464
0.012841843
0.012920071
0.0126978485
0.012962797
0.012409676
0.013058773
0.013020918
0.012373261
0.0121492045
0.011930005
0.01184067
0.011767611
0.011218805
0.01239241
0.011783567
0.0123090735
0.012549785
0.011362963
0.011348707
0.01102863
0.0114905285
0.0106024
0.012063953
0.012686153
0.010410153
0.012192811
0.013425977
0.011809985
0.010120641
0.010663021
0.009837198
0.010716525
0.011066844
0.010022656
0.009711078
0.010347624
0.009702747
0.010114248
0.010533643
0.009601738
0.009329305
0.00935194
0.008795853
0.01021661
0.010273873
0.008771113
0.008992688
0.009268742
0.009076325
0.008591917
0.009041009
0.009555245
0.009179653
0.008626628
0.008328538
0.00841507
0.00837396
0.00810491
0.008199775
0.007955441
0.008303243
0.008407301
0.008312732
0.008533257
0.007824124
0.008890141
0.008851821
0.00949044
0.009405169
0.008228655
0.007705471
0.008292234
0.0081940135
0.008730064
0.008633043
0.008249782
0.00786336
0.0079819625
0.007434055
0.008194761
0.0085007595
0.007836449
0.007762581
0.007913504
0.0076110386
0.0074316734
0.0072200424
0.007562743
0.007364545
0.0079693645
0.007793767
0.006879186
0.0069299326
0.006996207
0.0067445063
0.0074475612
0.0072577125
0.007252868
0.0070255585
0.0072859996
0.0071999817
0.0068554715
0.006690547
0.0069311745
0.006892258
0.006878443
0.0065408996
0.007209899
0.006904231
0.00666541
0.006498039
0.006803321
0.006615702
0.006664462
0.0063357563
0.0069149807
0.0067703202
0.0066228174
0.006687155
0.0064018206
0.006369217
0.006321901
0.0061149593
0.006876817
0.006860815
0.0064737834
0.006305327
0.0064671505
0.0062240115
0.006678211
0.006748158
0.0062575876
0.0063941977
0.0060093235
0.006265462
0.005822962
0.007376332
0.007570581
0.006092928
0.0076563335
0.008373131
0.0072503113
0.00664711
0.0071338066
0.0064265593
0.0067621865
0.0066257827
0.006231643
0.0067254803
0.005905784
0.0066962796
0.0067359116
0.0058251657
0.006922116
0.0071896813
0.006716246
0.006453184
0.005968474
0.0057411534
0.006111897
0.005936487
0.0057811528
0.005839081
0.00561161
0.0058716387
0.0059631257
0.0057412223
0.0058946484
0.005640888
0.0059731193
0.006002847
0.0057763495
0.0056820116
0.0058504534
0.0055585257
0.0057297423
0.0057674143
0.005414732
0.00668376
0.0064698854
0.00617923
0.0060675475
0.0056009516
0.0054393434
0.0056135473
0.0054834858
0.005769234
0.0053680544
0.005671179
0.0057249446
0.0055115097
0.0054329573
0.0056917067
0.0056072944
0.005854459
0.0055283885
0.005382242
0.0058252006
0.005414018
0.0058860686
0.00626344
0.005784662
0.00547
0.0058007524
0.0053270496
0.0061702956
0.0063628894
0.0058867405
0.005309017
0.0056219385
0.0055855266
0.0055913404
0.0056061386
0.006135492
0.005851529
0.0051341234
0.005267696
0.0055146
0.00521325
0.005613945
0.005298536
0.0053343684
0.0052608717
0.005323133
0.005300415
0.0052327216
0.005202883
0.0050828513
0.0049558165
0.0054990067
0.0054042004
0.005098767
0.00500662
0.00528129
0.0052361484
0.0050776736
0.004989321
0.0051815393
0.0050774324
0.0050936486
0.0049465727
0.005243839
0.0052489587
0.004858331
0.005073394
0.004784716
0.004956989
0.0047951834
0.005272781
0.004925195
0.0052394434
0.005183224
0.004770213
0.004800804
0.005099554
0.0049659926
0.0050223456
0.0051412713
0.004802925
0.0050690705
0.0046178116
0.0067759603
0.0073947064
0.0059526064
0.0064473604
0.007816452
0.006584843
0.00585481
0.0059999772
0.005350139
0.0057559274
0.0062425225
0.005317308
0.0057007987
0.0062456354
0.0053916965
0.005271328
0.005792786
0.005337155
0.0050963815
0.005177562
0.00486104
0.0049610785
0.005062712
0.004749059
0.0050638933
0.0050458503
0.0050699958
0.004780279
0.0050556385
0.004990784
0.004625313
0.0053487043
0.0056765997
0.004619912
0.005857334
0.007045845
0.0059516467
0.005098131
0.005737644
0.005493224
0.0047958237
0.0051999562
0.004891749
0.0048766355
0.0050619408
0.0047542728
0.004865118
0.0048234
0.0045838696
0.004670454
0.00456515
0.004508496
0.0046421047
0.0044296617
0.004733444
0.00488825
0.004568745
0.004766265
0.004590733
0.0044700834
0.0046347957
0.004497595
0.0045600557
0.0045562433
0.00477472
0.0046753995
0.0048118453
0.004869981
0.004289855
0.004582521
0.004426607
0.00433742
0.004278978
0.0047022714
0.004677241
0.004336835
0.004341541
0.004341808
0.0042080055
0.0045071486
0.004438166
0.004514362
0.0044405614
0.004166879
0.0042455248
0.004151929
0.0043535656
0.0040390743
0.0046338383
0.004486207
0.0043927175
0.0042662076
0.0042067966
0.0041285832
0.0041184947
0.004106146
0.004175861
0.004046339
0.00449504
0.0047385828
0.0041146073
0.0048225354
0.0048351022
0.0042447275
0.0044932105
0.0041985465
0.004213784
0.004276786
0.0041412306
0.0042486214
