0.28935874
0.050673116
0.07483307
0.04408616
0.027150923
0.028732514
0.025237381
0.026298165
0.025381014
0.02271918
0.024141649
0.024311244
0.022281548
0.022984743
0.02396213
0.022160972
0.021392373
0.021816054
0.020943748
0.020806259
0.02092951
0.020321311
0.020601664
0.02064486
0.020927822
0.020191386
0.021141127
0.021434188
0.020203441
0.021182613
0.021265902
0.02001034
0.020420244
0.020315818
0.019397072
0.02049631
0.021202786
0.019773811
0.019100206
0.019350087
0.018979019
0.01879532
0.018813862
0.018291837
0.018667044
0.018691776
0.017721558
0.017714618
0.017974151
0.017374061
0.017800128
0.017497115
0.017299237
0.017187295
0.017096493
0.017056024
0.016728943
0.016800007
0.016609108
0.016674293
0.016485984
0.016380938
0.016300058
0.016074926
0.01614777
0.015854837
0.016247245
0.016289795
0.015743492
0.015642336
0.01563683
0.0153512815
0.015464964
0.015376151
0.0150558725
0.015018873
0.014849021
0.0147477435
0.014657262
0.014430401
0.014487558
0.014203932
0.014060759
0.0138723
0.01366781
0.013474141
0.013412046
0.012955888
0.013239787
0.012887978
0.01282651
0.0127280615
0.012551643
0.012652584
0.012533906
0.012144719
0.013465541
0.013020131
0.012128465
0.012527287
0.012001522
0.012013957
0.01213872
0.011503991
0.011564575
0.01156905
0.011477499
0.011346519
0.011262108
0.011081192
0.011014313
0.0111898035
0.010936677
0.011180028
0.01089517
0.011287603
0.011038157
0.010814046
0.010824504
0.010724236
0.0107221855
0.010322579
0.010336832
0.010429847
0.010199678
0.010558304
0.010368172
0.010175545
0.010114065
0.010043169
0.009978968
0.009883377
0.00985817
0.009818149
0.009739726
0.009601192
0.009452333
0.009730263
0.009598295
0.0094910385
0.00952416
0.009235006
0.00956507
0.00931814
0.009379181
0.00938864
0.009059831
0.0091204075
0.009228781
0.008987223
0.008842789
0.008841579
0.008892033
0.008720086
0.008794457
0.008670945
0.008608018
0.008729813
0.008486125
0.008551431
0.00867271
0.0084798215
0.008411433
0.008467879
0.008368219
0.00851068
0.008276164
0.008903991
0.008849856
0.008296417
0.008296916
0.008037361
0.00831998
0.0079873325
0.008762079
0.008544557
0.008214078
0.008069608
0.008021314
0.0080572665
0.008109429
0.008046807
0.007793685
0.0077906647
0.007987306
0.007738793
0.008583423
0.008996776
0.0074614226
0.010416641
0.011535031
0.008983671
0.00932888
0.008942505
0.008571159
0.008240431
0.008104638
0.008010213
0.007614749
0.008071787
0.0075347032
0.007999145
0.0077674207
0.007659852
0.007421209
0.007797938
0.00826007
0.0075246855
0.008018051
0.007753568
0.007851682
0.00812849
0.0075562987
0.007539632
0.0076656616
0.007659501
0.007219234
0.0074055996
0.007670389
0.006973119
0.008170654
0.008079869
0.007621892
0.007519256
0.007752819
0.0075500496
0.0071582333
0.0071108323
0.007587409
0.007117582
0.0073288972
0.007307593
0.0071375296
0.00684962
0.00756433
0.007523595
0.0066280826
0.0065253377
0.0075428225
0.007418918
0.0072341287
0.0070112124
0.007032931
0.0068050274
0.006985186
0.007004379
0.0068647056
0.0067633055
0.0070656543
0.006865376
0.0065220953
0.006416735
0.006899892
0.0068240645
0.0065425895
0.0064987266
0.006798553
0.006446227
0.006861126
0.0068499013
0.006259531
0.006391673
0.006425666
0.0063393177
0.006660828
0.0066443435
0.006313099
0.0063732094
0.006337848
0.006206447
0.0065632425
0.006548222
0.006026653
0.0059351944
0.006806586
0.0066919215
0.0059209913
0.0061171423
0.0059104823
0.005937312
0.006024575
0.005966687
0.0058564744
0.005903916
0.0057468987
0.006326919
0.0057832696
0.0074594845
0.0074497294
0.0061769006
0.0068315286
0.006388841
0.005884275
0.0060465876
0.0057678013
0.0057622395
0.0058020763
0.0056544705
0.006005609
0.0057970285
0.0059797186
0.006052707
0.005472511
0.006500336
0.0060796575
0.0059513636
0.006259085
0.0058150035
0.0058830245
0.0056116865
0.005778069
0.005552216
0.0060144025
0.0062714485
0.0054043904
0.0063967467
0.0061781197
0.005630484
0.0057784715
0.005464873
0.006055826
0.005993959
0.0056616645
0.0058503486
0.0056575127
0.0053432486
0.006067326
0.005566412
0.006117986
0.006174408
0.0054119728
0.0055096913
0.005795747
0.0050875726
0.0060651563
0.005701618
0.005588507
0.005693047
0.005549992
0.0052744425
0.005618987
0.0053594797
0.0055642854
0.0056137447
0.005118121
0.005129941
0.0052956194
0.0051435395
0.005467605
0.005502537
0.0051593776
0.0052113025
0.005279036
0.0050611305
0.005405551
0.00536336
0.005317709
0.005224474
0.0052128807
0.0049323426
0.0052377484
0.0050020907
0.0051900665
0.00517069
0.004943892
0.004938877
0.00493909
0.004780643
0.005110378
0.0050555565
0.004817733
0.0048957826
0.0048347535
0.004769137
0.0048607695
0.004817273
0.004891945
0.0049689454
0.004706873
0.0048674406
0.0046362053
0.0046865935
0.0045683538
0.0046666185
0.0045243166
0.0046454216
0.004562393
0.004413148
0.004674723
0.0043218
0.005564297
0.0058287387
0.0044532265
0.0056664087
0.0061087315
0.0046970067
0.0056117824
0.0063514435
0.0059544663
0.004585112
0.0063564316
0.0071008876
0.0054661594
0.0054330905
0.0065760887
0.0064457855
0.005370518
0.0048852004
0.0052693966
0.0051715192
0.004648788
0.0048454977
0.005137639
0.0045464295
0.0044535347
0.0045762397
0.0045673274
0.0044057993
0.004591567
0.004472536
0.0044503245
0.0045899847
0.0046246676
0.0041740914
0.0048503387
0.004752911
0.0042100917
0.004530448
0.004256631
0.0043308106
0.004116401
0.0047182064
0.00468342
0.0043409914
0.004384262
0.004021292
0.0044277087
0.0045966264
0.004052257
0.004404401
0.004044616
0.00411237
0.0041161557
0.003881071
0.0044622435
0.004173498
0.004363297
0.0043622577
0.0043904916
0.004180663
0.003790851
