0.28827623
0.058414456
0.0665681
0.036992613
0.028155133
0.029263327
0.022589171
0.026859617
0.02843077
0.022917477
0.022615796
0.024078371
0.022468165
0.02180451
0.02184031
0.022362078
0.021246158
0.022060419
0.022571541
0.021262383
0.021128507
0.02140355
0.020756938
0.021454431
0.021667933
0.020975761
0.020945838
0.021162713
0.02066817
0.02079196
0.0209845
0.020484475
0.021040386
0.021324093
0.020892585
0.020281894
0.02138316
0.02196076
0.020449368
0.021771468
0.02314412
0.02085759
0.021290967
0.022254637
0.020697124
0.020890946
0.021584755
0.020364588
0.020890692
0.021680785
0.020505836
0.02059015
0.021141157
0.020479137
0.020450145
0.020648954
0.020312479
0.020238666
0.020400463
0.020037865
0.02028127
0.02032063
0.019730756
0.019828903
0.019637384
0.01963705
0.019511756
0.01954662
0.019414604
0.019479686
0.019384459
0.0192885
0.019356644
0.019126652
0.019985264
0.019837784
0.01936552
0.019200398
0.019298999
0.019254958
0.019014714
0.018888613
0.019159352
0.01888721
0.01895378
0.01891386
0.018642558
0.018403804
0.018146954
0.01812924
0.017754273
0.01743281
0.017492339
0.0168666
0.017054643
0.016587643
0.01662653
0.016555637
0.016340418
0.016126202
0.016179062
0.016189002
0.015752425
0.015744062
0.015769081
0.01543568
0.015529268
0.015775172
0.015591963
0.015204065
0.015200662
0.015138313
0.014893866
0.014824393
0.014634214
0.014734931
0.014631693
0.014456057
0.014350223
0.014353905
0.014239676
0.014194633
0.014149929
0.014104719
0.0139688
0.01399989
0.013883258
0.013786688
0.013725559
0.013626118
0.013496056
0.013594665
0.013484795
0.013402358
0.013287023
0.013227346
0.013111395
0.013286062
0.013084631
0.013203491
0.013351285
0.012858577
0.013874647
0.014096026
0.013156709
0.0132837
0.013872895
0.013376485
0.0128860725
0.013162958
0.013229814
0.012740589
0.012991873
0.012829237
0.012830585
0.013013255
0.012739011
0.0125663625
0.012793015
0.012615599
0.01242767
0.012682959
0.012528058
0.012365221
0.012384589
0.012401962
0.012208682
0.01242977
0.012376261
0.012151938
0.0123211695
0.012032523
0.01230076
0.012079068
0.012381147
0.012351307
0.01233315
0.012157954
0.0121654095
0.012186334
0.012076358
0.011936958
0.012151609
0.012067723
0.011889975
0.011880987
0.011925239
0.01181356
0.011850086
0.01180895
0.01181337
0.011700456
0.011803095
0.011719824
0.011680659
0.011581567
0.011716545
0.011576141
0.011634745
0.011512327
0.011616086
0.011453222
0.011580762
0.011504783
0.011402669
0.011361492
0.011415838
0.011376266
0.011286859
0.011248983
0.011330954
0.011265201
0.011247042
0.011223952
0.011163493
0.011128564
0.011156728
0.011113968
0.011051722
0.010977513
0.0111447675
0.011083371
0.010936548
0.010927153
0.011036989
0.010884508
0.011047545
0.010967192
0.010804318
0.0108089475
0.011091107
0.010875662
0.011039236
0.010860015
0.0110126315
0.0107948445
0.010869645
0.010733134
0.010710098
0.010699208
0.0109848725
0.010896608
0.010726318
0.010675865
0.010834123
0.010697161
0.010780529
0.0107177915
0.010663093
0.010569976
0.010780969
0.010692681
0.010609961
0.010586619
0.010666418
0.010647605
0.010596693
0.010721841
0.010511349
0.010607402
0.010622094
0.010699645
0.010567099
0.010725097
0.010486771
0.010736049
0.010443349
0.010665863
0.010381426
0.010608046
0.010338932
0.010698664
0.010748486
0.010292024
0.010618396
0.010349821
0.0108171115
0.011201917
0.010774543
0.0104865655
0.0108631
0.010748692
0.01025746
0.01055229
0.010324982
0.010381314
0.010471816
0.010198709
0.010463819
0.010324191
0.0105278855
0.010766763
0.010373967
0.010363597
0.010539576
0.010336605
0.010209021
0.010247632
0.010166684
0.010194625
0.010105666
0.010222495
0.010162012
0.010223615
0.0102588525
0.010340216
0.010252383
0.010335069
0.010378555
0.010017653
0.010373613
0.0102438545
0.010189154
0.010316893
0.010084639
0.010081156
0.010084591
0.010031007
0.009891274
0.010215796
0.010049229
0.01022056
0.01035623
0.010005265
0.010045153
0.010079454
0.0099388175
0.010319447
0.010378004
0.00992676
0.0100170635
0.00993995
0.009840528
0.01002777
0.009974395
0.009851083
0.010048664
0.009826861
0.010300369
0.010356887
0.009970569
0.009977984
0.010137799
0.010055926
0.009857905
0.01025048
0.010291901
0.009750984
0.010027013
0.010157282
0.009746022
0.009893105
0.009952429
0.009680115
0.010070355
0.010076123
0.009850359
0.009775948
0.009952192
0.009752077
0.009767071
0.009734143
0.0097790025
0.0097952215
0.009757482
0.00969467
0.009663456
0.009656395
0.009614893
0.00961122
0.009626137
0.009580257
0.009649697
0.009537715
0.009694346
0.00970835
0.009464375
0.00969107
0.009448643
0.0099402815
0.010157402
0.009603745
0.009890292
0.009984868
