0.42828345
0.074368715
0.114961706
0.09538448
0.0960317
0.09336758
0.08988931
0.091383494
0.09070467
0.08822441
0.08939765
0.089808665
0.088208
0.088331394
0.08886629
0.088070095
0.08773506
0.088015236
0.08781294
0.0874717
0.08770885
0.08745662
0.08764235
0.087664366
0.08719837
0.08717217
0.08726106
0.087047376
0.08746179
0.08752032
0.086749785
0.0876485
0.08831009
0.08729917
0.08641034
0.08638117
0.08615001
0.08623839
0.08612279
0.085671894
0.08543802
0.085972935
0.08706892
0.0871427
0.08493507
0.08786266
0.08932793
0.086148776
0.08460096
0.08514553
0.08429345
0.08380296
0.08392888
0.083037
0.08344728
0.08327865
0.08248234
0.08174752
0.081275314
0.08113265
0.080420636
0.08033925
0.0798092
0.07973438
0.07888707
0.08001038
0.08062703
0.078849085
0.07888443
0.07732656
0.079128265
0.079237215
0.07697091
0.07603288
0.07512038
0.07695647
0.076551825
0.073320396
0.07377382
0.07316094
0.07098075
0.06982408
0.068782434
0.0670511
0.06587867
0.064293005
0.063073866
0.062326044
0.060651105
0.06024019
0.059536938
0.058175046
0.057687193
0.057398695
0.056910332
0.05655228
0.056177665
0.05547486
0.055365812
0.05459681
0.054517016
0.054166425
0.053928424
0.054456487
0.05400732
0.05376226
0.053621765
0.053357393
0.053010195
0.05347162
0.053141177
0.052978724
0.05305143
0.052480742
0.05317432
0.052452486
0.054815803
0.055406768
0.053795207
0.053096335
0.053030834
0.053045306
0.05211477
0.0527012
0.05273232
0.052168947
0.052969646
0.0527871
0.05261752
0.052700136
0.052234527
0.051917717
0.052168876
0.052258912
0.052653074
0.05238982
0.05174859
0.05176398
0.051918287
0.051872283
0.051943738
0.051807668
0.051604282
0.051672626
0.05161651
0.05147463
0.05178385
0.05184397
0.051274966
0.051368583
0.051303446
0.05115355
0.05182587
0.05167553
0.051158298
0.051174745
0.051315155
0.05116735
0.051436167
0.051464736
0.050952245
0.051023584
0.05099893
0.050886095
0.051095504
0.050832916
0.05134122
0.051207203
0.050788995
0.050712723
0.051043633
0.050871268
0.05087717
0.050841082
0.05071069
0.05069088
0.05074032
0.05067126
0.050715823
0.05065159
0.050606024
0.0505805
0.050578356
0.050504167
0.05052863
0.05039826
0.050614804
0.05052322
0.050357264
0.0502708
0.050493956
0.05042395
0.050218467
0.05014584
0.050423216
0.050364625
0.05006815
0.05002014
0.050278813
0.050126825
0.05015117
0.05010268
0.049980868
0.049940538
0.04997611
0.049817473
0.050278846
0.05033691
0.04979193
0.050370928
0.050176624
0.04978183
0.049849644
0.049705405
0.049798608
0.04954766
0.050121527
0.04985842
0.0500475
0.05003843
0.049532387
0.049425732
0.049995642
0.049842414
0.0497226
0.04967739
0.049635023
0.049476225
0.049730074
0.049644057
0.04948467
0.049373027
0.049778182
0.04968703
0.04933116
0.049327713
0.04963648
0.049538713
0.049344588
0.049305364
0.04937364
0.049257368
0.049468156
0.0493649
0.04927733
0.049193848
0.049429793
0.04935892
0.049188163
0.04915547
0.049256783
0.04913413
0.04929142
0.04923326
0.04910128
0.049064994
0.049220074
0.049156208
0.0491372
0.04914525
0.04905938
0.049032565
0.049155537
0.04912026
0.04899105
0.048957195
0.04908626
0.049023163
0.048940867
0.048882857
0.0490327
0.04893912
0.048942942
0.048885748
0.048913244
0.048823107
0.048974946
0.04892798
0.048784453
0.048762947
0.048927575
0.048834905
0.048809458
0.048775535
0.048732836
0.048652906
0.048927676
0.04889587
0.04859327
0.048611954
0.048940063
0.04868413
0.048896145
0.048848227
0.048644543
0.04909492
0.048938185
0.048637077
0.048604887
0.048705053
0.048568178
0.048683275
0.04864177
0.04853165
0.048779696
0.04836361
0.05041911
0.05086047
0.04869288
0.051237237
0.054008577
0.052080344
0.04942878
0.049605418
0.05072652
0.04979892
0.04853065
0.04951708
0.049258847
0.049060535
0.049461126
0.049160045
0.049018633
0.048843432
0.04922998
0.049025852
0.048508495
0.049038153
0.04915714
0.048458457
0.049326792
0.050011378
0.049472928
0.049112376
0.04877935
0.049054325
0.048923936
0.048128996
0.047647137
0.047783267
0.047512736
0.047003716
0.046861023
0.04605775
0.04601732
0.04508924
0.04402746
0.042929843
0.041557584
0.040668394
0.040092353
0.039638292
0.038191117
0.0368171
0.034776833
0.031383798
0.02760593
0.024417244
0.022845486
0.02077546
0.020419886
0.020391708
0.019296633
0.018417038
0.016781945
0.015931102
0.014877897
0.014389937
0.01384635
0.013885252
0.013645652
0.013343774
0.012841179
0.012542702
0.012020692
0.011839827
0.011633746
0.010781375
0.010518814
0.010343071
0.009794085
0.010483339
0.010091568
0.009628017
0.009722607
0.009281719
0.009165567
0.009141948
0.008719717
0.009272312
0.009098561
0.008037764
0.007963479
0.007852892
0.007651551
0.007456659
0.007370698
0.007321549
0.006975973
0.0071641705
0.0067868847
0.007142011
0.0070075304
0.0065830643
0.006569188
0.0063380073
0.006152307
0.006638017
0.00627682
0.0064759683
0.006526197
0.0059634093
0.0062139085
0.0059758755
0.006180998
0.006044578
0.00558178
0.005551474
0.0055766604
0.0054762214
0.0057592713
0.005516919
0.005654549
0.0055784634
0.005190513
0.005275273
0.005014378
0.004923448
0.0053887754
0.0049360874
0.0053883777
0.0051763426
0.005037388
0.0051613837
0.004731323
0.0055496837
0.0050985035
0.00543059
0.00563438
0.004524821
0.0045763934
0.004905488
0.0045521106
0.00516328
0.004901453
0.0048312563
0.0047704345
0.0046026646
0.004885189
0.004477334
0.00491364
0.0050454265
0.0042324676
0.0045532486
0.0043617394
0.0044381586
0.0045463126
0.0042117126
0.004663473
0.0049084034
0.0044720415
0.0042117536
0.004625285
0.0042920304
0.004302371
0.004479232
0.0047306907
0.004189404
0.004597169
0.0048434273
0.004400272
0.0041715247
0.004305894
0.00413553
0.0042472165
0.0037793573
0.004403628
0.0040789107
0.004202477
0.004272333
0.003982553
0.004026316
0.0038909223
0.004114739
0.0039069992
0.0042681
0.0042989417
0.0039186655
0.0040702275
0.003933784
0.0037847583
0.003921171
0.0036049245
0.0037161142
0.0037205757
0.0034766358
0.0047526225
0.004543726
0.003613774
0.0035982348
0.0040767216
0.003871647
0.004161135
0.004303238
0.0035328344
0.0037341465
0.0035290401
0.0035266334
0.0034920601
0.0035980076
0.003360147
0.0044013727
0.0045360764
0.0034259316
0.004512159
0.0050695385
0.003752547
0.0043190964
0.0050961724
0.0037932664
0.0042620655
0.005166257
0.0037310505
0.003941643
0.004547386
0.003456732
0.0043147844
0.0053828135
0.0038916536
0.0037170367
0.004540147
0.0035877984
0.003841751
0.004561288
0.0033730243
0.004223786
0.0052273762
0.0039248723
0.003468883
0.0039998186
0.003258789
0.0041075894
0.0046860273
0.003591017
0.0036490643
0.004423012
0.0034481466
0.0036976591
0.0042321594
0.003264727
0.0038965258
0.004629521
0.003411411
0.0037443296
0.0045775827
0.0035691082
0.003395151
0.004004157
0.003135315
0.004034553
0.004895018
0.0036893792
0.003224735
0.0037694338
0.0030932825
0.00382518
0.0044648494
0.0035364733
0.0032361383
0.0039880257
0.0033176458
