0.28778604
0.04319255
0.0578513
0.047842294
0.023106745
0.037067436
0.04374056
0.03140155
0.021418406
0.032227088
0.042747393
0.03955273
0.029468194
0.02210927
0.023323962
0.026802272
0.026687473
0.023851318
0.02132073
0.022198444
0.023733208
0.023117252
0.021315278
0.020703584
0.02114061
0.021192648
0.020707816
0.020114964
0.020539356
0.02081575
0.020161623
0.019807547
0.020880818
0.02053128
0.021230413
0.02038211
0.019317463
0.01943776
0.019414583
0.019108294
0.019137906
0.018767709
0.018855566
0.018772008
0.018143142
0.017886285
0.01740141
0.020426357
0.017688306
0.017307237
0.017214878
0.016738674
0.016384497
0.016170776
0.015878774
0.01559522
0.015142593
0.015085855
0.014925542
0.014896731
0.01471359
0.015021578
0.014788001
0.014355708
0.014293035
0.0141604515
0.014082402
0.014010643
0.013905956
0.01378334
0.013769451
0.013672948
0.013591043
0.013519804
0.0135774715
0.013389061
0.01414035
0.014432411
0.013464493
0.01406281
0.01491829
0.014097189
0.013285642
0.013791
0.013780243
0.013066106
0.014102318
0.014853477
0.01394324
0.013317913
0.013517718
0.013180266
0.013256929
0.01342954
0.012984586
0.013589415
0.014050712
0.013360407
0.013069647
0.013150611
0.0127338795
0.013292789
0.013711154
0.01312309
0.01316421
0.013421402
0.012884315
0.013038571
0.013236981
0.012672793
0.012846154
0.013223175
0.012720098
0.0127053745
0.0128923915
0.012436821
0.012680656
0.012855534
0.012269351
0.012730591
0.013084856
0.012315114
0.012110691
0.012408861
0.011941102
0.012024712
0.012276043
0.01179771
0.011928293
0.012178302
0.011680726
0.011651475
0.011823326
0.011435743
0.0116958795
0.012031059
0.011495908
0.011300724
0.011541757
0.011203992
0.011325068
0.01166533
0.011211288
0.01110933
0.011335422
0.011117731
0.010957472
0.011318197
0.011251244
0.010842768
0.010984325
0.011126421
0.0108239055
0.010878637
0.010984749
0.010869938
0.010591672
0.010602557
0.01063107
0.0105332285
0.0104038315
0.010544654
0.010382584
0.010258828
0.010638612
0.01046564
0.010512951
0.010372044
0.010568158
0.010533304
0.01059875
0.010229041
0.010906844
0.011292238
0.010166342
0.01131507
0.0121157095
0.010927237
0.010703261
0.010989522
0.010567054
0.010370866
0.010283421
0.010281614
0.010001547
0.010533097
0.010363203
0.010065545
0.010112906
0.009920172
0.0098831495
0.010214009
0.010058899
0.010048966
0.009984328
0.009782151
0.009776174
0.009887821
0.00963927
0.010360626
0.010543975
0.009701463
0.010412066
0.010909013
0.010403702
0.010178682
0.010045645
0.010097295
0.0101637645
0.009652288
0.009926717
0.010379414
0.010330248
0.009870612
0.009529343
0.00963143
0.009581952
0.009445435
0.009904294
0.009956627
0.009597242
0.009484333
0.009551696
0.009479477
0.009619889
0.009496397
0.0097785825
0.00965206
0.009393285
0.009343099
0.009529093
0.009496794
0.009492195
0.009435088
0.009307227
0.009269551
0.009449049
0.009389825
0.009311924
0.009254373
0.009324923
0.009233435
0.009391172
0.009379458
0.009157394
0.009103312
0.009215443
0.009107309
0.0093582375
0.00929147
0.009112957
0.00906507
0.00915886
0.009022228
0.009153298
0.009105398
0.009027337
0.009069297
0.008952524
0.009124187
0.008825988
0.009206713
0.009068862
0.009527775
0.009363514
0.00930729
0.009020823
0.0091752075
0.009074585
0.00915442
0.009016247
0.009013474
0.00898645
0.008887936
0.008901053
0.008960673
0.008933801
0.008832997
0.008851533
0.008764956
0.008731168
0.008783463
0.0087783225
0.008645943
0.00855994
0.008814176
0.008703846
0.0087006055
0.008602933
0.008602258
0.008486916
0.008472095
0.0085814595
0.008442465
0.008338313
0.008689944
0.008415345
0.009135158
0.009302526
0.008782894
0.008647316
0.008700203
0.008380863
0.009474161
0.009693238
0.0084549785
0.009174643
0.009733795
0.008947999
0.008683152
0.0092034275
0.0086376015
0.008783567
0.008980856
0.008506122
0.008558359
0.008838738
0.008402802
0.008276576
0.008493467
0.00799501
0.0087299505
0.008538405
0.008258405
0.0083773425
0.008104223
0.00821824
0.007913038
0.008052002
0.007944593
0.007838083
0.007907978
0.00762629
0.008322016
0.008523246
0.00830219
0.007979617
0.008329585
0.008115953
0.00784227
0.0076489695
0.007927251
0.0075686146
0.008913948
0.008565664
0.008268806
0.008066386
0.007416362
0.008881343
0.008741892
0.0077128545
0.0077762785
0.007910837
0.0074114106
0.0076806284
0.007885802
0.007364934
0.0073926686
0.0074931867
0.007117294
0.0072084726
0.006925361
0.007980569
0.0071468935
0.0075848415
0.008014967
0.0069619403
0.007319814
0.0074927523
0.006898247
0.006736266
0.007024048
0.006567152
0.007169372
0.0074909925
0.006502198
0.0079377135
0.008462664
0.0073659956
0.007535308
0.0072359494
0.0067093894
0.0069099725
0.007027971
0.006454969
0.006251059
0.0065458245
0.0058318176
0.006244102
0.0064481185
0.005819543
0.005970949
0.006037449
0.0060119494
0.005840625
0.0055703223
0.0062433486
0.005779444
0.0054503256
0.0066349437
0.0061123916
0.0074086264
0.007410176
0.0063344543
0.0062261545
0.0053044353
0.006355334
0.0057641217
0.0057206345
0.005919808
0.005095051
0.0048681013
0.005654834
0.005481411
0.0056113806
0.005412826
0.0049720183
0.0048641902
0.0053194426
0.005012376
0.005371219
0.0053379256
0.0047224457
0.00464703
0.005153988
0.00507784
0.004640529
0.0044932202
0.0050175465
0.004830667
0.004694919
0.0046505346
0.0046052276
0.0044683763
0.00463058
0.0045077424
0.004651424
0.0045433627
0.004367668
0.0043163346
0.0045811855
0.0045103766
0.004254078
0.0041876896
0.0043950947
0.004222511
0.004343634
0.00428364
0.0041494356
0.004092876
0.004220255
0.0041462975
0.0040872158
0.004018674
0.004139807
0.0040860726
0.0039385995
0.0038809003
0.0040887683
0.0040205014
0.0038511688
0.0038179036
0.003965138
0.0038648332
0.0038865227
0.0038062604
0.0038995277
0.0038022166
0.003835576
0.0038199872
0.0037407053
0.0036578893
0.0039643003
0.00383869
0.0036328982
0.003586918
0.0036344447
0.0035676733
0.0036804776
0.0036836753
0.0034924392
0.0036015578
0.0034852866
0.0034251458
0.003409655
0.0033811491
0.0034417233
0.0033083688
0.003549235
0.0035023813
0.0033028044
0.0033206579
0.0032909813
0.0033120892
0.0031681263
0.0031093422
0.0031476275
0.003119419
0.0031302355
0.0029821154
0.0032427635
0.0031231185
0.0029749784
0.0031893763
0.002845103
0.0035655303
0.0033709258
0.0032022607
0.0032470443
0.0034478374
0.003252772
0.0030494404
0.003010155
0.0031901037
0.0031318776
0.003319122
0.0031253826
0.00294903
0.0029555403
0.0027891118
0.0027350355
0.0031173832
0.0030152753
0.002933656
0.0029018298
0.0027757802
0.0028801225
0.0026661342
0.002569441
0.002966496
0.0027938765
0.0029924207
0.0029878274
0.0026428606
0.002547442
0.0028601524
0.002760343
0.002704731
0.0025890302
0.00274387
0.0026579231
0.0026862372
0.0025366202
0.0028415937
0.0025389371
0.0028560662
0.0029956663
0.002628363
0.0031474594
0.0026993908
0.0031370868
0.0033711512
0.0025300228
0.0030766546
0.0030967053
0.0025110266
0.0034932995
0.0037217636
0.0028049164
0.0030105729
0.0033005103
0.0027210012
0.0028607
0.0030553043
0.0024233533
0.0031327095
0.0032374903
0.0025672913
0.0027702907
0.0027675119
