0.28825578
0.07555118
0.060686678
0.03372429
0.031637803
0.030151322
0.02286944
0.029621104
0.029661803
0.021801665
0.028032532
0.034358237
0.02914044
0.021750055
0.024916863
0.02986987
0.028176209
0.023574436
0.021492427
0.023393719
0.024935888
0.023330078
0.02080872
0.023531435
0.025944727
0.025770033
0.023683393
0.021775076
0.021018669
0.02232582
0.02313299
0.022272566
0.020875216
0.02120246
0.021563008
0.022015741
0.021132171
0.020679118
0.021294817
0.021527601
0.021723619
0.0211405
0.020862596
0.020843359
0.0213396
0.021422498
0.020779898
0.020526791
0.020989344
0.020984605
0.021286905
0.021003744
0.020510742
0.020506158
0.02096019
0.020625064
0.020756328
0.02080332
0.020389332
0.020378917
0.020448957
0.020354008
0.020596324
0.020475471
0.020338083
0.020512803
0.020195216
0.02103167
0.021247998
0.02038333
0.021062067
0.021460032
0.020851113
0.02076404
0.020602291
0.020931408
0.020840937
0.020165915
0.020570962
0.020490173
0.020609148
0.020435734
0.020419225
0.020379893
0.020206027
0.02020418
0.020357227
0.020151272
0.020456433
0.020550681
0.020096185
0.020057919
0.02023412
0.02016527
0.020212358
0.020088883
0.020370327
0.020409964
0.0199359
0.019919917
0.020184703
0.020039309
0.020212451
0.020137457
0.0198993
0.019872328
0.020143447
0.020070301
0.019815767
0.019776424
0.020030553
0.019904735
0.019867837
0.01983816
0.01983094
0.019750262
0.019824916
0.0197793
0.019756198
0.019679883
0.019848945
0.019801183
0.019645235
0.019603888
0.01977803
0.01969888
0.01968464
0.019604476
0.0196781
0.019617446
0.019583454
0.019540584
0.019576164
0.019505795
0.019596959
0.019541752
0.019475525
0.01941987
0.019546883
0.019490823
0.01937637
0.019312387
0.01953164
0.019452518
0.01925858
0.019202674
0.019349387
0.019238839
0.019138353
0.019026179
0.019091927
0.018971149
0.018807016
0.018669931
0.018649241
0.018456671
0.01843617
0.018174687
0.018189805
0.017906504
0.017914807
0.017669352
0.017714815
0.017441638
0.017512014
0.017336948
0.017186407
0.017136488
0.016796917
0.016605355
0.016697777
0.016575273
0.016094774
0.015902026
0.016561287
0.016216753
0.015861837
0.015689608
0.016041113
0.01597848
0.015530609
0.015426421
0.015508539
0.015207395
0.015567151
0.015390414
0.015231575
0.014985982
0.015341118
0.01479476
0.015710456
0.015590531
0.014579333
0.014499475
0.015130931
0.01473461
0.014764167
0.014648463
0.014582638
0.014427991
0.014588433
0.0144770965
0.014607951
0.014386784
0.014459662
0.014338882
0.015065159
0.015086859
0.0142027065
0.014362653
0.014372268
0.014051765
0.0147973
0.014125721
0.01513248
0.015978714
0.014450655
0.014580649
0.01487342
0.01409627
0.014302676
0.014465101
0.01389672
0.014233634
0.014456577
0.013844791
0.014114603
0.014762565
0.0144877685
0.013654661
0.01411064
0.014670427
0.014143626
0.013705832
0.014709805
0.014636808
0.014729205
0.014414222
0.014369025
0.014602778
0.01436239
0.013780954
0.014124811
0.014372683
0.014053218
0.013884249
0.013681337
0.013512219
0.014584544
0.014620982
0.013474864
0.013911702
0.014012691
0.014573701
0.014735222
0.013710975
0.01405482
0.0140154185
0.014437768
0.01439329
0.01395635
0.013682838
0.01361842
0.013718094
0.0139263375
0.013473824
0.013830281
0.014157004
0.013789224
0.0135352835
0.013310502
0.013225421
0.013628707
0.013438745
0.013791383
0.014084079
0.013433258
0.013686464
0.013462152
0.0137466
0.013845044
0.013205204
0.013056542
0.013243065
0.013275407
0.013047825
0.013068419
0.013141423
0.012878326
0.012996058
0.013325002
0.013412327
0.013124581
0.013454631
0.013601665
0.0131981075
0.0129174525
0.013398672
0.013508338
0.014179404
0.014701937
0.01345301
0.0140734585
0.014173257
0.013033439
0.014299735
0.01538878
0.013907672
0.01389235
0.014703152
0.013676767
0.013439019
0.013841145
0.013009336
0.014035195
0.014979822
0.01368741
0.013227195
0.013859014
0.0130537525
0.013550992
0.014269237
0.013167858
0.013290043
0.013858902
0.01283336
0.013571409
0.014312764
0.0130355535
0.01319994
0.014073658
0.012986376
0.0130337225
0.0136482455
0.012736954
0.013437974
0.014408612
0.013137297
0.012971549
0.013608974
0.012701809
0.013274574
0.014015297
0.012872425
0.013095748
0.013792512
0.012843579
0.012874133
0.013437551
0.012510516
0.013417182
0.014410372
0.013132491
0.012557786
0.012996152
0.012361509
0.013735299
0.014889762
0.013518215
0.012391786
0.012790666
0.012559491
0.012744163
0.01291424
0.01261841
0.012420654
0.01272358
0.012337264
0.012788442
0.013004903
0.012382778
0.01244333
0.0126546705
0.012244455
0.012823011
0.01313965
0.012395552
0.012770779
0.013331237
0.013159041
0.012418695
0.012570736
0.012932103
0.01237438
0.012230103
0.012732361
0.012477676
0.012306981
0.012334969
0.012477606
0.012205514
0.012392673
0.012493379
0.012351308
0.012144481
0.012416373
0.012381975
0.012018214
0.01205941
0.011973363
0.0121972645
0.01211672
0.012182799
0.012268116
0.012375808
0.012160629
0.012193221
0.012190799
0.0120617775
0.011924092
0.012210299
0.01213977
0.012042959
0.011973019
0.012275065
0.012168414
0.011814204
0.011771674
0.012154198
0.012049462
0.011865071
0.011806626
0.012087926
0.01196595
0.011809808
0.011768781
0.01203834
0.011962056
0.011786245
0.011761934
0.0118510155
0.011770353
0.01179568
0.011705075
0.011889276
0.011826247
0.0117188925
0.011648658
0.011894469
0.011780272
0.0116912415
0.011627387
0.011852856
0.011793274
0.011628046
