0.2876124
0.04508987
0.08891413
0.059669856
0.021948984
0.04705949
0.056386422
0.04021168
0.023328826
0.025438795
0.031867433
0.029331923
0.02281403
0.021607501
0.0235217
0.02283596
0.020854756
0.021725332
0.02308192
0.022627128
0.02138993
0.020460734
0.021623412
0.022242008
0.02170186
0.021289317
0.020539723
0.020467017
0.020798389
0.020732226
0.020462021
0.01995372
0.019908465
0.020140618
0.019875966
0.020075647
0.019376313
0.019152822
0.019004175
0.0184899
0.018179117
0.017791519
0.017371124
0.018027714
0.01788996
0.016909579
0.016959934
0.0166448
0.017299792
0.017288653
0.016423618
0.017473685
0.01789316
0.016397657
0.016626665
0.017332131
0.016180132
0.016241672
0.016408315
0.015908502
0.015305661
0.015486655
0.015107733
0.016036991
0.016150283
0.015065964
0.016363587
0.01751217
0.016220218
0.014936071
0.015581302
0.015736299
0.015078881
0.014899562
0.015203034
0.0149355205
0.014639652
0.014674335
0.014495558
0.014410558
0.014800961
0.014584318
0.014657297
0.014672138
0.014410884
0.01439818
0.014468444
0.014300793
0.014656614
0.014631056
0.014162068
0.014157721
0.014293488
0.014078588
0.014808738
0.014803301
0.013941758
0.0152206
0.016033808
0.014954331
0.016370682
0.017687157
0.015728928
0.014359345
0.014821711
0.014829721
0.014690374
0.014243178
0.01449547
0.014472208
0.013679359
0.014843161
0.01504575
0.014041747
0.015474058
0.016484069
0.0151016265
0.014257252
0.014663356
0.013793646
0.013891785
0.014217432
0.013722722
0.014430975
0.014830887
0.0142142065
0.014297783
0.014415796
0.013798043
0.014055282
0.014318578
0.013587721
0.01411594
0.014769491
0.0140481545
0.013781067
0.01401073
0.0134515865
0.013699611
0.014101115
0.013486549
0.013578643
0.013959233
0.013454636
0.013448349
0.013627381
0.013200767
0.013603262
0.0139069995
0.013258665
0.01337301
0.013788958
0.013296743
0.013182747
0.013437015
0.0130726835
0.013413999
0.013734214
0.013211765
0.013089209
0.0132767195
0.012950505
0.013288633
0.013552531
0.013179601
0.012888995
0.013170366
0.012910713
0.013218991
0.013247413
0.013187018
0.013069705
0.012859919
0.012807168
0.012972974
0.012832676
0.01318558
0.013168433
0.0127786575
0.0127323335
0.012686163
0.0125987725
0.012884113
0.012944654
0.012875669
0.012627326
0.012921079
0.012939281
0.012529495
0.012490146
0.0125878155
0.012491554
0.012691979
0.012627304
0.012440796
0.012287629
0.012553592
0.012540691
0.012277034
0.012176007
0.0122267855
0.012025319
0.012359451
0.012187366
0.012118948
0.011951075
0.01182521
0.011836104
0.011687152
0.011575326
0.011474776
0.011386097
0.011539797
0.011364918
0.011302453
0.011149008
0.011279332
0.011207924
0.011018266
0.010941058
0.011048269
0.010955502
0.010810492
0.010730016
0.01086932
0.010757666
0.010640887
0.010609728
0.010545439
0.010488674
0.010709092
0.010627343
0.010404645
0.010309789
0.0104290815
0.010299768
0.010341611
0.010259662
0.010137442
0.010087817
0.010140201
0.010068212
0.01008895
0.009983067
0.00990745
0.009810095
0.00987922
0.009777487
0.009827723
0.009854258
0.0096272975
0.009676428
0.009754009
0.0096608
0.009410858
0.010463151
0.010403463
0.009631422
0.009704788
0.009390653
0.009462844
0.009416404
0.009253164
0.009630453
0.009526954
0.009475938
0.009249796
0.00947018
0.009405926
0.00928945
0.009227586
0.009203641
0.009085936
0.009187103
0.009089455
0.009069829
0.009019486
0.009026091
0.008890809
0.008956559
0.008922639
0.008808793
0.008730653
0.008856882
0.008700302
0.008706257
0.008622948
0.008549578
0.008421821
0.0086008785
0.008407905
0.008496867
0.008298457
0.0084012225
0.008266066
0.008244939
0.008119701
0.008158303
0.008009133
0.008084629
0.0079382565
0.007983445
0.0078003393
0.007888657
0.007806707
0.0076586003
0.0077981357
0.007884749
0.007348875
0.0075382427
0.0073117814
0.007798021
0.007252542
0.007975137
0.007662263
0.007800363
0.007240483
0.0075868145
0.007217217
0.007996124
0.007722821
0.007139417
0.006889896
0.007318416
0.0070741535
0.006956684
0.0069864206
0.0068875724
0.006544053
0.0066052764
0.006380564
0.006580423
0.0064179655
0.0061488673
0.0062450245
0.005909471
0.006063326
0.0058834027
0.006059332
0.005888514
0.0056934543
0.005913463
0.0054617026
0.0061096265
0.0059370645
0.005744849
0.0056229704
0.006493339
0.0063015395
0.005506338
0.0052410513
0.0053157792
0.005268939
0.005471756
0.0053525246
0.005381769
0.0051994254
0.0051228185
0.0048209913
0.005153822
0.0050149537
0.0050262273
0.0049620685
0.0049681203
0.004990261
0.004712564
0.004760526
0.0045679975
0.0047242516
0.004634527
