0.2877656
0.047753736
0.07016953
0.051531408
0.022841014
0.038618725
0.044816643
0.029811874
0.022139272
0.02567152
0.026822152
0.02483877
0.021861756
0.022606684
0.024547892
0.022864163
0.021162486
0.021782681
0.02230679
0.022197744
0.020952648
0.021606835
0.022420311
0.022212831
0.021537116
0.020636437
0.021449266
0.021989161
0.021243716
0.021124722
0.020966431
0.020929405
0.021132676
0.020499
0.0211004
0.021607151
0.021117449
0.021073565
0.020772628
0.02054289
0.020784339
0.020348333
0.02088368
0.02121483
0.020766495
0.020830056
0.020663425
0.020372279
0.020580307
0.020261347
0.020504355
0.02074725
0.020281978
0.020678764
0.020884452
0.020370862
0.020541718
0.020535655
0.020028295
0.020726765
0.020958608
0.020278575
0.020193445
0.02064271
0.02019696
0.020095592
0.020244254
0.019963022
0.020089477
0.020070547
0.019872705
0.020052886
0.019764122
0.020075275
0.020134585
0.019691713
0.020513015
0.020824255
0.020104468
0.020172058
0.020324653
0.020010354
0.019498363
0.019477388
0.019622857
0.019426065
0.019166322
0.018970685
0.018371793
0.021173203
0.020929156
0.018044874
0.019179279
0.020122992
0.019274881
0.018295906
0.018369334
0.018643199
0.017658483
0.017243268
0.017327301
0.016621938
0.017360896
0.017991602
0.016896272
0.016583009
0.017202927
0.016449884
0.015911356
0.015938213
0.015355553
0.015801443
0.01579371
0.015117068
0.015722679
0.015590637
0.015232139
0.014921875
0.015039229
0.01463718
0.0147301825
0.014682888
0.01426141
0.015620974
0.015864497
0.014364989
0.015548766
0.015758784
0.015352078
0.014992739
0.014503322
0.014444153
0.014501303
0.014367897
0.014204949
0.014112021
0.014040467
0.014010038
0.013934962
0.013579595
0.013423574
0.014027254
0.013969052
0.013907582
0.013885892
0.013278571
0.013420627
0.013211238
0.013119481
0.013147597
0.013180747
0.012797136
0.013251697
0.013168606
0.013148946
0.012883932
0.01295894
0.012897127
0.012754351
0.012759189
0.012673349
0.0125459805
0.0123031335
0.012466043
0.012402986
0.012213367
0.012144213
0.012046707
0.012028956
0.012105794
0.011938997
0.012254312
0.012379587
0.011904803
0.012065407
0.011961498
0.011722273
0.011894916
0.0116570825
0.011591051
0.011585479
0.011485115
0.011748853
0.011393063
0.011535145
0.011762689
0.011461039
0.011089745
0.011333342
0.01093254
0.011719361
0.011626474
0.011717454
0.011755631
0.01116412
0.010933126
0.011183624
0.0112846
0.0110128075
0.010915774
0.01097966
0.010554013
0.011603326
0.011419776
0.010595405
0.010737312
0.010681681
0.01033213
0.010586913
0.010074035
0.011629275
0.012069501
0.010266374
0.01190371
0.013813357
0.012048319
0.011086933
0.011756669
0.010797985
0.010958731
0.011250007
0.010568764
0.0110389115
0.011393756
0.010071572
0.011216023
0.0123801725
0.010792314
0.010816816
0.011805353
0.01057107
0.010115773
0.0106470315
0.009722463
0.010882842
0.01166686
0.010322749
0.010448016
0.011078097
0.010053038
0.010696257
0.011494291
0.01060896
0.009920542
0.010248653
0.009992814
0.009900623
0.010153219
0.009758963
0.010210029
0.010019474
0.009501242
0.01003183
0.009898245
0.009539292
0.009357024
0.0095000975
0.009365808
0.009268506
0.009127543
0.009341996
0.009391105
0.008779626
0.0092302365
0.009234505
0.008861351
0.008878589
0.00931257
0.009150719
0.008890038
0.008776759
0.0091561
0.008833556
0.008390096
0.009476174
0.009273852
0.009264407
0.009152106
0.00858166
0.008553175
0.008482466
0.008489347
0.008440859
0.008078878
0.008368022
0.008019612
0.009532444
0.009233207
0.008635585
0.008553243
0.008553473
0.0086084595
0.008732759
0.008463168
0.009184741
0.008955751
0.008099295
0.007941262
0.00838507
0.008349187
0.007878636
0.007946156
0.007974979
0.007834095
0.008184847
0.008039844
0.0076426268
0.007936619
0.0077757644
0.008154518
0.00819223
0.008090223
0.00760447
0.008536117
0.008607493
0.007810055
0.0075655854
0.0083542755
0.00792816
0.008225176
0.007908544
0.008201554
0.008185553
0.007564219
0.00795779
0.0077915476
0.007641576
0.007563371
0.0074371113
0.0072326944
0.00754473
0.007311662
0.007455884
0.007578574
0.007199842
0.007322134
0.0072706104
0.0070025497
0.0069625247
0.0072891265
0.006913385
0.0079075545
0.007889777
0.007284537
0.0071762055
0.0074679046
0.00787514
0.0071134586
0.0069262683
0.007509275
0.0080527635
0.007048854
0.0068470254
0.0074381665
0.006797921
0.007580802
0.007858458
0.008149889
0.007111897
0.0071921083
0.0073294602
0.0073299967
0.0076966807
0.007254576
0.007558394
0.0073771835
0.007497046
0.0073286504
0.007684242
0.007339485
0.007483939
0.0073499107
0.006935542
0.0070005213
0.006941227
0.0064052264
0.007728969
0.007430338
0.006529922
0.006855315
0.0066640214
0.0079054
0.008067531
0.006997228
0.007316965
0.0066970554
0.007245619
0.0073292037
0.0068181395
0.0072533325
0.0071969293
0.0068579167
0.0067442395
0.006752293
0.0063367486
0.006785918
0.0065494515
0.0066847415
0.006444575
0.006645744
0.0066583306
0.0065872646
0.006602876
0.0063008107
0.0066394177
0.0067517012
0.006175323
0.006388677
0.006093376
0.006857129
0.0072969277
0.0062208935
0.006868258
0.007301092
0.0063952752
0.0069460063
0.0078086737
0.00649861
0.0065833726
0.0076313466
0.007025432
0.0058094915
0.0066429917
0.006580847
0.0060034283
0.0061993413
0.006194264
0.0060579833
0.006181577
0.006018886
0.0059052533
0.006018641
0.005999949
0.00569844
0.00659609
0.0065767523
0.0065256557
0.006056883
0.0057570436
0.006033109
0.005603576
0.0067263157
0.006757392
0.006508976
0.0061915643
0.006109867
0.005884917
0.0061485157
0.005924341
0.006344633
0.005888744
0.0069278046
0.0071449988
0.005569694
0.0060239155
0.006502477
0.005791701
0.005640009
0.0058734734
0.0061184503
0.005472701
0.006395222
0.006401815
0.0058230036
0.005666127
0.0056714825
0.0055291
0.0053451634
0.005240615
0.006289856
0.0060119242
0.0057102614
0.005580634
0.005260291
0.005183134
0.005949244
0.0057624187
0.005305166
0.0051859096
0.0052400487
0.005107777
0.005719814
0.005625104
0.005158548
0.0051938896
0.0052323267
0.005020493
0.0056912727
0.0058456766
0.004780322
0.0050952467
0.0050921403
0.004735261
0.0059059276
0.0056801564
0.0058060214
0.0056361444
0.005367272
0.0051846276
0.0055065756
0.0048889145
0.0057451413
0.0064114165
0.00599157
0.0057299044
0.005278986
0.0052476693
0.0054988116
0.0049223662
0.006434577
0.006503079
0.005390857
0.005592057
0.005046133
0.0057995156
0.0054053827
0.0059411745
0.0060859732
0.004893887
0.0068068523
0.007101288
0.005871507
0.0055697844
0.005122731
0.0052981735
0.004978954
0.004668757
0.004699942
0.0051725917
0.004610322
0.0044890796
0.004456635
0.004435615
0.0052374355
0.004831583
0.0065295813
0.0066520385
0.004699969
0.0066450536
0.0071295635
0.005826816
0.0056812945
0.0047126687
0.006882245
0.0075872117
0.00491315
0.0066682287
0.008521092
0.006709724
0.005670607
0.006103272
0.0051210425
0.0057441643
0.0055049607
0.0044199256
0.005133284
0.004959661
0.005704954
0.0053940155
0.004285933
0.0041336264
0.0048003956
0.004759341
0.0045216656
0.004400596
0.0048798625
0.004434803
0.0058195167
0.006589507
0.0047970014
0.0052823834
0.005357141
0.0054906257
0.005410463
0.0044653774
0.004529206
0.004741285
0.004455485
0.004313624
0.0047933483
0.0044543077
0.0042916597
0.0047951606
0.0053051733
