0.28879705
0.042836457
0.056951072
0.05160756
0.02594392
0.028539998
0.03196187
0.024807254
0.023070207
0.024984067
0.023000026
0.022486798
0.023283362
0.022669755
0.021943254
0.022602221
0.022180917
0.022107178
0.022241646
0.021805933
0.022104137
0.021938207
0.021949597
0.021879232
0.021918252
0.021651348
0.021871408
0.021715559
0.021236077
0.021343501
0.021001237
0.02068287
0.020503389
0.020331087
0.020241631
0.020173036
0.020120502
0.01992034
0.020101756
0.019898267
0.019861484
0.019794963
0.019812385
0.019558027
0.019794883
0.019680778
0.01942938
0.019401813
0.019380186
0.019220637
0.019368162
0.019231282
0.018966699
0.01919771
0.018704563
0.019672118
0.019767074
0.018615277
0.01871343
0.019210415
0.01843048
0.017968742
0.01801656
0.017455721
0.017825333
0.017887557
0.01690835
0.017149463
0.017607456
0.016709415
0.016090961
0.016345894
0.015849806
0.016396997
0.01676212
0.015972953
0.01599387
0.016365508
0.015899511
0.015765075
0.015911164
0.015586239
0.015453431
0.015704213
0.015338368
0.0153629435
0.015476737
0.015172698
0.015273794
0.015284337
0.015114561
0.014956236
0.014863751
0.015170641
0.014867065
0.015340204
0.015126874
0.014992688
0.015160996
0.014630142
0.014950628
0.01496951
0.014954652
0.014801136
0.015099935
0.01499809
0.01432328
0.014929862
0.014926597
0.01440762
0.014619961
0.014638486
0.014180448
0.014481641
0.01455513
0.014209218
0.014244917
0.01430513
0.014159247
0.014024948
0.013940815
0.013909739
0.013842255
0.013872099
0.013843668
0.013776411
0.013678751
0.013712816
0.013547617
0.01367832
0.013598059
0.013405996
0.013330549
0.013410714
0.013316234
0.013177548
0.013179868
0.013032558
0.013122431
0.012987263
0.013088923
0.013012496
0.012750473
0.012684214
0.012624803
0.012509578
0.012442469
0.012400904
0.012204456
0.012593391
0.012464524
0.012105121
0.011984121
0.01209312
0.011870071
0.012207593
0.012100163
0.011778696
0.011669111
0.011701062
0.011490892
0.011757168
0.011347346
0.012314337
0.012547535
0.011868055
0.011609122
0.011909994
0.011830191
0.011758548
0.011600574
0.011415207
0.011154036
0.01143003
0.011455454
0.010961816
0.010816486
0.01105941
0.0110715525
0.010786238
0.010710083
0.010681977
0.010931428
0.010671106
0.010291185
0.010772171
0.010461375
0.0106195165
0.010176278
0.010488483
0.010032558
0.010760742
0.010595143
0.009848622
0.010009846
0.009713315
0.00975963
0.009472163
0.0096782055
0.009525281
0.009591836
0.009312519
0.009790474
0.0095857335
0.0091331145
0.009201009
0.009086379
0.008911957
0.009263821
0.009086642
0.008939958
0.009257681
0.008682037
0.009210513
0.009125891
0.008693649
0.008767052
0.008645702
0.008946423
0.008616575
0.008524892
0.008711806
0.0083575575
0.0082294075
0.0081853615
0.008134632
0.008134201
0.008095265
0.008115201
0.007897403
0.007968205
0.007905696
0.007843386
0.007843977
0.00780515
0.0075600147
0.007771313
0.0076049217
0.0074285083
0.0076452377
0.0074080415
0.0075799
0.007719482
0.0074786656
0.0073503447
0.0075744656
0.007354258
0.0074482565
0.0075604133
0.0073467954
0.007400576
0.0072904467
0.007361704
0.0072353925
0.007028904
0.007591561
0.0074493983
0.0076102023
0.0075956862
0.00710516
0.0069180946
0.0072389655
0.007099107
0.0072815553
0.007204668
0.006966667
0.006899039
0.00705
0.006918207
0.006911324
0.0068378174
0.006937882
0.006841386
0.006830904
0.006764297
0.006688681
0.006636202
0.006828226
0.006746275
0.006600252
0.006513547
0.006683219
0.0066092387
0.0065709166
0.0064685806
0.0066950195
0.00657421
0.0064431205
0.006366083
0.006575939
0.0064763078
0.0064216517
0.0063766376
0.0063661425
0.0062946216
0.0064198053
0.006317875
0.00631116
0.0062349285
0.006310942
0.0062315986
0.006219333
0.006151069
0.0062073306
0.0061144833
0.006256676
0.006204003
0.006073957
0.006111854
0.0060184062
0.0060296473
0.006043885
0.005910384
0.006643468
0.0063015874
0.005936695
0.006118881
0.0060507655
0.0060797743
0.006012365
0.0060726576
0.005845239
0.0064052395
0.006447025
0.005978074
0.0058738706
0.0060105766
0.0058590733
0.0057456153
0.005878132
0.005659111
0.005977242
0.006191261
0.0057617817
0.0061976514
0.006522633
0.0063918293
0.005979693
0.006017296
0.0060579665
0.0060263476
0.0059843287
0.0058240746
0.0057555796
0.0058830534
0.0059503713
0.005714724
0.0056798705
0.005677871
0.0056263
0.0057006725
0.005576275
0.0055003655
0.005520589
0.0056752977
0.005418453
0.005813139
0.0058162794
0.0053780773
0.0055305115
0.0053493218
0.005485609
0.0052605756
0.005567121
0.005525354
0.005280213
0.0052473606
0.0050978796
0.0056082807
0.005464448
0.0053015463
0.005280131
0.005165358
0.0050432594
0.005271163
0.005006891
0.005593968
0.005348979
0.0050790524
0.004968883
0.0050060707
0.004883338
0.005108287
0.0050558713
0.0049477373
0.0048814346
0.0049508824
0.004870369
0.0048307166
0.004865987
0.00472958
0.004655665
0.0048428588
0.004777185
0.0046913563
0.0045972946
0.0046793004
0.0044846223
0.0049113506
0.0049372693
0.004419681
0.0045915483
0.0043753292
0.004786243
0.0046509854
0.0045219488
