0.2868465
0.056615155
0.035270195
0.05428342
0.038310304
0.022474619
0.025966696
0.03301784
0.028732149
0.021551847
0.021259202
0.024479628
0.02469086
0.021254554
0.019867895
0.021217996
0.022216922
0.020479275
0.019622067
0.019713929
0.020202514
0.019210646
0.019240761
0.019610325
0.019308379
0.018592976
0.018973742
0.01927893
0.018556139
0.018158503
0.01837919
0.018393794
0.017724074
0.018447304
0.018904708
0.018677821
0.0175979
0.01743759
0.01873456
0.0185847
0.018163957
0.01726801
0.018399766
0.018848477
0.01793606
0.018419022
0.017407553
0.017331159
0.017300667
0.017328152
0.017192928
0.016433047
0.016292728
0.016703827
0.016394658
0.016423186
0.016298102
0.016202036
0.015972508
0.0159162
0.015763206
0.015718402
0.015667498
0.015429057
0.016318409
0.016414959
0.015385043
0.016007772
0.016230453
0.015549466
0.015736593
0.016052019
0.015310474
0.015548023
0.015827416
0.01502758
0.016037507
0.016798595
0.015724957
0.015103385
0.015547863
0.015267703
0.014996857
0.015091352
0.01475463
0.015467708
0.015543215
0.014959276
0.014924762
0.0151281655
0.014761846
0.015648797
0.01588725
0.0149554415
0.015313558
0.015522868
0.015365519
0.014884286
0.015014164
0.015184161
0.014602217
0.01493506
0.014995645
0.014545904
0.0149155045
0.014998508
0.014767069
0.014749003
0.014592917
0.014835567
0.014644023
0.014611021
0.014821793
0.014582173
0.014621876
0.0146798715
0.0145678
0.014489169
0.014383403
0.014587674
0.0145405
0.014514259
0.01441948
0.014558148
0.014398384
0.014675646
0.0144525645
0.014560039
0.014633759
0.014230465
0.014153704
0.01454823
0.014432155
0.014439904
0.0143027315
0.0143981585
0.014315872
0.014389339
0.014293068
0.014245962
0.014207676
0.014367676
0.014294292
0.014241627
0.014252472
0.014158867
0.0140840225
0.014309729
0.014263769
0.014094741
0.014043756
0.014251721
0.014166947
0.014171773
0.014082837
0.014168951
0.014091368
0.0141890375
0.014153904
0.014023962
0.013986657
0.014186804
0.014123338
0.014013539
0.0139796855
0.014100745
0.014055771
0.013996954
0.013958395
0.014035441
0.013971959
0.014008981
0.013959936
0.013993704
0.013944999
0.013964334
0.0139156245
0.013970278
0.013909002
0.013953554
0.0138876885
0.013970125
0.013933021
0.013871387
0.013831143
0.0139607815
0.013915308
0.013826241
0.013782869
0.013978317
0.013935658
0.0137761235
0.013744545
0.013967142
0.01391764
0.013746663
0.013714425
0.013965224
0.013919746
0.013708822
0.013685902
0.013925858
0.013871455
0.013698458
0.013672623
0.013893369
0.013843519
0.013686463
0.013669826
0.013812952
0.013757039
0.013710868
0.013681058
0.013759862
0.013713685
0.013712582
0.01369192
0.013689931
0.013656921
0.013715246
0.013684839
0.01365799
0.013626154
0.013711385
0.013683636
0.013618787
0.013592284
0.013703499
0.013665314
0.01360152
0.013569442
0.013691969
0.013655476
0.013576138
0.013546468
0.013682204
0.01364291
0.013556565
0.01352638
0.013662774
0.01361668
0.013555519
0.013528121
0.013615268
0.013562866
0.0135893645
0.013554581
0.013552324
0.013496366
0.013641146
0.013582044
0.013523407
0.013487701
0.01358778
0.013515678
0.013552081
0.01350379
0.0135381995
0.0134834
0.013542432
0.013498525
0.013521311
0.013493881
0.013490305
0.013443272
0.013513405
0.013458918
0.01347803
0.013435903
0.0134700285
0.013435893
0.013450502
0.01340646
0.01347553
0.013426892
0.013459618
0.013448753
0.013403191
0.0133783845
0.013439387
0.013408899
0.013415557
0.013398203
0.013447844
0.013422057
0.013374507
0.013363437
0.013384593
0.0133386245
0.013500571
0.013500635
0.013322626
0.013434651
0.013332191
0.013473826
0.01354769
0.01335236
0.013396946
0.0133942915
0.013297831
0.013311575
0.013343611
0.013291988
0.0133230975
0.013349515
0.013274693
0.013513479
0.0134455385
0.013516071
0.013413253
0.013403124
0.01333449
0.013473709
0.0133983195
0.013381288
0.013359934
0.013318874
0.013353487
0.013316718
0.01334655
0.013304195
0.013369989
0.013295759
0.013343935
0.013292291
0.013365641
0.013323672
0.013274275
0.013240534
0.013340126
0.013295758
0.013245594
0.013208759
0.013304087
0.013246882
0.013249938
0.013227087
0.013243393
0.013203971
0.013243171
0.013204586
0.013233818
0.013201159
0.013222724
0.013197494
0.01321056
0.013184329
0.0132079
0.013187242
0.013194341
0.013169262
0.013204418
0.013177504
0.013168775
0.01314085
0.013207103
0.013185598
0.013141531
0.0131298425
0.013184446
0.013150015
0.013171126
0.013142812
0.013146952
0.013124156
0.013128541
0.013093947
0.0131964935
0.013185158
0.013074234
0.013096411
0.013152975
0.013066363
0.013241117
0.013211508
0.01306017
0.013236276
0.013032061
0.01375448
0.0139246015
0.013141547
0.014007802
0.014673314
0.013757686
0.01339095
0.01358696
0.013640213
0.013485655
0.013261497
0.0134688215
0.013533023
0.01322079
0.013452269
0.013497586
0.013318059
0.013195013
0.01325313
0.013256305
0.0132584125
0.013264456
0.013156187
0.013196274
0.013155091
0.013236624
0.013264718
0.013136464
0.013080184
0.013069295
0.013080402
0.013067435
0.013037371
0.013203324
0.013161545
0.01314135
0.013162644
0.013154425
0.013054147
0.013165359
0.0130929975
0.0130437715
0.013049551
0.013033897
0.012998103
0.013148312
0.013170098
0.013012995
0.013026226
0.012999363
0.013012831
0.012969152
0.012927622
0.013143483
0.013102678
0.013093293
0.012966958
0.013243374
0.013267412
0.012955452
0.013040751
0.013076688
0.012965284
0.013070804
0.013111581
0.013146795
0.013049061
0.013054069
0.01305633
0.012971512
0.012925466
0.013032754
0.012957203
0.013045114
0.013064613
0.012987897
0.012933552
0.012977898
0.012938217
0.01304756
0.012991746
0.012998569
0.013005659
0.012926151
0.012945213
0.012935589
0.012929539
0.012898083
0.012904115
0.012988176
0.012911967
0.013026252
0.01302017
0.0128849
0.012882502
0.012906276
0.012825507
0.013080095
0.013016216
0.012926571
0.012903973
0.012904872
0.012906554
0.012874712
0.012897027
0.012866425
0.012862161
0.0129015595
0.012824547
0.013297722
0.013361387
0.012896744
0.01314003
0.013144384
0.012891881
0.013006282
0.012988932
0.012983613
0.012961019
0.012939339
0.012872924
0.012943861
0.012862599
0.012903999
0.012879609
0.012907393
0.012915072
0.01293427
0.012899925
0.012952615
0.012903967
0.012884207
0.012831695
0.012895502
0.0128678875
0.012861465
0.012849235
0.012887987
0.012840387
0.012891588
0.0128775835
0.012809995
0.01278608
0.012912919
0.012879901
0.012804776
0.012796886
0.012840934
0.012790342
0.012891084
0.012913783
0.012740292
0.012873997
0.012713365
0.013496052
0.013833861
0.013294954
0.013131221
0.013356934
0.013172354
0.013150531
0.013180386
0.012938045
0.012987815
0.0130844675
0.012819291
0.013099694
0.0132983625
0.012995777
0.013148867
0.013266637
0.0130562335
0.01299923
0.013057088
0.012961852
0.0128665
0.012845926
0.012858515
0.012816804
0.012931917
0.012979296
0.012821329
