0.2888379
0.0553946
0.07855994
0.04737252
0.023118729
0.03153937
0.02836555
0.022803381
0.025329055
0.024873639
0.022538738
0.023863899
0.024692139
0.023013337
0.022734476
0.023880534
0.02269797
0.022153825
0.022645956
0.021913124
0.022495339
0.02291345
0.021914095
0.022023136
0.022346256
0.021770587
0.02148547
0.02162232
0.021293947
0.021072393
0.020995652
0.020924225
0.020668807
0.020848578
0.020517802
0.020877672
0.020969993
0.02060724
0.020735607
0.020806523
0.020411499
0.020483023
0.020262249
0.020646602
0.020491116
0.02029664
0.02018187
0.02003829
0.020402052
0.020131353
0.019826658
0.019801477
0.019596243
0.01946654
0.019252572
0.019090574
0.018673303
0.018709412
0.018223695
0.017976537
0.017625904
0.017095478
0.016986737
0.016559737
0.016376456
0.016785607
0.016206613
0.01694796
0.017090956
0.015719935
0.017753018
0.018563548
0.016289517
0.017103972
0.01846346
0.016921656
0.01613144
0.01667062
0.015605553
0.016018182
0.016673973
0.015460171
0.016244946
0.017067485
0.016017692
0.015443758
0.01568344
0.015655627
0.015594182
0.014901362
0.0160568
0.016549483
0.015026887
0.015847092
0.017143976
0.016007382
0.015361766
0.01562478
0.015059166
0.015226089
0.015541337
0.014586385
0.015359576
0.016316867
0.015175191
0.014519401
0.01472472
0.014413476
0.014508876
0.014317309
0.014590855
0.014502361
0.014051355
0.013987395
0.014360315
0.01419698
0.01397979
0.013933822
0.013987582
0.013881917
0.013930392
0.013872278
0.013698085
0.013593078
0.013947622
0.013888675
0.0134365335
0.013386872
0.013544037
0.013381767
0.013486758
0.013449508
0.013173767
0.013170603
0.012997658
0.012948302
0.012828576
0.012737882
0.0126682455
0.012854982
0.012380074
0.013103623
0.012980409
0.0123064285
0.0127665745
0.012279437
0.0122632235
0.012287189
0.01222374
0.01174635
0.012217979
0.0121100545
0.011739678
0.011700573
0.011490173
0.011803429
0.011703511
0.011600114
0.011492095
0.011306912
0.011370824
0.011073473
0.011054586
0.011133433
0.010850288
0.0107333725
0.011150337
0.0110174
0.010663998
0.011531799
0.0110791
0.011586276
0.012024307
0.0109139085
0.01090075
0.010647188
0.010405243
0.011389035
0.01106394
0.011162877
0.011047967
0.010916952
0.01050958
0.0100205345
0.010097653
0.009704727
0.009820709
0.009847592
0.009578581
0.009905792
0.009406033
0.009433647
0.009864197
0.009676733
0.010036219
0.009602831
0.009708464
0.009744824
0.009228687
0.008975871
0.009606791
0.009532469
0.009028827
0.008733866
0.009660115
0.009725554
0.00893485
0.008817022
0.008644939
0.008497073
0.0093817385
0.009215485
0.008344613
0.0082652485
0.008629318
0.008256444
0.009060173
0.009020247
0.008104138
0.008130566
0.00833584
0.008030959
0.008442235
0.008461227
0.007868194
0.0077332184
0.008089512
0.0078535685
0.008146565
0.008078995
0.008064569
0.0076828753
0.00797636
0.0077203666
0.007731425
0.0074475016
0.008050439
0.00768642
0.007705474
0.0077021625
0.007224938
0.0071299323
0.007875818
0.0076403352
0.007460488
0.007339413
0.0074138087
0.0073776394
0.0070991595
0.007086324
0.0072642234
0.007220093
0.007292837
0.0072072796
0.007165127
0.0071021193
0.007224442
0.0072205104
0.007057348
0.0069394032
0.007095646
0.0069544506
0.0069341063
0.0067297644
0.0070435344
0.0068851723
0.006694665
0.0066375188
0.006742126
0.006586958
0.006675534
0.0066879145
0.0064422055
0.0063633784
0.006745422
0.006629957
0.006484225
0.006596785
0.0064380406
0.0064940765
0.006159632
0.006531298
0.006022381
0.007140159
0.0067936587
0.006708566
0.006299693
0.0064169937
0.0065803123
0.0059633977
0.0074812067
0.00829059
0.0065204185
0.0073139467
0.007757489
0.007246291
0.0063559557
0.0068202964
0.0072039547
0.0063949768
0.0074901003
0.008114238
0.0071368865
0.0069465996
0.006810972
0.0064927884
0.0068560983
0.006001964
0.0065781046
0.006678306
0.0062117255
0.0058292933
0.0063713193
0.0064670723
0.0059967167
0.00599589
0.0064149736
0.005748427
0.0057327007
0.005921274
0.0057214736
0.005418912
0.0058991313
0.0059486744
0.0057579926
0.0054215305
0.0057304115
0.005512245
0.0052343966
0.0053821267
0.0053181686
0.005423698
0.005282205
0.005305628
0.005045855
0.0055503044
0.0057494603
0.0053019566
0.005345195
0.0051138178
0.0050315894
0.0050420486
0.0049882946
0.004949829
0.0048879124
0.004889409
0.0048017493
0.0048073777
0.0048270817
0.0046404228
0.0049009877
0.0046926164
0.0046456885
0.004539743
0.0054495037
0.0049478873
0.0054003424
0.0053857216
0.004682285
0.0043849587
0.0056676813
0.005305391
0.0055160136
0.005680075
0.005139271
0.0047666333
0.0049550193
0.0049921027
0.004697747
0.004540263
0.0046316814
0.004621051
0.0044761314
0.0044958927
0.0045423266
0.0043795235
0.004289493
0.004745734
0.004585563
0.0046667675
0.0044596824
0.0044587418
0.0044414117
0.0045190565
0.004355597
0.004614975
0.0045295972
0.004315421
0.004365871
0.0041096373
0.0042599547
0.0042304914
0.0041592303
0.004099608
0.004043498
0.004579102
0.0042908345
0.004826481
0.004707034
0.0041415
0.0041308943
0.0044558365
0.0041364715
0.0049860883
0.0049439077
0.004172174
0.0044832313
0.004172296
0.0043109152
0.0041855164
0.0043493253
0.0041032378
0.0045201327
0.004441645
0.0041035465
0.004118903
0.0038706006
0.003864713
0.0041342806
0.0038231916
0.0057258806
0.0060127922
0.004187319
0.0055890693
0.0065175
0.0050472044
0.0076142275
0.0080464175
0.0075810533
0.00581754
0.005174944
0.0068042767
0.0061114184
0.0040788464
0.0064624622
0.008499656
0.006773088
0.0051181763
