0.28790858
0.047621623
0.07558847
0.045793224
0.024850508
0.028072134
0.026661493
0.022885978
0.024579542
0.025309583
0.02217031
0.022874719
0.024101963
0.022462042
0.021466294
0.02225396
0.022357544
0.02110892
0.021641588
0.022461286
0.021719493
0.020614982
0.02185415
0.022469962
0.02123486
0.020672416
0.020800166
0.02099132
0.020784492
0.020166
0.020367816
0.020628555
0.020116603
0.019919598
0.020057386
0.019924084
0.01967733
0.020063726
0.020188248
0.019671498
0.019777061
0.019929321
0.019744592
0.019431245
0.019584319
0.019635625
0.019303845
0.01924287
0.019274062
0.018978277
0.01907768
0.019019501
0.018788708
0.018498685
0.01864178
0.018325603
0.018287607
0.018123062
0.018056884
0.017794238
0.017596534
0.01734802
0.017146641
0.016920594
0.016974755
0.016649881
0.01661729
0.016471079
0.016148612
0.015974112
0.0159405
0.015720442
0.015699955
0.015448764
0.015373852
0.015131898
0.015005642
0.014846486
0.014737156
0.014476515
0.014600539
0.014371525
0.013955516
0.014610231
0.013849035
0.013553563
0.014020242
0.013554261
0.013885892
0.013471484
0.013538487
0.013265878
0.0131295575
0.013194156
0.012711785
0.0132418005
0.013026412
0.01259417
0.012504212
0.012469902
0.012425789
0.01215125
0.012202772
0.011962093
0.012147289
0.011982109
0.011932653
0.011791311
0.011601713
0.011488721
0.011545082
0.011421117
0.011350562
0.011236939
0.011244219
0.011087533
0.011093226
0.010984346
0.010931387
0.010860463
0.010695736
0.010547765
0.010747057
0.010551871
0.010385768
0.010349128
0.010133312
0.00996047
0.010337516
0.010197767
0.009879694
0.009759334
0.009978524
0.0098164445
0.009633019
0.009742597
0.009605737
0.009754897
0.009376266
0.009604259
0.009608472
0.009592588
0.009396606
0.010169194
0.010133942
0.00959297
0.009555169
0.009825666
0.009419111
0.009663251
0.009985767
0.009243599
0.009448714
0.009567104
0.0093041435
0.009261589
0.00917162
0.009093825
0.008961177
0.009015558
0.0090967035
0.008767153
0.008970824
0.008941685
0.009178966
0.009033739
0.008865182
0.008966168
0.009197866
0.008890574
0.0089192325
0.0089987805
0.008705087
0.008613252
0.008579113
0.008539835
0.0085244095
0.008397654
0.009009785
0.008570879
0.00936282
0.009651531
0.008823111
0.009295833
0.00942888
0.008882524
0.009130842
0.009150886
0.008677829
0.008881689
0.009011933
0.008603635
0.008512058
0.008761766
0.008565956
0.008171067
0.008427628
0.008336243
0.008080208
0.008027992
0.007913162
0.007987249
0.007886407
0.007981211
0.007862397
0.008287914
0.008006483
0.007836665
0.007900372
0.007726744
0.007611248
0.0075960457
0.0074753463
0.007727412
0.0076286346
0.0074434225
0.007377915
0.0074070753
0.0072455443
0.0073729814
0.007264672
0.0073830453
0.007324333
0.0069428664
0.0079446025
0.0077880756
0.0074105584
0.007159202
0.0076104035
0.007325982
0.0073614493
0.007487999
0.0069363713
0.0070732255
0.0067716166
0.007101726
0.006832275
0.0069866776
0.0070063733
0.006873699
0.0067284293
0.006835123
0.006585265
0.0073178574
0.006808478
0.007079704
0.0073041753
0.006675323
0.0068906024
0.0070070997
0.0065941755
0.0063909586
0.006796393
0.0065807276
0.0064400323
0.0067025595
0.006997587
0.0065991157
0.006532294
0.006480185
0.0063385093
0.0060804314
0.0062641916
0.006112429
0.005974278
0.0064958087
0.006316655
0.006327028
0.006387687
0.0064381515
0.0061090044
0.0058899825
0.005806487
0.0060855
0.005885266
0.0063221655
0.006124532
0.005848918
0.005850824
0.005656809
0.0054641888
0.0057714484
0.0056250817
0.0054410943
0.0056219823
0.005277226
0.00575408
0.005908827
0.0052751736
0.005789256
0.0060776905
0.0055315397
0.0055069886
0.005890818
0.005596988
0.005297549
0.0056468197
0.005316976
0.0056529487
0.005529785
0.0057259384
0.005423041
0.005613008
0.005865412
0.005303506
0.005499948
0.0052687074
0.0054576523
0.0053291325
0.005357506
0.0052194074
0.0054610968
0.0053487495
0.00523323
0.0051719085
0.0052373074
0.0050864737
0.004896358
0.0049724006
0.0047925957
0.0050160508
0.004944451
0.005126792
0.0050325016
0.005451275
0.004976816
0.0058056246
0.005666901
0.005401166
0.005182639
0.0053298646
0.00524346
0.004969774
0.004965074
0.0050549447
0.0049929917
0.005061678
0.004804023
0.00474634
0.0048586912
0.0046579973
0.004877739
0.004786726
0.0045956434
0.004704315
0.004537482
0.0048294626
0.004585977
0.0047855387
0.0046016397
0.004638449
0.0047509815
0.0043807183
0.0050799437
0.005138433
0.004426116
0.004707126
0.004443267
0.0047369553
0.0048817457
0.004858427
0.0047686337
0.004589036
0.004417936
0.004737571
0.004626049
0.004582891
0.0043864823
0.0044610007
0.004372628
0.004496464
0.0044034664
0.004298177
0.0042903353
0.004230226
0.004376452
0.0041670683
0.004153752
0.0040940368
0.00405487
0.0040831
0.0040933713
0.0040556095
0.004023148
0.0039795223
0.0038926413
0.0040114387
0.003920691
0.0039791362
0.0040644216
0.0039822008
0.003957987
0.0039201477
0.0040579014
0.004498191
0.0041702413
0.0040549557
0.0040240693
0.0041457624
0.0038946758
0.0043197195
0.004297372
0.0040863794
0.004115946
0.004148793
0.003991448
0.0040493323
0.0038942657
0.0039604786
0.0038092423
0.0043966896
0.0043059518
0.0038339372
0.003900252
0.0037233417
0.0037829753
0.0039676954
0.0036861822
0.004107257
0.004027045
0.0037526581
0.0040194984
0.0036441952
0.003733934
0.0038152274
0.0036602619
0.003905156
0.003791851
0.003960209
0.0040680077
0.0038411955
0.003649965
0.003739222
0.0036706806
0.003982033
0.003840993
0.0042350395
0.004206427
0.0044362596
0.0042930744
0.0041336087
0.004232466
0.003981829
0.0039255028
0.004055381
0.00406773
0.0039477744
0.0039385688
0.003927271
0.0042401147
0.004626451
0.004122647
0.0037885557
0.0040002647
0.0036531147
0.0037197536
