0.43491554
0.11309341
0.086620525
0.11318431
0.11451993
0.09469286
0.068970636
0.06530083
0.077533245
0.07770547
0.06674109
0.060687967
0.06360751
0.064088054
0.06171594
0.060990326
0.062366452
0.061630245
0.060397893
0.06098215
0.06035063
0.062229656
0.063131034
0.06127868
0.060964067
0.061633818
0.06149895
0.060833436
0.060599335
0.061075926
0.06043439
0.060729172
0.061017342
0.0602238
0.06090424
0.061375584
0.06059689
0.06023417
0.060680594
0.06027308
0.060354594
0.060578734
0.06021668
0.06008511
0.060386553
0.060019817
0.060324907
0.06049685
0.060221776
0.059962727
0.060109995
0.060192112
0.059746884
0.060873494
0.060872577
0.06029771
0.0601974
0.059974875
0.060146756
0.05965847
0.060362764
0.060526315
0.05986537
0.059941616
0.060123436
0.060094014
0.059634395
0.060293827
0.060660817
0.059826303
0.060044438
0.060355116
0.060163822
0.059952755
0.059610095
0.06031987
0.060434625
0.05952042
0.060661934
0.06179603
0.06085283
0.05966861
0.060177263
0.06057977
0.06024388
0.060018428
0.05967978
0.059785146
0.059931
0.059394985
0.06004562
0.060721513
0.06006452
0.059567805
0.059807822
0.059748616
0.059809085
0.05953568
0.059426315
0.059795182
0.059494372
0.059411317
0.059542682
0.059444737
0.059337404
0.059227087
0.05934505
0.05930845
0.05906957
0.060106937
0.059939235
0.059009433
0.05908254
0.05904484
0.05899098
0.058841713
0.059476756
0.059534114
0.05889055
0.058945745
0.059130915
0.058530565
0.059209213
0.059798513
0.05884628
0.058208395
0.05835363
0.05797877
0.058049645
0.057954215
0.05749174
0.05722733
0.056889627
0.056555122
0.05634087
0.05580488
0.055712655
0.055254426
0.0545674
0.05429895
0.05377109
0.054109946
0.053601068
0.05431368
0.053851083
0.052399512
0.052252196
0.052228298
0.051888775
0.05187807
0.051563993
0.051657025
0.05141749
0.05137259
0.050750684
0.05119049
0.051167913
0.050683804
0.05025093
0.049908295
0.049803037
0.04955869
0.04936547
0.048979893
0.04966728
0.049532883
0.049181983
0.048689976
0.048671626
0.048719168
0.048125654
0.047908816
0.04802754
0.04764059
0.04820364
0.04802883
0.04746223
0.047365066
0.04719417
0.0470464
0.047211602
0.047010086
0.04678081
0.046610434
0.04676425
0.046677217
0.046745326
0.046529002
0.04644671
0.046375256
0.046297867
0.046026196
0.046284825
0.04629062
0.04608113
0.045901686
0.04595987
0.045818903
0.04590972
0.045616508
0.045720555
0.045610048
0.045176525
0.045050796
0.04483042
0.044539355
0.045334004
0.045114845
0.04386762
0.04391051
0.0433958
0.043527763
0.042911954
0.042255912
0.04174417
0.040874578
0.04042737
0.03950375
0.039065555
0.037905168
0.038265724
0.037605815
0.03554788
0.036791798
0.036915246
0.03394364
0.033430364
0.033079524
0.03236672
0.030227758
0.029219138
0.028638557
0.027531896
0.026028851
0.026614042
0.026192965
0.024290947
0.025166234
0.02486705
0.024240578
0.023024486
0.024664162
0.024562398
0.022811338
0.022640772
0.022610616
0.021741774
0.021388365
0.020767493
0.020627286
0.020265212
0.019930491
0.02010441
0.019042324
0.02186965
0.022865066
0.020215617
0.020823084
0.021564629
0.020852735
0.019184852
0.019078828
0.019248895
0.018055512
0.019542739
0.02062688
0.01884537
0.018212803
0.019397156
0.018928219
0.017123403
0.018603964
0.019158447
0.018683787
0.018084466
0.01848707
0.018007861
0.017691007
0.017238654
0.01670549
0.017027862
0.017277928
0.017681943
0.017128155
0.016838266
0.016719116
0.01730964
0.016969739
0.016119758
0.015853398
0.017014766
0.016602408
0.01669361
0.016764479
0.015725512
0.016606065
0.015906898
0.017123971
0.01724198
0.015311926
0.017999219
0.018961849
0.015638463
0.0190969
0.02373961
0.021050809
0.017670786
0.01786408
0.020696387
0.019304562
0.017003385
0.016939936
0.017348437
0.016345548
0.0171371
0.017199976
0.016531063
0.016193302
0.015463651
0.015862837
0.015983174
0.01485852
0.015405613
0.0151055
0.015207147
0.014929449
0.015325587
0.0148621425
0.014970242
0.01483027
0.014983782
0.014542313
0.0153913135
0.015615541
0.014160139
0.014986692
0.015017637
0.014276893
0.014515402
0.01464622
0.014131193
0.01428341
0.014534738
0.0141692
0.01401069
0.014009169
0.0142153995
0.014477288
0.013441683
0.014855312
0.015366441
0.013913093
0.014754648
0.016331675
0.015707146
0.013702221
0.014715832
0.01552841
0.014746065
0.013351995
0.01596567
0.016753264
0.014989495
0.014048534
0.013791326
0.014257866
0.013365115
0.013510526
0.013688154
0.013151836
0.013391943
0.013303077
0.012923587
0.0134561015
0.013210232
0.012777203
0.013293054
0.012818161
0.01270777
0.012689865
0.012871869
0.012807216
0.01248018
0.013633674
0.013347063
0.013511362
0.013219886
0.0133047225
0.013023014
0.012622043
0.012571865
0.013560988
0.0132084405
0.012366133
0.012353976
0.013016828
0.012665963
0.013221147
0.013390549
0.012173545
0.012231525
0.012808704
0.012215632
0.013329799
0.013619619
0.0119551085
0.017097708
0.019466523
0.014845709
0.015958069
0.018086134
0.015405019
0.01282369
0.0134154875
0.012932038
0.013099553
0.012675976
0.01462488
0.015105819
0.012889999
0.013978194
0.01406365
0.01482868
0.014739692
0.012674056
0.015231448
0.016545748
0.013923423
0.01342443
0.015284482
0.0130226435
0.013078509
0.014205678
0.012211271
0.015012682
0.017800579
0.014631671
0.012683498
0.013227124
0.012396308
0.013366907
0.0137549285
0.011867227
0.015072977
0.017072447
0.014777617
0.012794264
0.014189707
0.014021181
0.013776159
0.013397242
0.012479674
0.012449825
0.012947853
0.012603789
0.011955022
0.012318187
0.011881433
0.012019879
