0.4271601
0.06811342
0.12290255
0.10444359
0.06158805
0.065724425
0.07265367
0.0650859
0.05788331
0.058665592
0.06070918
0.059352357
0.057218086
0.056851227
0.056544766
0.057419464
0.056990784
0.055363238
0.056432534
0.05728559
0.056431007
0.055319224
0.056167457
0.05710962
0.05596682
0.055136055
0.055552587
0.055665422
0.055007864
0.05528906
0.055687726
0.055148613
0.05474965
0.0547917
0.05488332
0.05447632
0.05449277
0.054544825
0.054333553
0.0541476
0.0542206
0.05394694
0.054462064
0.054635268
0.053899486
0.05389208
0.05412705
0.053599637
0.053481
0.053524163
0.05308411
0.053125996
0.05308516
0.05246726
0.052657545
0.05271719
0.051965445
0.05150187
0.051281024
0.05067713
0.050589353
0.050405264
0.050049525
0.049515396
0.049468596
0.0490714
0.048823606
0.048587788
0.048145484
0.047563165
0.046696726
0.04614064
0.046456408
0.04475637
0.044382066
0.042912092
0.041618485
0.03968147
0.041059297
0.0408479
0.038567293
0.038367882
0.039290227
0.037551153
0.035829216
0.03581163
0.035190526
0.03455056
0.032818113
0.032841176
0.032476593
0.03198075
0.030781046
0.030423129
0.030228226
0.029408732
0.028736368
0.0284955
0.027842185
0.02750901
0.026967874
0.027071655
0.025918046
0.026165327
0.025587544
0.024520628
0.02333715
0.02437731
0.02368866
0.022560274
0.022077655
0.021461034
0.020693809
0.020112999
0.019713098
0.018947296
0.018328605
0.018041877
0.017153567
0.016427247
0.01708337
0.01586155
0.018519098
0.017611155
0.016232865
0.015117711
0.014933622
0.014703128
0.013587445
0.014048171
0.014033471
0.012796201
0.012860102
0.013313726
0.012286547
0.012194193
0.012429331
0.011722763
0.011633891
0.0114202695
0.011233524
0.0111286305
0.010655682
0.010999933
0.011020762
0.010146868
0.011448807
0.012588657
0.0117141185
0.010166582
0.010316737
0.010345171
0.00983568
0.010199334
0.009653778
0.009898456
0.010637793
0.009868644
0.010507182
0.010243313
0.010540883
0.009865201
0.01036984
0.0097218705
0.010665608
0.01094466
0.009883907
0.008604788
0.009789574
0.009721695
0.011093025
0.010345059
0.009870324
0.009308656
0.008680793
0.008528442
0.010075133
0.009935688
0.008740321
0.008661411
0.008430474
0.008192769
0.008798453
0.0086015435
0.008193342
0.007847291
0.009462873
0.0084844
0.008357217
0.008471277
0.0077198097
0.0075415955
0.008442994
0.008210733
0.007439828
0.007270558
0.007943623
0.0076403893
0.0076825568
0.00748379
0.0074454434
0.007169768
0.007805034
0.0075174705
0.0071815117
0.006991943
0.0074229673
0.00712724
0.0071964227
0.007136362
0.0068396726
0.0065919086
0.007171118
0.007032752
0.0065366277
0.006358195
0.006990289
0.006807871
0.006395036
0.0062107514
0.0068723788
0.0066185477
0.0063330363
0.006213697
0.0064178146
0.006174239
0.0065615927
0.0064382846
0.0060905046
0.0059848167
0.006342309
0.006161315
0.0060927924
0.0060052243
0.00600317
0.0058429926
0.006125502
0.00599904
0.00579939
0.005688099
0.005993923
0.0058043734
0.0057812487
0.0056533497
0.0057421774
0.005584385
0.0058231954
0.0057114256
0.0054956977
0.0053926692
0.0057933866
0.0056551993
0.005369024
0.0052485405
0.0057693697
0.005641431
0.005214048
0.005104931
0.005649191
0.0054450314
0.005228882
0.005086619
0.005441112
0.0052608256
0.0052457056
0.0051387437
0.0051197982
0.0049175746
0.0054395553
0.005316512
0.0049096406
0.004836623
0.005236247
0.004988461
0.005061286
0.004946913
0.00493784
0.00482668
0.004931968
0.004820015
0.0048644226
0.0047639697
0.0049237246
0.004873035
0.0046342085
0.004795003
0.0045797657
0.004742976
0.0044292104
0.005179576
0.005195547
0.004325485
0.004917096
0.004436025
0.0049752654
0.0049385433
0.004510154
0.004803897
0.0044959392
0.0044896263
0.0047303536
0.0042264736
0.004870149
0.005057922
0.004278356
0.0043482953
0.0044510607
0.004039081
0.0043173004
0.0040859734
0.004313071
0.004116748
0.0044084936
0.0044560377
0.0040437765
0.004418333
0.004172687
0.004470787
0.004257669
0.0044091805
0.004294846
0.0042937687
0.00418753
0.0044391733
0.0039100633
0.004471443
0.0045613446
0.0038160179
0.0037430953
0.004122796
0.004026712
0.003917241
0.0038907882
0.004086846
0.0039264187
0.0037985954
0.0037844619
0.0039135986
0.0037663758
0.0037672257
0.0036669932
0.0037586903
0.0037634617
0.003512711
0.0035138298
0.003553054
0.0034644033
0.003443282
0.0033532977
0.0034167664
0.003311339
0.0033912968
0.0032853454
0.0032615985
0.0030902307
0.0035877896
0.0032414384
0.0038561902
0.004037906
0.0031450847
0.0037927914
0.0036243845
0.0032784257
0.003244438
0.0032917566
0.0031880846
0.0030343712
0.0031253335
0.002957968
0.003136773
0.003011059
0.0030382655
0.002825308
0.0032379876
0.0029553995
0.0035404575
0.0033098322
0.0035589368
0.0033448488
0.0032040526
0.0032086193
0.0031994174
0.0028890122
0.0034587092
0.0031897966
0.0029818716
0.0028690116
0.0031067196
0.002946359
0.0030641223
0.002963736
0.0030616976
0.003143632
0.0027707175
0.002850678
0.0027769904
0.0027903365
0.0027431492
0.0026805282
0.002889931
0.0025190155
0.0036194755
0.0033876747
0.0026942014
0.003219588
0.0028902832
0.0028977387
0.002755021
0.002909556
0.0027915204
0.0028122794
0.0027884718
0.0026967272
0.0027661156
0.0025955124
0.0028480384
0.0023414807
0.004167394
0.004057435
0.002889146
0.0036794797
0.003634081
0.0034143103
0.0032138098
0.0033792772
0.0032094296
0.002801357
0.0029172993
0.002486199
0.002833521
0.0026830852
0.002781187
0.0026649497
0.0028168901
0.002673534
0.0027409375
0.0024220739
0.0032707367
0.003327831
0.002579408
0.0029055784
0.002763341
0.0026666485
0.0027631756
0.0027474237
0.0026866805
0.0026834842
0.0026240125
0.0025366459
0.002489394
0.0024645657
0.0023980176
0.0023391722
0.0023007721
0.0024171772
0.0022139226
0.0023383147
0.0022524237
0.0022663346
0.0022073307
0.002315452
0.0022478187
0.002097687
0.002468248
0.0022031274
0.0024341168
0.0024502198
0.0022768422
0.002512008
0.0024269456
0.0024320695
0.0024235004
0.0027159655
0.002333152
0.002629455
0.0027902115
0.002205632
0.0024663701
0.002481329
0.00234109
0.0023996427
0.0023063777
0.002441839
0.0021837323
0.0027276177
0.0029638035
0.0023316161
0.002341561
0.0026601367
0.002162352
0.0025755034
0.002849175
0.0021383746
0.0027156463
0.0031716179
0.0024137564
0.002289975
0.0025547526
0.0022351374
0.0024260783
0.0024414826
0.002191317
0.0022162239
0.0021150876
0.0020797593
0.002011449
0.0022104506
0.0019954194
0.0021973809
0.002318282
0.002010503
0.0020455613
0.0020982984
0.0019742427
0.0020628625
0.0019664
0.0019744665
0.0019961935
0.0020124356
0.0018064898
0.0018850149
0.0019684564
0.0018003248
0.0021586586
0.0020225754
0.002048935
0.0020512533
0.0020085478
0.0019157836
0.0019805226
0.001932364
0.001978109
0.0019965265
0.0018360404
0.0019471716
0.0017442917
0.0017394036
0.0019570603
0.0017165095
0.0023516763
0.0021183316
0.0021683106
0.0022502134
0.0022087167
0.0019925972
0.002405203
0.0025169693
0.0019699677
0.001979199
0.001962716
0.0019729172
0.0019492399
0.0019221607
0.0019565579
0.0018764781
0.0019111009
0.0019012071
0.0018890249
0.0018938232
0.0019424744
0.0016382718
0.0023049004
0.0020838606
0.0018514594
0.001869449
0.0017162402
0.0015918157
0.0021905852
0.001993305
0.0017793324
0.0017815622
0.0017589497
0.0016449951
0.0020079212
0.0018555005
0.0018316227
0.0020819278
0.0017276444
0.0020249477
0.0020019365
