0.43509257
0.09156188
0.09702234
0.12015612
0.1043126
0.09269905
0.10170326
0.099474475
0.092057355
0.102483556
0.11029686
0.10472344
0.09545854
0.0949309
0.09755456
0.0975914
0.095850974
0.09413644
0.09324422
0.09435177
0.0947424
0.092863806
0.09258013
0.093690924
0.0928154
0.092017844
0.09241588
0.092005074
0.09253453
0.092775755
0.09190851
0.09321323
0.09442563
0.09329201
0.09186517
0.09301985
0.094261736
0.09343677
0.09186529
0.09262352
0.094058305
0.09349641
0.091856994
0.09221953
0.093499005
0.09317228
0.09187617
0.091761604
0.092402585
0.09207729
0.0914394
0.092864655
0.09427477
0.09380211
0.09220323
0.091465846
0.0918527
0.09167184
0.09142328
0.091442235
0.0914524
0.0914656
0.091498934
0.09144538
0.09137143
0.091838725
0.09160501
0.091521226
0.09152543
0.09142069
0.091361254
0.091598526
0.09150901
0.091420755
0.09141914
0.091380514
0.09134856
0.091344945
0.0913242
0.09129652
0.0913042
0.0912468
0.091258116
0.09121753
0.091210715
0.091142505
0.09131441
0.091152616
0.0914209
0.09146437
0.09100184
0.09131179
0.09113015
0.09104957
0.09105596
0.09087348
0.09092832
0.09076169
0.09107116
0.090916194
0.0907453
0.09074913
0.09065275
0.090554304
0.09064007
0.09041352
0.09097328
0.09108976
0.09021588
0.091558106
0.092355624
0.09131343
0.09024035
0.09113647
0.091629334
0.090917334
0.09048745
0.09034266
0.09062348
0.090506114
0.089951925
0.09063285
0.09097272
0.0900911
0.090361245
0.09089121
0.09029494
0.08984271
0.0900304
0.089836344
0.08989972
0.08998069
0.089763336
0.089741744
0.08974753
0.089601584
0.08974167
0.08967681
0.08948978
0.08946258
0.0895433
0.08949402
0.08944434
0.08947719
0.08935841
0.08953183
0.089433916
0.08939918
0.089419365
0.08932289
0.08932553
0.08931736
0.089263506
0.08929661
0.08924343
0.08926079
0.08923942
0.089193396
0.089270934
0.08919864
0.08927515
0.089288026
0.08920518
0.08917461
0.08928548
0.08916458
0.08929387
0.089314036
0.08906995
0.089080244
0.08910741
0.089081995
0.089073114
0.08903069
0.08930541
0.08927588
0.08905872
0.08919612
0.08917303
0.08900337
0.08899215
0.08920447
0.08914651
0.08904753
0.08913214
0.08907825
0.08898691
0.088970095
0.089093864
0.089045174
0.08906339
0.08903216
0.08908941
0.0890265
0.08901192
0.08898654
0.08898851
0.08896466
0.08901635
0.088991314
0.0889789
0.08894961
0.08896654
0.08893922
0.08892556
0.08889975
0.08896292
0.088926315
0.08892091
0.08889114
0.08891314
0.088880606
0.08890417
0.088885404
0.08887054
0.08884344
0.08890166
0.08887741
0.08882381
0.088800095
0.08888527
0.08885431
0.088803045
0.08877677
0.088864625
0.08883104
0.08877615
0.08875278
0.08883091
0.08880202
0.08875076
0.08872733
0.08880472
0.08877874
0.08871817
0.08869773
0.08877505
0.08874529
0.08869468
0.08867064
0.08875
0.088718064
0.08867015
0.08864676
0.088717505
0.08868534
0.08864569
0.088619426
0.08868733
0.08865499
0.08861762
0.0885912
0.08865652
0.08862918
0.088576086
0.08855343
0.08861861
0.08858494
0.0885443
0.08852137
0.08856121
0.088521205
0.08853432
0.08850282
0.08849674
0.08845199
0.088529885
0.08848826
0.08842615
0.08838168
0.08850949
0.0884635
0.08833962
0.08829337
0.08850335
0.08844377
0.088240996
0.08818863
0.08846385
0.088370554
0.08816078
0.08808757
0.08817026
0.088012315
0.08801545
0.08789758
0.0878796
0.08785027
0.0876265
0.08794488
0.0875556
0.08741618
0.0874163
0.08735389
0.08711513
0.08744499
0.08696745
0.08682823
0.086499795
0.08143777
0.07004265
0.07206404
0.07241127
0.06744999
0.063984446
0.0654406
0.06471411
0.06281043
0.06270311
0.06288036
0.062102944
0.06184013
0.06213398
0.06180001
0.06134875
0.061445374
0.061236743
0.060659204
0.060607817
0.060512874
0.060084715
0.05973284
0.059673
0.059440024
0.05914342
0.05885579
0.058564212
0.058576364
0.05848351
0.05831552
0.058189623
0.057959005
0.057867028
0.057759427
0.057448003
0.057511233
0.057367068
0.05702509
0.056774948
0.05672068
0.056291435
0.05641567
0.05633387
0.055774346
0.05565152
0.055610605
0.055327486
0.055273958
0.055200074
0.055025823
0.054739803
0.054916568
0.054688074
0.054285392
0.054136243
0.054086294
0.053890653
0.053707197
0.053556282
0.0534731
0.05322257
0.053253844
0.053055555
0.052775398
0.052597404
0.052636694
0.052458912
0.05218156
0.052056227
0.051976204
0.051774364
0.05173428
0.051616218
0.05122306
0.05109687
0.05091564
0.050677713
0.050600227
0.050297603
0.050259583
0.0500634
0.04958953
0.0494916
0.0490324
0.049315006
0.04919627
0.04812231
0.048612412
0.04928332
0.047698714
0.046224084
0.046179086
0.045914933
0.044795696
0.045766093
0.04623774
0.044444814
0.043291092
0.043418612
0.04287496
0.041914932
0.043191664
0.044014152
0.04191449
0.04113879
0.041368682
0.040965863
0.04042556
0.040146027
0.040119976
0.039522815
0.039842483
0.039708905
0.038859893
0.040143993
0.041207545
0.039872613
0.039280176
0.038765237
0.039880063
0.039603394
0.037414603
0.03904438
0.040575862
0.039909676
0.038091645
0.036917407
0.03731592
0.037630707
0.03662075
0.036537725
0.036833063
0.036048226
0.035730824
0.03604825
