0.28632566
0.043472078
0.06419463
0.049955953
0.023858378
0.030033087
0.03480357
0.027450519
0.021815978
0.024667965
0.026424913
0.022232467
0.020665929
0.021552918
0.020690909
0.020175455
0.020646788
0.019850332
0.02053081
0.020903742
0.019713363
0.020069702
0.020428166
0.01992237
0.01923783
0.020087777
0.020097658
0.018872896
0.020082273
0.020489428
0.01941899
0.018897034
0.018279739
0.018432729
0.018386055
0.01748251
0.01720587
0.0172648
0.016729815
0.016571606
0.01659385
0.016379355
0.016631115
0.016561726
0.016333468
0.016016565
0.016230462
0.016058272
0.015786456
0.015704125
0.015737673
0.0155394105
0.015590243
0.015588381
0.015361105
0.015176917
0.015683988
0.015429261
0.015207485
0.015212382
0.015076499
0.015025993
0.014973235
0.0148947425
0.014919455
0.014755219
0.014951125
0.014781575
0.014771105
0.014756332
0.014597532
0.014523752
0.01457226
0.014434594
0.014607447
0.014523047
0.014290951
0.01420009
0.014473948
0.014367792
0.014137755
0.014101486
0.014187161
0.014066686
0.014058001
0.014000197
0.013907448
0.013796213
0.014058034
0.013938367
0.01373555
0.013666585
0.0138691105
0.0137876645
0.013589956
0.01354295
0.0136169195
0.013515666
0.013467713
0.013390633
0.013374601
0.013253267
0.013321455
0.013214943
0.013091096
0.0129440455
0.01317395
0.013054722
0.012730322
0.012603756
0.01276103
0.012540549
0.012516509
0.012365829
0.012248515
0.01207717
0.012126374
0.011919581
0.011966926
0.0118561955
0.011644609
0.01158914
0.011503586
0.01135822
0.011312716
0.011250068
0.010953941
0.010828535
0.010845159
0.0105137825
0.01123479
0.011252302
0.0101074595
0.010823538
0.010577992
0.00981066
0.010037707
0.010373372
0.010096292
0.009494746
0.00946926
0.010567632
0.010157391
0.009428652
0.009978756
0.009773743
0.010450284
0.009875541
0.01072837
0.01007402
0.009921102
0.0101561155
0.009072646
0.009242787
0.009698645
0.0094585875
0.010069831
0.009326411
0.009461392
0.009555805
0.009009325
0.008796264
0.008735735
0.008720157
0.008570127
0.008456316
0.008902045
0.008956939
0.008425289
0.009737586
0.009568872
0.009956556
0.010003784
0.008898769
0.00866236
0.008788722
0.00900484
0.008929561
0.008415731
0.008577563
0.009120234
0.00911208
0.0087477565
0.008414831
0.008250163
0.008430875
0.00852532
0.008267138
0.008018594
0.00846457
0.008460631
0.008357279
0.008205469
0.008152701
0.007762329
0.008984793
0.008706593
0.0080808755
0.008024631
0.0077859503
0.0075792894
0.00821333
0.0080501875
0.008034282
0.007921331
0.008120728
0.008122385
0.0074815266
0.007742887
0.0074096397
0.007858981
0.0078088106
0.007313311
0.007514814
0.007152124
0.008141279
0.007807646
0.007582555
0.007455273
0.0075516044
0.0073195174
0.0074029416
0.00726938
0.0075522885
0.0073328526
0.0074299644
0.007400883
0.0071727843
0.0071739093
0.0072491914
0.0071574147
0.0070513054
0.0070090764
0.0069943997
0.0068394965
0.007299736
0.0070919595
0.0070324354
0.006946072
0.006939175
0.0067815655
0.0071121007
0.006997116
0.0069343173
0.0068873554
0.0068939975
0.006778342
0.0068520196
0.0066852323
0.0069480534
0.006867684
0.0066045313
0.006558661
0.0067900424
0.0066825203
0.006626489
0.0065489784
0.006641879
0.0065445527
0.006602131
0.0065215435
0.0064261053
0.006364273
0.006526639
0.0063988497
0.006405787
0.006299615
0.0064434092
0.006405996
0.006198579
0.0062420815
0.006169246
0.00625293
0.0060303933
0.006349486
0.0059961267
0.006869536
0.0068873107
0.005944935
0.0065596406
0.0065484815
0.0060431943
0.0063001527
0.0063124043
0.0058843293
0.006173571
0.0059446017
0.0062575764
0.0063335113
0.005808221
0.0061872876
0.006187293
0.0059078503
0.0059346394
0.006175758
0.0058399723
0.005974537
0.0060254163
0.0056441403
0.0061299005
0.0059732334
0.0056652348
0.0056781434
0.005634874
0.005665517
0.0055429847
0.0056902394
0.0055174134
0.0061608762
0.0059530125
0.0058757416
0.005792845
0.0055845776
0.005567876
0.0056990287
0.005448641
0.0057920124
0.005669882
0.00579948
0.00580435
0.0055823266
0.0052546174
0.006138789
0.0063794316
0.0053410265
0.0059420685
0.0061408444
0.0060567646
0.0055780397
0.005598437
0.005525883
0.005308835
0.005265062
0.0055116476
0.0052060774
0.005835543
0.005925846
0.005204465
0.0051690494
0.005356738
0.0050218203
0.005627644
0.005863711
0.0055607352
0.005162677
0.0054164487
0.00556458
0.00525596
0.004798339
0.0053500924
0.005171044
0.0049769245
0.005061584
0.004936067
0.004820327
0.005005834
0.0050031226
0.0047238045
0.0050130724
0.004794825
0.0052080546
0.00519471
0.004880594
0.0050082817
0.0047862907
0.0049706185
0.0048631825
0.00498483
0.0046594883
0.0054718996
0.005276726
0.0047313287
0.004805285
0.004716666
0.0044907457
0.0048228037
0.0046386262
0.005216148
0.0050666216
0.004706802
0.004638029
0.004677184
0.004583897
0.0045311027
0.0044364175
0.0046781953
0.004344285
0.0049912552
0.0049473685
0.0042642127
0.004305504
0.004327801
0.004196097
0.0044401227
0.004178655
0.0047943145
0.0046623345
0.004266262
0.0042442917
0.0043843733
0.004160056
0.0045556226
0.0046236576
0.0040491917
0.004343951
0.004103881
0.0043146773
0.0041754446
0.004256947
0.004088832
0.004503004
0.0046305335
0.003872432
0.004784671
0.0049267034
0.004168007
0.0042690434
0.0040312908
0.0045367964
0.003990196
0.0048415065
0.00505787
0.0039249198
0.004673458
0.0045704166
0.0041597313
0.0040350575
0.0043429923
0.0041253455
0.004006213
0.0039619613
0.004010611
0.0039458373
0.003887033
0.0037706576
0.0038020518
0.0037598384
0.003659827
0.0039184554
0.0036282965
0.003926395
0.00390973
0.0040828288
0.003809246
0.00394112
0.0041224267
0.0038402863
0.0036423814
0.0037193976
0.0036343255
0.0037826411
0.0036211584
0.004282239
0.0043122694
0.0040542777
0.0041690734
0.0038071878
0.003820954
0.0038291935
0.0034543013
0.0035957235
0.0035960886
0.003529805
0.003482112
0.0034126749
0.0033075747
0.0034467878
0.0033350363
0.003465606
0.003387747
0.0034097154
0.0032733309
0.00344861
0.003338338
0.0034688134
0.0034318299
0.0033044342
0.003341396
0.0032718207
0.0033816707
0.0031151893
0.003619605
0.0034845036
0.0036953778
0.0036063467
0.003606364
0.0035471898
0.0032549931
0.0038633181
0.0035166945
0.0038117748
0.003930207
0.0034337912
0.0034742057
0.003420461
0.0032942146
0.0034389503
0.0032005906
0.0039950046
0.004082587
0.003645297
0.0036196637
0.0036647338
0.0033898745
0.0036658961
0.0035096968
0.0037555334
0.0035636406
0.0034257614
0.0033193186
