0.28748986
0.04383863
0.076811336
0.10293188
0.066393405
0.030044293
0.025153542
0.03674245
0.03863458
0.029474357
0.022009298
0.024472976
0.029310694
0.027248269
0.024315285
0.02160114
0.022397742
0.02428926
0.024250865
0.021379068
0.021691764
0.022329519
0.02315194
0.0219856
0.020814804
0.02095756
0.02148301
0.021401858
0.020696906
0.020843916
0.020997465
0.021433974
0.02109404
0.020476665
0.020719102
0.020695956
0.020926759
0.020487487
0.020877508
0.021075606
0.020520512
0.020576105
0.020269267
0.020997122
0.020992756
0.020281492
0.020284606
0.020359641
0.020271048
0.020565107
0.020373054
0.020791464
0.020734983
0.020482307
0.020271484
0.020181585
0.020401146
0.020048222
0.021038309
0.021315096
0.020071343
0.021281635
0.02218503
0.020592116
0.019978778
0.02058757
0.019859804
0.019758279
0.019988777
0.019483631
0.019727139
0.019760996
0.019200806
0.01982253
0.019762507
0.01903176
0.019029489
0.018992852
0.018707832
0.018828556
0.018780353
0.018706417
0.018415025
0.018206855
0.018072003
0.017829815
0.017530842
0.017880272
0.017698871
0.017131057
0.016967779
0.017015437
0.016717471
0.016582277
0.016406314
0.016553806
0.016065285
0.016444938
0.016094109
0.015715644
0.015492604
0.01587481
0.015600239
0.015448991
0.015143604
0.015180737
0.014866051
0.015109122
0.0149427755
0.0147967115
0.014872872
0.014473739
0.014701277
0.014499945
0.01433823
0.014295667
0.0142674325
0.014304996
0.014131951
0.013941425
0.014146482
0.013869763
0.013844998
0.013893612
0.013629936
0.013853151
0.0136631215
0.013658192
0.013606322
0.013481413
0.013404501
0.013402139
0.013348655
0.013387884
0.0133347185
0.013285234
0.013194549
0.013467575
0.013506609
0.013090824
0.013241611
0.013087086
0.0131505355
0.013069145
0.012996383
0.012949045
0.012931383
0.012871397
0.012902927
0.012866673
0.012771408
0.012685284
0.012869686
0.012781605
0.012582171
0.012513048
0.012655087
0.01257192
0.012485355
0.012408781
0.012457907
0.012451183
0.012279249
0.01233549
0.012356804
0.012330716
0.012315824
0.012384646
0.012122877
0.012423496
0.012046377
0.012671883
0.012664713
0.012099388
0.012448016
0.012335915
0.011984404
0.012289147
0.012210476
0.012057092
0.012126874
0.012083512
0.011855106
0.012213141
0.012075664
0.012048196
0.012130643
0.011845718
0.011938222
0.011911765
0.011794227
0.011863906
0.011764082
0.011725965
0.011713613
0.011761606
0.011647179
0.011729993
0.011703934
0.0117878765
0.011788502
0.011531759
0.01158847
0.011581969
0.011596317
0.011400829
0.011608191
0.0117895715
0.011801097
0.0114134
0.011595161
0.01155666
0.011799221
0.011737011
0.011370604
0.01135467
0.011208628
0.011259212
0.011321355
0.011140838
0.0114041595
0.011478961
0.011121262
0.011169934
0.011205394
0.01101764
0.011116494
0.011069504
0.010846547
0.01090223
0.010829904
0.010745254
0.010871512
0.010795541
0.010727781
0.010669279
0.01055998
0.010662295
0.0104170665
0.010658289
0.010541413
0.010464728
0.010329236
0.01041135
0.010194705
0.010243318
0.010135319
0.010189908
0.010130337
0.010122093
0.0100927
0.010013538
0.009918321
0.009969983
0.009886543
0.0098042125
0.009783757
0.009816696
0.009722379
0.009760641
0.009622083
0.009722237
0.009629843
0.009436938
0.009461801
0.009541173
0.009391871
0.009371695
0.009210017
0.009712679
0.009740366
0.009159734
0.009383403
0.009447206
0.009256303
0.009058149
0.009156939
0.008980065
0.009379789
0.009385013
0.009072517
0.009542973
0.009679419
0.009313506
0.00889884
0.009349515
0.009284976
0.009121322
0.0088382475
0.0089014
0.008867686
0.008769463
0.008837423
0.008653367
0.008705381
0.009123783
0.008752986
0.0089435605
0.008681885
0.009631887
0.009302394
0.008747566
0.008869834
0.008579123
0.008504469
0.008838091
0.008684865
0.008629656
0.008547635
0.008531924
0.008367378
0.009032472
0.008810257
0.008453167
0.008403269
0.008566686
0.008375647
0.008711681
0.008694199
0.008223668
0.008166492
0.008684001
0.008547865
0.008295161
0.00827354
0.00842088
0.00827659
0.008402995
0.008352138
0.00818517
0.008112484
0.008440264
0.008364716
0.008153029
0.008089756
0.008320074
0.00819568
0.008138177
0.008101993
0.008167636
0.008041571
0.008168115
0.008068542
0.008174396
0.008031149
0.008143793
0.007981163
0.008278723
0.008161181
0.008008253
0.007941228
0.008105536
0.008018799
0.008015783
0.007966629
0.007990055
0.007941324
0.007955886
0.00785539
0.007954053
0.007874719
0.007843617
0.0077726743
0.007927138
0.0078339875
0.007835544
0.007797377
0.0077432743
0.007666046
0.007959032
0.007873371
0.007629124
0.007721349
0.007590069
0.007810266
0.007628741
0.007866777
0.00774638
0.00781565
0.0079124095
0.0076433546
0.0077131107
0.0077430606
0.007662697
0.007884119
0.0077733435
0.0077293073
0.0077571683
0.0076340497
0.0075254254
0.0074753077
0.0075691156
0.0073781237
0.007932227
0.007902707
0.007398524
0.007564875
0.007453362
0.0073989895
0.007392704
0.0074167675
0.0073235855
0.0074770744
0.0072743
0.007632947
0.007699886
0.0072085797
0.0076025683
0.007332426
0.007517658
0.0073481253
0.0072573125
0.007194217
0.007279288
