0.28786772
0.047442336
0.06095815
0.04069554
0.025898254
0.026276546
0.026316168
0.023854477
0.02367422
0.023866823
0.022989826
0.022366831
0.022406675
0.022417655
0.021794459
0.021703755
0.02202978
0.021463603
0.021560742
0.021910086
0.021356175
0.021141142
0.021307195
0.020847505
0.021787012
0.022065485
0.021236876
0.020874849
0.02131858
0.021296183
0.020554932
0.021011269
0.021006027
0.020898497
0.020605808
0.020563127
0.0206849
0.020511495
0.020257987
0.02081541
0.020664556
0.02021874
0.020248499
0.020364786
0.020192955
0.02043414
0.020478135
0.020138385
0.020289293
0.020191103
0.020266159
0.020139648
0.020223457
0.020208558
0.020011084
0.020012962
0.020011876
0.019897873
0.020089665
0.019994989
0.019858317
0.01980864
0.019810585
0.01969455
0.01974157
0.01966616
0.019483438
0.01938578
0.01935984
0.019168803
0.019097716
0.01897069
0.018807277
0.0186639
0.018672729
0.018553054
0.018298222
0.018175922
0.01879373
0.018337261
0.018886538
0.018995205
0.018281266
0.018242357
0.01806664
0.018022763
0.017739892
0.017620614
0.01753624
0.017458968
0.017350145
0.01717895
0.017564302
0.017449858
0.018087352
0.018369101
0.017555607
0.017536886
0.017206004
0.017562373
0.017173076
0.01736238
0.01743942
0.016875587
0.01686071
0.016709998
0.016430192
0.017016226
0.016775116
0.016705884
0.016858412
0.016557826
0.016444726
0.016109759
0.016337976
0.016120816
0.016209656
0.016121907
0.015938826
0.015758805
0.015832761
0.015823433
0.015764358
0.015562981
0.01562873
0.015595399
0.015287994
0.015172354
0.015432286
0.015168592
0.015211381
0.015136752
0.014804467
0.014657602
0.0148862675
0.014636244
0.014573466
0.014418199
0.0142906085
0.01408925
0.0141361905
0.013923789
0.01383841
0.013684181
0.013598344
0.013425213
0.013226342
0.01304425
0.013194285
0.012951898
0.012870974
0.012644517
0.01279569
0.012784705
0.012116964
0.012367603
0.011870522
0.013108496
0.013790234
0.011828729
0.01306158
0.014754224
0.014392607
0.013899905
0.013086011
0.0126215415
0.012606181
0.012489003
0.01190048
0.011429393
0.011459569
0.01139989
0.010952701
0.011490065
0.012056753
0.010855235
0.011387895
0.0124809975
0.011698411
0.010582193
0.01124043
0.01088994
0.010447271
0.011023313
0.0108205415
0.010402616
0.010450927
0.010340429
0.010170814
0.01031753
0.010131779
0.009878336
0.009869498
0.009742896
0.009786193
0.009647657
0.009595418
0.00972693
0.009488751
0.009420325
0.0094668465
0.009185289
0.009623702
0.009510214
0.009747413
0.009342041
0.009347768
0.009453301
0.00945606
0.009071734
0.008907636
0.008816587
0.008635116
0.009042397
0.008739683
0.008822452
0.009018741
0.008938702
0.008535248
0.008412785
0.008614009
0.008334129
0.009188843
0.009312056
0.008341381
0.008769669
0.008812315
0.008464466
0.008112966
0.0084608
0.008407145
0.00808652
0.0082960585
0.0077412836
0.007822111
0.0076787877
0.0077514327
0.007601158
0.007441271
0.007452752
0.00724181
0.0073147975
0.007019575
0.0071027987
0.0069100126
0.00694615
0.006789832
0.006651109
0.006619535
0.006408272
0.00631054
0.0064848363
0.006083984
0.007064925
0.006881297
0.006569383
0.0060422886
0.007395484
0.00733136
0.0063224933
0.0065688877
0.005998239
0.006847886
0.0066280495
0.005871518
0.0060320557
0.0057644253
0.0056182337
0.006037543
0.0056362934
0.0069281296
0.007224418
0.0055306177
0.007116644
0.007393491
0.006169136
0.0062589482
0.0059547094
0.0066099185
0.00686818
0.005452487
0.0061480445
0.006042657
0.005704464
0.0055385106
0.0053582364
0.005296197
0.005130713
0.004978957
0.0052196174
0.0053705107
0.005005741
0.0055200364
0.005475065
0.005389344
0.004955059
0.005865343
0.0057356455
0.004987528
0.005134363
0.0050743953
0.0048921737
0.0050255563
0.004857952
0.0048847194
0.004762581
0.004698986
0.0049158838
0.00469871
0.0046580755
0.0049301754
0.004681735
0.00509931
0.0046929107
0.0055267997
0.0050135157
0.0050184983
0.004914927
0.004784662
0.004790807
0.004798616
0.0048013455
0.004558988
0.0045535895
0.004658785
0.0046548876
0.004526976
0.004398324
0.004857886
0.0045999694
0.0048124203
0.004831879
0.004479935
0.00488108
0.0044303373
0.0050637643
0.005347168
0.0042223562
0.0051034116
0.0051319096
0.0042461087
0.0052499264
0.005140779
0.0046071336
0.0045200787
0.0047759176
0.0043910462
0.004270473
0.0047453786
0.0045023975
0.004463645
0.004445574
0.004748182
0.004381545
0.0047482685
0.0046485364
0.0044981367
0.0043524206
0.0044529946
0.0043806154
0.0044599767
0.0043338044
0.0041706697
0.0040204306
0.0045765047
0.0042106886
0.004572596
0.0045170635
0.0039882977
0.004052684
0.004227772
0.0040151775
0.004296455
0.004199497
0.0039527323
0.003922967
0.003987162
0.0037947893
0.004833829
0.0048596677
0.0037237294
0.0041737515
0.0038857914
0.004323989
0.004231124
0.0038579674
