0.2863665
0.045070667
0.063055865
0.085718565
0.055123318
0.025632037
0.026264569
0.03715169
0.0353674
0.026131025
0.020576576
0.027889187
0.03297312
0.029982716
0.026472954
0.022868132
0.02097851
0.023185551
0.023679147
0.022332765
0.020757837
0.020794367
0.021451913
0.021483205
0.020643689
0.020296557
0.020527637
0.020809747
0.020362562
0.020226428
0.020247148
0.020571955
0.020330057
0.019975146
0.02000699
0.020182135
0.019971851
0.020075781
0.02012144
0.019920474
0.019924602
0.019842355
0.019874701
0.019762183
0.019764066
0.019810528
0.019602753
0.01986066
0.019831294
0.019798152
0.019541597
0.019638387
0.019716406
0.019408697
0.01934853
0.019563105
0.01951954
0.019206986
0.019831974
0.019828131
0.019730518
0.019501006
0.019271197
0.019155124
0.019759053
0.019768497
0.018946808
0.01898068
0.019076714
0.018962925
0.018678635
0.0186549
0.018678717
0.018569253
0.018348001
0.018446622
0.01829703
0.018201007
0.018175079
0.018106714
0.01798476
0.017883958
0.017844414
0.01773402
0.017653411
0.017555969
0.01744354
0.017475635
0.017292893
0.01729191
0.017056985
0.01704591
0.016723556
0.017186651
0.017211229
0.016343202
0.017164463
0.017609993
0.016691139
0.016437167
0.016440578
0.015971063
0.016323904
0.016018594
0.015727537
0.015769968
0.015359357
0.016190236
0.01706555
0.016733276
0.016152285
0.016095772
0.015727026
0.015309815
0.015245219
0.015054181
0.015249877
0.015327297
0.014983292
0.015228145
0.01503552
0.014992063
0.014959954
0.015140577
0.014829102
0.01506986
0.014946933
0.014630255
0.014486465
0.014820903
0.0147244455
0.014454638
0.014380579
0.014522679
0.014483121
0.014330849
0.014303931
0.014359727
0.014245909
0.014318176
0.014331666
0.014162182
0.014038046
0.014084675
0.013948784
0.014167202
0.014175805
0.013838467
0.013818704
0.013918177
0.013779439
0.013933107
0.013939294
0.013645365
0.013714756
0.013499331
0.013453883
0.0137144
0.013512384
0.013411902
0.013393559
0.013184612
0.013700374
0.013709846
0.013328269
0.0133877965
0.013170004
0.013345695
0.01350702
0.013194747
0.01314986
0.0131490035
0.012778717
0.013291788
0.013711815
0.013323337
0.012887284
0.013203473
0.013020836
0.012967177
0.01296159
0.012851606
0.0127850445
0.012631151
0.012346801
0.012500736
0.012617524
0.012697961
0.01235428
0.012883022
0.013049883
0.012227174
0.012816153
0.0131585
0.013094448
0.012711669
0.011984867
0.01288747
0.013346568
0.012490727
0.012758075
0.012891452
0.012266896
0.013046332
0.013517835
0.012305294
0.012199178
0.012482539
0.012022932
0.012187824
0.012469553
0.011697382
0.012230792
0.012879945
0.012162241
0.011752036
0.0120517025
0.011527839
0.011677735
0.0117976
0.011372083
0.011708329
0.012027398
0.011483113
0.01157704
0.011823732
0.011336598
0.011705369
0.011979562
0.011213896
0.011579211
0.012046252
0.011520602
0.011194912
0.011841536
0.01150491
0.010981406
0.011282261
0.011070686
0.010917332
0.011011526
0.010819775
0.010738633
0.010735952
0.01053035
0.010668494
0.010482274
0.010708804
0.010776047
0.010391218
0.010435683
0.0103730885
0.01024915
0.010168391
0.010156015
0.0100306
0.009998263
0.009856498
0.009837373
0.009803849
0.00964899
0.009776432
0.009696496
0.009950261
0.009988357
0.009989265
0.009611286
0.009818185
0.009907048
0.009576065
0.009613282
0.009498291
0.009311789
0.009556734
0.00930455
0.009263936
0.0096138455
0.009372376
0.009167146
0.009084986
0.0092763165
0.00942549
0.009027452
0.009019591
0.009525671
0.009037151
0.009087068
0.009250249
0.008946088
0.008926581
0.0088532185
0.0086865565
0.008607269
0.008624879
0.008705086
0.008460238
0.008746841
0.008597635
0.008831076
0.008799773
0.0087012155
0.008468234
0.008760773
0.008405947
0.00873724
0.009299461
0.008759209
0.008463438
0.008668656
0.008669105
0.008250524
0.008590537
0.008571613
0.008108386
0.008337694
0.008203126
0.00806962
0.0083985785
0.008143711
0.008316534
0.008562017
0.00810561
0.008060924
0.008475116
0.008150228
0.008043673
0.008212454
0.008039019
0.007978931
0.008113794
0.00816265
0.007750815
0.007777356
0.007866717
0.0077270926
0.008149976
0.008077586
0.0077467933
0.007730128
0.0077200527
0.0075828345
0.007954317
0.007982818
0.0075389943
0.007816116
0.0075474023
0.007887736
0.007751038
0.0075604618
0.0075631053
0.0075241937
0.00731536
0.007930801
0.0077877045
0.0075205215
0.007579129
0.007433845
0.0074929553
0.0073613673
0.0075672083
0.007333394
0.00772167
0.007845596
0.007581327
0.0076485225
0.0076874285
0.007368239
0.007948884
0.008125241
0.007289823
0.007448334
0.007288065
0.007495936
0.007339645
0.007276237
0.007431649
0.0071400083
0.007607678
0.0075216196
0.00742902
0.007430146
0.0072339326
0.007280419
0.0071811997
0.007195484
0.007275486
0.0070650666
0.007477687
0.0073299054
0.0071732304
0.007209886
0.007040152
0.0073765474
0.0074255303
0.006944788
0.0072320416
0.0069960915
0.0076606437
0.0079015335
0.0070830337
0.0071928874
0.007351462
0.006974531
0.007199215
0.0072138025
0.0068217875
0.0070882663
0.0068789683
0.007127023
0.0072499127
0.0069099716
0.0070099956
0.00703462
0.006711652
0.0074933567
0.007581005
