0.28687713
0.05951039
0.04358976
0.03248396
0.025825342
0.024480501
0.0241051
0.023983784
0.022740059
0.021468133
0.022066029
0.021930864
0.020621426
0.02161626
0.02198098
0.020490764
0.020647468
0.02139689
0.02041995
0.019845227
0.021014845
0.020401288
0.020649774
0.02007234
0.020015066
0.020148398
0.019779203
0.019350188
0.019412227
0.01921467
0.019266898
0.019029541
0.018517483
0.018436128
0.018368142
0.018021008
0.018035123
0.017871438
0.017510867
0.017958691
0.01738366
0.017640471
0.017678306
0.016919414
0.016905032
0.016776945
0.01650782
0.016639592
0.016390337
0.0163289
0.016308086
0.016162349
0.016166396
0.015988955
0.01589557
0.01586558
0.01585043
0.015631339
0.016267234
0.016284948
0.01577476
0.015771255
0.015848728
0.015391485
0.016081393
0.01612345
0.015248962
0.016126009
0.016101485
0.015708849
0.015703008
0.0151848
0.015442256
0.01564082
0.015369025
0.015261709
0.015065204
0.015519634
0.015552349
0.015050791
0.015120418
0.015106566
0.0149886785
0.014942616
0.014885294
0.014868275
0.01479411
0.014786199
0.014732781
0.014663294
0.014768663
0.014664722
0.014604907
0.014508133
0.014894606
0.014694932
0.015016518
0.014961096
0.014550616
0.014471228
0.014739957
0.014582865
0.014658931
0.014630809
0.014569543
0.014512825
0.014401622
0.01433709
0.0144335255
0.014317307
0.014561293
0.014387143
0.01442418
0.014367963
0.014285122
0.014254011
0.014217776
0.0141276345
0.014478012
0.014337658
0.014120881
0.0141191855
0.014142763
0.014094956
0.013988204
0.013904162
0.0140372915
0.013878811
0.014193173
0.01395687
0.014048395
0.01407681
0.01367214
0.013624311
0.013921608
0.013780574
0.013598438
0.013429146
0.014276206
0.014207763
0.013288256
0.01324378
0.013841403
0.0136361765
0.013368533
0.013396661
0.013157606
0.013144322
0.013096593
0.013000666
0.013164729
0.013013099
0.013082858
0.012959485
0.013067782
0.013047514
0.012836372
0.012789976
0.012800813
0.012669001
0.01294772
0.012801395
0.012687307
0.012626699
0.012737657
0.01268262
0.012575132
0.012571561
0.012479149
0.012412816
0.012529979
0.01245521
0.012373738
0.012295355
0.012440145
0.012346257
0.0122651225
0.012186799
0.012307708
0.0122063635
0.012182705
0.012100305
0.012139324
0.012030122
0.012132187
0.012026087
0.011999272
0.011921103
0.01196318
0.011888825
0.011868175
0.011834465
0.011764876
0.01172161
0.011717775
0.0116754295
0.011594719
0.011523627
0.011626772
0.011505793
0.0115645155
0.011444245
0.011463828
0.011370263
0.011433378
0.011414893
0.011222843
0.011202429
0.011219653
0.011169865
0.011088674
0.0110292705
0.0110879345
0.010996972
0.011018627
0.010900798
0.010991489
0.0108830705
0.010975976
0.0108643
0.010805272
0.010722332
0.0107505955
0.010641231
0.010729171
0.010669869
0.010562942
0.010593303
0.010491394
0.010438469
0.0104844645
0.010436811
0.010384108
0.0103352005
0.010385991
0.010337475
0.010291039
0.010254618
0.010201379
0.010135494
0.010212176
0.010095903
0.010128602
0.010057863
0.010044488
0.00996609
0.010028685
0.009944092
0.0099963425
0.01004425
0.009811649
0.00999329
0.0098881675
0.009951155
0.009800916
0.009785545
0.009782681
0.009612508
0.010098956
0.010050703
0.009719919
0.009723709
0.009777073
0.0095652165
0.009542905
0.009690713
0.009611023
0.009376462
0.009737734
0.009802987
0.009905677
0.009617915
0.009614322
0.009640063
0.009838082
0.009434636
0.009598838
0.00948997
0.009643137
0.009394628
0.0095223645
0.009525158
0.009425429
0.009663392
0.009126499
0.010163449
0.010247029
0.009492733
0.009876955
0.009586797
0.009542618
0.009428452
0.009678584
0.009740247
0.009136441
0.009643951
0.009671246
0.009306259
0.009287567
0.009063468
0.00907022
0.009077444
0.008936944
0.009015252
0.008863614
0.009081886
0.009065137
0.008730872
0.008755897
0.008713987
0.008750453
0.008742561
0.008702817
0.008654649
0.008735339
0.008600031
0.008529565
0.008610883
0.0084672235
0.008478031
0.008343435
0.008457249
0.008427846
0.0083118705
0.00838437
0.00821145
0.008316229
0.0082277935
0.00830459
0.008413958
0.008373463
0.0081245825
0.008112584
0.008350636
0.007927143
0.008187229
0.007837748
0.008671604
0.008613534
0.008234739
0.008390618
0.007986369
0.008033786
0.0077594505
0.0080034295
0.0077839843
0.008114423
0.007841098
0.008149053
0.007979004
0.0077060275
0.007681779
0.007710913
0.007569151
0.0074810046
0.007356811
0.007610438
0.0076100933
0.007467775
0.007790547
0.007336378
0.0076882257
0.008339918
0.0079088425
0.007567771
0.0077388906
0.0076563074
0.0074582845
0.007410643
0.0076864827
0.0072652563
0.0074997754
0.0076330663
0.007250041
0.007428898
0.007374445
0.0072196736
0.0071490915
0.0070171333
0.007043297
0.0071095373
0.0069037345
0.007106464
0.0069884546
0.006905285
0.0070002214
0.006671307
0.006940479
0.0068046306
0.006896323
0.0068905912
0.0070584533
0.006804737
0.0070092455
0.006539402
0.006722136
0.00711528
0.00688237
0.006826252
0.006649114
0.006752987
0.0068415813
0.006549195
0.006807716
0.0071057826
0.0067310664
0.006587832
0.00686479
0.006904771
0.0065226504
0.0062460625
0.0065964647
0.006489098
0.0066118506
0.006535106
0.0066342317
0.0066602803
0.0066847694
0.0063929223
0.006439913
0.0067172996
0.006497337
0.006289247
0.0065436307
0.006293053
0.0066622165
0.0067783124
0.006270128
0.0060240007
0.006032863
0.0059350156
0.006474141
0.006323196
0.006113812
0.006265731
0.0060590655
0.006058322
0.005867649
0.006248417
0.0062488564
0.0064516314
0.006244054
0.0062882216
0.006386952
0.0064153946
0.0063027553
0.006653337
0.0066082496
0.0060228365
0.006078057
0.0059228987
0.0060120313
0.005838441
0.005671149
0.0056300587
0.005512826
0.0057623996
0.0054713264
0.0057855067
0.0057053478
0.0055277883
0.005841021
0.00569422
0.0057685147
0.0060186856
0.005699283
0.0055406303
0.0057951934
0.0057273586
0.005520612
0.005553229
0.0054503144
0.0053430633
0.005402898
0.0053911097
0.005391538
0.0052833613
0.0056390464
0.0054773237
0.0054875202
0.005413765
0.005255021
0.0052523674
0.0051180655
0.0054145535
0.0051393993
0.005596855
0.0057559456
0.0051516374
0.005415536
0.005603676
0.0054321233
0.0049441564
0.0059802025
0.0062339692
0.006033923
0.006497091
0.005950576
0.005845728
0.0055256705
0.0056988895
0.005770158
0.0056462423
0.005789962
0.005455621
