0.2903085
0.07994049
0.056262236
0.032991517
0.036072392
0.030903185
0.024799317
0.028924575
0.027870154
0.023089275
0.026501684
0.028345669
0.024636075
0.022912791
0.023836827
0.023318553
0.022380391
0.022385573
0.02245679
0.021647558
0.021583892
0.021893978
0.020861855
0.020984357
0.021134019
0.020138258
0.021071643
0.021554695
0.020668987
0.01984262
0.02019201
0.020465972
0.019645384
0.021545684
0.0230352
0.022137234
0.019777218
0.022801159
0.02538099
0.023798263
0.022913793
0.021157393
0.020316144
0.021315848
0.020240352
0.020400247
0.02009025
0.020738952
0.020446632
0.019635366
0.019499248
0.02027528
0.020220622
0.019882746
0.019690009
0.019611232
0.019618535
0.019531684
0.019335909
0.019984307
0.019700266
0.019393366
0.01938952
0.019502008
0.01940351
0.019475037
0.019422146
0.019365648
0.019305067
0.01937259
0.019309545
0.019297654
0.019239454
0.019342197
0.019287504
0.019227361
0.019183105
0.019270668
0.019208282
0.019205073
0.019168774
0.01917755
0.019134566
0.019180885
0.019146448
0.01910521
0.01906368
0.019163283
0.019123789
0.01902143
0.018974109
0.01912546
0.019056737
0.018972723
0.01893884
0.01896076
0.018887317
0.018895214
0.018793272
0.018884018
0.01884149
0.018698765
0.018802948
0.018497586
0.019365149
0.01942019
0.01845465
0.01903794
0.019281216
0.018627401
0.018367859
0.018610192
0.018492939
0.018061908
0.01799282
0.01800929
0.017724408
0.017944744
0.017957397
0.01758019
0.017557947
0.017373016
0.017155541
0.016875299
0.016947482
0.016610373
0.01630949
0.016342485
0.015747735
0.015488803
0.015781127
0.015056158
0.015543004
0.015360631
0.01597518
0.015707565
0.014200154
0.013612538
0.014748749
0.015003386
0.01377178
0.01333191
0.012924511
0.012921774
0.01241665
0.012308985
0.012095172
0.012002572
0.011873565
0.0117744235
0.0120887235
0.011446338
0.011956669
0.012074302
0.011535053
0.011400486
0.011346821
0.01111867
0.011009882
0.011559713
0.011291959
0.011971238
0.012143766
0.010864782
0.013311729
0.015220162
0.013044846
0.012754281
0.013444749
0.011397495
0.011404765
0.012507946
0.011513799
0.010879599
0.011322376
0.01063086
0.011143769
0.0112975435
0.010424624
0.0109732775
0.010826558
0.010537557
0.0103775
0.010205203
0.010201327
0.010344676
0.010272958
0.009839136
0.009886719
0.0098488135
0.009711561
0.009588608
0.009641303
0.009681075
0.009472158
0.0095692845
0.010019144
0.009689395
0.00964688
0.00965324
0.00995911
0.009480783
0.009635618
0.009741502
0.009637627
0.009606388
0.009217757
0.009773561
0.009725287
0.009376978
0.009462274
0.009068877
0.009060218
0.009068222
0.009219256
0.009036016
0.008788676
0.008767811
0.008715429
0.008539608
0.009121951
0.009157985
0.008924828
0.008978033
0.008622509
0.008477439
0.008477707
0.008385302
0.008326114
0.00814617
0.00831741
0.008106634
0.007953167
0.007892747
0.008074283
0.007888843
0.007832495
0.0077358796
0.0076777716
0.007725332
0.00762012
0.007417915
0.007834158
0.0076732957
0.00824463
0.0077976263
0.008098826
0.008106855
0.0073402314
0.0072253197
0.0077529033
0.007630348
0.007242234
0.0070239888
0.007695261
0.0075490396
0.007264854
0.0073024016
0.0067599104
0.006697471
0.007373251
0.0070078834
0.0071567926
0.007045893
0.006686794
0.0066361795
0.0067879222
0.006659487
0.0067009516
0.0066190506
0.0066353143
0.00657435
0.006413583
0.0063752015
0.0063599013
0.00626773
0.00635751
0.0062114596
0.0063846908
0.006211068
0.006223465
0.0061244867
0.0061517507
0.006081246
0.0060034674
0.005935706
0.0060281716
0.0059774797
0.005909754
0.005872891
0.0059737605
0.0059950515
0.0056577884
0.00583191
0.0055990666
0.005860796
0.0056986944
0.0056986273
0.00579448
0.005563196
0.005585125
0.005402524
0.0056474446
0.005660401
0.0053834454
0.0055056573
0.0053970814
0.0052968524
0.0053565428
0.0051420177
0.0053102165
0.0050822995
0.005131146
0.0050664484
0.0051221363
0.0051425337
0.0048739165
0.004883864
0.0049824105
0.0047816313
0.00569012
0.0053404085
0.0051848465
0.0052935663
0.0051842094
0.005093725
0.0050435313
0.005240858
0.00464005
0.0059457324
0.0065131956
0.005187591
0.0050675524
0.0053064185
0.005147697
0.0047538946
0.005075971
0.0053065573
0.0051457775
0.0046563726
0.0047038128
0.004691866
0.004705541
0.004717156
0.0047871303
0.004661263
0.0045445985
0.004833679
0.004496401
0.005440222
0.0058113053
0.0047361045
0.0055950754
0.006272668
0.0053340173
0.005401369
0.005454499
0.00535314
0.005365487
0.0047879512
0.004872637
0.005126891
0.004516155
0.0048209066
0.0048929933
0.004787578
0.004668055
0.004260738
0.0048649106
0.0050056404
0.0046159104
0.004397446
0.004748981
0.004372276
0.0046788594
0.004438181
0.00488995
0.004748774
0.00445931
0.0043628793
0.004453227
0.0043497095
0.0043135965
0.004374297
0.0040409057
0.00394555
0.004357993
0.004273766
