0.28746945
0.13294454
0.06143855
0.03066802
0.031745054
0.028710246
0.02158835
0.031131612
0.032737855
0.023429131
0.024828086
0.029197283
0.025226206
0.021798024
0.022983124
0.023074878
0.022431636
0.021765068
0.02167604
0.022057416
0.02128501
0.021245906
0.022013744
0.021098845
0.021478714
0.021745836
0.021824235
0.020490838
0.02352027
0.024450377
0.022241458
0.022153692
0.022341639
0.021508953
0.022118574
0.021896059
0.020848438
0.02141461
0.02138476
0.02096805
0.020974463
0.020574609
0.02114903
0.020946575
0.020340236
0.020440519
0.020285847
0.0202038
0.020535829
0.020345481
0.020458411
0.020457711
0.020235432
0.020187067
0.020253709
0.020101193
0.020288793
0.020210175
0.020072142
0.02001919
0.020100484
0.019953907
0.020127771
0.020086408
0.019810354
0.019776018
0.01995877
0.019839624
0.0198509
0.01986189
0.019690508
0.01972966
0.01958617
0.019769315
0.019661866
0.019549469
0.019528283
0.019478047
0.01939152
0.01932581
0.019211678
0.019016678
0.019271957
0.01914241
0.018851774
0.018545099
0.018308496
0.01828847
0.018557824
0.018277168
0.018132597
0.017855385
0.017505264
0.017507145
0.017268203
0.016822677
0.017148392
0.016874177
0.016150806
0.016317291
0.015941247
0.015568723
0.015785864
0.016192527
0.015926488
0.016298914
0.016494408
0.015142359
0.016479282
0.01644596
0.01583264
0.01596134
0.0150283845
0.015487511
0.015780855
0.015999742
0.015439246
0.016003506
0.015254558
0.015893586
0.016249763
0.015058636
0.015103641
0.014343041
0.014283676
0.015014569
0.0149038555
0.014940992
0.014687985
0.014306429
0.014081024
0.01478982
0.0145430155
0.014393084
0.013766114
0.014173214
0.014220048
0.013846104
0.013708644
0.013631612
0.013305365
0.013501096
0.013677177
0.013441282
0.013146843
0.012951287
0.0130709745
0.012704357
0.013460512
0.013330509
0.013026294
0.012984313
0.0128638595
0.012743781
0.012409866
0.012039021
0.01243673
0.012260489
0.012087545
0.011996352
0.011783172
0.011795189
0.01139876
0.011823366
0.0113637
0.0115094185
0.01120013
0.011997111
0.011356014
0.011523418
0.011499277
0.010994789
0.0110432645
0.011057608
0.010646831
0.011475131
0.01139418
0.010809116
0.011022512
0.011077781
0.010669287
0.010788468
0.010395064
0.010972141
0.01099712
0.010561027
0.010657544
0.0105687305
0.01084851
0.010179143
0.010952562
0.011754215
0.010383933
0.010622499
0.011551723
0.010300685
0.010438357
0.010748331
0.009839755
0.010332874
0.010633486
0.009807616
0.010304076
0.010728527
0.010312294
0.009816381
0.010094649
0.010268127
0.009498545
0.009791548
0.0098490985
0.009726729
0.009253847
0.009686595
0.009585998
0.009132565
0.009550224
0.009817929
0.009575706
0.009011652
0.009175114
0.0091528185
0.008852629
0.00877945
0.009069044
0.008556006
0.00939138
0.0096458
0.008824394
0.009004992
0.009023621
0.008811261
0.008593101
0.0084879035
0.008486046
0.008309135
0.008585517
0.008188136
0.008199158
0.008152122
0.008290533
0.008144814
0.007951784
0.008338125
0.008322071
0.007796735
0.008664382
0.008616156
0.008695081
0.00789534
0.009181201
0.009625751
0.008137468
0.00998775
0.011002447
0.009017075
0.009611675
0.00985791
0.008702808
0.008980816
0.009890922
0.008427758
0.008141073
0.008503584
0.0082047945
0.007923898
0.007912216
0.007940356
0.008297965
0.0077357665
0.008025537
0.008058392
0.007896569
0.007710921
0.0079690525
0.007898972
0.0076409993
0.0077832974
0.007360216
0.0074992315
0.007502351
0.0074261054
0.0073252483
0.0074289325
0.0072180578
0.007456433
0.00712238
0.0072745793
0.007140903
0.0071809604
0.007069191
0.006946498
0.007425777
0.0074557294
0.007043245
0.007166511
0.0071123294
0.0068088793
0.0074265767
0.0072454107
0.007063053
0.0072216666
0.0071208607
0.006962832
0.0069720694
0.006963443
0.006826738
0.0070087234
0.006880538
0.006782765
0.0067676776
0.0066399556
0.006878814
0.0066163433
0.0071128407
0.006924689
0.006835848
0.0066011325
0.0069332714
0.006796391
0.0066974186
0.006702348
0.006734183
0.0066361963
0.0066851694
0.0065860287
0.006569249
0.006449112
0.0065875077
0.0063877106
0.0067471093
0.0065309703
0.0065735984
0.0065529305
0.0063849017
0.0063375016
0.0066482066
0.0065275766
0.0064454745
0.0063640852
0.0064953244
0.0063261203
0.0064825234
0.006350259
0.006329495
0.0062530986
0.0062789298
0.0062337634
0.006151548
0.0060530365
0.0061290287
0.0059758835
0.0065966137
0.0063486234
0.006133652
0.0060437843
0.0061788796
0.0061077327
0.006150129
0.0062043653
0.0059026103
0.006128732
0.0058568264
0.006029746
0.005761324
0.0058253095
0.005815523
0.0056809485
0.0058810506
0.005770994
0.0055435053
0.006277073
0.0060758595
0.0056200097
0.005833735
0.0054841354
0.0064448207
0.006130191
0.0058465465
0.005959106
0.0056289067
0.005674135
0.0058089984
0.005385909
0.006611241
0.006641436
0.005215464
0.0066035124
0.0070743337
0.006360747
0.0061362498
0.006306544
0.005878558
0.0058588996
0.0058111264
0.0054916902
0.0054964162
0.005326478
0.005349266
0.0052456693
0.0051862914
0.0051904223
0.005142716
0.005118801
0.005079472
0.004970867
0.005121256
0.0050415364
0.004914218
