0.28828642
0.043456793
0.062265933
0.051273365
0.02396117
0.03290161
0.039525732
0.029539049
0.021307535
0.027112052
0.028356725
0.023923814
0.021554613
0.022534192
0.023252511
0.021244416
0.02255238
0.024324602
0.022505032
0.020779567
0.021381907
0.022023747
0.021088637
0.020178596
0.020928184
0.021044888
0.02039718
0.02013784
0.02102924
0.02107366
0.02014445
0.02021163
0.020490346
0.020314792
0.019957151
0.020196766
0.020141765
0.019946912
0.0199887
0.020017782
0.019773241
0.020144112
0.02021056
0.020223798
0.019843237
0.019941894
0.020043546
0.020010255
0.019811785
0.019688668
0.019664971
0.01983693
0.019539628
0.019783737
0.019764101
0.019538524
0.019436618
0.019376254
0.019343464
0.019266183
0.019177271
0.019035853
0.01908307
0.018819975
0.019122345
0.018887026
0.018472975
0.018352086
0.018084299
0.017928306
0.017719878
0.017446116
0.01753558
0.01750513
0.016975893
0.017402016
0.017515352
0.017178169
0.01619816
0.017690478
0.017889248
0.01655254
0.016135924
0.01604654
0.015919192
0.015397354
0.015201469
0.015308331
0.014651924
0.014192839
0.014419313
0.014076866
0.013904852
0.013460797
0.01371545
0.013458769
0.013067701
0.012975761
0.012761891
0.012539101
0.012582702
0.012240286
0.012365016
0.011937383
0.012327276
0.012032208
0.011777294
0.011616918
0.011583857
0.011420243
0.012060672
0.011882897
0.011526209
0.011317167
0.011475161
0.010675666
0.01125903
0.011319133
0.010639548
0.011969409
0.011521201
0.011210025
0.011507978
0.010965609
0.010830884
0.010529255
0.010478436
0.010529775
0.010116664
0.010791715
0.0103082
0.010754746
0.010965991
0.010185141
0.010213026
0.010166376
0.009863693
0.010099762
0.009706655
0.0103998175
0.010365725
0.009508748
0.00972248
0.009369355
0.009797084
0.009379164
0.010323442
0.010362164
0.009301413
0.010285401
0.0108098015
0.009836053
0.009771805
0.0099425735
0.009910443
0.0092959935
0.009578101
0.009407874
0.00888737
0.008960853
0.008781623
0.008802188
0.008731132
0.009097203
0.008903586
0.009248058
0.008929269
0.008907958
0.008781974
0.008881536
0.008702186
0.0085644005
0.008485998
0.0088699795
0.008753211
0.0083884755
0.008367023
0.008266911
0.008126204
0.00847885
0.008332292
0.008145767
0.008020603
0.008145814
0.007762401
0.00874763
0.008860894
0.007904503
0.0086970655
0.008530742
0.008306482
0.008509699
0.008129895
0.008033839
0.007974479
0.007985082
0.0076622255
0.007973184
0.007671148
0.008167298
0.008287268
0.007476033
0.008301844
0.008309823
0.007473313
0.0076519693
0.0075260284
0.007733679
0.0075938385
0.007840532
0.0076302015
0.0075600105
0.0076940563
0.007469188
0.007158493
0.00749062
0.0070445645
0.00818691
0.008237741
0.007435586
0.0074572614
0.007536636
0.0072689108
0.007276622
0.0071678306
0.007370426
0.007146362
0.0070837974
0.0071830344
0.0068860627
0.007008889
0.006807583
0.007049764
0.0070511657
0.006908079
0.0068293097
0.007010367
0.006779047
0.0068930597
0.0065326975
0.0075477012
0.007418286
0.006457757
0.0063369838
0.0070002773
0.0068387217
0.006566165
0.0064222985
0.006642103
0.006391857
0.0068829395
0.006996792
0.0062465784
0.006181814
0.006313207
0.0061686113
0.0065833987
0.0064378884
0.006503245
0.0062938347
0.006178684
0.0061143003
0.00647382
0.0063130297
0.006039141
0.005986544
0.006132565
0.005993148
0.0060965274
0.0059837378
0.0059763812
0.0058437735
0.0060957856
0.0060404013
0.0056794216
0.005602484
0.0060349437
0.005847193
0.005754076
0.005650236
0.005827191
0.0057510864
0.0056028008
0.0055183046
0.0056770816
0.0055303355
0.005671808
0.005564352
0.0055156
0.0054467903
0.0054966225
0.005405344
0.0054322616
0.005307251
0.005482776
0.0053617745
0.0053525823
0.005295033
0.00526992
0.0051782844
0.0052953833
0.0051832544
0.005202227
0.0051038973
0.0052002915
0.0051234644
0.0050405394
0.0049480256
0.005143589
0.005047728
0.0049219364
0.004826769
0.0050841575
0.0049839704
0.0048188
0.0047709057
0.0048872307
0.0047816047
0.0048547178
0.004797105
0.004683553
0.0045763017
0.0049417834
0.0048162383
0.0045954115
0.004579073
0.004623815
0.0044899113
0.00473726
0.004676251
0.0044663544
0.004445451
0.004591827
0.004436353
0.0046583987
0.0045663654
0.004382516
0.0042762053
0.0046424866
0.0044596675
0.0044325595
0.00435543
0.004392279
0.0042218748
0.0045395712
0.004449611
0.0041978667
0.004129561
0.0044556935
0.004347876
0.004206413
0.004127043
0.0043289126
0.004197103
0.004282586
0.0042200754
0.004147934
0.004048656
0.00437187
0.0043136342
0.004045608
0.004017687
0.004340991
0.004289057
0.00401831
0.004019391
0.004179659
0.004099693
0.0040887333
0.0040397886
0.0040627853
0.0039905715
0.0040985118
0.0040594707
0.004003246
0.0039803707
0.0040198145
0.003968835
0.004010392
0.003951158
0.0040412396
0.003983445
0.003955582
0.003948728
0.003949627
0.0039164606
0.003979286
0.0039190985
0.004034725
0.003998959
0.0038840296
0.0039140154
0.003912035
0.0038996858
0.003978683
0.0038870312
0.0039981976
0.0040053166
0.003986784
0.0039376053
0.0040184464
0.0040414925
0.004011892
0.0038933165
0.004296836
0.004516566
0.0037349155
0.0039328807
0.004035395
0.0037865273
0.004355187
0.004462064
0.0038612436
0.004269184
0.0040454566
0.0040136618
0.003967127
0.0038526747
0.0038946883
0.00385321
0.0037450008
0.0039015934
0.0037259143
0.0038996777
