0.28848046
0.053997774
0.059490938
0.039201852
0.024552777
0.028532023
0.02674388
0.023260003
0.02424073
0.023853628
0.022451872
0.02238421
0.022121951
0.02173693
0.02178578
0.021464923
0.021259174
0.021303179
0.021096386
0.021101123
0.021070123
0.02083663
0.020939609
0.020863742
0.020648358
0.020932736
0.020720959
0.020792672
0.020782217
0.02078703
0.020578252
0.020874606
0.02073744
0.02066605
0.020649659
0.020710351
0.020529771
0.020743722
0.020661483
0.020468125
0.020466274
0.020458877
0.02034765
0.020571107
0.020463446
0.020259872
0.020204877
0.020288512
0.020155357
0.020129161
0.020050818
0.01984366
0.01982676
0.019557435
0.019729778
0.019459441
0.019481169
0.019533668
0.019129226
0.019438269
0.019365778
0.019001601
0.018964313
0.018935097
0.018573988
0.019409684
0.01925265
0.018247103
0.01829911
0.018076949
0.017822921
0.017939942
0.017824978
0.017819835
0.017350713
0.018280609
0.018179195
0.01754453
0.017554082
0.017691826
0.017336419
0.017639747
0.017749084
0.017317737
0.017140904
0.017777175
0.017439358
0.017458638
0.017630355
0.017015956
0.017252749
0.017334979
0.017007165
0.017205814
0.017291341
0.017036164
0.01688036
0.017055701
0.01677508
0.017939875
0.01844255
0.017088287
0.017531851
0.018439213
0.017471505
0.016797611
0.01702136
0.01661328
0.017734395
0.018255929
0.017157072
0.017549155
0.018257918
0.017171036
0.016949955
0.017274886
0.016637014
0.01739362
0.018224584
0.017289886
0.016824009
0.017096927
0.016604811
0.017109001
0.01766443
0.01688526
0.016724406
0.016993565
0.016480418
0.01711431
0.017698197
0.016815864
0.016534582
0.016850717
0.016409067
0.01684193
0.017342461
0.016578948
0.016428217
0.016763374
0.016266178
0.016647572
0.017106978
0.016390374
0.016308894
0.016593635
0.016108459
0.01646022
0.016935078
0.016310057
0.016021058
0.016282132
0.016048772
0.01596464
0.016438464
0.016225178
0.015696945
0.016089821
0.01591155
0.015442575
0.015692202
0.015532341
0.015385923
0.015173569
0.014998238
0.014905703
0.015039501
0.014600794
0.014416548
0.014449403
0.014215351
0.013957344
0.014088668
0.013979419
0.013806169
0.01353094
0.0139850825
0.013869676
0.013130232
0.012915134
0.013028893
0.012794502
0.012893371
0.012644696
0.012695936
0.012434426
0.012328272
0.012009237
0.011953066
0.011782098
0.012011181
0.011982855
0.0114754625
0.011334612
0.011128073
0.010947327
0.011233709
0.010962692
0.0108182775
0.010622923
0.010696548
0.0104642855
0.010408967
0.010095667
0.01032589
0.010156036
0.010075103
0.010142781
0.009532944
0.009503496
0.009599728
0.009489637
0.009588557
0.009482016
0.009305609
0.009157178
0.009263135
0.009078977
0.009257051
0.009096695
0.0087263165
0.008669356
0.009238143
0.009068113
0.00887308
0.009123531
0.00856368
0.008856873
0.0085755335
0.008577697
0.008756041
0.00826341
0.008729995
0.008464276
0.008070177
0.008009276
0.008012733
0.007971615
0.008334699
0.0083014
0.008004681
0.008820954
0.0077495514
0.007915731
0.0077778283
0.007830164
0.007749681
0.0074680373
0.00792561
0.007715965
0.008023124
0.008460573
0.007683432
0.008657817
0.007950964
0.007556841
0.008072502
0.007353306
0.008843854
0.008893546
0.007248888
0.008072036
0.0077200965
0.007228507
0.008349306
0.007431589
0.007520353
0.007811396
0.0071985596
0.0077310656
0.008151525
0.00731669
0.0074584796
0.008259377
0.0074054375
0.007141555
0.007407879
0.006876661
0.007813572
0.007836442
0.0074170236
0.0074979034
0.007798375
0.006957985
0.007631426
0.007649955
0.0069813356
0.007916477
0.007767577
0.007309388
0.007199967
0.00738689
0.0070967996
0.0069822487
0.0067894408
0.007027322
0.0070553124
0.0069130827
0.0065657734
0.007955283
0.0080060875
0.0067712883
0.007995431
0.008214142
0.0069785235
0.0074001155
0.008607352
0.007433541
0.006971394
0.007367769
0.0069992803
0.0066657476
0.00666236
0.006539455
0.0064301207
0.0065303408
0.0062686256
0.0069768243
0.007284434
0.006797937
0.006671147
0.0069133523
0.0066268076
0.006583015
0.006650653
0.0065989965
0.006337645
0.0065087355
0.006706126
0.006289708
0.0061178873
0.006302114
0.006156672
0.0067658895
0.0068753995
0.0065367967
0.006400594
0.006160913
0.0065050353
0.00619615
0.006566379
0.0063649598
0.006399521
0.0062981187
0.005980292
0.0061372854
0.0059482306
0.0058873105
0.0060755596
0.0058788434
0.005819471
0.0060426914
0.005884242
0.005769368
0.0058311448
0.0058168434
0.0058826655
0.005642988
0.0057327435
0.005723151
0.005647205
0.0055738552
0.0056094397
0.0055467025
0.005620885
0.005625118
0.0054919343
0.005492266
0.0056212097
0.0054348595
0.005376794
0.0054574967
0.0054864236
0.005329436
0.0055575967
0.005412619
0.005337211
0.0055927783
0.005385539
0.0060950555
0.0061885696
0.0061675687
0.0062186383
0.0053828456
0.0062299357
0.0062007955
0.006092505
0.0061005354
0.005372415
0.0058316463
0.006019978
0.0057931957
0.005598735
0.005657084
0.005485985
0.005926413
0.005757382
0.0056471317
0.005603422
0.005676011
0.0052764206
0.0058895224
0.0060802884
0.0054211426
0.0055421875
0.0053024567
0.0055069677
0.0052642333
0.00553711
0.0053384327
0.005831773
0.0058938027
0.005113648
0.00580208
0.0056622624
0.005388752
0.005489291
0.005363526
0.005370447
0.0053413906
0.0053005875
0.005353848
0.005237537
0.005403307
0.00518431
0.0053510317
0.005249427
0.0051267534
0.005062466
0.0051991013
0.00514195
0.0051559205
0.005068419
0.0051665357
0.005144709
0.005037957
0.0049655214
0.0051345183
0.0050504245
0.0050326698
0.004934601
0.00511958
0.0050292653
0.0049915616
0.0049183457
0.0050348043
0.0049620634
0.004981708
0.004907302
0.004976373
0.0049067982
0.0049720183
0.004906338
0.004935964
0.0049003675
0.004890714
0.004844966
0.0048948172
0.0047925413
0.005002121
0.0049638436
0.0047987513
0.0047951504
0.004863583
