0.2894915
0.07791009
0.06443467
0.03208087
0.03844459
0.03582302
0.02373072
0.032702733
0.038698185
0.030070536
0.022565559
0.027413102
0.031455863
0.028327674
0.023367101
0.023142857
0.02522189
0.024230937
0.022087082
0.02317404
0.024657773
0.023971235
0.022160113
0.02163668
0.02205812
0.021530328
0.021005623
0.022421984
0.02224493
0.021436682
0.020965582
0.021224633
0.021238616
0.021775432
0.021295788
0.020921111
0.020724824
0.021232136
0.020811992
0.020993555
0.020928137
0.02044334
0.020422112
0.02076027
0.020554522
0.020794611
0.020795465
0.020446373
0.020445151
0.02050587
0.020339355
0.020631185
0.020409668
0.02065102
0.020595714
0.02025993
0.020245595
0.020411236
0.020254051
0.020425333
0.02039241
0.020158233
0.020077836
0.02044685
0.02038207
0.020041427
0.02001316
0.020241873
0.020115389
0.020031305
0.019992838
0.019942764
0.019820336
0.020042941
0.01987122
0.019746397
0.01960604
0.019661762
0.019437557
0.019400558
0.01915949
0.018996386
0.018685373
0.01825546
0.018034283
0.017819041
0.017656622
0.017797679
0.017538657
0.017413354
0.01749005
0.017048309
0.017299343
0.01688124
0.017265137
0.01713791
0.01647068
0.016825425
0.016522435
0.01658726
0.016404582
0.016001977
0.015972072
0.01597849
0.015533852
0.015869277
0.015410324
0.015898326
0.01563916
0.015108585
0.015184977
0.014988926
0.01475734
0.014854704
0.014594707
0.014898672
0.014763136
0.014305596
0.014320795
0.014211297
0.014074915
0.014342722
0.0140850665
0.014557938
0.014609839
0.01390743
0.014165304
0.013946635
0.014038808
0.0139310695
0.01374577
0.013815053
0.013578351
0.013717462
0.013809956
0.013916135
0.013373907
0.013365977
0.013608724
0.013541979
0.013067067
0.013450344
0.013457522
0.013039552
0.013012086
0.013064613
0.01299423
0.012634426
0.013449304
0.013432312
0.012965283
0.012712746
0.012607567
0.0126616275
0.012483398
0.012311491
0.012536171
0.012407672
0.01267917
0.012538944
0.012160018
0.012261058
0.012160286
0.012049855
0.011974073
0.011898331
0.011970055
0.0117881
0.011954133
0.011823386
0.011657243
0.011588643
0.011517127
0.011382167
0.011672507
0.011513889
0.011339967
0.011188041
0.011381025
0.011257209
0.011164752
0.011107716
0.011077706
0.010963005
0.010997484
0.010900166
0.010911155
0.010864115
0.010790183
0.010732683
0.010759712
0.010750947
0.010632724
0.0106239915
0.010671623
0.010758232
0.010434632
0.010615721
0.010428887
0.010530704
0.010448281
0.0105146915
0.010284406
0.010356109
0.010357406
0.0103361355
0.010259673
0.010343043
0.010169986
0.010177803
0.0101417685
0.010207353
0.010078213
0.010245855
0.009909089
0.010225167
0.009917154
0.010336744
0.010321947
0.010324322
0.010230848
0.010439004
0.010306452
0.009810706
0.009989104
0.009873475
0.009954771
0.00993204
0.010000444
0.009785446
0.009919945
0.009663361
0.009945135
0.009942648
0.009803295
0.009776675
0.00960617
0.0096426755
0.00948469
0.009622422
0.009417451
0.009969312
0.009601877
0.010187478
0.0101470025
0.009712946
0.009886974
0.0098334495
0.009771534
0.009472108
0.009744513
0.009309114
0.009675472
0.009610283
0.009520298
0.009473496
0.009654254
0.0096191745
0.009468856
0.009450528
0.009294223
0.009298945
0.009275046
0.009151527
0.009024952
0.009383277
0.0092147
0.009208406
0.009084009
0.009305639
0.009257352
0.008932802
0.009502547
0.009349623
0.009030078
0.009042861
0.008897494
0.008879404
0.008777335
0.008816824
0.0087357825
0.008705279
0.008782054
0.008631872
0.008850706
0.008628217
0.00874725
0.008712415
0.00887162
0.008469949
0.009491122
0.0096353
0.008563998
0.008987148
0.009100956
0.008428529
0.009186222
0.008949469
0.009146657
0.0089494325
0.008798371
0.00899553
0.008570164
0.008744691
0.008475128
0.008610233
0.008361261
0.008467899
0.00852744
0.008308382
0.008285085
0.008355099
0.008133006
0.008321631
0.00814072
0.008169059
0.008018542
0.008389612
0.008284452
0.008249623
0.008271661
0.00803655
0.008094813
0.008020506
0.008033957
0.007864539
0.008388177
0.008147466
0.008505143
0.00877799
0.007799866
0.008287906
0.008216632
0.007991795
0.007921972
0.008093172
0.007852218
0.007829998
0.007975769
0.0076640216
0.007728198
0.0075342185
0.0081175
0.008090433
0.0074756243
0.0076517444
0.0074639865
0.007594121
0.00735951
0.007998596
0.007762822
0.0077175996
0.0076412675
0.0075296834
0.007503743
0.0072086467
0.007545048
0.0072719143
0.0075187874
0.0076597626
0.0071995705
0.007380357
0.0071216035
0.007619705
0.007364306
0.0074255667
0.0074095298
0.0073246285
0.0073745945
0.00732897
0.0072782454
0.007428543
0.00698404
0.0075373203
0.0073153735
0.007258291
0.0070619597
