0.2889298
0.07289495
0.052440014
0.028624177
0.034618963
0.031085124
0.022843465
0.030562952
0.030590782
0.02260767
0.027381355
0.032857753
0.028879682
0.02222245
0.025464498
0.031186411
0.029570932
0.023836395
0.02145642
0.022910208
0.022938816
0.02151759
0.0207267
0.02123562
0.021148488
0.020322548
0.021538457
0.022118993
0.02132377
0.020378709
0.021416893
0.021475142
0.02059275
0.02067048
0.020238413
0.020262854
0.020272963
0.020028876
0.019559287
0.01983215
0.01930964
0.020131968
0.020458564
0.019027919
0.019627785
0.019718356
0.018328018
0.020773822
0.021473601
0.018531859
0.018367723
0.01899975
0.017944062
0.017720914
0.018230945
0.01753153
0.017549327
0.017711224
0.017353477
0.017190104
0.017176254
0.016893575
0.017104931
0.017046407
0.016636064
0.01660293
0.01648797
0.016353646
0.016071863
0.016165778
0.015823493
0.015697898
0.015599993
0.015337881
0.015097796
0.014867698
0.014889737
0.014731702
0.0144333355
0.014460911
0.013993318
0.013976194
0.01366279
0.013777297
0.013027678
0.013387994
0.013098816
0.0128531605
0.012138697
0.012952673
0.012089756
0.011968463
0.011811145
0.01149762
0.010847986
0.010935396
0.010291751
0.01029219
0.010533067
0.010092818
0.010864507
0.011007379
0.009471041
0.009461108
0.009992148
0.009343736
0.009902052
0.009711283
0.009922665
0.009528677
0.009687281
0.008827572
0.010415201
0.0106046675
0.008911991
0.010254671
0.0104264105
0.009164021
0.0094921505
0.00949278
0.009085938
0.008503965
0.0092539
0.009281998
0.008087208
0.010055739
0.010820366
0.008861533
0.009459958
0.010834427
0.009804615
0.00849744
0.009369336
0.010122932
0.00906542
0.008306496
0.008958119
0.008997849
0.00817524
0.008139898
0.008423465
0.008079242
0.0077707157
0.007823634
0.007786331
0.0075560063
0.007406688
0.0073665604
0.0074878004
0.007449268
0.0070732436
0.0073140264
0.0073144683
0.0068721026
0.0077662305
0.008121915
0.0077558905
0.0073007136
0.0066312156
0.0068751536
0.0066944105
0.006307339
0.00670174
0.006600796
0.006353207
0.0063693705
0.006200325
0.0060250345
0.0064141955
0.0061708186
0.0065161344
0.006565968
0.006128039
0.006126703
0.006378746
0.0059004123
0.0061367545
0.0061306893
0.005868674
0.0057254694
0.0062381956
0.0062281373
0.0058113076
0.0059266333
0.00550623
0.0060403836
0.0058431043
0.0056630117
0.0057571824
0.0055445433
0.005507298
0.0055864435
0.005203432
0.005548691
0.005414002
0.0052723587
0.0053406283
0.005253988
0.005418636
0.00496831
0.005490841
0.0055225194
0.00541994
0.0050185495
0.006320104
0.0063180975
0.004878957
0.005368971
0.005050928
0.0050321813
0.005230515
0.0048896563
0.0049617263
0.004860731
0.005051597
0.0049634385
0.0048728106
0.0046576387
0.004956551
0.00475489
0.004867965
0.0046542003
0.0050030146
0.0050248243
0.0046314127
0.004667004
0.0048126914
0.0045220866
0.005055359
0.004790328
0.0044469726
0.004220814
0.0050355718
0.004888436
0.004266719
0.004276818
0.004468723
0.0043435474
0.0045605903
0.004338281
0.0044546
0.0042687394
0.004313256
0.0042405617
0.0043533887
0.0043838583
0.0040783887
0.004168281
0.004067867
0.003952587
0.0043717087
0.00429134
0.0038779385
0.0037806218
0.0043676253
0.0042266105
0.0038415408
0.0038353782
0.0039282567
0.003775537
0.004015796
0.0039612255
0.00368387
0.0035972085
0.0040805526
0.0038634313
0.0037673991
0.0037087563
0.0036740433
0.003555813
0.003886478
0.003837822
0.0034936198
0.0035279815
0.0035956253
0.0034316822
0.0038713142
0.0038756107
0.0032973231
0.003340108
0.0040433924
0.0035092756
0.0040110364
0.0038767366
0.0034184998
0.0036773488
0.0032414682
0.0049356227
0.0046134493
0.003412215
0.0040150485
0.0035300062
0.004008763
0.004271141
0.0031505234
0.0039087227
0.0035501265
0.0032972402
0.003440135
0.0030494707
0.004324647
0.0042286576
0.0030800786
0.0046110214
0.0049481834
0.0036889277
0.0040749544
0.0041609234
0.004277443
0.0040103677
0.003437506
0.0034555385
0.0034129638
0.003379286
0.0032654991
0.0035220077
0.0032555845
0.0038658623
0.003805476
0.003806309
0.0033373407
0.0035895668
0.0033026382
0.0035149336
0.0032677108
0.0030938406
0.003032874
0.0032896802
0.0031361477
0.0031001705
0.0031095583
0.003174701
0.0029475838
0.0034223117
0.0033219617
0.0029230032
0.0030124784
0.0030177056
0.0027405552
0.0036011941
0.0034360522
0.0027950972
0.0027359743
0.0030656091
0.002818602
0.0033237198
0.0033062203
0.0028186105
0.0031156156
0.002621909
0.003976675
0.0039226995
0.003218989
0.0035656106
0.002923195
0.0035437392
0.0032073027
0.0030628007
0.003026505
0.0028030716
0.0030900303
0.0027928806
0.0036953595
0.004113011
0.0029574286
0.0032145933
0.0034931274
0.0027549288
0.003369943
0.0033173922
0.0028010954
0.0029656235
0.002734201
0.0032157854
0.0030930287
0.003144541
0.0033014372
0.0031724796
0.0027187008
0.0033987546
0.003027097
0.00287637
0.002970883
0.0026245182
0.0027315847
0.0027113662
0.0024689331
0.0034647863
0.0034958238
0.0027451003
0.0027224675
0.002720598
0.0028319787
0.0024057378
0.0033900011
0.0030124586
0.0034836761
0.0036926244
0.0027090954
0.003125482
0.0028397578
0.0030375293
0.0028038619
0.002551633
0.0029413651
0.002501318
0.0032572066
0.0033676515
0.0024945177
0.0026685984
0.002963056
0.0024663964
0.0029466562
0.0030734118
0.0029263366
0.0026188625
0.0029042687
0.0030047789
0.0027042467
0.0024364355
0.0026287064
0.0026080105
0.0024490322
0.0025012204
0.0025520998
0.0024417122
0.0026348296
0.0025929098
0.0023819236
0.0025494348
0.0023434998
0.00225511
0.0026399046
0.0023987116
0.0027784088
0.0027857001
0.0023240931
0.002302219
0.0024021743
0.0022003688
0.0028237652
0.0027440034
0.0024514657
0.0024171977
0.002442931
0.0025593098
0.002165824
0.0025646817
0.0022355525
0.002434121
0.0022565792
0.0026872915
0.002546246
0.0027745143
0.0029992524
0.0024390423
0.0024130582
0.0024048092
0.0026264647
0.0023577062
0.0027000888
0.0027848342
0.0022932757
0.0024502922
0.0023061426
0.0027337836
0.002712242
0.0025566632
0.0024485525
0.0025810823
0.0023388632
0.002606224
0.0024087902
0.0026473731
0.0024269351
