0.4346977
0.12007743
0.07981406
0.10830959
0.109523624
0.09820057
0.09483018
0.09915668
0.097719386
0.09244262
0.09646292
0.101742506
0.09881521
0.09275421
0.09399243
0.09792751
0.097085424
0.09320406
0.09223147
0.09377602
0.09337741
0.09196154
0.09239322
0.09323166
0.092466354
0.091611706
0.092474684
0.09278021
0.09174405
0.092166945
0.092983335
0.092218585
0.091521844
0.09187993
0.09199605
0.09155488
0.09162938
0.09187622
0.091471955
0.091499195
0.0917027
0.09126201
0.091549456
0.091863506
0.0913505
0.091088094
0.09125886
0.09108596
0.09085
0.09083177
0.090788044
0.09072581
0.09063135
0.09051877
0.09061411
0.09041046
0.09051188
0.09056026
0.090312205
0.08935631
0.06834179
0.06486303
0.07399983
0.073418505
0.06483739
0.061743446
0.06456616
0.06395365
0.06160241
0.06272779
0.06384488
0.06185159
0.060725424
0.061535507
0.06094091
0.060339794
0.060690742
0.06050463
0.060086746
0.06032414
0.060242645
0.05976428
0.059886977
0.05968862
0.05973012
0.059663486
0.059442185
0.059395824
0.059318833
0.059128217
0.05900599
0.059129816
0.05895966
0.058882885
0.058867004
0.058705863
0.058799956
0.058773085
0.058642007
0.058458038
0.058669806
0.058491264
0.058662467
0.05862958
0.058192063
0.0581527
0.05814016
0.05802726
0.058175914
0.058098316
0.057912454
0.05780709
0.05788903
0.057737358
0.058065724
0.058180228
0.057526898
0.058099065
0.05837827
0.057750948
0.057595834
0.05789912
0.057542443
0.057449907
0.057493545
0.057201844
0.057335522
0.05745125
0.056950267
0.057253007
0.057576936
0.057050563
0.056804515
0.05696364
0.056622997
0.05670994
0.056677338
0.056456868
0.05634976
0.056201033
0.056067966
0.056091566
0.05596299
0.055782538
0.055561367
0.05556352
0.055427197
0.055043098
0.054840628
0.054727
0.05439043
0.054455645
0.054234788
0.05362969
0.05342
0.053084753
0.0526921
0.0526972
0.052384827
0.052104346
0.05179964
0.051322013
0.0510683
0.0510959
0.05069889
0.05068827
0.050604552
0.050113793
0.049824484
0.050263945
0.05002602
0.049595524
0.049493913
0.049427316
0.049293857
0.049182225
0.048974946
0.049289543
0.04907124
0.048649278
0.048528202
0.048658982
0.048420113
0.048301935
0.048200626
0.047921464
0.047709767
0.04812994
0.047951777
0.047287155
0.047101226
0.0475235
0.047217987
0.04686691
0.046812303
0.046580885
0.04633254
0.04723021
0.047410507
0.046048526
0.04736565
0.048499886
0.0470855
0.045671653
0.04602852
0.045662254
0.045679312
0.045425795
0.0451175
0.044970326
0.04498296
0.044748943
0.04473891
0.044725586
0.044082783
0.043899674
0.0436238
0.043554112
0.04332289
0.042913053
0.042939417
0.042627234
0.0431984
0.042516764
0.042511724
0.04247025
0.042028233
0.04181559
0.04189908
0.04169214
0.04202252
0.04188178
0.04130367
0.041087653
0.041451316
0.041256357
0.040942863
0.040793136
0.040799413
0.04057986
0.040366292
0.040095717
0.04073574
0.040509515
0.03956093
0.03934786
0.039587896
0.038952284
0.039165013
0.0389424
0.03790393
0.037881676
0.037278466
0.036653116
0.03721413
0.036449254
0.034929298
0.03418201
0.034130294
0.032692533
0.032945994
0.032485317
0.03147681
0.030723395
0.030395932
0.029736025
0.028889073
0.028327286
0.02875233
0.027379675
0.03066059
0.033082556
0.028486852
0.027059127
0.027776886
0.025903158
0.027669514
0.029686673
0.025956966
0.027859056
0.028412735
0.027474692
0.026262747
0.024913311
0.024886038
0.024809347
0.024649004
0.02499429
0.024093954
0.024839254
0.025574489
0.024094986
0.02390876
0.023941949
0.023912134
0.022883998
0.02416706
0.024287753
0.023665717
0.022271167
0.023204751
0.02342803
0.021949053
0.022022724
0.02255714
0.021736639
0.021321861
0.02159783
0.021153774
0.020459104
0.022031387
0.021597387
0.019893466
0.019781409
0.019863714
0.019421987
0.019471558
0.019632133
0.018805433
0.019660592
0.019466594
0.018557074
0.019109413
0.018416177
0.017954621
0.017718298
0.017115662
0.016981455
0.016662972
0.0163251
0.017014055
0.01638973
0.016933637
0.016777726
0.016783355
0.016258027
0.016487135
0.01570022
0.01659657
0.015457094
0.016892394
0.0178765
0.016681276
0.015909377
0.014884503
0.015343982
0.014918856
0.015181495
0.014408266
0.015948199
0.015875557
0.014564479
0.014537744
0.013648065
0.013681602
0.01387366
0.013148827
0.015066215
0.014885387
0.013253565
0.0139677925
0.013959399
0.01304818
0.014207334
0.014437951
0.0124504585
0.013937412
0.014323912
0.01476348
0.013315753
0.012434536
0.012924854
0.012608326
0.012037926
0.012295188
0.012962966
0.012766195
0.011801692
0.012188805
0.0118685
0.011695934
0.011402628
0.012178143
0.012252395
0.011363542
0.012130137
0.011973642
0.011258031
0.011395651
0.010905399
0.012344033
0.012140538
0.010646012
0.010867191
0.010444074
0.010600768
0.010350776
0.010618378
0.010313791
0.011734664
0.011578228
0.010851213
0.010705224
0.01064902
0.010278183
0.010476518
0.010045083
0.011636622
0.011583061
0.01068357
0.010391636
0.011061613
0.010825995
