0.28731623
0.10211455
0.048359692
0.034709577
0.03437217
0.024134034
0.026567588
0.02799087
0.022635596
0.022132332
0.02403812
0.022312969
0.020741966
0.021286912
0.020786831
0.021277038
0.021200297
0.020826867
0.021297285
0.021213122
0.020802658
0.020894257
0.020960351
0.02058465
0.02113331
0.020584786
0.021893883
0.022182802
0.02088421
0.021250354
0.02186709
0.020833516
0.02129057
0.021897102
0.021008221
0.020711707
0.021101603
0.02063866
0.020982934
0.021085953
0.020934328
0.020497369
0.021015706
0.020732237
0.021001717
0.02059453
0.021334821
0.021224948
0.020530222
0.020628588
0.020677617
0.020512918
0.020503992
0.020505475
0.020477543
0.020378701
0.020555401
0.020286947
0.02077719
0.020563593
0.020508714
0.020463029
0.020388937
0.020302901
0.0206021
0.02055618
0.020341942
0.020331474
0.020459905
0.020368868
0.020400599
0.020383792
0.02029111
0.020228587
0.020464798
0.020375874
0.02029173
0.020260029
0.020337427
0.020267537
0.02032481
0.020293206
0.020227524
0.020161508
0.020304063
0.020233
0.020132983
0.020082647
0.02023418
0.020171165
0.020104714
0.020063274
0.02017844
0.020134658
0.020035414
0.019984156
0.020175094
0.020128036
0.019961664
0.019912342
0.020195166
0.020130755
0.01990817
0.019871507
0.020153096
0.020092646
0.019849109
0.019811498
0.020101765
0.020035723
0.01978942
0.01974568
0.020065947
0.019992173
0.019705703
0.019661924
0.01998253
0.01989247
0.019653888
0.019621303
0.019785035
0.019669808
0.019672005
0.019620605
0.01954858
0.01947339
0.019555548
0.019450495
0.02004331
0.019493831
0.019405574
0.019443506
0.019263355
0.019649178
0.01959484
0.019276807
0.01932814
0.019261127
0.019288536
0.019175189
0.019189103
0.019130865
0.019187614
0.019092865
0.019144602
0.018926619
0.019117145
0.019063935
0.018759025
0.018763637
0.018958585
0.018955598
0.0185698
0.01855945
0.018915758
0.018857015
0.01845894
0.018483853
0.018587822
0.018485712
0.018511644
0.01848506
0.01830967
0.0181973
0.018594088
0.01843276
0.01819888
0.01809504
0.018269597
0.017997505
0.018345572
0.018134765
0.01799846
0.018013725
0.017962387
0.017847605
0.017586885
0.017705882
0.017421678
0.017521478
0.017299078
0.017360866
0.01721027
0.017533893
0.017363572
0.017143294
0.018646317
0.019175168
0.019558892
0.019012423
0.017092695
0.020189473
0.0244604
0.024028352
0.021802181
0.019757247
0.01729282
0.01888884
0.020895647
0.019538421
0.018803114
0.01944161
0.018351212
0.019366527
0.0201854
0.018547643
0.019227
0.020688692
0.019173682
0.018699812
0.019165738
0.017993068
0.019057736
0.020132452
0.018404914
0.018183822
0.018814065
0.01757307
0.018244026
0.019038217
0.017244227
0.017812865
0.01931031
0.017857136
0.017396012
0.017725417
0.016594714
0.01885193
0.020217443
0.018170344
0.016994288
0.01756745
0.016740194
0.017704988
0.018245552
0.016780071
0.017799022
0.019064467
0.017318273
0.016748378
0.0173292
0.016350655
0.018276501
0.020195251
0.018437007
0.016561849
0.017497532
0.018054767
0.017179884
0.01719367
0.017317802
0.017224604
0.016931767
0.016375199
0.017106125
0.017507508
0.016201144
0.016985983
0.01814057
0.017137937
0.016365988
0.01641518
0.016394757
0.01621897
0.015906379
0.015929978
0.015764974
0.015649064
0.015693748
0.015555412
0.01590001
0.015804691
0.015724765
0.015494458
0.01591591
0.01580969
0.015488523
0.015231766
0.01593681
0.01599416
0.015216116
0.015226394
0.015470847
0.015342894
0.015361934
0.015390572
0.01501136
0.014905275
0.015122485
0.015032631
0.015182037
0.015043606
0.014824239
0.014719612
0.01498438
0.0149302045
0.014545884
0.014441565
0.015076759
0.0149950115
0.014302132
0.014259055
0.014649161
0.014366812
0.0147102475
0.015008692
0.01434217
0.014726673
0.014340467
0.014662024
0.014912765
0.013955311
0.015219507
0.016007738
0.014337324
0.014834636
0.016135873
0.015854705
0.014457884
0.01539047
0.016105136
0.015546354
0.014284882
0.014723881
0.015549808
0.014800988
0.013767968
0.014326793
0.014508569
0.013679435
0.013679174
0.013884476
0.013558868
0.013876573
0.013495765
0.014293128
0.014191422
0.013807547
0.013664153
0.013345655
0.0133342715
0.013347026
0.013509293
0.0131756365
0.013282326
0.013462729
0.013199695
0.013079192
0.013319406
0.01361689
0.0131165935
0.013705853
0.0140996715
0.014421172
0.013566946
0.013811662
0.014016674
0.013943494
0.014036168
0.012964591
0.014459708
0.0152146695
0.015077268
0.0150030665
0.013479712
0.014323473
0.015069236
0.014920409
0.015333268
0.014412236
0.013958045
0.013637945
0.013478304
0.013396169
0.014337294
0.014285074
0.013546274
0.013343196
0.012956479
0.012979753
0.012966715
0.012948938
0.01281938
0.012839881
0.01280057
0.013017955
0.012758236
0.013755332
0.013759238
0.012946074
0.012620161
0.0137668885
0.013692188
0.0133622205
0.013546926
0.012950865
0.012588152
0.014210594
0.014974018
0.013990802
0.013831638
0.013115657
0.014095616
0.014648192
0.013255659
0.014779113
0.016152276
0.014148581
0.013648448
0.014505523
0.013279139
0.013775102
0.014659629
0.01305122
0.013793451
0.015076292
0.01354263
0.013183969
0.0137843415
0.012598769
0.014440238
0.015788848
0.013741727
0.012907893
0.013800557
0.012728543
0.01377629
0.014890295
0.013250303
0.012989542
0.013904518
0.012695291
0.013502389
0.0144162625
0.012916871
0.013177651
0.014306985
0.012945227
0.01295941
0.013679117
0.012583357
0.013503227
0.014637407
0.013045799
0.012781327
0.013475768
0.012470218
0.013619513
0.014879663
0.013231111
0.0125722485
0.0131698875
0.012369312
0.013679247
0.014882472
0.013200618
0.012538682
0.013102792
0.012300662
0.013831706
0.015166242
0.013441227
0.012393606
0.012896706
0.012287914
0.013688427
0.014824849
0.01325049
0.012680095
0.013260356
0.012532443
0.013215314
0.0139929475
0.012705646
0.0129704205
0.013851464
0.012743075
0.0126001835
0.013206873
0.012297735
0.013241544
0.0141425505
0.012816958
0.012551402
0.013172739
0.012332053
0.0131676495
0.014027792
0.0128053725
0.012526733
0.013138026
0.012304244
0.013009671
0.013715942
0.012557033
0.01267532
0.013406027
0.0123823015
0.012781359
0.013481972
0.012427534
0.012731862
0.013560635
0.012488994
0.012543065
0.0131542655
0.0122750485
0.012869504
0.013737726
0.012579967
0.012427315
0.01297513
0.012203903
0.01299985
0.013937559
0.012745403
0.012350199
0.012849569
0.012269794
0.012825786
0.013583764
0.012588439
0.012559253
0.013134901
0.01250988
0.012596325
0.013164234
0.012453296
0.012766297
0.013402832
0.0126997605
0.012569613
0.013077036
0.012422497
0.012760922
0.013157097
0.012375668
0.012681323
0.013268699
0.01228715
0.012573261
0.013132226
0.012205715
0.012575616
0.013332856
0.012349005
0.012344714
0.012897693
0.012165119
0.0126295285
0.0133679025
0.012391057
0.012304244
0.012762316
0.012105811
0.012649457
0.0133343935
0.012330306
0.012316786
0.012803853
0.012104105
0.012538395
0.013183904
0.012208517
0.012327698
0.012881168
0.012108942
0.012430985
0.013100014
0.012192764
0.0122566195
0.012765822
0.012036567
0.01247334
0.013150133
0.012212311
0.012199499
0.012692635
0.011998492
0.012491691
0.013195788
0.012252119
0.012112137
0.01255254
0.011933205
0.012573153
0.01330446
0.012326014
0.01204788
0.01245191
0.0119160535
0.012615715
0.01338764
0.012421102
0.012058291
0.012520169
0.012096482
0.01239439
0.013083656
0.012404879
0.012311746
0.013032768
