0.28753072
0.08201039
0.06003632
0.030886583
0.036254376
0.033877734
0.022757918
0.03081853
0.03613567
0.027749551
0.021396214
0.02527149
0.026819134
0.023410529
0.021410177
0.022859693
0.02244164
0.02116098
0.02296626
0.023089299
0.021295503
0.022709766
0.02383861
0.022703117
0.021478841
0.022162482
0.022660697
0.02152001
0.021641776
0.021935835
0.021551147
0.021303847
0.021076387
0.02112195
0.021072442
0.02067641
0.020876175
0.020883178
0.020363497
0.02102916
0.0208729
0.020469869
0.020696072
0.020521674
0.02055853
0.020543804
0.020455971
0.020473093
0.020376926
0.020526469
0.020287795
0.021225939
0.021278685
0.020290168
0.021509422
0.022094434
0.02110113
0.020992493
0.021120071
0.020682948
0.021066532
0.02091985
0.020330774
0.020819085
0.020690244
0.020281091
0.020369673
0.020227298
0.020264108
0.02019254
0.02013082
0.02037439
0.020267857
0.020190334
0.020148871
0.020138754
0.020007156
0.019918425
0.019796504
0.019820651
0.019734893
0.019583896
0.019176362
0.018942485
0.018615507
0.01838099
0.018029248
0.018025408
0.017683623
0.017012646
0.016691113
0.016464798
0.016261062
0.016135478
0.01585926
0.015917035
0.015653742
0.015819592
0.015451369
0.015719583
0.015376791
0.0153001165
0.015266771
0.0147022335
0.014868364
0.014635213
0.015216049
0.015076618
0.014244345
0.014240862
0.014059917
0.014082798
0.013857805
0.014084376
0.013733283
0.014899935
0.015450071
0.014182617
0.014283672
0.015107679
0.014174613
0.013738044
0.014004624
0.013478939
0.0140459165
0.014502141
0.01353537
0.013646281
0.014212061
0.013454375
0.013454293
0.013802171
0.013138048
0.013636921
0.014219463
0.013367601
0.013135794
0.013478104
0.012983024
0.013394669
0.013876498
0.013131826
0.013024166
0.013390433
0.012913931
0.01306676
0.013401111
0.01283648
0.013173804
0.013704698
0.013056259
0.012795477
0.013209395
0.012884379
0.012797059
0.013304054
0.012888238
0.012652773
0.012797295
0.012629941
0.01283108
0.013256771
0.013096691
0.013113067
0.0125793815
0.013861828
0.014121033
0.012961894
0.013070494
0.012757442
0.014206256
0.015210913
0.013468322
0.013900329
0.014334586
0.012715799
0.014217819
0.015985714
0.01436377
0.013255714
0.013631967
0.012903235
0.01293854
0.013056477
0.012843319
0.012663662
0.012850694
0.01278841
0.0129328435
0.01291076
0.0126864975
0.012448552
0.01291778
0.013015847
0.0129992515
0.012894471
0.012412879
0.012291148
0.012988697
0.013083749
0.013116706
0.012962122
0.012498689
0.012497101
0.012607542
0.012571792
0.012361926
0.012225528
0.012558826
0.012573194
0.012410931
0.012379271
0.012353561
0.012225377
0.012246114
0.01210047
0.012045878
0.012158957
0.012055079
0.011976823
0.012035106
0.012006737
0.012007694
0.011891414
0.011916044
0.011856149
0.011880384
0.011823393
0.011753497
0.011758752
0.011704731
0.011730445
0.011577569
0.011755566
0.01162139
0.01208469
0.012398876
0.011836593
0.011855699
0.011701193
0.011739858
0.011607268
0.011424133
0.011445249
0.011290483
0.011289466
0.011361304
0.011109754
0.011128686
0.011109176
0.01091693
0.011066183
0.010999579
0.0108873
0.010706782
0.011040133
0.010990213
0.01068079
0.010785714
0.01052282
0.011205979
0.01145346
0.010642814
0.011007856
0.011534266
0.010998341
0.010544215
0.010979001
0.010789245
0.010277369
0.010244092
0.010245497
0.010373727
0.010170803
0.010499199
0.010251532
0.010336775
0.010192926
0.010159771
0.010165707
0.010053822
0.010035928
0.010157119
0.00993911
0.010899154
0.011285201
0.010157782
0.011866351
0.01390254
0.012775349
0.0103517445
0.011811978
0.014457871
0.014036145
0.011207362
0.0100874705
0.011102592
0.011120913
0.010386352
0.0101210475
0.010154138
0.010246051
0.009934099
0.009649531
0.009945695
0.009675642
0.009661854
0.00965014
0.009345473
0.00938119
0.009289275
0.009228452
0.009263902
0.009094774
0.009250583
0.009051476
0.009178423
0.009262603
0.0088885315
0.009102636
0.009054254
0.008691229
0.008761303
0.008822144
0.008568712
0.008514099
0.008455142
0.008339393
0.008577871
0.008420692
0.008299577
0.008593753
0.008312757
0.009254731
0.008723523
0.008584763
0.008828099
0.008197715
0.008319893
0.0077872537
0.007807931
0.007856223
0.007825337
0.007618141
0.0086659705
0.008442232
0.008151973
0.008198354
0.0076522133
0.0074160346
0.008054442
0.007806973
0.008086313
0.007956718
0.00798696
0.007676715
0.0076181926
0.0074873418
0.007948065
0.0077467537
0.0077549987
0.008040235
0.007093513
0.008053702
0.008287064
0.007853358
0.007355491
0.0076555796
0.007774619
0.0077653383
0.007432809
0.007379224
0.0074409284
0.0072939824
0.0069878926
0.0073307157
0.007088374
0.0077937753
0.0073457137
0.00717147
0.007288732
0.0070399023
0.0069537065
0.006942755
0.006725916
0.0075196256
0.007257967
0.0067661353
0.006764607
0.0069674724
0.006795419
0.0068835304
0.0068611116
0.006695988
0.006532442
0.0070427204
0.0070625967
0.0064874548
0.00647427
0.006595686
0.0064087682
0.006865705
0.006560433
0.0067023635
0.006558807
0.0066447947
0.0066377674
0.0063582286
0.006325051
0.0064664236
0.0063286
0.006467433
0.006367943
0.00629721
0.0062424378
0.006355433
0.0062556304
0.0062030195
0.006121341
0.006235001
0.0060934094
0.0062099374
0.0060549825
0.0062313215
0.0061080493
0.006075623
0.006033365
0.0060112514
0.0059398212
0.0059930184
0.005899536
0.005923541
0.005814988
0.005952854
0.0058059148
0.0058832937
0.0057943664
0.0057785953
0.005705839
0.0057689473
0.005673852
0.0056738057
0.005576721
0.0056689777
0.00554795
0.0056321775
0.005463982
0.005636562
0.005485253
0.0055445745
0.0054074586
0.0054448233
0.0053052767
0.005531142
0.005440574
0.0052259318
0.005135423
0.0055325753
0.0054800794
0.0050688237
0.0050757467
0.0053523593
0.0053924
0.0050205532
0.0051211915
0.0050902385
0.0051221005
0.005063122
0.004942871
0.005382066
0.005508295
0.0047815265
0.005237477
0.0047421325
0.005163466
0.004842888
0.005069043
0.005593028
0.0048180893
0.00505013
0.0052362476
0.0048741773
0.0048635993
0.004900517
0.004771938
0.004935903
0.0046638325
0.004978269
0.005006216
0.0051832553
0.004802296
0.0048025516
0.0048207087
0.004687413
0.004602771
0.0048097814
0.0047477307
0.0045690225
0.00462521
0.0044583515
0.0044134073
0.0047199596
0.0045679547
0.0043674125
0.00443224
0.0042382437
0.004195032
0.0042304345
0.0043008104
0.0041346136
0.004193736
0.004068367
0.0043538953
0.0043680533
0.004153866
0.0044181184
0.0042897365
0.0042699273
0.004343547
0.004201753
0.0041792784
0.0042897775
0.004072917
0.003985753
0.004051204
0.0040892153
0.0039740507
0.003962995
0.003896067
0.0039651943
0.0041146656
0.004003708
0.0039542816
0.0042575193
0.0038881972
0.0046870466
0.0049520805
0.0044776932
0.0043882537
0.0043927752
0.004489053
0.0042744204
0.004060713
0.0043043983
0.004160511
0.0043358547
0.004236138
0.004053376
0.003986904
0.0040022884
0.0038356862
0.0043758973
0.0042409804
0.003831959
0.0037592126
0.0040400806
0.0038277283
0.00409163
0.0040132613
0.003777139
0.0036758573
0.003984801
0.0037922096
0.0039606337
0.0038125187
0.0038216768
0.0037251553
0.00391153
0.0038034276
0.0038421657
0.0037519394
0.0037704576
