0.42662907
0.06908693
0.12355552
0.13764875
0.13020222
0.12472061
0.12567894
0.12330196
0.123141386
0.124878705
0.123827524
0.12392054
0.12423319
0.12290911
0.1228951
0.123764396
0.12330573
0.12336546
0.12349138
0.12286057
0.12280207
0.12406879
0.12403089
0.12275577
0.12619248
0.12928957
0.12754546
0.123527415
0.1241722
0.1272672
0.12673195
0.12363366
0.12342111
0.1250822
0.12433016
0.1227206
0.12550998
0.12878549
0.12799656
0.12439406
0.12277784
0.123695254
0.12328771
0.12265245
0.12267884
0.122811556
0.12269509
0.12291338
0.12293372
0.12258778
0.122559495
0.12309996
0.123031914
0.12251231
0.122488715
0.12291173
0.12275654
0.12246475
0.12244385
0.12253068
0.122422814
0.12250796
0.12248957
0.12225283
0.12218344
0.12261873
0.12259712
0.12202213
0.12332449
0.1243217
0.12321863
0.12172782
0.123618625
0.12611783
0.12595563
0.123449534
0.12127024
0.12379084
0.12781356
0.1285426
0.12560284
0.12179489
0.121086694
0.122659884
0.12282296
0.12139666
0.12040665
0.120472185
0.120126516
0.120655656
0.12069658
0.11975932
0.11994157
0.120382845
0.11967813
0.119188674
0.11930257
0.11900241
0.11977122
0.120258205
0.11938834
0.118983306
0.11923621
0.11878974
0.11940473
0.119850956
0.11904021
0.11887864
0.119265445
0.11877608
0.11903443
0.119437575
0.118804015
0.118970715
0.11941936
0.118806295
0.118831545
0.119197756
0.11865959
0.118978895
0.11941484
0.11876026
0.11875083
0.119101524
0.11858302
0.118897416
0.11934719
0.11871769
0.11867253
0.1190235
0.11853481
0.11883005
0.119252466
0.11864237
0.118650995
0.11900228
0.11850053
0.11878117
0.119191885
0.11858567
0.11863166
0.119020306
0.11850194
0.11867047
0.11904248
0.11849376
0.11866647
0.11908218
0.118522495
0.11857414
0.11890904
0.11841651
0.11871218
0.1191501
0.11855298
0.11848578
0.118789256
0.11835307
0.118754886
0.11921146
0.11858195
0.11841712
0.11869421
0.118301116
0.11879232
0.119271554
0.11861515
0.118350774
0.118598126
0.11825631
0.11881832
0.119293846
0.11861148
0.11831399
0.1185534
0.11822236
0.118810534
0.119296886
0.11861434
0.11826188
0.118474185
0.11818311
0.118810736
0.11928597
0.11859101
0.118233204
0.118437625
0.11814328
0.11883088
0.11933098
0.11863481
0.11816809
0.118344545
0.11810764
0.118789256
0.11924245
0.118536085
0.11820898
0.11838492
0.1180852
0.118771575
0.119301856
0.11863143
0.11814976
0.1182706
0.118044354
0.118635654
0.11896932
0.118431546
0.118561305
0.11885891
0.11822217
0.118362874
0.11880877
0.118320525
0.118172884
0.118451975
0.11810862
0.118338145
0.11856977
0.118086435
0.11835027
0.1187508
0.11827463
0.11812562
0.11834695
0.117994405
0.118298806
0.118598066
0.11809046
0.11825838
0.118550576
0.118054695
0.11823944
0.11862508
0.11812153
0.11804226
0.11829823
0.11793063
0.11825991
0.11861455
0.11804268
0.118048996
0.11837828
0.11796238
0.11808253
0.11840293
0.11794731
0.11800776
0.118278705
0.11786566
0.11808751
0.11842537
0.117928095
0.11792624
0.11820003
0.117800474
0.11799926
0.1183139
0.11781744
0.11787468
0.118145764
0.11770173
0.11791152
0.11823631
0.117722295
0.11763824
0.11790818
0.11743768
0.1174917
0.11775706
0.11727929
0.117515326
0.11778601
0.1172686
0.11733699
0.11755383
0.11708365
0.117313445
0.11759255
0.11706846
0.117143266
0.117334984
0.11679834
0.11720856
0.11753116
0.11670097
0.11675056
0.11700676
0.11632905
0.11750425
0.11794355
0.11648708
0.11643783
0.1167908
0.11613035
0.11645312
0.11744229
0.11637866
0.115252875
0.11522117
0.1145491
0.1134065
0.09025433
0.14611633
0.16740863
0.12674317
0.10405513
0.10309858
0.10432524
0.10057578
0.0932549
0.0929723
0.0959515
0.09276003
0.0877564
0.086960115
0.08736637
0.08697379
0.08580732
0.0854336
0.085534476
0.0852179
0.0848485
0.08458606
0.084095836
0.0837658
0.08353734
0.08285596
0.0822061
0.08175558
0.081016146
0.080366634
0.07999737
0.07884624
0.07880779
0.078632824
0.07770159
0.077032305
0.07654074
0.07664885
0.075518094
0.075323336
0.0756545
0.075117834
0.074482344
0.07332224
0.073192716
0.07253074
0.07171732
0.07176431
0.07114621
0.07143524
0.07136937
0.07123664
0.07102827
0.070121385
0.06989027
0.070296414
0.07001969
0.07072957
0.07054357
0.06964969
0.069343634
0.06965465
0.069183305
0.06947667
0.06940164
0.06859291
0.06819862
0.06865725
0.06855596
0.068101525
0.06800025
0.06759155
0.06714853
0.0681354
0.06821636
0.06718572
0.06726731
0.06769926
0.06684504
0.06744811
0.066899925
0.06676913
0.067365296
0.06725511
0.06720371
0.06620458
0.06600676
0.066052586
0.06578929
0.06597861
0.06545111
0.06515031
0.06513063
0.066379555
0.06468022
0.06719669
0.068018585
0.06590197
0.06714802
0.06774801
0.06632719
0.066372894
0.06560836
0.06485081
0.06456227
0.06394177
0.063628115
0.06409528
0.06419317
0.06361979
0.06402995
0.063748516
0.06379672
0.0638553
0.06344369
0.0639532
0.06316771
0.063241966
0.06423781
0.06393997
0.062931694
0.06278667
0.062604636
0.062384408
0.06354406
0.062939584
0.06303369
0.06291278
0.062904276
0.062265236
0.06319701
0.06340931
0.063227825
0.0631576
0.061702084
0.061927196
0.06220749
0.062229764
0.061828002
0.06169924
0.061964784
0.062037736
0.061826367
0.06149213
0.061621632
0.06209113
0.061693504
0.06284439
0.06263076
0.06266823
0.06173843
0.062544115
0.063104056
0.06234626
0.06214087
0.06159005
0.06133774
0.06174026
0.061310276
0.062207818
0.061446995
0.063216746
0.06334279
0.061117094
0.06412592
0.065764226
0.06336998
0.063870065
0.06330188
0.061834294
0.063071765
0.06231424
0.06183256
0.062108334
0.06109445
0.0609758
0.06182004
0.061187718
0.062390503
0.0627012
0.062168557
0.06242464
0.060892034
0.062883236
0.06447216
0.064133495
0.06395986
0.061910253
0.0629439
0.06438885
0.06262519
0.065575875
0.06594971
0.06224543
0.06497011
0.068366714
0.06413584
0.061149996
0.061843175
0.06088163
0.06358872
0.064883
0.061752398
0.06404647
0.066260725
0.06336367
0.061172295
0.06194383
0.061075926
0.062525205
0.06284355
0.061089415
0.0638122
0.06640258
0.06325361
0.061737835
0.062693946
0.06139766
0.06134082
0.062054854
0.060790148
0.06201163
0.062474083
0.061368722
0.061522674
0.06120747
0.061864246
0.06190758
0.060566694
0.0606291
0.06132841
0.060936987
0.06059761
0.060605902
0.061079115
0.06050675
0.06165715
0.062057983
0.060404878
0.062197298
0.06302619
0.06160527
0.06315539
0.06356842
0.06092732
0.06763876
0.06969396
0.06444768
0.061493088
0.064325154
0.06748438
0.06497283
0.066382475
0.064799584
0.061409295
0.06119819
0.06140174
0.06139952
0.061720163
0.061717328
0.061366234
0.060723633
0.061422262
0.0617162
0.060946345
0.060875032
0.060527008
0.060424972
0.06053816
0.060135335
0.061826658
0.06174316
0.06037982
0.060396314
0.06030244
0.05998811
0.060387623
0.060728323
