0.2900532
0.0861127
0.052994866
0.03171521
0.03377721
0.027981758
0.024943246
0.027197612
0.024995133
0.022750007
0.023617977
0.022484556
0.023741925
0.024078349
0.022246534
0.02357083
0.024696829
0.022889279
0.021656191
0.023070859
0.022610107
0.021936879
0.02133208
0.021772474
0.02175036
0.021324664
0.020706479
0.02083261
0.02086758
0.02059911
0.020192469
0.020216152
0.020181574
0.020524124
0.02025746
0.019706698
0.019556405
0.02021234
0.0199451
0.019306539
0.01920919
0.019554643
0.01929828
0.018943623
0.01889456
0.018696854
0.018599452
0.018313134
0.018352618
0.018031465
0.018391294
0.018365616
0.017620878
0.01759891
0.017622998
0.017314138
0.01756005
0.017285787
0.017430617
0.017454227
0.017559698
0.017308667
0.017063528
0.01761807
0.017124722
0.01777462
0.017879097
0.016998818
0.019616352
0.021352021
0.018960986
0.01712282
0.017626418
0.017803578
0.017211387
0.017130444
0.01746518
0.017215172
0.016730053
0.017038273
0.016675211
0.017135462
0.01727804
0.016462805
0.01887253
0.021279663
0.019561516
0.01711186
0.017635033
0.018732943
0.018153718
0.017069103
0.017119817
0.01743451
0.016951881
0.016682958
0.016823523
0.0167944
0.016410897
0.016736368
0.016725266
0.016174778
0.016854167
0.017269768
0.016250774
0.016520364
0.017120676
0.016472058
0.016094709
0.016375808
0.015998516
0.01638976
0.016813537
0.01623279
0.016064331
0.01649568
0.01603553
0.016002845
0.016244456
0.016105307
0.015610662
0.01597594
0.015793564
0.015596216
0.015602443
0.015457417
0.015453577
0.015243907
0.015207048
0.015148218
0.015085715
0.01506908
0.014911513
0.014881543
0.014714025
0.015198433
0.014839791
0.014968879
0.015064103
0.014477178
0.014840998
0.014902013
0.014336365
0.014484987
0.014506087
0.014310014
0.0139169665
0.0146118915
0.015186187
0.014695677
0.014085911
0.014218693
0.014152472
0.013765614
0.013752748
0.013669215
0.0137293795
0.013566921
0.013399504
0.013356191
0.013420895
0.013305031
0.013252966
0.013281542
0.013011433
0.013369608
0.01325911
0.013741325
0.014188726
0.013270721
0.013820385
0.015009627
0.013904479
0.013058702
0.013329193
0.012858872
0.013205218
0.0135034025
0.012474758
0.013552901
0.014829378
0.013768844
0.012424402
0.013151299
0.013303582
0.012600358
0.013047342
0.013326645
0.01255545
0.012556379
0.013014709
0.012522227
0.01225778
0.012333374
0.012247835
0.0121239275
0.012083135
0.012048156
0.011950933
0.012026005
0.011850002
0.011913161
0.011864715
0.011647473
0.01154548
0.011817995
0.011688981
0.011677769
0.011660869
0.011555166
0.01145003
0.0116515085
0.011566085
0.011284602
0.011271328
0.011201307
0.011235944
0.011298229
0.01104783
0.0118320035
0.011660817
0.01099931
0.011543288
0.0115888985
0.010827017
0.012799785
0.014578044
0.013452932
0.011517055
0.011558016
0.013170195
0.012904326
0.010963988
0.012366675
0.014913869
0.014037403
0.011253701
0.01147078
0.013447751
0.012968347
0.011469814
0.011311608
0.012034796
0.011909473
0.011507195
0.01116541
0.011009817
0.011048389
0.010776944
0.010576911
0.010644846
0.010364556
0.010315352
0.010386485
0.0103967255
0.010247671
0.010372393
0.010438432
0.0101254145
0.00999157
0.009997833
0.0097648995
0.009863254
0.009674952
0.009873479
0.009729088
0.00972616
0.009820339
0.00954258
0.009998724
0.009514872
0.010357894
0.010915853
0.010008034
0.00974187
0.009881782
0.010054036
0.010032526
0.009356155
0.009943568
0.010617513
0.01004142
0.009359352
0.009611266
0.009805098
0.009407601
0.009211336
0.009322374
0.009448937
0.0088856965
0.009480418
0.010087232
0.009397794
0.009043611
0.009101844
0.009310575
0.0091446
0.008613604
0.009111983
0.008843114
0.009085347
0.009090613
0.008672967
0.008710043
0.00858643
0.008671118
0.008474265
0.008665592
0.008592156
0.0082502505
0.008313168
0.008241255
0.008149701
0.008458312
0.008514885
0.008026282
0.008029754
0.008265992
0.007963817
0.0084710205
0.008756028
0.007913889
0.008781314
0.009200706
0.008404936
0.008647103
0.008510612
0.008302999
0.00864574
0.008113221
0.008062967
0.008276078
0.00780667
0.008181448
0.008189836
0.007911933
0.0077989125
0.007573875
0.007619105
0.0074828044
0.008139692
0.007820495
0.0079210065
0.0074500083
0.007456765
0.008116177
0.0077085407
0.008131853
0.007961299
0.008422741
0.008391723
0.007815785
0.008001122
0.0076076165
0.0077010915
0.007515582
0.007418334
0.0073281215
0.0072015747
0.0072726854
0.0070423023
0.0071699712
0.0072428673
0.0068732114
0.006937199
0.0069909687
0.0069377297
0.0069451514
0.0068356604
0.006706994
0.00670593
0.0068635787
0.006593486
0.0074071046
0.0074336105
0.006646599
0.007248637
0.007395809
0.0066696056
0.0068468745
0.0066242986
0.0070557427
0.007026943
0.006556665
0.0065980763
0.006582593
0.0064593367
0.006475476
0.0064088292
0.0062750285
0.0063617886
0.006504821
0.0065174713
0.006225756
0.0070525757
0.006619138
0.0068057515
0.0070612314
0.0066557657
0.0064781844
0.0063910987
0.0062565296
0.006437883
0.0060658157
0.0067766146
0.0065665
0.006329156
0.0064219832
0.0062572868
0.006112635
0.0065015233
0.0062871594
0.0062218406
0.0063380213
0.0059155882
0.0059126816
0.0058811307
0.005807781
0.0059075356
0.0057133795
0.005949573
0.0058369343
0.0056626783
0.005998233
0.005523278
0.0060038236
0.0057404377
0.00610937
0.006546709
0.0058082254
0.0061109685
0.0061607095
0.0056900703
0.0059468113
0.00586123
0.005613169
0.0056542438
0.0055271126
0.005449908
0.0055821366
0.0055435025
0.005453165
0.005472865
0.0052477256
0.005453507
0.005380383
0.0053324928
0.0052465512
