0.28898087
0.1141912
0.05851762
0.03238559
0.03557114
0.0307699
0.024634197
0.030520936
0.033183437
0.024883965
0.024070583
0.026794612
0.02486757
0.022866577
0.023091257
0.023444667
0.023033494
0.02162095
0.023692667
0.024658432
0.02250188
0.021317467
0.022404432
0.021848952
0.021050522
0.021084754
0.021063024
0.020760924
0.02080508
0.02066388
0.02074587
0.02037312
0.021338241
0.021078445
0.020188412
0.020289993
0.020099865
0.020221872
0.019915754
0.020813426
0.020957468
0.019759776
0.020645833
0.021420486
0.020264672
0.019256502
0.01964398
0.019046614
0.019631552
0.019715723
0.019093748
0.018678641
0.019180037
0.019041194
0.018191285
0.01839931
0.018180987
0.01774796
0.017677592
0.017264774
0.017941058
0.017618142
0.016875377
0.016758762
0.016925288
0.016486593
0.016494585
0.016591374
0.016236184
0.016059585
0.015929613
0.015964614
0.01545579
0.015713241
0.015623592
0.015548013
0.01495301
0.015677772
0.016063338
0.014929508
0.015282447
0.015196833
0.014284047
0.014805543
0.015045576
0.014380281
0.013762695
0.0140715875
0.013960473
0.013284959
0.01442783
0.014178239
0.014211786
0.013393848
0.013428164
0.013018859
0.014068187
0.012733103
0.012799859
0.012827545
0.012609693
0.012248732
0.013651773
0.013098837
0.013072755
0.01276407
0.012575126
0.012098007
0.012733735
0.01278391
0.012145837
0.012377593
0.012666258
0.012436372
0.011727326
0.012743897
0.012598806
0.011683139
0.011933957
0.012202136
0.012073249
0.011520405
0.012000573
0.012116742
0.011206806
0.011420845
0.011459152
0.010927645
0.012467552
0.012478395
0.011347443
0.011257437
0.011566703
0.011555419
0.010857382
0.011464608
0.011860244
0.010817765
0.01100986
0.01178715
0.010998946
0.0104844
0.011492354
0.011111076
0.01066249
0.010650094
0.011455488
0.010673273
0.011008793
0.011355765
0.010669827
0.010993118
0.011056022
0.0106612975
0.010668792
0.010492609
0.010440581
0.010528826
0.0100738425
0.0110956505
0.011136305
0.009865166
0.011823721
0.013051518
0.011304599
0.010209638
0.011458765
0.01098906
0.010062332
0.0110239545
0.011070241
0.00985596
0.011061599
0.011387871
0.01023074
0.010570324
0.011150251
0.010321464
0.010187696
0.0105500445
0.010557392
0.009741083
0.009862417
0.010127231
0.009687754
0.009800583
0.009989495
0.00927615
0.009913065
0.009708631
0.009666058
0.01010564
0.010027881
0.009680422
0.009410077
0.009508909
0.0091033885
0.009176525
0.0093222475
0.008964504
0.009496058
0.0093992455
0.008910707
0.009034577
0.00875066
0.009141282
0.009007085
0.008883111
0.008923554
0.008811948
0.008701518
0.008869708
0.00867803
0.008806229
0.008696911
0.008518013
0.008312755
0.009173789
0.009045149
0.008256347
0.008174784
0.008708408
0.00848348
0.008412549
0.008381584
0.008146186
0.00822848
0.0081928745
0.008015119
0.008388052
0.0082727
0.007910843
0.0078104357
0.008256958
0.008066018
0.007854977
0.0077377423
0.008052911
0.007993434
0.0075984453
0.007566418
0.0078003802
0.0075702188
0.007710384
0.007684972
0.007410118
0.0073811673
0.0075420537
0.007422471
0.0073710694
0.0073351194
0.00725879
0.007135878
0.007361982
0.007089084
0.0074373814
0.007462474
0.0068758656
0.007191518
0.006877965
0.00731503
0.0070335255
0.0070820604
0.0071311234
0.0067103147
0.006789765
0.0066171736
0.0068176812
0.0065456363
0.0071345293
0.007147476
0.006524466
0.006648265
0.00643963
0.006595522
0.0063934573
0.006734488
0.006640433
0.0062970673
0.006407853
0.006419132
0.006180622
0.006965792
0.0068578124
0.0063285083
0.0066231187
0.006183551
0.006455613
0.0061189313
0.006785048
0.0067236586
0.006085552
0.006388893
0.0060355794
0.00661703
0.0068562576
0.006105119
0.006610432
0.0070737884
0.0060898527
0.006383833
0.0067931437
0.005774697
0.00682087
0.0077476725
0.006946951
0.005810501
0.0068999142
0.007538263
0.006200569
0.006248222
0.006893314
0.0068416703
0.0058974386
0.0064642304
0.0071044625
0.0065702884
0.005832698
0.0062192096
0.0062755006
0.0061666644
0.0059058317
0.00621284
0.0059947385
0.0066033215
0.006400446
0.005838931
0.006115842
0.0058142697
0.005379734
0.006115228
0.0063038394
0.005962093
0.005690206
0.0053778733
0.0057883677
0.005474105
0.0059777326
0.0060305228
0.005898956
0.0058962316
0.0054066926
0.0057915724
0.0059642307
0.00542306
0.005639471
0.0052346564
0.006106811
0.00603804
0.0056084394
0.005922485
0.00576745
0.00548563
0.005924104
0.006104221
0.0050724954
0.0054235146
0.005756619
0.005161373
0.00579003
0.005422232
0.0054968335
0.005974322
0.0053863847
0.005066397
0.005637256
0.005480533
0.0050470494
0.0050194957
0.005076202
0.004897919
0.0053707273
0.0052130464
0.005440666
0.0051755696
0.0048740893
0.004800712
0.005287683
0.0052872156
0.0051608286
0.005133555
0.0046938765
0.0046353643
0.0049423785
0.004794417
0.005121592
0.005016588
0.0046710535
0.00453699
0.0052041477
0.005201921
0.004495296
0.004474843
0.004868052
0.0046629044
0.0046831644
0.00467693
0.004496218
0.00434178
0.004760485
0.004687004
0.004346708
0.004291346
0.004584052
0.0044812034
0.004257735
0.004206333
0.0044417675
0.0042611863
0.0044808304
0.0043330737
0.004258177
0.004135014
0.004336228
0.00422761
0.0042184093
0.004164725
0.004167588
0.0040822346
0.004175222
0.004074671
0.0040404135
0.0039026851
0.0041696085
0.0040684356
0.003880672
0.0038237683
0.003950914
0.0037888095
0.004153428
0.0041038566
0.0037318256
0.0038706325
0.0036980875
0.0037698739
0.00373853
0.0035936777
0.0042676893
0.003976436
0.00411799
0.0041285525
0.003870761
0.0039655683
0.0038284746
0.0038399335
0.0039989576
0.003600844
0.004144872
0.0040607466
0.0037301441
0.0038433375
0.0036598823
0.0037653465
0.0034488158
0.0042738747
0.004381425
0.0035779385
0.003856032
0.003596042
0.003705332
0.0039025594
0.0033775177
0.0038030378
0.003697484
0.0035737846
0.0036521617
0.0034722285
0.003439257
0.0034636382
0.0033790923
0.0033682138
0.0034550866
0.0032972738
0.0036952377
0.003431394
0.0034682956
0.003596571
0.0033110038
0.003210949
0.003390846
0.003229956
0.0034020692
0.003245564
