0.43897405
0.117135115
0.09318059
0.06429299
0.1013914
0.091210365
0.065404125
0.081369065
0.093294404
0.080406904
0.067102514
0.06575193
0.070216045
0.06839371
0.0646359
0.06390634
0.06491307
0.06451213
0.06333134
0.06462753
0.06535461
0.06459803
0.06385374
0.06347528
0.06383511
0.06425109
0.06359014
0.06332505
0.063204505
0.06364272
0.06370378
0.063188635
0.063322686
0.063110135
0.06394297
0.06418232
0.06316661
0.06350592
0.06387219
0.06327627
0.06329197
0.06353892
0.06296099
0.063438095
0.063856125
0.06323263
0.063311376
0.06370775
0.06328249
0.062928416
0.06320143
0.06319334
0.062777944
0.063255735
0.06318336
0.06274812
0.06284481
0.06268341
0.06281402
0.06277278
0.06267566
0.06265812
0.06256555
0.06271238
0.06251654
0.06282884
0.06290118
0.062610365
0.062437598
0.062436625
0.06232943
0.06211787
0.06196255
0.06171921
0.061617643
0.060946513
0.060767293
0.06044117
0.059541326
0.058882337
0.05825718
0.05826268
0.057447743
0.05727831
0.057230506
0.05653425
0.0563886
0.055935282
0.056305468
0.05609737
0.05578059
0.055744708
0.055292923
0.055181075
0.055024624
0.054726094
0.054581907
0.054556992
0.054444153
0.05423535
0.054106902
0.053966593
0.053819586
0.053758327
0.053532977
0.0535425
0.053259462
0.053340565
0.053301346
0.052843396
0.053014655
0.052694518
0.053199008
0.053367615
0.05278073
0.052544076
0.05271076
0.05237482
0.052280743
0.05212919
0.052344453
0.05241437
0.05196322
0.052244484
0.052529424
0.05223465
0.051657993
0.051954772
0.051905185
0.05149487
0.052367035
0.052284807
0.052739885
0.052253813
0.051644057
0.051423967
0.05177168
0.05152717
0.052321643
0.052506626
0.05159536
0.051849667
0.051964913
0.05166241
0.05155618
0.051175106
0.05143389
0.05159077
0.051420093
0.051112156
0.05079178
0.0508083
0.050804276
0.05053228
0.053165566
0.052805077
0.050606657
0.050642725
0.05018425
0.051093016
0.05095294
0.050615188
0.050445776
0.049575347
0.050162103
0.049639255
0.04904781
0.04872799
0.04817913
0.0475115
0.047642365
0.047014397
0.046373133
0.04566969
0.045182418
0.044617515
0.04399975
0.04313698
0.042929772
0.042047966
0.041992363
0.04168712
0.040621743
0.040128794
0.04025756
0.039413005
0.041812927
0.041499197
0.038722504
0.038874846
0.03816758
0.037945427
0.037516814
0.037997853
0.038037598
0.03663748
0.038819302
0.039429825
0.038639385
0.036352094
0.039675955
