0.28848046
0.05733748
0.066467084
0.037482385
0.025245741
0.02635125
0.024438767
0.023803338
0.022884717
0.023276499
0.02244494
0.021648973
0.022109538
0.02143166
0.02138952
0.021346254
0.020844564
0.021166569
0.020831324
0.02110628
0.02115407
0.020561598
0.021711996
0.021193543
0.021303097
0.021183968
0.021517247
0.021132395
0.020954976
0.021012163
0.020712182
0.0205891
0.020969436
0.020831151
0.020746136
0.020652046
0.020897096
0.020628924
0.020770222
0.020787729
0.0203393
0.02027773
0.020473612
0.020150714
0.020569997
0.020569941
0.01975322
0.020079395
0.019594299
0.019912789
0.01964222
0.019589834
0.019302513
0.019142067
0.018984243
0.018675443
0.01876869
0.018312901
0.019735187
0.020073188
0.018456606
0.01930059
0.019515112
0.018477133
0.018960077
0.0190067
0.017960073
0.01903799
0.019708907
0.01819822
0.01816382
0.018915815
0.018045643
0.017861282
0.018176561
0.017498417
0.01816762
0.018679602
0.01768846
0.017573467
0.017975422
0.017327597
0.017573161
0.018041305
0.017358301
0.017195702
0.017445331
0.016939834
0.01760107
0.018210953
0.017478652
0.0167749
0.016984908
0.016920717
0.016724383
0.016760707
0.016737096
0.016757539
0.016817402
0.016633818
0.01675161
0.016936883
0.016606096
0.01691603
0.01699462
0.01723366
0.016736135
0.016913338
0.017045336
0.016723448
0.016518353
0.016730072
0.01674096
0.016796557
0.01659344
0.016650924
0.016607875
0.01665945
0.01656419
0.01653205
0.016472844
0.01647196
0.016408363
0.016585222
0.016484903
0.016353097
0.016319076
0.016527133
0.016441796
0.016251571
0.016216105
0.016523767
0.016431471
0.016201507
0.01615967
0.016428731
0.01637189
0.016158374
0.016102685
0.016383419
0.016324943
0.016105978
0.016060663
0.016341165
0.016276678
0.01606333
0.015995597
0.01634391
0.01627568
0.01598343
0.015954211
0.016250001
0.016183466
0.01595173
0.01590439
0.016213426
0.01616132
0.015880616
0.015841931
0.0161169
0.01604963
0.015852213
0.015781805
0.016117148
0.016062632
0.015778763
0.015738526
0.01596996
0.015881494
0.015811399
0.015713105
0.01592138
0.01581893
0.015771141
0.015675917
0.015810626
0.015671456
0.015782451
0.015652072
0.015787622
0.01571673
0.015620534
0.015549041
0.015703557
0.015616466
0.015546923
0.015471066
0.015653016
0.015600788
0.015415159
0.015358997
0.0156022785
0.01553188
0.015321492
0.01525908
0.015536916
0.015443931
0.015245851
0.015172233
0.015435134
0.015329576
0.015149365
0.015062764
0.015276662
0.015129323
0.0151794
0.015026334
0.015109097
0.014971852
0.015042927
0.014930728
0.014930994
0.014838236
0.014904357
0.014803175
0.014734765
0.014705245
0.014614567
0.014672428
0.014539137
0.014461623
0.014667553
0.014450073
0.014279985
0.014101838
0.014294866
0.014105407
0.01408321
0.013975438
0.014036504
0.013968009
0.013909963
0.013877891
0.013836578
0.013766061
0.01400366
0.013888889
0.01365706
0.0139305135
0.0135018425
0.013615534
0.015105446
0.015538181
0.013515096
0.017062891
0.017957484
0.014003524
0.015426353
0.01724987
0.0151770795
0.013696157
0.015139598
0.015398624
0.013737072
0.014022532
0.014922394
0.013983549
0.013480193
0.014624591
0.014125113
0.013265452
0.014011708
0.013315509
0.013595519
0.0136962
0.012888576
0.013242398
0.012886401
0.012972556
0.013051584
0.012638368
0.012749319
0.01250353
0.012670414
0.012430967
0.012565784
0.012458769
0.012201454
0.012118384
0.012118936
0.011959124
0.0119109675
0.011842698
0.011736569
0.0116171455
0.011834368
0.011560184
0.01146679
0.011279744
0.011470788
0.011321537
0.01139303
0.011218991
0.011498372
0.011272844
0.011512919
0.011162874
0.01124009
0.010828797
0.011544348
0.011132263
0.010901331
0.0110034
0.011870556
0.011569339
0.011790223
0.011489752
0.011209033
0.011213583
0.010771588
0.011487116
0.011495054
0.011348429
0.011289452
0.011500177
0.010646227
0.011540659
0.011909408
0.0110759735
0.011049655
0.010888998
0.01125216
0.010630188
0.011319164
0.011134133
0.010953548
0.0114317285
0.010445453
0.010695279
0.01073153
0.010428678
0.010558587
0.010448436
0.010433235
0.010532613
0.010635414
0.010460756
0.010295931
0.01013717
0.009974762
0.01020671
0.010086681
0.01003523
0.009956607
0.010278442
0.010143085
0.009855813
0.010155745
0.010040074
0.009985163
0.009904517
0.0099279145
0.009756605
0.009665563
0.0100030275
0.009953818
0.009548742
0.009797588
0.009470709
0.0098335715
0.009762242
0.009597006
0.009803076
0.009518444
0.009614223
0.009554385
0.009535306
0.009996303
0.009455018
0.009526084
0.010082121
0.010396823
0.009759092
0.009984671
0.00973417
0.0101932315
0.010335413
0.010708232
0.009502261
0.009777576
0.0098330565
0.010474783
0.010136113
0.011014606
0.010469843
0.010633175
0.01028079
0.009584498
0.009571721
0.010016166
0.009716545
0.0097984085
0.009404976
0.01048323
0.010516211
0.009503652
0.010389761
0.009959384
0.009847386
0.009879269
0.009790185
0.009947167
0.009339643
0.00956359
0.009298638
0.009350538
0.0092465505
0.009170753
0.0093067335
0.0091183195
0.009551538
0.009476632
0.009396461
0.009065991
0.009361976
0.009199194
0.009142682
0.009190912
0.009215119
0.009265721
0.009033114
0.009033827
0.009196891
0.008840644
0.009410969
0.009590766
0.009654295
0.009422892
0.009289116
0.009206615
0.009219644
0.009255498
0.009328722
0.008867721
0.009359381
0.01109461
0.009913302
0.009907638
0.009500214
0.009662994
0.009572453
0.009440299
0.009566658
0.009460552
0.009366333
0.009188128
0.009079129
0.009020927
0.0088923685
0.0092443
0.009223827
0.008834161
0.008946159
0.008946822
0.009065203
0.008923942
0.0089165885
0.008856487
0.00887712
0.008780353
0.008718143
0.0092939185
0.009189331
