0.28837836
0.093316145
0.055428952
0.032461908
0.032848537
0.02801991
0.024561347
0.027662268
0.028031066
0.02258946
0.025362909
0.028931638
0.02614671
0.02303269
0.022758663
0.023758838
0.023906535
0.022628242
0.021798844
0.022297585
0.021788858
0.022007188
0.022206174
0.02205191
0.021616312
0.021824887
0.021818707
0.021637978
0.02126957
0.02157375
0.021377586
0.021065703
0.020951023
0.021008758
0.020711146
0.02074636
0.020787733
0.02043209
0.020614995
0.020445501
0.020353468
0.020352637
0.020094022
0.020291865
0.019989042
0.020291438
0.019985817
0.020229759
0.019968003
0.019210547
0.019028865
0.019217245
0.018760845
0.018927304
0.018977467
0.018091576
0.01898911
0.019197175
0.017882695
0.018473605
0.018991843
0.018382033
0.017877528
0.018297888
0.01822372
0.017701188
0.017860506
0.017659033
0.017785834
0.017738128
0.017520549
0.017376605
0.017690143
0.017562466
0.01716139
0.017187484
0.017176464
0.01707786
0.017219385
0.01712408
0.01728606
0.01715768
0.017175071
0.017115438
0.016978694
0.016963564
0.017067011
0.016973216
0.016951231
0.016910696
0.016858565
0.01677071
0.01700078
0.016942943
0.016744899
0.016756387
0.016810687
0.016710462
0.016834509
0.016823823
0.016587872
0.016567023
0.016865218
0.016838906
0.016669214
0.016859395
0.016655812
0.016566696
0.016462903
0.016796028
0.016852288
0.016564788
0.016582416
0.01677279
0.016815962
0.016197858
0.017510528
0.018724509
0.017791951
0.01677473
0.016409839
0.016806906
0.016625477
0.015938414
0.016471004
0.016675403
0.016108816
0.015847815
0.01591278
0.015891701
0.01548484
0.015715243
0.01588654
0.015431971
0.015166809
0.015115622
0.014851426
0.0149682285
0.014702198
0.014873763
0.015125919
0.014672023
0.01444756
0.01451194
0.013997224
0.014390017
0.014196895
0.013778643
0.013909198
0.013792136
0.013517027
0.013713512
0.013757333
0.01317814
0.013325382
0.01351143
0.013153057
0.013249564
0.013079678
0.013437103
0.01353697
0.013036535
0.013031091
0.013020503
0.012899791
0.01291693
0.013022501
0.012843055
0.012764062
0.01266839
0.012574342
0.012528197
0.012405567
0.012318556
0.012488592
0.01229845
0.012551092
0.012548595
0.012172635
0.01219863
0.01217446
0.012169027
0.012166269
0.012197036
0.011976801
0.012072963
0.011906777
0.012033262
0.012035283
0.0119001875
0.011905629
0.0117811
0.011923417
0.011958931
0.011831735
0.01187428
0.011981224
0.0120060155
0.011579712
0.0120822815
0.01224897
0.011672191
0.011936667
0.012052152
0.011623989
0.011724795
0.011599906
0.01158044
0.011640656
0.011310021
0.011712088
0.011781258
0.011408077
0.011466064
0.011481554
0.011169811
0.011555334
0.011479679
0.011311583
0.011292224
0.011238694
0.011215359
0.0111400485
0.011067067
0.011156052
0.011121173
0.011016565
0.01100453
0.010995171
0.010951689
0.011040312
0.010949612
0.010975334
0.010903656
0.010915488
0.010850169
0.010862307
0.010858059
0.0108077945
0.010769772
0.010802996
0.010712053
0.010758985
0.010767137
0.010630112
0.01062817
0.010671765
0.010622877
0.010597107
0.0105903195
0.010533894
0.010508661
0.010560251
0.010505386
0.010533652
0.010488178
0.010476984
0.010380196
0.01051521
0.010394939
0.010415609
0.010363524
0.010312938
0.010303422
0.010304437
0.010221309
0.010404548
0.010378975
0.010159771
0.01015344
0.0102820555
0.010158118
0.010225003
0.01016268
0.01006937
0.010111764
0.010059752
0.009998273
0.010312111
0.010132484
0.01016959
0.010101251
0.010100492
0.01016847
0.010019594
0.010323864
0.010294733
0.010155649
0.0103882225
0.010222477
0.009974392
0.010026892
0.01004516
0.009838485
0.010442487
0.010284766
0.010068557
0.010244134
0.009976328
0.009981606
0.009862409
0.009963405
0.009895656
0.009858283
0.009806781
0.009624382
0.010043822
0.009934197
0.009873895
0.009831785
0.0099462615
0.009766842
0.009878455
0.009842529
0.009820119
0.009880366
0.009745974
0.009931807
0.009647996
0.009702724
0.009687137
0.0094763
0.009676077
0.009697677
0.009366963
0.009701694
0.009489046
0.009371449
0.0093704825
0.009225287
0.0093578175
0.0092279315
0.009423889
0.009557878
0.009273291
0.009624633
0.009852655
0.009574931
0.00950436
0.009819316
0.009636965
0.009218262
0.009368013
0.009401317
0.009006961
0.009074035
0.0089762015
0.00899165
0.009032839
0.008918273
0.009148184
0.008972728
0.008744867
0.009613592
0.009725958
0.009148143
0.00883399
0.00928627
0.00940661
0.008921797
0.009111126
0.009259882
0.008718141
0.009504548
0.009707246
0.009496602
0.009088196
0.009345154
0.0091537265
0.009480785
0.009671621
0.008557203
0.0102385655
0.011281657
0.010357411
0.009548887
0.009526342
0.009085235
0.009696249
0.010480327
0.009691487
0.009333159
0.009723269
0.009247042
0.009073704
0.009380892
0.008762672
0.008579612
0.008416131
0.009204387
0.009263352
0.00870413
0.008415978
0.008513319
0.008400892
0.00869659
0.008407078
0.008321608
0.008243799
0.008385335
0.0082121715
0.008376526
0.008553714
0.00834614
0.008463826
0.008014503
0.008384653
0.008356233
0.008068404
0.008533978
0.008570864
0.007875578
0.008243869
0.00823659
0.007926488
0.00852568
0.008542571
0.007922433
0.008222911
0.008582019
0.0079160705
0.008563985
0.008974844
0.008247922
0.007963584
0.008738506
0.008932745
0.0077522285
0.0091368295
0.010389846
0.009617092
0.008473021
0.008287504
0.00876873
