0.2871733
0.07864816
0.04499842
0.030617109
0.031087935
0.02514571
0.024822047
0.025109215
0.02340927
0.021386728
0.022769004
0.02156728
0.021629011
0.022080367
0.020536458
0.023520047
0.025591468
0.023052908
0.020354487
0.022042153
0.02350629
0.022316778
0.020768477
0.020290367
0.02097047
0.021220261
0.019927109
0.020193066
0.020936241
0.020090481
0.019585552
0.019618431
0.019681552
0.0195101
0.01907344
0.019119343
0.01894735
0.018755695
0.018585393
0.018764729
0.01838514
0.01872742
0.018784814
0.018021239
0.019553095
0.020509915
0.019022914
0.01793011
0.018426022
0.018320419
0.01792301
0.017938862
0.017568544
0.017565928
0.017420357
0.017045874
0.016920727
0.017005293
0.016736455
0.01666423
0.016510494
0.016363269
0.016181983
0.016142046
0.015968809
0.015760744
0.015593276
0.015631862
0.015460655
0.015365046
0.0152544575
0.015335352
0.015126749
0.015256944
0.015137455
0.0150381625
0.014923524
0.015082686
0.014986279
0.014876671
0.014839135
0.014906914
0.014831184
0.014735577
0.014654681
0.014829796
0.014739119
0.014652125
0.01458129
0.014720607
0.014614433
0.0146252075
0.014528751
0.014633454
0.014564223
0.014525201
0.01449189
0.014499083
0.014420956
0.014560225
0.014500258
0.014396007
0.014334324
0.014529948
0.01444471
0.01435643
0.01430115
0.014456756
0.014405307
0.014272347
0.014214725
0.014432314
0.0143389525
0.0142758535
0.014221466
0.014357549
0.014323757
0.014188907
0.014149077
0.014301443
0.014213845
0.014215444
0.01414338
0.01426293
0.014184333
0.014180099
0.014126211
0.0141892405
0.014126581
0.014168951
0.014120276
0.014122847
0.014072369
0.01411165
0.014041715
0.01412977
0.014043439
0.014076312
0.013994907
0.014135885
0.014073357
0.013960116
0.013902382
0.014135592
0.014064014
0.013913524
0.013898534
0.013993259
0.01392698
0.013932834
0.013900918
0.01385548
0.013791573
0.0139388405
0.013847857
0.013794842
0.013727252
0.013868454
0.013812416
0.013734288
0.013682939
0.013758427
0.013681677
0.013793852
0.013906819
0.013667052
0.014232145
0.013528067
0.013985641
0.013692728
0.0138701415
0.013890388
0.013841983
0.014053862
0.014129759
0.0136349695
0.013875055
0.014010246
0.013700209
0.013691316
0.013782379
0.013553895
0.014353466
0.014689974
0.013548586
0.014469431
0.01547493
0.014591843
0.014848317
0.015277867
0.01427491
0.014107759
0.014742479
0.014160355
0.013761726
0.013973176
0.013958725
0.01365755
0.013929079
0.013823791
0.013372101
0.013381787
0.013373003
0.013370753
0.013303124
0.013281058
0.013400115
0.013273247
0.013897851
0.01401079
0.013423405
0.013565167
0.01385242
0.013813087
0.0136135565
0.013388735
0.013639723
0.013651013
0.013344172
0.013324092
0.0134191895
0.013391472
0.013226788
0.013421605
0.013365008
0.013902359
0.01412515
0.013334571
0.014750975
0.016028488
0.01496113
0.0135421455
0.014344004
0.01540527
0.014670459
0.013659991
0.01372161
0.014286715
0.014258198
0.013332107
0.013621974
0.014124493
0.013351638
0.01351205
0.013810426
0.013431032
0.013197721
0.013634101
0.013613127
0.013020416
0.0131854415
0.013149918
0.013003055
0.01313025
0.013070618
0.013010497
0.01314782
0.012960825
0.013037436
0.012930144
0.013217515
0.013364896
0.013058363
0.013207823
0.013086726
0.01296822
0.013284252
0.013292792
0.012952241
0.013074826
0.012987085
0.012874474
0.01306548
0.013256664
0.013006772
0.013059426
0.013139841
0.013430073
0.013313371
0.013126309
0.013093018
0.012826145
0.012815316
0.01291165
0.0127308415
0.0129284635
0.01294978
0.012797761
0.013131131
0.013096427
0.013537403
0.013415538
0.013006382
0.013201001
0.012880056
0.013182077
0.013098552
0.013408709
0.013405266
0.0128772
0.012691821
0.013215475
0.0133110965
0.013074134
0.012879245
0.012811224
0.012744721
0.013356279
0.01336961
0.012680237
0.012716279
0.012713823
0.012661715
0.012854602
0.012685443
0.012740421
0.012755859
0.01278773
0.012609285
0.012665723
0.012635519
0.012532233
0.012469097
0.012687241
0.012478076
0.01277526
0.012811079
0.012298075
0.012214025
0.013101949
0.013080721
0.012306127
0.012380262
0.01234495
0.012225757
0.012452169
0.012244669
0.0125529505
0.012546164
0.012255344
0.012172255
0.012415335
0.012248446
0.012246802
0.0122047765
0.012188961
0.012069809
0.012456465
0.012450613
0.011926054
0.011941075
0.0121198995
0.011965967
0.012237996
0.012219921
0.011860277
0.011783765
0.0122248335
0.012058589
0.011917777
0.011841219
0.011956707
0.011858978
0.011937752
0.011911247
0.011750755
0.011679694
0.011961612
0.011926468
0.011630859
0.011585762
0.011790149
0.011634074
0.011775955
0.011717498
0.011554788
0.011452649
0.011873129
0.011833386
0.011378997
0.011298671
0.011973787
0.011872932
0.011290486
0.011240892
0.011660128
0.011536724
0.011331834
0.0112927295
0.011354499
0.011257247
0.01141572
0.011609244
0.01117107
0.011241399
0.011343472
0.011076977
0.011312016
0.011298169
0.010917157
0.011049315
0.010885085
0.010851082
0.011217556
0.011146073
0.010934793
0.010967935
0.0107327
0.011986487
0.012357287
0.0109235225
0.011982876
0.012870103
0.0123347
0.012331822
0.011679265
0.011923526
0.011691936
0.011512622
0.011637469
0.011081532
0.011107667
0.011021
0.010872385
0.010977031
0.01088022
0.011185425
0.011075824
0.011075805
0.010945308
0.010965109
0.0109536825
0.010727651
0.010680818
0.011168227
0.011069189
0.010582767
0.0105096325
0.01101951
0.010922863
0.010750726
0.010714886
0.010574375
0.010450159
0.011181048
0.011201613
0.0104565425
0.010613498
0.010624913
0.010370321
0.011065796
0.011180366
0.010594684
0.0105409995
0.010767746
0.01050971
0.010534249
0.010603505
0.0104127005
0.010301582
0.010633226
0.010357056
0.010649252
0.010644984
0.0101476945
0.010063317
0.010407727
0.010192444
0.010483342
0.010444038
0.010377538
0.010146901
0.010510653
0.010142148
0.010804056
0.010815776
0.010001616
0.010030109
0.010314755
0.010226574
0.010230442
0.010299626
0.010002972
0.009937161
0.010136812
0.009992584
0.010002032
0.009959851
0.010041877
0.009903447
0.009932689
0.009804496
0.010019257
0.009871556
0.009960566
0.009761234
0.009934403
0.009665527
0.010103218
0.009836546
0.0097908685
0.009632485
0.009871068
0.009644452
0.009861611
0.009712228
0.009635989
0.009528278
0.0097925095
0.009731666
0.009463894
0.009430644
0.009700198
0.0096226
0.009422696
0.009405912
0.009478823
0.009471568
0.009334142
0.009413677
0.009232921
0.009223194
0.009317174
0.009289831
0.00910272
0.009093243
0.009093328
0.00897213
0.009264746
0.00919177
0.008888931
0.008751985
0.0093533425
0.009149211
0.008846956
0.008785486
0.009006704
0.008744273
0.009319552
0.009334716
0.0086170705
0.008733817
0.008847102
0.008545139
0.010264031
0.01058973
0.009238029
0.010203637
0.011669386
0.010686565
0.009257046
0.009652373
0.009749782
0.00924511
0.008999434
0.008796562
0.009006915
0.008864799
0.00868727
0.008705188
0.008504103
0.0089494465
0.008848325
0.00925583
0.008915911
0.009367174
0.009704667
0.008558739
0.0101222545
0.011010438
0.0093141915
0.009876922
0.01039964
0.008813967
0.010058605
0.010559869
0.008682921
0.010189173
0.010877222
0.009037968
0.009938852
0.009717879
0.008723628
