0.2863665
0.061308723
0.05233243
0.031420175
0.028810816
0.027319426
0.023045694
0.024093546
0.02444224
0.0214618
0.022033446
0.023458013
0.02147205
0.020729113
0.021588793
0.02088999
0.020591207
0.02148042
0.02145348
0.020599723
0.020546986
0.020822667
0.020651942
0.02031234
0.020963818
0.021008736
0.020604508
0.02034421
0.020460635
0.020538976
0.020439662
0.020179035
0.02033057
0.020327544
0.020260515
0.020167952
0.019859314
0.019909678
0.019804066
0.019787917
0.019526364
0.019829607
0.01960924
0.019564804
0.019424679
0.0190878
0.019024737
0.018948892
0.018779473
0.018875925
0.018615672
0.018780185
0.018730538
0.018173123
0.01805161
0.018382909
0.01793619
0.01833555
0.018279003
0.017482277
0.017617866
0.017404275
0.017032681
0.01692776
0.01668529
0.016403178
0.016880749
0.016772157
0.016300278
0.01615476
0.016090058
0.01575514
0.015629902
0.015267566
0.015557374
0.015500587
0.014650119
0.015298687
0.014907908
0.015777156
0.014996071
0.013808657
0.014090757
0.013745364
0.013548106
0.013427451
0.012909477
0.013231742
0.012847014
0.012930158
0.013082172
0.013020863
0.012544908
0.012629035
0.012650162
0.012402356
0.012247231
0.011754215
0.012390102
0.012027293
0.012060254
0.011704867
0.011592396
0.011512601
0.01134517
0.011355668
0.011086273
0.011311006
0.011379272
0.010897336
0.011050354
0.010674112
0.010631441
0.010349973
0.010510546
0.010328115
0.01031325
0.010218696
0.009788301
0.009985548
0.009796581
0.009564158
0.0102399485
0.010060032
0.009859807
0.009600691
0.009536589
0.009306101
0.009309526
0.009132337
0.009528571
0.008986301
0.009385086
0.008830657
0.009525705
0.009222154
0.008781231
0.008810916
0.008654832
0.008413511
0.008489972
0.008388066
0.008300585
0.0081961425
0.008218344
0.008088864
0.008083178
0.007922382
0.008209816
0.008117102
0.0078412695
0.007938488
0.0076686055
0.007897978
0.0075012785
0.00878092
0.008859751
0.0076697445
0.008247974
0.008206917
0.0074809627
0.0076811626
0.0074802837
0.007514862
0.0075022834
0.007196476
0.007477291
0.0072576576
0.0072482154
0.00717435
0.0070770234
0.0075126835
0.0071098595
0.007514585
0.0074915737
0.0073440312
0.00698035
0.0071049896
0.0071223825
0.0069680307
0.0068466957
0.0070043392
0.0068826587
0.006588152
0.0065643783
0.0066351877
0.006320357
0.007107278
0.006927213
0.0062129996
0.006158121
0.00646308
0.006231638
0.006518182
0.0064757443
0.005949235
0.0059283213
0.006063677
0.0058605657
0.0063263937
0.0062831626
0.0059050415
0.0059106406
0.0058708824
0.006141698
0.0056245383
0.006655848
0.0070729055
0.0055397474
0.0075712414
0.009580445
0.007344171
0.005660221
0.0063120103
0.00602557
0.006309029
0.006234262
0.005453702
0.0062517724
0.0065862797
0.005663257
0.005832764
0.0066893175
0.005378838
0.006170954
0.0067694825
0.0060982243
0.0053713955
0.0058913804
0.0055662855
0.0061995215
0.0061452496
0.0058425665
0.0055429754
0.0059751817
0.005547799
0.0054933107
0.0057349503
0.0048468895
0.005234334
0.0050922963
0.0050965752
0.0049705184
0.004873332
0.004586969
0.0054003154
0.0056575164
0.00501168
0.00509849
0.00492654
0.0053387634
0.0052411626
0.004819803
0.0049635842
0.004676754
0.0050680307
0.005215402
0.0047688363
0.004967283
0.00470461
0.0048320363
0.005084397
0.004732702
0.004740791
0.00453775
0.004649823
0.0046042376
0.005283563
0.0046799765
0.0053602397
0.005433681
0.004245155
0.0050119087
0.0049031265
0.0045513753
0.0048217042
0.004572942
0.0042725247
0.004370644
0.004247856
0.0041110045
0.004217873
0.0042680707
0.0039258446
0.004209898
0.004475229
0.004209761
0.003910784
0.0043994994
0.00462624
0.0045956704
0.0040610465
0.004528647
0.0045777573
0.004377426
0.0043992572
0.004263992
0.004081143
0.0045421235
0.0043342547
0.0039906246
0.004256038
0.0039250464
0.0051048
0.005404426
0.004212164
0.0040948614
0.004141692
0.0039396435
0.004295061
0.0041966126
0.003769579
0.0037651556
0.0039514187
0.0037499417
0.0040940135
0.0037510432
0.004161296
0.0040562316
0.0041751903
0.003730435
0.0042349524
0.0041325716
0.0035560327
0.0035354653
0.0039388295
0.0037648578
0.0043041846
0.004211172
0.0035521444
0.0034769792
0.004088263
0.003928839
0.0036766056
0.0036253913
0.003478258
0.003364268
0.0039127576
0.0037089095
0.0035950504
0.0034947905
0.0037659567
0.003548082
0.0037520838
0.0035758521
0.0035767772
0.0034245972
0.0037244845
0.0036182192
0.0034851402
0.0034552098
0.0035918541
0.003570014
0.0033757363
0.0033023322
0.003618409
0.0034768376
0.0033036964
0.0032217118
0.0035743278
0.003496961
0.0032280034
0.0031549635
0.0036205032
0.0034056967
0.0033686392
0.0032116466
0.0035912467
0.0032932155
0.0034666068
0.003372132
0.0031701338
0.003064214
0.003577344
0.0035131152
0.0031130149
0.003090711
0.003363261
0.0032515095
0.0033302766
0.0032684729
0.0030900773
0.0030112278
0.003440243
0.0032597214
0.0032507388
0.0031478468
0.0031148084
0.0030483895
0.0032482531
0.0030542032
0.0032789838
0.003213628
0.0030984387
0.0029298633
0.003494512
0.0033999288
0.0030273206
0.0028796094
0.0035016984
0.0033673767
0.003114748
0.0029878423
0.0031278152
0.003073075
0.0032230627
0.0031909663
0.0030668173
0.003195428
0.002931173
0.0028996747
0.0029772576
0.002837696
0.0034479983
