0.2888379
0.046740655
0.059204638
0.080919966
0.055246755
0.02823776
0.027403047
0.039045993
0.036598586
0.026935592
0.022234982
0.02834642
0.030134147
0.025551697
0.023779849
0.023546835
0.024517104
0.024965048
0.02248017
0.022903057
0.02429849
0.023108227
0.02235479
0.02249538
0.022659456
0.022433251
0.02165247
0.02219954
0.022435667
0.021295212
0.021864759
0.022399986
0.021398062
0.020936185
0.021238575
0.02077377
0.020786447
0.020890623
0.02037789
0.021182539
0.021847798
0.021019077
0.020190032
0.021096522
0.020955963
0.021010473
0.020275854
0.021084085
0.021295294
0.020329162
0.019934475
0.020203987
0.02027184
0.020386925
0.01986857
0.020652145
0.021015683
0.020008296
0.020675797
0.020681424
0.020044304
0.020310605
0.01968312
0.02007732
0.02047903
0.019616097
0.020186603
0.020406839
0.019688262
0.020064374
0.020251386
0.019254887
0.019922815
0.02003982
0.01921575
0.020331144
0.021121122
0.01974626
0.01945438
0.019957455
0.01931892
0.019334672
0.019311287
0.018728495
0.019247534
0.01962872
0.018591227
0.018795459
0.019356871
0.018526824
0.018084759
0.01799571
0.0177216
0.017733255
0.01739268
0.017385304
0.017016133
0.017236646
0.01720698
0.016784633
0.01661533
0.016434757
0.016549975
0.016453253
0.015895309
0.01603227
0.015745262
0.015902558
0.015695222
0.015736766
0.015728906
0.015191883
0.015067798
0.014943278
0.0150093315
0.015019738
0.014993705
0.014718483
0.014651691
0.014880945
0.014623422
0.014826308
0.014789709
0.014527661
0.01448559
0.0146169
0.014463614
0.014163341
0.014302768
0.01423799
0.014267389
0.014597442
0.014094461
0.014532708
0.014678351
0.014204011
0.014127576
0.014273688
0.013826502
0.014366602
0.014727857
0.01423712
0.014005373
0.014258253
0.014197697
0.013782542
0.013796899
0.01377369
0.013741593
0.013640568
0.013551094
0.013662763
0.013446237
0.013398815
0.013665951
0.013396758
0.013286752
0.013394039
0.013256659
0.013070598
0.013122167
0.012915718
0.013389737
0.013279468
0.013101974
0.012961364
0.013232052
0.013049892
0.012824334
0.012776495
0.012908001
0.0128541
0.012751855
0.012685396
0.012893729
0.0127390325
0.012690082
0.012610018
0.012555517
0.012443249
0.01275145
0.012732464
0.012367009
0.012338172
0.012509272
0.012329273
0.0123692015
0.012398645
0.01221555
0.012123222
0.012326188
0.012111212
0.0122896405
0.012238729
0.01193172
0.011912774
0.012144533
0.012045562
0.011924255
0.01190905
0.011797267
0.011706479
0.011985985
0.011853446
0.011736468
0.0116945505
0.011728056
0.0116872415
0.011580183
0.011556551
0.01157181
0.0114420885
0.011635075
0.011657936
0.011279766
0.011948402
0.011523974
0.011616337
0.011895188
0.011456239
0.011302248
0.011369609
0.011203773
0.011228257
0.011102776
0.011138786
0.011024528
0.011103776
0.01119713
0.011011925
0.010916772
0.010864499
0.011228283
0.011301289
0.01111415
0.0107453065
0.011180588
0.010941927
0.011314263
0.011496626
0.011011151
0.0110085355
0.01094763
0.01095594
0.01083563
0.010689825
0.010677681
0.010657173
0.010777284
0.0104835555
0.010777411
0.010703746
0.010686268
0.01068031
0.010884258
0.010584973
0.011047162
0.011348042
0.010449993
0.011057954
0.011617601
0.010788529
0.010730349
0.011246513
0.010855325
0.010621238
0.010875101
0.010497761
0.010498378
0.010496698
0.010351393
0.010468108
0.010609959
0.010273982
0.010437891
0.010682397
0.010342774
0.010264729
0.010542187
0.010187591
0.010635324
0.010849703
0.010899241
0.010468754
0.010313869
0.010475417
0.010671937
0.010141881
0.010930471
0.011285085
0.010854234
0.010536286
0.010055761
0.011197214
0.011559203
0.010391508
0.010795038
0.01119298
0.0109213395
0.010699223
0.010278733
0.011119026
0.011211924
0.010172828
0.010863781
0.011034471
0.010624803
0.010903906
0.010646533
0.0102010835
0.010505809
0.010031347
0.01042115
0.010377403
0.01021235
0.010091285
0.009816088
0.009776882
0.010040816
0.010102364
0.009984081
0.009667306
0.010224274
0.010303075
0.009986159
0.0097582
0.009996221
0.009869271
0.009820056
0.009791008
0.009705038
0.00976728
0.0095395185
0.010074065
0.010008626
0.009942708
0.009740643
0.010336925
0.01015437
0.009601105
0.009725132
0.009509887
0.009435598
0.009615273
0.009560079
0.00950914
0.009420954
0.009538645
0.009327765
0.010099597
0.009963538
0.009586736
0.009699737
0.009506732
0.0094808
0.009437159
0.009496214
0.009477844
0.009236771
0.010331035
0.010145583
0.009306842
0.009380969
0.009313047
0.009354831
0.00922737
0.0093590645
0.009396189
0.009144151
0.010082156
0.009930391
0.01002035
0.00964558
0.009596273
0.009728607
0.00920608
0.009250348
0.009376605
0.009052868
0.010014956
0.010038962
0.00903858
0.009526662
0.009680829
0.009191689
0.009578482
0.009928829
0.009323691
0.009218062
0.009301244
0.009178146
0.009156241
0.009132307
0.009069114
0.009003157
0.009252875
0.009195936
0.009119749
0.008959572
0.00943455
0.008965652
0.009721075
0.010029213
0.008972979
0.010659471
0.011296342
0.009988592
0.010436284
0.010860123
0.009765823
0.009617748
0.010108997
0.009617582
0.00966259
0.009454957
0.00946764
0.009334675
0.009012842
0.009046002
0.009040079
0.00900611
0.009045678
0.009005585
0.009121887
0.008872964
0.009298696
0.009297124
0.0088472115
0.008842581
0.008932491
0.00888873
0.008920356
0.008726142
0.009221989
0.009118793
0.008698487
0.008714556
0.009009701
0.008949816
