0.287929
0.041967064
0.07641514
0.06555274
0.028673515
0.026263943
0.028676733
0.023018336
0.022121646
0.02387756
0.023547584
0.020778412
0.023940118
0.02705732
0.025073709
0.022364622
0.021708123
0.021596482
0.022350838
0.022484392
0.021033995
0.020673277
0.021108666
0.020747676
0.020530393
0.020882735
0.020916944
0.02049453
0.021154618
0.02136367
0.021214291
0.020931026
0.020620706
0.02055757
0.020928293
0.020655245
0.020799838
0.020644365
0.020699212
0.020726396
0.020581705
0.020463465
0.020663148
0.020677116
0.020408275
0.020340422
0.020672048
0.020535244
0.020498438
0.020506097
0.020430276
0.02038729
0.020461211
0.020399174
0.020411136
0.020373182
0.020301359
0.0202523
0.020398209
0.020365458
0.020166893
0.020224132
0.02007927
0.020023018
0.020068234
0.0199755
0.020133987
0.019940356
0.020421037
0.020380544
0.01994422
0.019962879
0.019799998
0.01982961
0.019622318
0.019784106
0.019646605
0.0195441
0.019526264
0.01943253
0.01939154
0.019289905
0.019253194
0.019008815
0.018890515
0.018922655
0.018521123
0.01883191
0.01827613
0.018262828
0.017705137
0.017441208
0.017230548
0.016664365
0.016234113
0.016114613
0.015608482
0.015572529
0.015278728
0.014763487
0.014520715
0.014888895
0.014648348
0.014363736
0.01408869
0.014598516
0.01444862
0.01380654
0.013683905
0.013727844
0.013568725
0.01359919
0.013481182
0.013664273
0.013475905
0.0134058045
0.013332534
0.013303067
0.013160097
0.013415325
0.013471494
0.013022103
0.01363426
0.013339066
0.013585098
0.01376235
0.012983053
0.013508654
0.013704639
0.01316946
0.013117716
0.013307187
0.012899511
0.013347532
0.01356769
0.012738553
0.014155607
0.015389646
0.01435639
0.012926254
0.013839786
0.015269545
0.014564928
0.012934133
0.014065161
0.016220555
0.016210487
0.014794211
0.013553351
0.01351175
0.014208552
0.014026478
0.013767529
0.013280325
0.012904043
0.01325129
0.013105985
0.01274652
0.01278405
0.012781203
0.012711446
0.012769994
0.012700622
0.012671118
0.012597854
0.012582016
0.01264019
0.012500902
0.012505434
0.012652017
0.012524196
0.012426232
0.012434575
0.012424841
0.012389153
0.012291682
0.012374063
0.012372564
0.012187086
0.012254018
0.012240783
0.012239595
0.012130581
0.012240534
0.012147005
0.012125757
0.012116127
0.011985847
0.011946663
0.012045294
0.011932426
0.011939059
0.011953361
0.011763528
0.011778816
0.01175529
0.011750892
0.011699458
0.01170236
0.011535914
0.011745383
0.011591453
0.011673638
0.011798839
0.01155075
0.011565148
0.011502988
0.01154758
0.011513826
0.0113637
0.01147845
0.011378505
0.011301264
0.011277384
0.011322241
0.011145636
0.011257808
0.011202042
0.011132845
0.011219538
0.011244887
0.011073093
0.0111113535
0.011066712
0.010980341
0.011021898
0.010918605
0.011054666
0.011030511
0.010945861
0.010885448
0.010832745
0.01080263
0.010792397
0.010637072
0.010867025
0.010780427
0.010639542
0.010721949
0.010578432
0.010605563
0.010558856
0.010686514
0.010485229
0.01080548
0.010682731
0.010434461
0.010335959
0.010489204
0.010467239
0.010322078
0.01019224
0.0102305375
0.010141477
0.010312499
0.010117308
0.010115684
0.010038003
0.010157559
0.009994894
0.0099555515
0.009915198
0.010048473
0.0098771965
0.010006142
0.010059796
0.009805316
0.009776437
0.0097843325
0.009783257
0.0098013105
0.009698245
0.009700128
0.009658203
0.009636675
0.009529884
0.009973296
0.009773345
0.009728145
0.009751579
0.009499921
0.010047959
0.010183132
0.009496556
0.009724214
0.00989675
0.009454011
0.0099476725
0.009646952
0.010269673
0.01011557
0.009781007
0.009977794
0.009310716
0.010131416
0.009743633
0.009777851
0.009755044
0.009507552
0.009778016
0.009512849
0.009515193
0.009438987
0.009453208
0.009274449
0.009225967
0.009294761
0.009184688
0.009512066
0.0093854265
0.009176091
0.009126826
0.009190413
0.009103708
0.009197123
0.009078111
0.009034325
0.009109209
0.008970073
0.009340922
0.009100315
0.00914178
0.0091311345
0.00895485
0.008853546
0.00910353
0.0090360865
0.008851313
0.008873838
0.008780194
0.008674425
0.009268884
0.009259369
0.008964684
0.008927285
0.008798748
0.009105255
0.0088820085
0.008826473
0.008939522
0.008723241
0.008768093
0.008623847
0.008713387
0.008582453
0.008585674
0.0085341865
0.0085682245
0.008506008
0.008490681
0.00836601
0.008727401
0.008773448
0.0084501915
0.008706265
0.008571285
0.008447302
0.0083539495
0.008352347
0.008701793
0.008505163
0.00878944
0.008765795
0.00848066
0.008511728
0.008495206
0.008281667
0.008312068
0.008814278
0.008553248
0.008109582
0.008361246
0.007984566
0.008057215
0.008299685
0.007886584
0.008042071
0.008126013
0.007927272
0.007933154
0.0081344275
0.0078762015
0.00807464
0.008201195
0.0077203624
0.008239889
0.0081784325
0.008180163
0.00818355
0.007865257
0.007792709
0.007972733
0.007427
0.008815116
0.009107088
0.0076372623
0.00818532
0.0082387505
0.007808801
0.008243193
0.007892559
0.007720359
0.00769102
0.0072009093
0.0074099493
0.0071683447
0.0075029773
0.007532157
0.0073024505
0.007258257
0.00734581
0.007072056
0.0073200264
0.007232655
0.007232523
0.007193843
0.0072854683
0.0075504296
0.006983943
0.0071575493
0.007069929
0.006797882
0.007321621
0.0068501662
0.0073929415
0.007227332
0.0069844057
0.0068760864
0.0070638633
0.006805059
0.0075365305
0.0069211335
0.0072207223
0.0073958896
0.0066728294
0.0068763434
0.0070639662
0.006654727
0.007041164
0.007115005
0.0064677796
0.006489066
0.006627014
0.0064541087
0.0064669144
0.0065444005
0.00664532
0.0063039255
0.0063549257
0.0061396896
0.006395629
0.006251062
0.006269203
0.006486807
0.0061792526
0.0060991826
0.0061709383
0.006189992
0.00595448
0.006172164
0.006066102
0.005992628
0.005970323
0.0060030404
0.0068325736
0.0059988163
0.007285809
0.0075989454
0.0068074856
0.006468711
0.006641499
0.006261988
0.0072846897
0.0069066877
0.006816787
0.0066165584
0.0059760823
0.006194782
0.005776835
0.0059833773
0.00578133
0.0058161244
0.0060704523
