0.28746945
0.043258134
0.055546332
0.041240368
0.024311578
0.02590079
0.025830537
0.02330009
0.02270878
0.022726864
0.02246721
0.021578545
0.02197153
0.02216532
0.02107543
0.02163217
0.022214212
0.021049423
0.020882769
0.021406854
0.020725193
0.020480104
0.020641431
0.020171082
0.020168532
0.020610936
0.020266773
0.02049917
0.02051819
0.020275041
0.020135509
0.020279894
0.020161798
0.019929832
0.019886347
0.019907871
0.01974672
0.019766726
0.019603211
0.019576387
0.019416207
0.019461209
0.019254679
0.019147081
0.018982554
0.018858572
0.018679416
0.018621467
0.018392054
0.018352687
0.018152138
0.017753065
0.01763033
0.0174027
0.01708678
0.017445764
0.017149696
0.01634776
0.016141772
0.015904287
0.015732799
0.01601726
0.0157009
0.015766788
0.01641733
0.015228801
0.015357715
0.015324335
0.014761868
0.014888543
0.014618695
0.014918029
0.014798787
0.014343214
0.014463072
0.014055159
0.014189824
0.013903208
0.013527467
0.013795771
0.013643101
0.013215876
0.013703185
0.013640438
0.0134003805
0.013399129
0.013122383
0.012688826
0.012483243
0.012881772
0.012281281
0.013001282
0.0135226585
0.012354451
0.012503214
0.013047037
0.012029681
0.011922727
0.012092434
0.011448749
0.011659034
0.0114048915
0.010965515
0.011138988
0.010721409
0.010485232
0.010407166
0.010101286
0.009990129
0.009748981
0.009643862
0.009926909
0.009437853
0.009801594
0.009637169
0.00923684
0.009554717
0.009356811
0.008968354
0.008921613
0.008883156
0.008827223
0.0086136535
0.008596133
0.0086154565
0.008309017
0.008154104
0.008790143
0.008315813
0.009301481
0.009482508
0.008552984
0.008610677
0.008588138
0.008234188
0.008390675
0.008006003
0.0087821605
0.00853455
0.008320379
0.008351267
0.008291117
0.007924743
0.008602471
0.0087168645
0.007983118
0.0078188
0.007944526
0.007653512
0.007992506
0.007983139
0.00804609
0.007784106
0.0077483826
0.007746125
0.007696375
0.0074060205
0.007816495
0.0076267365
0.0074859182
0.007396216
0.0074603795
0.007280525
0.007652094
0.007562324
0.007095376
0.007033638
0.0075365207
0.0073386407
0.0071566864
0.007041139
0.007297033
0.0071356497
0.007134415
0.0071024015
0.0070126853
0.006952995
0.007082302
0.0070436485
0.006941132
0.0069289566
0.006943442
0.006892415
0.0069226814
0.0069288164
0.006803427
0.0068368274
0.006744581
0.0067525418
0.006765451
0.0067350995
0.0067984327
0.006737103
0.006760154
0.006667024
0.006773282
0.006691292
0.0066668936
0.006578783
0.0067661717
0.0066537834
0.006629406
0.0066017807
0.0065456727
0.0064959954
0.006512972
0.0064915153
0.006463202
0.006426713
0.00637964
0.0064438446
0.006263643
0.0062501
0.0062572868
0.0062189293
0.006216526
0.006060379
0.0065222136
0.006477721
0.0060177334
0.006425832
0.0059800004
0.006421708
0.006433081
0.005906271
0.0065365527
0.006471489
0.0060660155
0.0059630163
0.006318586
0.005952923
0.0058044307
0.0058203773
0.0059576686
0.0057119597
0.006055063
0.005976981
0.0055311345
0.005559676
0.0055211545
0.005461088
0.0055646026
0.0053878105
0.0059410944
0.0059192977
0.0053835376
0.005460605
0.0052309725
0.005110454
0.0054479428
0.0052723433
0.0052584833
0.005060081
0.0053552887
0.005125589
0.0050933557
0.00498076
0.004948665
0.004807074
0.004983402
0.0049547795
0.004688378
0.004660605
0.00464116
0.0045075864
0.0047443323
0.0046734866
0.0043914937
0.0043385215
0.004694683
0.0043931766
0.0053125606
0.005468557
0.0047923834
0.0045819194
0.0045297635
0.004400874
0.0046061273
0.0042712083
0.0048051174
0.0046890727
0.0044326535
0.0044972636
0.0042041573
0.0042432523
0.0043035136
0.0041669304
0.0043656006
0.00438692
0.0040278696
0.004002268
0.004267818
0.004072438
0.004284711
0.004294719
0.003960801
0.0039470983
0.0039807446
0.0038818363
0.0042360444
0.0042240126
0.0038679673
0.0039655548
0.0038022983
0.0038435746
0.003834644
0.0037964638
0.0038920634
0.003743335
0.003983332
0.003930565
0.0038648725
0.0038343251
0.0038327994
0.0038386565
0.0036853503
0.0037686403
0.0035668768
0.003899471
0.0037112879
0.004045812
0.0040035746
0.0037965577
0.003861318
0.0037554149
0.0036501244
0.0038230997
0.0037121607
0.003634718
0.003595819
0.0036683946
0.0035166685
0.0038573053
0.0037053807
0.0037686937
0.0036273638
0.0036335625
0.0035354581
0.0036670368
0.0035076018
0.0036999967
0.0036675364
0.0035065755
0.0034254373
0.003676492
0.0035616532
0.0034990862
0.0034206912
0.0035274664
0.0034361768
0.0034844957
0.0034077659
0.0035137727
0.0034083081
0.0034642557
0.003382448
0.0034856752
0.0034107987
0.0033753226
0.003300473
0.0034635093
0.003365675
0.0034244119
0.0033842984
0.0033376722
0.0032768107
0.0033767875
0.0032700493
0.0034448942
0.0033837322
0.0032542832
0.0032587377
0.0033174146
0.0032168196
0.003313722
0.0032674365
0.003364645
0.003362681
0.003229864
0.003271925
0.003311686
0.0031487762
0.0033411381
0.0032278278
0.0033692578
0.0033354594
0.0032398782
0.003355628
0.003209414
0.0032144014
0.0031390563
0.0033326994
0.003194303
0.0032664293
0.003138297
0.003308701
0.0032494925
0.0031914145
0.003264493
0.0030750616
0.0032694319
0.0031022301
0.0033348904
0.0033617038
0.0030299558
0.003248876
