0.28770432
0.04206576
0.08055078
0.09933471
0.05957516
0.024410373
0.03151281
0.05013745
0.048711047
0.03434692
0.022238204
0.022721127
0.027721882
0.02883852
0.025274307
0.021478685
0.02153267
0.022915274
0.02490592
0.023617895
0.022074237
0.020766877
0.02161234
0.022602826
0.022244016
0.022299761
0.02098242
0.021203399
0.021404661
0.021278322
0.021673577
0.020907281
0.021089787
0.0205916
0.021739736
0.022388248
0.021325914
0.02162674
0.021551818
0.020522729
0.021302527
0.021857986
0.020778762
0.022328034
0.023290217
0.021400025
0.020591786
0.021456346
0.021103462
0.020487836
0.020651845
0.020274302
0.020416161
0.020442674
0.020332662
0.020424908
0.020304242
0.020444207
0.020293787
0.020380056
0.020313703
0.020339994
0.020355256
0.020254217
0.020422937
0.020235276
0.020387104
0.020270899
0.020327715
0.020258216
0.020310557
0.020274846
0.020267447
0.020293454
0.020227911
0.020305341
0.02021381
0.020292088
0.020213597
0.020280277
0.020204186
0.02025924
0.020212358
0.020225478
0.020222897
0.020207286
0.02022512
0.020186739
0.020231484
0.02017201
0.020225793
0.020161903
0.020225817
0.020145746
0.02021969
0.020139774
0.020208428
0.020129735
0.020207642
0.020119948
0.020197945
0.020116204
0.020188838
0.0201059
0.020183345
0.020099746
0.02017348
0.020090709
0.02016441
0.020074563
0.02014943
0.020056305
0.020122787
0.02002079
0.02011048
0.020018294
0.020078534
0.019992448
0.020060485
0.019974634
0.020063587
0.019936064
0.020057058
0.019910278
0.020048002
0.01988066
0.020026555
0.019892048
0.019909808
0.019926313
0.01989063
0.019933889
0.01977245
0.019930357
0.01976006
0.01990285
0.019688599
0.020740377
0.020986447
0.019778661
0.020836515
0.022200324
0.02108025
0.019569831
0.021487823
0.023147719
0.0218718
0.019709205
0.021306632
0.023787076
0.023325583
0.020730842
0.019668246
0.02045996
0.020054104
0.019482002
0.019497426
0.019497562
0.019371018
0.019823236
0.019587839
0.025840124
0.02844902
0.021356797
0.022679595
0.026717886
0.023713091
0.019468794
0.020102536
0.019160654
0.022733541
0.024546282
0.021138659
0.01991077
0.021207446
0.0196912
0.020830857
0.021891193
0.019873932
0.019907227
0.020933704
0.019454755
0.01985619
0.02072283
0.019467022
0.01979732
0.02066696
0.019435078
0.019556003
0.020186182
0.019188667
0.019609243
0.020364039
0.019275127
0.01932585
0.019899784
0.019082578
0.019401554
0.0199887
0.019071527
0.01927008
0.019837478
0.019060796
0.019132877
0.019610183
0.018891098
0.01921659
0.019739164
0.018975988
0.018953225
0.01938468
0.018750444
0.019102445
0.019594187
0.018870458
0.018786572
0.019164722
0.018601732
0.018969893
0.019425737
0.018741218
0.01863663
0.0190045
0.018486952
0.018731646
0.019078802
0.018497728
0.018593295
0.018988783
0.018399382
0.01848976
0.018813493
0.018308198
0.018410899
0.018759498
0.018186783
0.01830041
0.018610818
0.018077727
0.018191695
0.018403927
0.017903795
0.018142356
0.018394222
0.01784915
0.017977547
0.018320523
0.017716253
0.01776405
0.018022878
0.01751858
0.017740583
0.01815956
0.017501391
0.017448338
0.017746389
0.017290467
0.017305503
0.017607322
0.017083144
0.017150484
0.017351242
0.016859712
0.017147673
0.017549329
0.016839651
0.016778765
0.017023204
0.016529972
0.016764177
0.017148219
0.0164571
0.016436929
0.016676316
0.016161634
0.016526747
0.016990157
0.016234236
0.016069723
0.016324775
0.015916284
0.016134454
0.016492689
0.015887633
0.015805854
0.015963746
0.015566669
0.015784835
0.01596863
0.015402849
0.0156191485
0.01590416
0.015409313
0.015317053
0.015618488
0.015275364
0.015158783
0.015295579
0.015115346
0.015108795
0.015247461
0.015169744
0.014866074
0.014813927
0.01477284
0.014581447
0.014626411
0.014700484
0.014413667
0.014448301
0.014426741
0.014352945
0.014198564
0.014216356
0.014248073
0.014010146
0.014119423
0.014270204
0.014241222
0.014495302
0.014280237
0.014143216
0.013969493
0.01392102
0.013893999
0.0138569875
0.013813774
0.013769756
0.0136055425
0.013888483
0.013802881
0.013482823
0.013477449
0.013550259
0.013422535
0.013582083
0.013508052
0.013364178
0.013267539
0.0135792615
0.013559814
0.013116251
0.013075492
0.013520129
0.013389751
0.013174914
0.013169159
0.0130926175
0.012977236
0.013183591
0.013175857
0.012934409
0.012848395
0.013057463
0.01290293
0.013061766
0.013002117
0.012727448
0.012678611
0.013123214
0.013032697
0.012644581
0.012647733
0.012708381
0.012604263
0.012679718
0.012650877
0.0124988705
0.01242211
0.012666886
0.012577996
0.012438933
0.0123840235
0.012517959
0.012379092
0.012453151
0.0123887705
0.012292909
0.012283341
0.012321379
0.012287847
0.012268185
0.012270908
0.012139271
0.012087422
0.012183189
0.012121547
0.012181088
0.012026872
0.012096123
0.0120314555
0.01212063
0.011947344
0.012054306
0.012062587
0.011774606
0.011815253
0.012018777
0.0118159205
0.011742095
0.011618905
0.012283981
0.012008905
0.011928816
0.011820532
0.012083624
0.011946507
0.011857086
0.011764127
0.011839735
0.011714037
0.012141809
0.011986464
0.01174702
0.011586544
0.011635806
0.011645585
0.012048761
0.011794009
0.011659689
0.011701222
0.011442062
0.011518621
0.01140803
0.011392924
0.011496209
0.011330165
0.011259264
0.01158717
0.011264508
0.011614914
0.011374044
0.011695939
0.011583786
0.011388992
0.011155281
0.011667669
0.011805006
0.011653322
0.011338092
0.011260505
0.011200648
0.011380899
0.011089399
0.0112149045
0.011327515
0.011293323
0.011214527
0.01151936
0.011327815
0.011510011
0.011431945
0.011300783
0.011326636
0.01113031
0.011089653
0.011185202
0.010940474
0.01142438
0.011432393
0.011307473
0.011450075
0.010838288
0.0114171235
0.011568859
0.010959573
0.011329614
0.011393167
0.010772918
0.011602085
0.011730507
0.011032327
0.011342538
0.011234949
0.011207183
0.011237736
0.010895357
0.010936799
0.011023498
0.010993603
0.01097694
0.010908171
0.010900594
0.010728463
0.011023308
0.010840155
0.010817691
0.010746661
0.010788565
0.010620341
0.010668409
0.010893609
0.010688241
0.010577847
0.010836306
0.010738418
0.010678269
0.010898222
0.010868542
0.010885197
0.010752931
0.010722689
0.010782935
0.010659128
0.010586382
0.0104977265
0.010682583
0.010629977
0.010616988
0.0109134475
0.010786764
0.011036728
0.010745418
0.011510146
0.011131891
0.011205348
0.011402875
0.010700782
0.010749598
0.010533893
0.010812032
0.01062651
0.010660616
0.010600421
0.010700657
0.010478902
0.010533183
0.010434054
0.0104432255
0.010565265
0.010555074
0.010388809
0.010680087
0.010388417
0.010802564
0.0110683665
0.010644734
0.010775396
0.010797985
0.010496784
0.0105722025
0.010388684
0.010571647
0.010605666
0.010174777
0.011147779
0.010888331
0.01083656
0.010683986
0.010582514
0.010547094
0.010643271
0.010515128
0.010416563
0.010457191
0.011031312
0.010924169
0.010272357
0.010398287
0.010196198
0.010106795
0.010724708
0.01031412
0.010442565
0.010457856
0.010181065
0.010464728
0.010431659
0.0103627965
0.010575344
0.010308023
0.01064101
0.010634616
0.010296555
0.010206091
0.010474368
0.01009699
0.010683078
0.010685393
0.010235078
0.010250343
0.01039058
0.010234533
0.0104056755
0.010523438
0.010286213
0.010221225
0.010092255
0.010051665
0.010126762
0.010148623
0.010119323
0.01001694
0.010222309
0.010372635
0.010016072
0.0103688575
0.010416863
0.010527801
0.0104099
0.010470718
0.010226928
