0.28790858
0.060747664
0.06390649
0.036668424
0.026059613
0.027403975
0.023399135
0.026262904
0.02568321
0.022014355
0.02374447
0.02417636
0.022212213
0.021977058
0.022366382
0.021861583
0.021085056
0.02126503
0.021284034
0.020378469
0.02087599
0.020966807
0.020096451
0.020227624
0.02032314
0.019799558
0.019959493
0.020219397
0.019509984
0.01999673
0.02041812
0.019609129
0.019326886
0.019634018
0.019289093
0.018840486
0.019532219
0.018947879
0.019279892
0.018755138
0.019711325
0.018810352
0.019009294
0.019184155
0.017932484
0.01890263
0.018859446
0.018219171
0.0179508
0.01802316
0.017723711
0.017306976
0.017149063
0.016995607
0.016730724
0.016652294
0.01654595
0.016245332
0.015948502
0.016047252
0.016006067
0.015115202
0.015361238
0.014850289
0.01573024
0.015847746
0.015017606
0.014977385
0.014463909
0.0150311915
0.014277402
0.014396377
0.014361777
0.014144105
0.013882079
0.013417711
0.013800681
0.013561894
0.013014813
0.012851854
0.012846976
0.012537554
0.012620931
0.012372407
0.012147401
0.012220507
0.012063824
0.011899105
0.012542217
0.012222927
0.011991017
0.0118329525
0.011673686
0.011771799
0.0117651895
0.011414215
0.0114333285
0.011336945
0.011141062
0.011324626
0.011249293
0.011297178
0.011109094
0.010880716
0.011308202
0.010728817
0.01125684
0.010879929
0.010889836
0.01098569
0.010789245
0.010661331
0.010716976
0.010642032
0.01055519
0.010294251
0.010898181
0.011043798
0.010220943
0.011046238
0.011215967
0.0102976635
0.010577916
0.011089797
0.010222103
0.010711417
0.011250009
0.010525354
0.01024549
0.010678195
0.01035623
0.009900872
0.010256717
0.010008591
0.010125558
0.010087238
0.010623946
0.010256214
0.0101337265
0.009933752
0.010085108
0.00976675
0.009651261
0.009608391
0.009615522
0.009423091
0.009347294
0.009430422
0.0093485955
0.009251715
0.009733551
0.009521239
0.0097877
0.009593771
0.009192639
0.00938531
0.009172549
0.009246867
0.0090909945
0.009239334
0.00912436
0.008887252
0.00879077
0.008788516
0.008605323
0.008796996
0.0087499255
0.008645096
0.008488207
0.008536261
0.0083807735
0.00855842
0.0085784765
0.0081223
0.008142437
0.008198748
0.008054588
0.008092795
0.0082249
0.007936287
0.0083149895
0.008243469
0.0079727005
0.00805303
0.007820369
0.0078206835
0.0077105574
0.0075780028
0.0077346717
0.007419385
0.0074285115
0.0074169934
0.007308649
0.0072810748
0.007344536
0.007034434
0.00773826
0.007857098
0.00732873
0.0071198703
0.0077669322
0.0074774227
0.007357396
0.007045897
0.007644011
0.0076388544
0.007000295
0.006996988
0.006885962
0.006930677
0.0068041882
0.0065318146
0.0064911568
0.0063952133
0.006373693
0.006307261
0.0063841227
0.0060909125
0.0059638764
0.005918883
0.005742053
0.005986307
0.006137375
0.00567037
0.0059845583
0.0062857918
0.005838208
0.0062100277
0.0059444024
0.006563235
0.0058306525
0.006191484
0.006374581
0.0054495805
0.005347982
0.005577928
0.0054371706
0.005632455
0.0053385026
0.005405338
0.0053389235
0.0052811573
0.005125706
0.0052112397
0.0050536063
0.005226625
0.0052136662
0.0048226756
0.004680433
0.0051518683
0.0050329156
0.0047673867
0.0046026376
0.005061672
0.0048719714
0.004587732
0.004562989
0.0046960674
0.004480998
0.00487945
0.004675328
0.004473979
0.004443318
0.0045673554
0.004288762
0.004596506
0.004522942
0.0041755196
0.004101004
0.0045509185
0.004306948
0.00434806
0.004252942
0.004199628
0.0041661966
0.0040920447
0.0039460347
0.0042485096
0.0040888344
0.004037885
0.004028526
0.0038944439
0.0038438358
0.003935883
0.0038237765
0.004015052
0.0040216753
0.0036290002
0.0035813183
0.004021703
0.0039186226
0.0035381967
0.003683075
0.0034028385
0.0033967432
0.0033828793
0.003565903
0.0032568707
0.004397639
0.004445215
0.0032961965
0.004876304
0.005509728
0.003965885
0.0042585772
0.005012985
0.0037142336
0.003829519
0.0044656657
0.0035049168
0.00393529
0.0045306836
0.0034062595
0.004022068
0.005003517
0.003828857
0.003298052
0.0038721135
0.0031643491
0.0037305162
0.0043400703
0.003349809
0.0034142463
0.0037538267
0.0030244754
0.0034925863
0.0035819232
0.0029284197
0.0035566704
0.0036313
0.003088884
0.0031715918
0.0033280666
0.0029238018
0.003058565
0.0030995645
0.0027253379
0.0034084823
0.003402081
0.0028850317
0.0032688745
0.0033858598
0.0035756628
0.0027990735
0.0049792454
0.0057107755
0.002896948
0.0033888351
0.0037496174
0.0032822702
0.0028877382
0.003407349
0.00347952
0.0026987789
0.0035178766
0.0041442956
0.003472525
0.0030829208
0.0031192603
0.0032935545
0.002828474
0.0027507509
0.0027853956
0.0026946834
0.0026767924
0.0026445661
0.002594271
0.00251937
0.0024901193
0.002376577
0.002605345
0.0026595632
0.0026049244
0.0023251383
0.003382297
0.0032762308
0.003035863
0.0030133184
0.002912576
0.0029104075
0.002771171
0.0025811754
0.0028915487
0.0027382902
0.0024119082
0.002965144
0.0028167777
0.0024064204
0.0026161715
0.0023960914
0.0023284485
0.002257528
0.0024251654
0.002419716
0.002374295
0.0023354914
0.0021504676
0.0023850075
0.0023098933
0.0023534452
0.0025105693
0.0022654263
0.0023944534
0.002294139
0.002180393
0.0023153212
0.0020254524
0.0024795353
0.0025140366
0.002620436
0.002366836
0.0026971186
0.00232146
0.0026678964
0.0027540096
0.002386959
0.0023187117
0.0023142544
0.0022003881
0.002371235
0.0026046888
0.002334257
0.0021625499
0.002306496
0.0022099393
0.0021348007
0.0021353315
0.0021666866
0.0019850489
0.0021078568
0.0019452992
0.0022172641
0.0021629285
0.0020219826
0.0022531666
0.0021160927
0.002173956
0.0021346598
0.0019665814
0.0020813518
0.0019689708
0.0018521106
0.0020697142
0.0019513915
0.0019294419
0.0018940428
0.0018833806
0.0018739862
0.0018822835
0.0020841844
0.0017339917
0.0026823215
0.0029378694
0.0024862713
0.002210458
0.0022585783
0.002198301
0.0022016105
0.0020456503
