0.28898087
0.050396632
0.055345297
0.03872112
0.027787616
0.02573728
0.026304701
0.025170943
0.02321423
0.023595417
0.023704777
0.022375459
0.022792889
0.02293782
0.022474244
0.021843009
0.022463212
0.022148428
0.021789448
0.0221162
0.022004679
0.021498406
0.021579897
0.021376142
0.021522017
0.021326149
0.021401117
0.021258006
0.021128468
0.02110797
0.020832548
0.021053888
0.02091714
0.020542784
0.020779265
0.02044986
0.02023754
0.020085482
0.019768886
0.019396728
0.019355623
0.018778676
0.018689414
0.018456757
0.0177568
0.018288638
0.017846556
0.017469207
0.017476754
0.017199242
0.017062904
0.017034842
0.016799757
0.017256029
0.017083913
0.016635122
0.016915562
0.01628231
0.018965615
0.019687949
0.017106337
0.01673297
0.0172309
0.016352274
0.016617656
0.016798554
0.015883343
0.016327374
0.016537761
0.015694119
0.01596802
0.016403528
0.0156145645
0.015477677
0.015760185
0.015350972
0.0151813505
0.015391324
0.0150524005
0.014920468
0.015088588
0.014649277
0.01505018
0.015161487
0.014408889
0.015181656
0.015757807
0.014886786
0.014412008
0.015324473
0.014984061
0.0144878775
0.01442491
0.014672828
0.014175969
0.014218318
0.014371491
0.014130448
0.014082807
0.013914478
0.013771787
0.013793826
0.013622885
0.01426334
0.013957244
0.014232849
0.013789539
0.014719623
0.015041541
0.013557949
0.015127532
0.016111799
0.014572591
0.0143144755
0.014708661
0.014113988
0.014214069
0.014212812
0.013765845
0.01377969
0.013506527
0.013614724
0.013619225
0.013108087
0.013314943
0.013195339
0.013130724
0.013070327
0.012883092
0.0130862435
0.0127690425
0.01274655
0.012809653
0.012685544
0.01248837
0.013264324
0.013005187
0.012787779
0.01243905
0.013086709
0.01282194
0.012400133
0.0122670345
0.012720698
0.012501734
0.012478585
0.012367129
0.012318674
0.012292515
0.011887728
0.011797354
0.01186395
0.011633697
0.011860721
0.011771525
0.011535124
0.011558541
0.011400201
0.01125506
0.011581755
0.011517695
0.011036001
0.011704627
0.011325297
0.011329808
0.01110395
0.01123478
0.010747769
0.011459113
0.010772877
0.011849114
0.011835798
0.010527752
0.011030612
0.010496595
0.01090879
0.010751183
0.010700844
0.010397599
0.011152099
0.010800022
0.010314822
0.010197026
0.010322242
0.010033933
0.010535653
0.010441882
0.010236984
0.009997885
0.010769155
0.010503105
0.009942389
0.010129352
0.009833521
0.009702305
0.009730705
0.009567847
0.009706468
0.009511712
0.009507171
0.0096089635
0.009189109
0.009907738
0.009816415
0.009327105
0.009209344
0.009507369
0.009208825
0.009232682
0.009158333
0.009097297
0.008943914
0.009145479
0.008912615
0.009049414
0.009109746
0.008787349
0.008910089
0.009173663
0.0086203525
0.00945152
0.009676357
0.008406308
0.0092760585
0.009608555
0.009369843
0.008401521
0.009187986
0.009938653
0.008745319
0.008484575
0.009355954
0.008969725
0.008335405
0.008715838
0.008953908
0.008841837
0.008182942
0.009574347
0.0099870125
0.008867507
0.008669852
0.008066418
0.00943267
0.0096728
0.008120582
0.009784911
0.010647099
0.009005419
0.009379105
0.009505339
0.008526807
0.008754015
0.009196092
0.008638264
0.008061974
0.008305588
0.008450667
0.008027195
0.008034328
0.007920658
0.00796462
0.007821768
0.0076943575
0.0076827765
0.007635325
0.007543072
0.0077397847
0.0075819152
0.0075451136
0.0074727274
0.007449582
0.007437729
0.007409122
0.0072789
0.0072680623
0.0072085666
0.00719562
0.0071281977
0.0074339104
0.007210476
0.0074833124
0.007363297
0.0073265284
0.0071303076
0.0073498213
0.0071884226
0.0073022526
0.0071922243
0.007241364
0.00706858
0.007318648
0.007302003
0.006978892
0.0070898472
0.007055804
0.0068053403
0.007337158
0.0071684704
0.0069766883
0.006871005
0.006907432
0.0069197253
0.006751422
0.006631547
0.0069738696
0.0067206607
0.0071303565
0.007222044
0.00660368
0.0070030405
0.006719096
0.0068633035
0.006905249
0.006464768
0.0067529767
0.006526252
0.00667029
0.0066937036
0.0063457373
0.0064488463
0.0065290653
0.006377077
0.0063311257
0.006337604
0.006202724
0.0063642967
0.0062030987
0.006332421
0.00635397
0.0061362996
0.006201302
0.006398797
0.0059852446
0.006689457
0.006491967
0.006398063
0.006266361
0.0063089454
0.0061053466
0.006359939
0.0063699502
0.00621687
0.0061952397
0.0061740074
0.006056556
0.0061244555
0.005935525
0.0061179777
0.005993772
0.005928943
0.0059346594
0.0057642763
0.0056999302
0.0057686362
0.0057270653
0.005928884
0.0057070493
0.005680257
0.0056199
0.0057556205
0.005635372
0.0056100725
0.005558349
0.0054944656
0.005405873
0.005441323
0.005438732
0.005353242
0.0053128335
0.005214991
0.0053836997
0.0051792725
0.005294509
0.0052306373
0.005298568
0.005089902
0.0055325604
0.0054454016
0.0051567596
0.0051455125
0.00523299
0.0051022726
0.005033748
0.0050913743
0.00493945
0.0050101727
0.004944625
0.0049127564
0.0047911783
0.0049160444
0.004838865
0.004798008
0.004655058
0.005100181
0.005045194
0.0045502284
0.0049887374
0.0050122268
0.004613134
0.005001041
0.0050482056
0.00477667
0.0047224113
0.004653406
0.0046277773
0.0047940277
0.0045391507
0.004581927
0.0045766453
0.004651029
0.0042462097
0.0057527325
0.005409164
0.0050703897
0.004858297
0.0047572297
0.004642215
0.0046905614
0.0044330396
0.004806791
0.004455125
0.005016332
0.004907753
0.00465479
0.0046983142
0.004246628
