0.28748986
0.067976214
0.063775085
0.031405948
0.03544738
0.034015737
0.022613907
0.031510293
0.037713867
0.028096655
0.021335414
0.024503388
0.025693597
0.02313932
0.021210328
0.022295127
0.02302658
0.021388704
0.02082671
0.021504527
0.0206222
0.021054087
0.021547416
0.020554623
0.02100669
0.02190029
0.020850172
0.02044513
0.02134782
0.020737031
0.020873837
0.02065889
0.020917555
0.02018554
0.02046826
0.020548081
0.020059263
0.021087984
0.021420456
0.020568341
0.020050706
0.02055821
0.020160673
0.019854372
0.020482264
0.019979514
0.020087752
0.02016448
0.01981268
0.02084571
0.020533284
0.019966332
0.019796174
0.020354846
0.019948317
0.01981145
0.019666852
0.02008
0.019878304
0.019293407
0.019140197
0.019994406
0.019751986
0.01908503
0.018919589
0.019285487
0.01902389
0.019075498
0.019005379
0.018610844
0.018369386
0.019292876
0.019202217
0.018059189
0.017879872
0.018824333
0.018584905
0.01793182
0.017853847
0.01791809
0.01742226
0.018540781
0.018647289
0.017086947
0.018620888
0.0192271
0.018444085
0.017659208
0.016698865
0.018297454
0.01915167
0.017346686
0.018432466
0.01878172
0.016293822
0.018233359
0.020700073
0.018137516
0.016202236
0.016536249
0.015457961
0.01736197
0.018904833
0.016632512
0.016918734
0.018163377
0.016224433
0.0163294
0.01685937
0.01548883
0.016578972
0.017117612
0.015128131
0.016443154
0.018137835
0.01599327
0.014997886
0.015607414
0.014687337
0.015687088
0.016157323
0.0149079515
0.015491632
0.016132655
0.015696801
0.014785912
0.014980156
0.015103701
0.014294467
0.0162044
0.017619336
0.016388303
0.014972401
0.014890038
0.015407492
0.014558007
0.014569808
0.015372212
0.015191913
0.014318083
0.014444967
0.014671122
0.014258429
0.015006642
0.015665172
0.015713295
0.015145421
0.014227532
0.014211479
0.014612265
0.014510721
0.014746201
0.014502294
0.0141418725
0.01400844
0.014754108
0.014701534
0.014091119
0.01398154
0.014156076
0.014111419
0.014352092
0.014153923
0.014093327
0.013997149
0.014119179
0.013942757
0.014173047
0.014132897
0.013886832
0.013838921
0.014054592
0.013983651
0.013786417
0.013703771
0.014015797
0.013846863
0.013894397
0.013754939
0.013900145
0.013751407
0.013888213
0.013893276
0.013662558
0.013609788
0.013818599
0.013731353
0.013681896
0.0135871135
0.013735503
0.013638043
0.013672945
0.013587798
0.013634664
0.013539289
0.013704059
0.013619517
0.013543144
0.01345332
0.013674468
0.01363084
0.013432204
0.013378456
0.013645689
0.013570182
0.013396237
0.0133083975
0.013708465
0.013659696
0.013271396
0.013231882
0.013656709
0.013550203
0.0132785775
0.0131961545
0.01367645
0.013631907
0.0131663075
0.01312508
0.01363333
0.013533607
0.013168325
0.0130978
0.013650779
0.013610241
0.013090096
0.01309939
0.013480622
0.013364144
0.013304651
0.0132625215
0.013305048
0.013302818
0.013251874
0.013317811
0.013159305
0.013247438
0.0132964775
0.0133009665
0.013284199
0.01342792
0.013179067
0.013154698
0.013235215
0.013077579
0.013303612
0.0129898265
0.013385647
0.013349739
0.012991699
0.012964579
0.013070767
0.012991096
0.013253982
0.013018149
0.013170764
0.013208117
0.012963627
0.012887587
0.013026175
0.012867329
0.013338943
0.013227295
0.012873256
0.012831242
0.013060491
0.012925939
0.012940906
0.012795598
0.013156411
0.013046876
0.012829355
0.012743081
0.0130752055
0.012956123
0.012853571
0.01279844
0.012973525
0.012937956
0.012768197
0.012745018
0.0128918765
0.012816916
0.012803531
0.012743312
0.012898897
0.012849736
0.012769039
0.012764865
0.012765708
0.012697261
0.012837335
0.012724302
0.012809016
0.012774531
0.012714308
0.012674724
0.012712766
0.012649074
0.012765425
0.0126359835
0.012804866
0.012750673
0.012621838
0.012586258
0.012748596
0.01267533
0.012625505
0.012578831
0.012666007
0.01258769
0.012672183
0.012614672
0.012597357
0.012531954
0.0126685025
0.012599732
0.0125748515
0.012509686
0.01267689
0.012629819
0.012500023
0.012457957
0.012657229
0.012578827
0.012503578
0.012455799
0.012618199
0.0125412075
0.0125027895
0.0124515565
0.0125992885
0.012489331
0.012564643
0.012462005
0.0125696855
0.01244316
0.012555227
0.012425226
0.012553695
0.012407653
0.012548064
0.0124035925
0.012523391
0.0123745315
0.012540453
0.01240388
0.012470665
0.012318246
0.01254874
0.012424265
0.01241795
0.012319642
0.012501177
0.012394417
0.0123770265
0.01227544
0.012477789
0.012376223
0.012350832
0.012291181
0.012407456
0.012335338
0.012320685
0.012236505
0.012435534
0.012361962
0.012262707
0.012213363
0.012464225
0.012406866
0.01221325
0.012140423
0.012471803
0.012347107
0.012220246
0.012174676
0.012398926
0.012370311
0.01218966
0.012162376
0.012416735
0.012340516
0.012186064
0.012104242
0.012477974
0.01242601
0.0121041415
0.012095268
0.012410146
0.012327593
0.012139185
0.01206734
0.012398713
0.012322727
0.012116045
0.012092587
0.012384991
0.012310214
0.012128626
0.012100089
0.012383615
0.012303899
0.012118586
0.01210204
0.0123112155
0.012280966
0.012135215
0.012166695
0.012254775
0.012276906
0.012134704
0.012201659
0.012232922
0.012245652
0.012196705
0.0123218745
0.012253846
0.0123032
0.0125522725
0.012484872
0.012326376
0.012483788
0.012569893
0.012473312
0.012303683
0.012322809
0.012455322
0.012382489
0.01219618
0.012200144
0.01229654
0.012132461
0.012409895
0.012383223
0.012135528
0.01205121
0.012261984
0.011939302
0.012627982
0.012647666
0.011907677
0.012006178
0.012122656
0.0121628
0.012357678
0.012509454
0.012321671
0.01277275
0.01233876
0.012197942
0.012618746
0.012186113
0.012314002
0.012427855
0.012132686
0.012144846
0.01226909
0.012080875
0.012091801
0.012057674
0.012103752
0.012074734
0.012103051
0.012001786
0.012017227
0.011961977
0.012060131
0.011985809
0.012075394
0.012027887
0.011994454
0.011927962
0.011946182
0.01186739
0.01212496
0.012086787
0.01188011
0.011840104
0.012114896
0.012038063
0.011847131
0.011793724
0.012081058
0.012021416
0.011829871
0.011803821
0.012030418
0.011957693
0.011889265
0.011838748
0.011923358
0.011852257
0.011903406
0.0118384445
0.011912905
0.011866932
0.011871125
0.011833981
0.011860694
0.0117994845
0.011894699
0.011821141
0.011875342
0.011812404
0.011867876
0.01181201
0.011835513
0.011788987
0.011833633
0.011758442
0.011909482
0.0118598575
0.011769022
0.011714603
0.011932328
0.011874947
0.011735945
0.011688057
0.011940596
0.01188263
0.011716191
0.01168007
0.0119019775
0.011829764
0.011731309
0.011690877
0.011841491
0.011771346
0.011752586
0.01169929
0.011801075
0.011719673
0.011797813
0.011734746
0.011755038
0.011686872
0.011806242
0.011741123
0.0117306
0.011658569
0.011825745
0.011768195
0.011678379
0.0116326315
0.011810941
0.011751014
0.011683248
0.011619608
0.0117896525
0.011712764
0.011699657
0.011633761
0.011783749
0.0117095485
0.01167922
0.011612791
0.01177051
0.0116740195
0.011727586
0.011656985
0.011738043
0.011632406
0.011761952
0.011649971
0.011745577
0.011648747
0.011686993
0.011622789
0.011729711
0.0117112
0.011627671
0.011617069
0.01173582
0.011692134
0.011619538
0.011568475
0.011717051
0.011647076
0.011591297
0.011585433
0.011658173
0.011619322
0.011659195
0.0116277905
0.011593938
0.011553161
0.011656518
0.011669024
0.011584246
0.011472125
0.011708934
0.011549805
0.011618354
0.011433124
0.011859268
0.011862864
0.011427951
0.011526861
0.011575977
0.0116509
