0.28757158
0.052636523
0.083329745
0.054802936
0.021874262
0.046302676
0.056901027
0.040320553
0.02315504
0.027430749
0.03604228
0.033596348
0.025617665
0.021245241
0.026978893
0.031151608
0.030577863
0.028239913
0.023859665
0.02151742
0.022019655
0.023476312
0.023301795
0.022484876
0.021455765
0.02189967
0.022225747
0.022205329
0.022109648
0.021597719
0.021146558
0.02208235
0.022292333
0.02196619
0.022060236
0.02148517
0.021226412
0.02109089
0.021225626
0.02126705
0.021252586
0.021088064
0.021064537
0.02087452
0.021163233
0.021197459
0.02084537
0.02086707
0.020613061
0.020655727
0.020555379
0.020640159
0.020480594
0.02074802
0.020469481
0.020894008
0.021093309
0.020383164
0.021531219
0.022087043
0.020852813
0.020503936
0.020993063
0.020459035
0.020630974
0.020880587
0.020264084
0.020761566
0.021240907
0.020493034
0.02023249
0.020509608
0.020146195
0.020290354
0.02043473
0.020010311
0.02041412
0.02080172
0.02021651
0.019892877
0.020173756
0.019967252
0.019657886
0.019938087
0.019955492
0.019744592
0.019268736
0.0210514
0.020887226
0.019513197
0.01977803
0.018894443
0.01952635
0.020185085
0.018874165
0.018751876
0.018700512
0.017413542
0.019298324
0.020231321
0.018101692
0.017368907
0.018128643
0.01704275
0.017811596
0.017790914
0.016771123
0.017428968
0.01778803
0.016563462
0.017489292
0.01768911
0.01622916
0.01667237
0.017686
0.016580556
0.016301677
0.01668261
0.015859468
0.015634736
0.016136562
0.015456189
0.015653623
0.016336052
0.015542843
0.015093851
0.01554001
0.015198686
0.014960331
0.015758844
0.015189338
0.014705111
0.015218942
0.014802116
0.014477589
0.0143694095
0.014202391
0.014212691
0.014061074
0.013948616
0.013870849
0.01384852
0.013747096
0.013652138
0.013491641
0.013778552
0.013662147
0.01374584
0.013875718
0.01394323
0.0139998095
0.013346188
0.013757095
0.01446762
0.014072731
0.013462122
0.013371676
0.013067366
0.013075207
0.013009742
0.012906
0.012532425
0.012660657
0.012538459
0.0124647515
0.012388275
0.012178077
0.012207241
0.012329589
0.012148748
0.012291737
0.012132513
0.012926008
0.013315213
0.012398355
0.012647738
0.0129373735
0.012541264
0.012313023
0.012193036
0.012107787
0.012108644
0.012003221
0.012060427
0.01192944
0.012070492
0.011899936
0.011799313
0.011569207
0.011900435
0.012047075
0.011747268
0.011806794
0.011624108
0.011544213
0.011483711
0.011359976
0.011637661
0.011515118
0.011450585
0.011421663
0.011357713
0.01123074
0.011473511
0.011347602
0.011180166
0.01109894
0.011294604
0.011125271
0.011186571
0.01112308
0.0110343695
0.011042443
0.0109945685
0.010948982
0.010928408
0.010888469
0.010852528
0.010750968
0.010886249
0.010798705
0.01067052
0.010593808
0.010769417
0.010715798
0.010505375
0.010493282
0.010538521
0.010445329
0.010525783
0.0105090765
0.010271351
0.0103807645
0.010166824
0.010362527
0.010019646
0.0108586475
0.011028328
0.010343798
0.010273849
0.010389954
0.010386781
0.009897237
0.009992805
0.010085249
0.0097058145
0.01031594
0.010563858
0.009690885
0.009942799
0.010077641
0.00968081
0.00973736
0.009375498
0.009683458
0.009384136
0.009664129
0.009537065
0.009021789
0.009106996
0.008955732
0.0088544255
0.008850231
0.009053357
0.008487427
0.010175911
0.01056807
0.010211666
0.009876524
0.00988765
0.009361296
0.008834176
0.009190155
0.009083332
0.00868543
0.008852143
0.008640082
0.008537124
0.008412018
0.008428157
0.008249162
0.0084548155
0.00824564
0.008871601
0.008997104
0.007906045
0.009066715
0.00950183
0.008716572
0.009289204
0.009178866
0.008057664
0.0085458355
0.008008748
0.008033887
0.008034373
0.007521042
0.007248152
0.007215977
0.007629501
0.007186486
0.007521987
0.0072269235
0.007008156
0.0070136995
0.006604604
0.006935589
0.006877415
0.0070806257
0.0062843687
0.007858766
0.007369097
0.009127084
0.009747736
0.007619334
0.008093544
0.008441878
0.0067341714
0.008179451
0.008077207
0.0064863604
0.0067656618
0.0066411174
0.0064300075
0.0069654747
0.00669824
0.00603438
0.005947154
0.00662713
0.0063948366
0.0060310657
0.0060814954
0.005705128
0.006404863
0.0063176486
0.0064833933
0.006598324
0.0057282024
0.006290272
0.005898144
0.006220156
0.006189765
0.006360065
0.00582061
0.0059647174
0.0060401917
0.005811751
0.005672258
0.0058553233
0.00568831
0.005353982
0.006134063
0.006098173
0.005412193
0.005426558
0.0055365204
0.0052319015
0.0052569043
0.005643159
0.0052328967
0.005499829
0.0056745983
0.0055475957
0.005137049
0.005464097
0.0054146424
0.0052594035
0.0050104987
0.0053458945
0.004981522
0.0053286827
0.0052917325
0.0052028024
0.0048084557
0.0050961766
0.0049252543
0.0048324694
0.0047288504
0.0044756453
0.005009791
0.004955905
0.0046704193
0.0047644903
0.005058941
0.0045759426
0.0049719154
0.0050401757
0.0049575027
0.0045864866
0.0054117017
0.0051831338
0.0050205924
0.0048114383
0.0047383797
0.004570251
0.005088347
0.0048319353
0.0047594965
0.0044967993
0.0048927967
0.004830383
0.0045271292
0.0045908005
0.004278254
0.004114757
0.0044152024
0.00426243
0.00478703
0.0046172366
0.004276083
0.004213058
0.004301308
0.0042043566
0.004326205
0.004217233
0.0042405757
0.004088546
0.0042118025
0.004072529
0.0042115585
0.0041550836
0.0040191
0.0038966571
0.004132774
0.0040725986
0.0039531616
0.0038221728
0.00410616
0.0040007844
0.003931537
0.0038790961
0.0039228927
0.0038795534
0.003842016
0.0037940454
0.0039794613
0.0037995998
0.004155428
0.0041831085
0.003595018
0.0035726062
0.0038579218
0.0036188588
0.004053506
0.004075738
0.003607355
0.0037640997
0.0035007645
0.003775607
0.003570499
0.003784573
0.00373359
0.0039677112
0.003812385
0.003822603
0.0038837325
0.0035756845
0.0036126897
0.0035378637
0.0036052708
0.0034768917
0.0033410469
0.003824393
0.0035948288
0.004217213
0.0038298054
0.004240703
0.004394862
0.003447796
0.0036705143
0.0036720696
0.003458945
0.003446155
0.0035617743
0.0033338051
0.0032898972
0.0032734603
0.0033288596
0.0033955025
0.0031206403
0.0038596906
0.0037156586
0.0037909544
0.0037362564
0.0034306447
0.0035631957
0.0030937705
0.003312419
0.0033095072
0.003096143
0.0037392015
0.003682167
0.003275621
0.003266004
0.0033265117
0.0031652239
0.0032755062
0.0031270708
0.003236662
0.0029341336
0.0041757887
0.00429305
0.002994891
0.004979176
0.0059383665
0.004425337
0.0038962339
0.0044555063
0.003621423
0.003810194
0.0044338442
0.0036085572
0.0035515812
0.0036924202
0.0036987525
0.0035526445
0.0034004517
0.0032123968
0.003178329
0.003131647
0.0032802233
0.0030190644
0.0036654908
0.0038216207
0.0032381508
0.0034176053
0.0032929287
0.0034327747
0.0032438776
0.0031391012
0.0032135677
0.0028234131
0.0034884969
0.0034579078
0.0030269318
0.002870299
0.0032551426
0.0030439552
0.00329081
0.0033829499
0.0030382362
0.003115862
0.0029970296
0.0029969274
0.0030718565
0.002837034
0.0027975887
0.002923308
0.0027296722
0.0035112363
0.0034111494
0.0032831782
0.0032859377
0.0027823523
0.0027176756
0.0031960967
0.003071135
0.0034400604
0.0033255164
0.0029595662
0.002972427
0.0028717343
0.0026953295
0.0035218932
0.0034792833
0.0026609104
0.0027546266
0.0029174034
0.0026814586
0.0034010212
0.0035677615
0.0026434308
0.0037469857
0.004144738
0.0033594044
0.0033809133
0.0031934083
0.0034244957
0.0030462863
0.0030821422
0.003141668
0.0029529457
0.0028601307
0.0029727875
0.0029333718
