0.28877664
0.07336569
0.057907227
0.034550868
0.030995576
0.029724842
0.024732674
0.024607858
0.025500914
0.022912553
0.02172284
0.022538185
0.021223702
0.02229602
0.02318318
0.021667793
0.021364173
0.022007512
0.021385206
0.020969657
0.021217166
0.021178097
0.020583617
0.021858254
0.022502027
0.02124455
0.020687876
0.021006363
0.020711625
0.020960847
0.020978652
0.020674428
0.021071339
0.020753013
0.020726232
0.021118423
0.020904625
0.020601502
0.02062117
0.02066498
0.020603495
0.020450393
0.021059439
0.021077653
0.020646174
0.020623324
0.020820031
0.020456359
0.02123599
0.02155239
0.020430136
0.021781111
0.023135358
0.021709664
0.020476552
0.02090141
0.020933287
0.020763123
0.020389415
0.021049283
0.02093026
0.020214852
0.020296369
0.020169308
0.0201218
0.020006938
0.020110885
0.019873092
0.019997254
0.019844333
0.01936963
0.019087575
0.018963205
0.018494891
0.01836321
0.018229043
0.017925637
0.018048229
0.017672991
0.01874712
0.019050015
0.017531719
0.018249776
0.019393371
0.01855266
0.017562518
0.017839128
0.017861268
0.01774873
0.017335154
0.017063519
0.01716685
0.01678537
0.01752975
0.017792957
0.01703907
0.01697232
0.01706805
0.016826294
0.016738763
0.016925195
0.016617378
0.01684968
0.017110677
0.01675423
0.016415147
0.01701035
0.016862977
0.016348867
0.016285904
0.016421137
0.0162627
0.016438762
0.016321836
0.01630777
0.016314467
0.01605524
0.016009994
0.016008666
0.015968472
0.01620423
0.016335579
0.015689442
0.016358534
0.016098874
0.016231056
0.016809179
0.016703641
0.016181184
0.015529211
0.017016802
0.018166771
0.016922297
0.01628572
0.016246641
0.015574761
0.01645868
0.017006485
0.015747802
0.01631769
0.017222455
0.015972221
0.015720913
0.016461888
0.015659897
0.01562512
0.016073374
0.015359371
0.015576017
0.01599359
0.015187259
0.015969027
0.016364535
0.015218538
0.015689539
0.0163156
0.015326819
0.015266319
0.0157162
0.014969806
0.015255362
0.01582937
0.014906876
0.015256503
0.01579724
0.014760599
0.015088197
0.015801365
0.014880466
0.014686209
0.015048345
0.014370327
0.014933746
0.015517224
0.014529958
0.014532096
0.014719766
0.014226895
0.014378478
0.014752663
0.014120852
0.014342219
0.015089688
0.01413481
0.014139964
0.014958297
0.013938412
0.01401751
0.014799885
0.013874163
0.014002524
0.014422108
0.013409127
0.013811417
0.0144017525
0.013575102
0.013393608
0.014104985
0.013070926
0.013922277
0.014536716
0.013306476
0.0132268
0.014097291
0.013041869
0.01296975
0.013248502
0.0127387745
0.01263087
0.013033724
0.013176498
0.01263842
0.012269173
0.01222233
0.01195019
0.012398697
0.012109528
0.011859837
0.012372927
0.012329557
0.011698891
0.0114609385
0.011806036
0.011421178
0.011636589
0.011698965
0.011417814
0.011022498
0.011191115
0.011411708
0.010731497
0.01121594
0.011452452
0.01113905
0.010578944
0.011197001
0.011440354
0.010829802
0.010589953
0.0105576515
0.010732546
0.010683614
0.010249468
0.010023612
0.009923769
0.009939245
0.009755059
0.009579407
0.009528895
0.009289182
0.00930063
0.009189021
0.00923454
0.008966681
0.009035423
0.008912354
0.008691443
0.008830021
0.008362447
0.009313083
0.008991321
0.009706742
0.008833912
0.008765132
0.009039714
0.008723031
0.008553517
0.008220994
0.008563909
0.008404046
0.008461605
0.008187273
0.008123573
0.008069248
0.008226713
0.008146287
0.007930315
0.007903219
0.00812818
0.008062583
0.007861963
0.008023188
0.007958834
0.007821283
0.008066335
0.007807245
0.007838965
0.0076754093
0.007871485
0.0076522096
0.007806529
0.0076526552
0.007853847
0.0075439773
0.007891416
0.0077404636
0.007649305
0.0075425566
0.0075738193
0.0074818474
0.0076494515
0.0075843483
0.0074561574
0.0074516213
0.0075651854
0.007501653
0.0074373707
0.0073750294
0.0074421833
0.0072868913
0.007491862
0.0074224435
0.00729933
0.0072407895
0.0074086622
0.0073591783
0.0072491127
0.007188283
0.0072711967
0.0071157566
0.007480012
0.007317513
0.0072006905
0.007101441
0.0072664185
0.007122241
0.0071941703
0.007148308
0.007134458
0.007141069
0.0070151337
0.0069878534
0.0073031434
0.007248609
0.007052159
0.0071019954
0.006925814
0.0068720244
0.006996973
0.006898373
0.007117085
0.007079949
0.0068200137
0.0067670033
0.0071847923
0.00706712
0.006957017
0.0069857114
0.0068245432
0.0068013216
0.006740676
0.0066953734
0.006712718
0.006837266
0.00666962
0.0070660408
0.0068527684
0.007138436
0.007262064
0.006904535
0.006784391
0.0067794714
0.007053157
0.0068881325
0.007262672
0.006852036
0.006840767
0.0066476506
0.006909624
0.0065408424
0.006794928
0.006490109
0.0068863505
0.006588521
0.0067913705
0.0065004528
0.0069271903
0.006445465
0.007025993
0.0067773294
0.0065699858
0.0064518843
0.006712485
0.0064513846
0.0068227244
0.006647063
0.0064961105
0.006314838
0.006939665
0.0066493577
0.006528935
0.0064677545
0.006651795
0.006672311
0.0063577048
0.006497383
0.0062639895
0.0063011795
0.0064654066
0.0063948412
0.006477377
0.0064643086
0.0062963194
0.0064549684
0.0061459225
0.006269039
0.0062005296
0.006243481
0.00614108
0.0061437762
0.0062288977
0.006130406
0.00627818
0.0061124084
0.0063111284
0.0061429464
0.0063520037
0.0061314884
0.006354459
0.006378612
0.006017233
0.0061752126
0.0059897043
0.0060451273
0.005931733
0.0059634694
0.005867886
0.006080095
0.005982648
0.0059643313
0.0060261316
