0.28828642
0.047159027
0.07963395
0.1110759
0.07003635
0.030261884
0.026561484
0.039914228
0.037151974
0.02631156
0.021559581
0.02749189
0.02928684
0.02406537
0.022184378
0.02310437
0.024643848
0.023303589
0.020664522
0.025192255
0.029042447
0.02827466
0.02490978
0.021930024
0.020703452
0.02291148
0.023739405
0.021522576
0.020176405
0.020496402
0.021004206
0.020796565
0.019643225
0.020955468
0.022210196
0.02142618
0.020836592
0.020294635
0.01961929
0.020749956
0.021185288
0.019729966
0.01990475
0.020467037
0.019939208
0.019955328
0.01988654
0.019174507
0.02025525
0.020907572
0.01977962
0.019123878
0.019719502
0.019326022
0.019291215
0.019437224
0.01920751
0.019006014
0.01925849
0.018848652
0.020205256
0.020561963
0.01907182
0.020412328
0.021876594
0.02031515
0.018906163
0.019230222
0.018875038
0.019554755
0.019760055
0.018834976
0.020043997
0.02115488
0.02003713
0.018788315
0.019666465
0.020155137
0.019239044
0.01896214
0.019140737
0.018900516
0.018914765
0.018999115
0.018649833
0.019071115
0.019249048
0.018773654
0.019689046
0.020253278
0.019174777
0.01867061
0.018871486
0.018977575
0.018430462
0.018914653
0.01875898
0.018187836
0.017898893
0.017714135
0.017320262
0.017373417
0.017270716
0.01671668
0.016949842
0.017119816
0.017039845
0.017262114
0.016946884
0.01681943
0.016617656
0.016445307
0.016398223
0.016314747
0.016145514
0.016489677
0.016376017
0.01611405
0.016061177
0.01601895
0.01586548
0.016075248
0.016050545
0.015787145
0.015691211
0.015855204
0.015679454
0.015614919
0.015596493
0.015466905
0.01537173
0.015541357
0.015440454
0.015233348
0.015179302
0.015381739
0.015304439
0.015144293
0.0150595335
0.015030165
0.01490219
0.014982533
0.014995684
0.014806814
0.0147408135
0.014819008
0.014613897
0.014677475
0.014631963
0.014426865
0.014390175
0.01437175
0.014282954
0.01441193
0.014284062
0.014194715
0.014190018
0.014119464
0.014019414
0.014078699
0.013952096
0.014071052
0.014070843
0.01379253
0.013737089
0.013803045
0.01369309
0.013829178
0.013833657
0.013539344
0.013544847
0.0135216
0.013436583
0.013541182
0.013453647
0.01334512
0.013334666
0.013173386
0.013143999
0.013086698
0.013081373
0.012995415
0.012974056
0.012796342
0.0130171105
0.012881231
0.012710959
0.01261729
0.012764742
0.012627997
0.012610927
0.012542722
0.012417211
0.012335591
0.012524225
0.012478381
0.012205571
0.012216861
0.012135061
0.0121118175
0.012097231
0.012025316
0.0120366365
0.012016792
0.011890766
0.011828688
0.011860214
0.011757661
0.0118275015
0.011706248
0.011692229
0.011670758
0.011629057
0.0116706
0.011520631
0.01144399
0.011533747
0.01153696
0.011369596
0.011244151
0.011655708
0.0113446675
0.011939056
0.012008141
0.011219539
0.011778255
0.011777818
0.011127214
0.011765879
0.011821751
0.011330936
0.011082776
0.011447865
0.011627187
0.011011041
0.011330788
0.011467849
0.011219849
0.010766306
0.011213199
0.011120565
0.010729595
0.010771163
0.010752642
0.010550179
0.010794542
0.010768744
0.010855865
0.010786909
0.010578945
0.010669063
0.010452725
0.010906431
0.010864695
0.010577022
0.010522265
0.010814756
0.010509393
0.0107530495
0.010713525
0.0101402225
0.010421676
0.010243266
0.010338138
0.010258905
0.010240389
0.010179736
0.0099897785
0.010593663
0.0103937695
0.010420653
0.010367607
0.009932402
0.009914306
0.010183404
0.0099635925
0.010339393
0.010373089
0.009866357
0.009771853
0.010203153
0.010049826
0.010164501
0.0101891225
0.009733374
0.01004634
0.009921744
0.0103777265
0.010410243
0.00965706
0.010358367
0.010279076
0.009679841
0.009809004
0.009728932
0.009763968
0.009462246
0.009996109
0.009763312
0.009874482
0.009937968
0.009709169
0.009688691
0.009761476
0.009404016
0.01002178
0.010064072
0.0093276985
0.010023429
0.010157571
0.009691515
0.009699013
0.009656335
0.0094983755
0.009353783
0.009549749
0.009650609
0.009346936
0.0096629495
0.009363659
0.009762538
0.009987843
0.009392518
0.009359018
0.009636545
0.009359908
0.009421206
0.009437291
0.009189068
0.009119257
0.0093285935
0.009288725
0.0092417365
0.009166709
0.009345907
0.009141882
0.009248073
0.009156161
0.009198756
0.009109748
0.0091412505
0.009075981
0.009094459
0.008935377
0.009147885
0.009145501
0.008853315
0.008790092
0.0091000255
0.008953513
0.009103861
0.0090568615
0.008898694
0.008826058
0.009069795
0.008869284
0.009011025
0.008998557
0.008796647
0.008688859
0.008950646
0.008865186
0.008652811
0.008648313
0.00878453
0.008767837
0.008673458
0.008692511
0.0086497255
0.008554132
0.008833917
0.008790777
0.008480825
0.008507055
0.008705774
0.008466334
0.008671343
0.008602065
