0.2877554
0.042961057
0.077792525
0.06648728
0.027677514
0.030274153
0.03268862
0.024617778
0.023730433
0.025115723
0.025139237
0.023276528
0.02135711
0.024000933
0.023861825
0.021327354
0.022169432
0.023259923
0.02187194
0.021029592
0.021307813
0.020805398
0.021291927
0.02132233
0.020463094
0.02064804
0.020729238
0.019790644
0.02094925
0.021864342
0.020726034
0.019422464
0.021607004
0.02279444
0.020435149
0.020004062
0.021156812
0.020269629
0.019507974
0.019764576
0.020001046
0.019166855
0.019239696
0.019190779
0.018429302
0.018678013
0.0181361
0.018894395
0.019017017
0.017524088
0.018003115
0.01871228
0.017821692
0.016540976
0.017626418
0.017319838
0.016784633
0.016379932
0.016080419
0.015802076
0.016060533
0.015710937
0.0153939985
0.015518318
0.0154455155
0.015066773
0.015142363
0.015045847
0.014990025
0.014967528
0.01494356
0.014655995
0.015376393
0.014975191
0.015393912
0.015591681
0.014736968
0.015252263
0.015396133
0.014963736
0.014662437
0.015252307
0.015172075
0.014350611
0.01453003
0.014342904
0.014529032
0.014493053
0.01421041
0.014110468
0.014508769
0.01478973
0.014472497
0.014558633
0.014628001
0.014400326
0.014422469
0.014113732
0.014099932
0.014175731
0.013881688
0.014075982
0.014038506
0.0139046535
0.01392812
0.013741245
0.013897504
0.013909541
0.013680103
0.013958424
0.013930429
0.0139429765
0.013915271
0.013644221
0.013468797
0.013771809
0.013717526
0.013916931
0.013791452
0.013336319
0.013317533
0.013504982
0.013280398
0.013946161
0.014029801
0.013674221
0.013723093
0.013717525
0.013257804
0.013726954
0.013868194
0.013382235
0.013753749
0.013956544
0.013191704
0.01369759
0.0141308205
0.013782449
0.013526303
0.013546494
0.013541649
0.01343282
0.013116223
0.013470635
0.013498095
0.0131311985
0.013181518
0.013169282
0.012924026
0.012863924
0.013025425
0.012960632
0.013022042
0.012974114
0.013007377
0.0128751
0.012998869
0.012950312
0.0129397465
0.01288087
0.012754065
0.0126833385
0.012767851
0.012687345
0.012669656
0.012668066
0.012615046
0.012618552
0.012536135
0.012453802
0.012458061
0.01242393
0.012360874
0.012382251
0.012288678
0.012284651
0.01219524
0.012285481
0.012170397
0.012292165
0.012219715
0.012201649
0.012313998
0.012083578
0.012041871
0.012012725
0.011777715
0.01181602
0.011652871
0.011637464
0.0115365265
0.0116490545
0.011716911
0.011396057
0.011722941
0.012008328
0.011447507
0.011464824
0.011499967
0.0115436325
0.0109789595
0.01188751
0.012050799
0.011490074
0.0112152845
0.011300786
0.011257111
0.011183859
0.011052072
0.011029043
0.01081546
0.010999699
0.010828298
0.0110033825
0.010995547
0.010688219
0.010960157
0.010997345
0.010554456
0.010674219
0.010680344
0.010432497
0.010311343
0.010247086
0.010259006
0.00997623
0.010005956
0.009975209
0.00981647
0.00978242
0.009801629
0.009809215
0.009640392
0.009543316
0.009521128
0.009658192
0.009517238
0.009517069
0.009664778
0.00946603
0.009656212
0.009562888
0.009563392
0.009399881
0.009465265
0.00925805
0.009206657
0.009157487
0.009159195
0.009059598
0.008895191
0.009342079
0.009061971
0.009180513
0.0091469595
0.00912328
0.009045445
0.008825666
0.008919383
0.008698851
0.008867287
0.008724324
0.008709229
0.008629777
0.00858312
0.008408889
0.008615739
0.008356124
0.008459463
0.008373578
0.008142379
0.008088604
0.008047581
0.007916441
0.008123159
0.007844013
0.008339696
0.008190897
0.007973211
0.0077910707
0.0078063854
0.007904939
0.0077154213
0.007475128
0.00788326
0.007819657
0.007768151
0.0075170933
0.0076402887
0.0076420605
0.007863364
0.0075924047
0.00785447
0.007716745
0.0074998564
0.007298945
0.007342642
0.007327888
0.0074623176
0.0073567578
0.007246981
0.006985305
0.007091599
0.0070161982
0.006860156
0.0068852846
0.006881719
0.0069372826
0.006674655
0.0069387318
0.006970404
0.0066448078
0.0068323785
0.0068312124
0.0065139704
0.006660465
0.0065465258
0.006602923
0.006749118
0.006624648
0.0065621007
0.0065861507
0.0063392967
0.006342482
0.0063918247
0.0065224837
0.006376633
0.006123495
0.0062486785
0.006208734
0.006158356
0.0060086395
0.005943557
0.0062040947
0.0059919623
0.0061254078
0.006107261
0.0061213723
0.0061518284
0.005956249
0.0061861128
0.0059224092
0.0061237044
0.006184935
0.0058619627
0.00594341
0.0057299403
0.0058972263
0.005964
0.005915155
0.0058074202
0.005914293
0.0057540056
0.0057763145
0.005544661
0.0060761566
0.006017526
0.0056058676
0.005587219
0.0056953295
0.0056152507
0.005657675
0.0055206604
0.005533097
0.0054982905
0.0054537454
0.005447144
0.005514588
0.0054621217
0.005472213
0.005301113
0.005589273
0.005440681
0.0055918247
0.0056647956
0.005107553
0.0056387633
0.00519782
0.0057782508
0.0057985703
0.005189393
0.005831203
0.0057428465
0.0055377283
0.005334363
0.0059536286
0.005746449
0.0053318865
0.0055214423
0.0052892007
0.005304145
0.005334361
0.005136796
0.0050372775
0.0053008315
0.0052041053
0.0052550025
0.005284143
0.005068897
0.004953921
0.005083801
0.00496332
0.005182648
0.005150825
0.005223641
0.005075548
0.005020241
0.0049245725
0.0050704484
0.0050943797
0.004824747
0.0049670557
0.0050396286
0.004966959
0.005001537
0.0048960173
0.004739807
0.004814523
0.004917433
0.00486208
0.0047869617
0.0046757273
0.0050250734
0.0053265304
0.0046975934
0.004929396
0.00496087
0.0047289
0.005416325
0.005133301
0.005447744
0.005193464
0.005389124
0.0051704464
0.005381346
0.0052846186
0.005026325
0.0049548103
0.004672032
0.0045800875
0.004903738
0.004646761
0.005146749
0.0049170083
0.005225463
0.0051888456
0.0048770397
0.004888067
0.0047889003
0.0045785736
0.0046755914
0.0045294296
0.004683032
0.004618757
0.004605274
0.004687209
0.0045669717
0.004438879
0.004352113
0.0046498445
0.0045731445
0.0045545087
0.0045592673
0.004778826
0.004443683
0.004782205
0.004742145
0.004320295
0.004284667
0.0044332934
0.004250337
0.0045967116
0.0044863094
0.0044981157
0.004385319
0.0044451677
0.0044707465
0.004352221
0.0043234457
0.0042380644
0.004145353
0.0041774088
0.004259133
0.004102861
0.00458894
0.004457673
0.0045841415
0.004119711
0.004617698
0.0045425645
0.0042624776
0.004458064
0.0040861643
0.0039787074
0.004041621
0.0039450894
0.0039708465
0.0040634447
0.0040098783
0.003891485
0.0041121943
0.003921676
0.00399263
0.0039710416
0.0039594057
0.0039405623
0.0037920016
0.00377839
0.0039286963
0.0037675109
0.0041437405
0.0038161993
0.0037059977
0.0038424998
0.0037254926
0.003979786
0.003739238
0.004365921
0.0038716358
0.004290509
0.004657447
0.0038807802
0.004756281
0.0056818523
0.0041228514
0.004679513
0.0054175667
0.004364041
0.0043914854
0.0048613413
0.0043072985
0.0040517393
0.0042139385
0.0040312824
0.0037749438
0.0037564393
0.0036481686
0.0036331862
0.0036096487
0.0035748936
0.0035433117
0.00394934
0.0037618543
0.003566927
0.0037154097
0.0035194699
0.0038335428
0.0039764796
0.0037489797
0.0035483956
0.003483559
0.0034209704
0.0034027519
0.0034858251
0.0034362683
0.003536794
0.0035975159
0.0035101033
0.0034397729
0.0037700024
0.0035824229
0.0033123102
0.0037876703
0.0036752478
0.0033264924
0.0035196475
0.0035006069
0.0034072504
0.0034194805
0.0035108484
0.0033220064
0.003289272
0.0035131667
0.0032702293
0.0041630864
0.0040540076
0.0036477651
0.0037210898
0.0036918807
0.003600531
0.003290876
0.0034387123
0.0032778068
0.0036070484
0.0033138955
0.003719414
