0.28862342
0.055671196
0.068267934
0.043683786
0.022516677
0.032946482
0.03261316
0.02477035
0.024448032
0.026142834
0.025519786
0.02276797
0.023627115
0.02581126
0.024164772
0.021820106
0.023906698
0.02448132
0.022265235
0.022576705
0.023555964
0.022801833
0.02205629
0.022226928
0.022613117
0.022345921
0.021615863
0.022912657
0.023952581
0.022785395
0.021701207
0.022033736
0.022219026
0.02217328
0.021665938
0.021911228
0.022231944
0.02194581
0.021783551
0.021550616
0.022065444
0.021656374
0.021808257
0.021911055
0.021643206
0.022041604
0.021986688
0.021634439
0.021547064
0.021948444
0.021326855
0.022336425
0.022619018
0.021104014
0.022700315
0.023656154
0.021968188
0.021250984
0.021515705
0.021396765
0.020568974
0.019912751
0.020140642
0.019340284
0.019938966
0.019996189
0.01870895
0.019487744
0.020007377
0.018641965
0.018395731
0.01832415
0.018198298
0.01775852
0.01763198
0.017772721
0.016967008
0.018323416
0.019035505
0.017306345
0.017506117
0.018073363
0.01690278
0.016609807
0.016721042
0.016447788
0.015818097
0.015963495
0.015875576
0.015145223
0.016175527
0.015064742
0.015479402
0.015190899
0.014628167
0.015387389
0.014696926
0.014225773
0.014359484
0.014049639
0.013855454
0.013910002
0.013607067
0.014141067
0.013919391
0.013901572
0.013868126
0.013421907
0.0131406635
0.013241749
0.013095315
0.013540189
0.0133157745
0.012654379
0.012493712
0.012634887
0.012414289
0.012588785
0.012401964
0.012010649
0.011873159
0.011820952
0.011635034
0.011697303
0.011450124
0.011298246
0.011312296
0.010928265
0.010857202
0.010725555
0.010497379
0.010512799
0.010438797
0.010224535
0.0101276105
0.010139369
0.009936276
0.010024056
0.009803868
0.009799991
0.009698923
0.010098183
0.009739717
0.010140865
0.010090235
0.009585139
0.0098080225
0.009464227
0.009527076
0.009285814
0.009232152
0.009269512
0.009027084
0.009312014
0.009246111
0.009031978
0.008985947
0.008842727
0.008689308
0.008862921
0.0086228335
0.009151563
0.009248289
0.0083467765
0.009017837
0.008375117
0.0097013
0.010143877
0.008901169
0.00872667
0.008996338
0.008576763
0.008897518
0.009034421
0.008788732
0.008256359
0.008896455
0.008766487
0.008729692
0.00818935
0.008887877
0.008991054
0.008279707
0.008302935
0.007816145
0.007887504
0.008016591
0.007680346
0.008018481
0.008006703
0.008026165
0.0076233614
0.008242424
0.008036447
0.007605729
0.007554984
0.007640662
0.007915941
0.0073766704
0.007687837
0.007392017
0.008338458
0.008690563
0.007882242
0.007776746
0.007951716
0.007257397
0.008075786
0.008406967
0.0073514343
0.007412394
0.0075365826
0.007025788
0.008247058
0.0082490565
0.00699486
0.007327666
0.007341446
0.006677347
0.0073995516
0.006878494
0.007908647
0.008367321
0.006807203
0.008366501
0.0095716305
0.007978892
0.007742247
0.008510932
0.008202081
0.0074038696
0.0072062276
0.007895404
0.0074298405
0.0066036633
0.007009027
0.0065980465
0.008058951
0.008825223
0.006835973
0.007856968
0.009511382
0.007813096
0.0065136203
0.0069190618
0.0062594414
0.0084637245
0.0096289525
0.007686807
0.007712525
0.008903728
0.007584594
0.0067486614
0.0070877573
0.0065373853
0.007211464
0.0074945614
0.0066347905
0.006713822
0.006969318
0.0065621375
0.006526536
0.006496787
0.006270693
0.006140416
0.0062363395
0.006044963
0.006450256
0.00635198
0.0063242377
0.0061557167
0.006538086
0.006470731
0.0061212666
0.0060668364
0.006219732
0.00608819
0.0062578972
0.006227024
0.00576211
0.0057125445
0.0059506744
0.0059507415
0.005713837
0.0059119016
0.00587384
0.0056359284
0.0059906705
0.005947759
0.0058446783
0.005872754
0.0059428164
0.005860968
0.005850973
0.006028759
0.0055118077
0.0060363617
0.005964376
0.0057213358
0.0057327226
0.005844397
0.0057815784
0.006064462
0.0059876987
0.00549246
0.0054121856
0.00557008
0.005305849
0.0063204826
0.0064770174
0.0058960007
0.005752422
0.0059932973
0.0054321685
0.005801263
0.0060987864
0.00547591
0.005449723
0.005573131
0.0051628817
0.0066133975
0.0068118
0.0055565783
0.005556011
0.0058067753
0.005531134
0.0052032797
0.005418765
0.005029456
0.006162117
0.006716931
0.005686313
0.005319511
0.0056643053
0.0053777113
0.0053362176
0.005409946
0.0052566393
0.005268386
0.0054454976
0.005221598
0.0051863636
0.0051375036
0.0050307033
0.0049905106
0.0051511456
0.0050528436
0.0050165835
0.0050492547
0.004691297
0.0061719194
0.0070026186
0.006040761
0.0052908584
0.0059886235
0.00650805
0.0051982626
0.004874363
0.006114805
0.006305903
0.0054586357
0.0049900203
0.005791424
0.0056313775
0.0055459295
0.0054535456
0.0052144383
0.005373154
0.004941239
0.0047217826
0.005191401
0.0050057992
0.0051856306
0.0051375194
0.005225871
0.005124438
0.0048979856
0.0046082623
0.0053638257
0.005441911
0.0048639453
0.0048318175
0.004803712
0.0046164556
0.005047132
0.0050843023
0.004642256
0.004546245
