0.28827623
0.055304185
0.05989651
0.033637825
0.029879019
0.027776668
0.023260033
0.025300594
0.025525033
0.02188083
0.022884406
0.024492348
0.022161296
0.021060241
0.021531388
0.020905353
0.021562323
0.021947732
0.020978501
0.021407397
0.022103764
0.021377767
0.020761559
0.021286434
0.02111876
0.020707568
0.02091068
0.020762762
0.020794537
0.020832255
0.020648947
0.020736324
0.020635264
0.020639867
0.020633828
0.020517422
0.020629613
0.020458503
0.020713612
0.020791624
0.020503214
0.020421235
0.020577587
0.02042756
0.020273127
0.020280631
0.020192761
0.020229409
0.020153781
0.020061152
0.019977652
0.02001482
0.01997684
0.019757112
0.020033507
0.019937718
0.01982048
0.019796008
0.019780377
0.019577513
0.019793212
0.01940923
0.019691406
0.01938115
0.01961372
0.019347282
0.020141644
0.020113483
0.019236416
0.01947848
0.01934997
0.019282386
0.019248623
0.019334719
0.019067697
0.019146718
0.019009883
0.01894629
0.019121606
0.01886659
0.01891798
0.01885853
0.018813571
0.018447973
0.018846808
0.018808864
0.018093666
0.018194968
0.017866556
0.017644743
0.017089954
0.017135322
0.016678127
0.017106658
0.017267361
0.016312286
0.016847542
0.016181195
0.017011093
0.017257364
0.016793968
0.016784674
0.016281582
0.016524011
0.01657957
0.016087614
0.016380833
0.016182631
0.015788764
0.015960367
0.0155247515
0.0157673
0.016000113
0.015204298
0.015976107
0.016496789
0.015694799
0.015459147
0.015671737
0.015359975
0.015294951
0.015407001
0.015033971
0.015069413
0.015104204
0.014904759
0.014842507
0.01465946
0.014630954
0.014456402
0.014373043
0.014260284
0.014305941
0.014093324
0.014547464
0.014253184
0.014483278
0.014732654
0.0145222815
0.01442092
0.013922644
0.014025229
0.0142229535
0.014247156
0.013885484
0.01353135
0.013502945
0.013606531
0.013341802
0.014047275
0.014466736
0.013458994
0.014499612
0.015695257
0.014564325
0.013134926
0.013683808
0.013923553
0.013505835
0.013357997
0.013163037
0.01316074
0.013389621
0.013214367
0.012814057
0.012793955
0.012815406
0.012551001
0.012444966
0.012528409
0.012423669
0.012328598
0.0124081
0.012279498
0.012088891
0.012253442
0.012077696
0.012099377
0.011994501
0.011847221
0.011800152
0.011745217
0.011634889
0.011699499
0.011543051
0.011448146
0.011380511
0.011305004
0.011262705
0.011184398
0.0110885715
0.011228
0.011067196
0.011791547
0.011669352
0.010944924
0.01108697
0.010864752
0.011017737
0.011204049
0.0107209785
0.010938436
0.010643315
0.010716264
0.010641816
0.010656449
0.010628839
0.010614298
0.01051351
0.010397903
0.010552168
0.010421749
0.0105631305
0.010510092
0.010934207
0.01063693
0.010499795
0.010642748
0.010324638
0.010516003
0.010419053
0.01062002
0.010615769
0.010251652
0.010337242
0.010138576
0.010434277
0.010365959
0.010099294
0.010279989
0.010317456
0.010157517
0.009932559
0.010275616
0.010147207
0.010043093
0.010038299
0.009926799
0.009886903
0.010112945
0.009988246
0.0098996
0.010007947
0.0096871285
0.010210597
0.010143028
0.009852883
0.009856637
0.009930583
0.009725865
0.009786285
0.009721824
0.009666957
0.0097326385
0.009615971
0.009746473
0.009752891
0.009552081
0.010254751
0.010357949
0.010112616
0.009765554
0.009827548
0.00974428
0.009682647
0.009645123
0.009614877
0.009562213
0.009605534
0.009578688
0.009497327
0.009407222
0.009626798
0.009704273
0.009560074
0.009414633
0.009399303
0.009560645
0.009383916
0.009484604
0.00954592
0.009350075
0.009569476
0.0096019795
0.009713552
0.009410135
0.009734288
0.0095948
0.0095892325
0.009570203
0.009421658
0.009396552
0.009425278
0.009249496
0.009518816
0.009404194
0.00941302
0.009330829
0.009520181
0.009463167
0.0092007145
0.009186875
0.009444089
0.009363446
0.009137519
0.009050805
0.009441615
0.0092865145
0.009124617
0.009073059
0.009206774
0.009112141
0.009115064
0.009038801
0.00916198
0.009033747
0.009051062
0.008981477
0.009019607
0.0089600505
0.009014993
0.008910035
0.0090476
0.0089300955
0.008967439
0.0089048715
0.00894067
0.008880536
0.008860996
0.00882089
0.008821397
0.008747886
0.009004715
0.008839634
0.008982069
0.008882632
0.008783239
0.008757383
0.00881854
0.008802301
0.008757616
0.00869963
0.008723089
0.008640159
0.008744394
0.008636176
0.008725782
0.008655618
0.008671034
0.008565093
0.008683921
0.008591078
0.008686756
0.008571154
0.008534205
0.008444955
0.008698258
0.00860178
0.008431456
0.0083574755
0.008765151
0.00869475
0.0083637955
0.008298843
0.008685269
0.008591323
0.008280835
0.008230272
0.00862416
0.0085302405
0.008279342
0.0081939995
0.00856536
0.008487482
0.008220545
0.008154179
0.0085182125
0.0084308935
0.008190424
0.0081504965
0.008357998
0.008244023
0.008205953
0.0081101395
