0.2893281
0.10350249
0.0679738
0.035443872
0.030559564
0.029418131
0.024415761
0.02757146
0.027374303
0.023652315
0.024045328
0.025002956
0.02334349
0.022791095
0.023545392
0.022548007
0.022635022
0.022874705
0.022147743
0.022119796
0.022272477
0.02145297
0.02332245
0.022491014
0.02153185
0.021506688
0.021541126
0.021272356
0.021529092
0.021368131
0.021084867
0.021014504
0.020903567
0.020886093
0.020727018
0.020737112
0.020530006
0.020802954
0.020569874
0.02091685
0.02082417
0.02090788
0.020820836
0.020601593
0.020594276
0.020484928
0.020537062
0.020349061
0.020820666
0.020453058
0.020912454
0.020935902
0.020296972
0.020593423
0.020440998
0.020353133
0.020491747
0.020161519
0.020858921
0.02071991
0.020230861
0.020318428
0.020236092
0.020075532
0.020582957
0.02058849
0.02004289
0.02004025
0.020110605
0.019848403
0.01985088
0.019791333
0.019650824
0.019529833
0.019451926
0.019204022
0.019211771
0.018944737
0.019513683
0.019477768
0.019044442
0.019002328
0.018748162
0.0188705
0.018433593
0.019059194
0.019269086
0.018216208
0.018624516
0.01886698
0.018187528
0.018338963
0.018389704
0.018002192
0.018176699
0.017952686
0.018062197
0.018160779
0.01786879
0.017584167
0.017539283
0.017568171
0.01759749
0.017548934
0.017461319
0.017288735
0.01796752
0.017542882
0.018090576
0.018121859
0.017341068
0.017507793
0.017292904
0.01722055
0.017301558
0.017197745
0.017400755
0.017184105
0.017811066
0.017274948
0.017595522
0.01787164
0.01707895
0.01770679
0.01802865
0.017815901
0.01744075
0.01712382
0.017138032
0.016842978
0.016995242
0.01694295
0.016742984
0.017082438
0.016788648
0.01746197
0.017574029
0.016845146
0.01711379
0.01683311
0.01733694
0.017555313
0.016510328
0.018142482
0.019654755
0.018159032
0.017177723
0.017142208
0.016546132
0.017534824
0.018143818
0.016971236
0.016973201
0.01754652
0.01672629
0.01698328
0.017604025
0.016634166
0.016591733
0.016994994
0.016337208
0.01696348
0.017463302
0.016421286
0.016584098
0.017184203
0.016358098
0.016372753
0.016843354
0.016169941
0.016584806
0.01700859
0.01632285
0.016133877
0.016563887
0.016008422
0.016457073
0.01688573
0.016140414
0.016070766
0.016481139
0.015870737
0.01617469
0.01652511
0.015842758
0.015913857
0.016261365
0.015635936
0.016027447
0.016466202
0.015650237
0.015766522
0.016155092
0.015508707
0.015775815
0.016150897
0.015497074
0.015563021
0.016025832
0.015410195
0.01563374
0.016094672
0.0155508565
0.015306753
0.015774356
0.015363728
0.015613701
0.016003283
0.015634265
0.015251185
0.01564336
0.015315543
0.015713781
0.016130881
0.01564194
0.015290387
0.015639545
0.015206245
0.015474457
0.015672132
0.014962535
0.01529925
0.015717424
0.015028115
0.015083164
0.015420909
0.014805053
0.015037623
0.015468265
0.014744894
0.014988709
0.015431099
0.014713254
0.014818425
0.015353783
0.014652588
0.014724009
0.015167691
0.014538999
0.0146815395
0.01520493
0.014468045
0.014521864
0.014906653
0.014303406
0.014573514
0.015017755
0.014278337
0.014407325
0.014769055
0.014148583
0.01437718
0.014795798
0.014086068
0.014260967
0.014741693
0.014040933
0.014101927
0.014539096
0.013874914
0.014096198
0.014537946
0.013815892
0.013955303
0.014349935
0.013677937
0.013917439
0.014355257
0.013613745
0.013774708
0.014250174
0.01349638
0.013683661
0.014126415
0.013395257
0.013605059
0.014240195
0.013379554
0.01336467
0.013765427
0.013041469
0.013595004
0.0141793685
0.013120394
0.012974436
0.013394288
0.012769754
0.013181017
0.01322447
0.012827647
0.012861915
0.012964793
0.012638263
0.01257827
0.012572606
0.012213461
0.012363173
0.012247945
0.012368853
0.012117553
0.0120655075
0.012115944
0.011785008
0.011797908
0.011578034
0.012113001
0.0114593655
0.012897495
0.013329166
0.011873429
0.01229234
0.012026074
0.011662523
0.011454676
0.0112061575
0.011436953
0.011229097
0.010992505
0.010976215
0.010882527
0.0111568915
0.011047681
0.011361386
0.011167091
0.011200033
0.011108942
0.010629967
0.010840642
0.010513143
0.010360164
0.010989723
0.011348947
0.01038958
0.010553618
0.010376488
0.010130602
0.010027518
0.010013457
0.009813227
0.009671873
0.009872344
0.009565516
0.009806018
0.00973094
0.009811963
0.009710069
0.009439648
0.009856231
0.0097456435
0.0095961755
0.009237808
0.009568198
0.009650146
0.00900041
0.008832488
0.009293194
0.008872502
0.008732674
0.008517153
0.008821829
0.008497695
0.008631962
0.008296595
0.009483031
0.008882546
0.008368741
0.008312075
0.008815624
0.0079318965
0.008821797
0.008425209
0.007988214
0.008057137
0.0086213155
0.0078832945
0.0076132934
0.008098618
0.007752718
0.007585032
0.0077721593
0.0072624483
0.0074055227
0.0074534924
0.007035351
0.0070852693
0.006907867
0.0070235506
0.0069573144
0.0067984625
0.0067594373
0.006999517
0.0066286046
0.006906239
0.0067752968
0.0065687946
0.00641718
0.00624104
0.006309954
0.0065238844
0.0062861186
0.006641295
0.0063968077
0.006258355
0.006450998
0.006334702
0.0065833963
0.006461361
0.0063210526
0.0061302218
0.006310195
0.0058181086
0.006174818
0.0058628344
0.0058907964
0.0061107934
0.005713295
0.006037095
0.006110277
0.005629849
0.006306087
0.0062712193
0.006554267
0.00597544
0.006498261
0.006392779
0.00576669
0.005932942
0.005994218
0.005882131
0.00553655
0.0055314265
0.0054971986
0.005670996
0.005487638
0.0054547787
0.0053306506
0.0053904317
0.0053931684
0.0052392203
0.0053104856
0.0051466846
0.005197952
0.0050284886
0.0052413135
0.0051869485
0.005303466
0.0052794465
0.0051946957
0.0051436634
0.005001565
0.00505327
0.005163219
0.005107606
0.0057033286
0.0052582114
0.005538754
0.005243775
0.005896428
0.00578771
0.005461333
0.0057207956
0.0051240847
0.005959282
0.0058249664
0.005230283
0.005649568
0.005432198
0.0053112973
0.005457945
0.005383314
0.0051114126
0.004920676
0.0050797123
0.004943512
0.004976154
0.0048021134
0.0047470056
0.004873132
0.0048762746
0.0045803967
0.0050629587
0.0056833844
0.0053980574
0.0048372545
0.004955541
0.004907508
0.004462667
0.0052063637
0.0050956686
0.0057644923
0.005580543
0.004710225
0.0047564697
0.0047136755
0.004596923
0.0044349823
0.004482695
0.0043660547
