0.2885009
0.05193785
0.07145714
0.048177574
0.024766937
0.028571421
0.026671315
0.023836205
0.02344562
0.022855595
0.023083018
0.021909647
0.021817928
0.02216359
0.021052033
0.021849632
0.02204772
0.020777665
0.022549888
0.023783147
0.021993442
0.020787416
0.021678174
0.02112689
0.020991353
0.021357402
0.021002272
0.020813825
0.0209976
0.020687807
0.021394363
0.021545077
0.020920357
0.020920433
0.021202097
0.0209283
0.020899361
0.020944903
0.021016106
0.020677028
0.021483796
0.021588357
0.020648366
0.021910727
0.022769744
0.02164095
0.020973915
0.021429623
0.02138026
0.021037413
0.021091288
0.020930002
0.02098312
0.020983502
0.02061482
0.020984849
0.02090863
0.020595288
0.020646678
0.020619074
0.02055253
0.020806564
0.020737445
0.020546185
0.020619156
0.02048495
0.02055694
0.020458842
0.020466208
0.020456588
0.020360993
0.020492017
0.0202847
0.020500598
0.020413226
0.020165624
0.020452293
0.020164184
0.020512423
0.020250263
0.0201359
0.02002963
0.019643702
0.019551069
0.019692339
0.0194608
0.019437963
0.019180587
0.019267133
0.018943371
0.019067718
0.018760921
0.01858552
0.018473415
0.018456437
0.01829849
0.017761229
0.017674608
0.01835049
0.018011943
0.018288128
0.017688992
0.017845651
0.01777088
0.017587142
0.01750387
0.017439097
0.017307358
0.017734455
0.017735213
0.017170312
0.017155038
0.017318424
0.017168857
0.017264074
0.017225163
0.017095542
0.017018527
0.017237173
0.017216353
0.016933886
0.01687955
0.017001668
0.016895337
0.01695036
0.016921662
0.016815145
0.016749376
0.01674625
0.01667582
0.016767876
0.016732277
0.01663717
0.016607717
0.016584044
0.01655837
0.016506545
0.01645687
0.01654972
0.016472703
0.016450396
0.016487407
0.01633928
0.01743939
0.017825477
0.016551226
0.016752882
0.016860722
0.017238652
0.01725605
0.016805828
0.016782716
0.016770124
0.016526738
0.016645083
0.016383003
0.016805759
0.016808743
0.016399847
0.016441565
0.016381336
0.016328791
0.016290223
0.016211115
0.016089886
0.016092226
0.016035287
0.016065301
0.015917445
0.016226424
0.016179249
0.01589282
0.015996667
0.015906883
0.015750548
0.015849506
0.015820002
0.015603188
0.015963694
0.015753264
0.015642688
0.015688071
0.015490848
0.015409276
0.015517178
0.015429915
0.0153173655
0.0152167855
0.015122049
0.015479135
0.015428674
0.015419108
0.0153284
0.015029074
0.015052953
0.0148833385
0.014717494
0.014699437
0.014766023
0.014744843
0.0146686705
0.014595133
0.014478349
0.0146392705
0.014371888
0.014420777
0.0146059245
0.014372282
0.014164668
0.014264576
0.014950712
0.014705074
0.014810577
0.0145178735
0.014457331
0.01440746
0.014366274
0.014293653
0.014371213
0.014200899
0.014029178
0.013875679
0.014399669
0.014289203
0.013785032
0.013724875
0.014060572
0.014005098
0.013711944
0.013701603
0.013580541
0.013490569
0.013579242
0.013290054
0.014270797
0.014317335
0.013948764
0.013353218
0.014768264
0.014746789
0.013612346
0.013381834
0.013673939
0.013594396
0.013447091
0.013177699
0.013368835
0.01312809
0.012994328
0.012978104
0.013007213
0.012820604
0.01284607
0.012741161
0.0127519965
0.012615256
0.012529787
0.012457937
0.012538311
0.012358103
0.012226872
0.012630831
0.012285028
0.012787637
0.012469451
0.012993627
0.012791055
0.012582927
0.012535102
0.012029701
0.011988717
0.012148167
0.012179042
0.011945988
0.012634434
0.012585718
0.012060251
0.011992733
0.012008804
0.011761769
0.011825234
0.011597298
0.011861314
0.011743382
0.011564235
0.01152657
0.011679236
0.011614268
0.011531633
0.011422138
0.011740033
0.01140517
0.012067127
0.011797541
0.0113053145
0.01163322
0.011550907
0.01101999
0.011500099
0.011546652
0.011289172
0.010892786
0.011117172
0.0109155625
0.010997969
0.011246921
0.010711531
0.010971823
0.011267781
0.010449001
0.011518638
0.012148492
0.011691246
0.011088555
0.010782558
0.010834121
0.010777528
0.010330033
0.010555755
0.010249714
0.010655041
0.010410147
0.011197706
0.010581784
0.011481433
0.011773837
0.010933918
0.010501447
0.010267191
0.010123451
0.009992055
0.010204155
0.010673751
0.010540303
0.010973615
0.00999741
0.011756244
0.01240962
0.010369939
0.014092375
0.016369762
0.013567525
0.01051299
0.011994307
0.012201053
0.010245524
0.012293837
0.014197337
0.0127073405
0.010855486
0.011209451
0.011554413
0.010312106
0.011162152
0.011501144
0.010061177
0.010527663
0.010779013
0.010122717
0.010521387
0.010344026
0.009763439
0.009810965
0.009924818
0.009185959
0.00926688
0.009289856
0.0092095025
0.009221852
0.009224935
0.009080906
0.008850663
0.008915716
0.008945464
0.008785102
0.00882607
0.0085419
0.00902087
0.008891345
0.008548164
0.008672112
0.008768758
0.008429486
0.008334804
0.008179538
0.00817499
0.007703028
0.009342139
0.0091257645
0.008411007
0.008123216
0.0076959245
0.00757407
0.007991365
0.007753587
0.0077837515
0.007358553
0.008147971
0.007785519
0.007443967
0.007168474
0.0072902762
0.0072672297
0.006958712
0.006833453
0.0072136954
0.007275026
0.006631617
0.00787744
0.007633373
0.008158383
0.007773679
0.0067519345
0.00667756
0.00675034
0.0067147203
0.0066633164
0.0065530525
0.006519593
0.006011782
0.007414464
0.007252624
0.0076890723
0.007564278
0.006304484
0.007966511
0.008855429
0.0067406534
0.0077938535
0.008700787
0.0066241696
0.0076990253
0.00891089
0.0069317855
0.0067608412
0.0076141
0.0062172245
0.006560482
0.0072548776
0.0060877106
0.0065848087
0.0069752936
0.005896432
0.0068236664
0.0077407956
0.006596288
0.0060262014
0.00609117
0.006347439
0.0061546303
0.005623471
0.005769081
0.0058244565
0.005809747
0.005606307
0.005209392
0.0062042885
0.0065961075
0.0071403314
0.0066255634
0.0072619976
0.0065104123
0.0059996084
0.005523531
0.0062672445
0.0061459034
0.0062836106
0.006064663
0.0061462778
0.0059821964
0.0048899227
0.0059252516
0.006067226
0.0067145736
0.0064725685
0.006181752
0.0052233636
0.006555444
0.006743951
0.0054177516
0.0060089733
0.005440993
0.0054208036
0.0053104083
0.0049727894
0.0058464496
0.004840054
0.004801998
0.0047222306
0.0043787933
0.0050203726
0.0046753623
0.004832377
0.004719429
0.0049715177
0.005017951
0.0060034194
0.0059534055
0.0048362096
0.0054969355
0.0053633912
0.0055828015
0.005238334
0.0050367634
0.004870947
0.0057261195
0.0059982627
0.0053599756
0.0048761214
0.004280511
0.004779035
0.0045576207
0.004237443
0.0043221945
0.0043339883
0.004141943
0.0042417007
0.00422732
0.0040402007
0.0041825264
0.0042993505
0.0042041163
0.0037430944
0.00553129
0.0060379654
0.005683942
0.0051476904
0.0045785476
0.004375521
0.0047085495
0.004709153
0.0057903
0.004699492
0.0055084997
0.0054526166
0.0047095963
0.004853179
0.004300908
0.0044757295
0.004587232
0.0041015414
0.004670097
0.0045482093
