0.2877656
0.042122424
0.07420508
0.059991587
0.027126856
0.02907536
0.0343096
0.027787142
0.022221014
0.025381297
0.027294785
0.023878777
0.021131188
0.022975383
0.024277681
0.022274623
0.020942533
0.021327533
0.021584263
0.021186387
0.020622507
0.021223897
0.021085257
0.02052883
0.020638643
0.020519555
0.020811329
0.020860344
0.020549402
0.021048578
0.021163091
0.020876855
0.020650035
0.020756098
0.020892575
0.020536842
0.020537518
0.020689657
0.020515725
0.020603493
0.020640336
0.020697497
0.020370524
0.02087166
0.021064416
0.020587476
0.020653183
0.020686505
0.020641377
0.02062401
0.020396847
0.020481361
0.020566136
0.020293536
0.020480456
0.020518936
0.02042041
0.02029732
0.02038767
0.020350926
0.020266058
0.020295335
0.020241713
0.020317752
0.020350354
0.020300986
0.020189157
0.020344252
0.02021495
0.020421676
0.020455234
0.02021381
0.020242395
0.020081306
0.020270875
0.020246932
0.019961009
0.019960446
0.020008024
0.01993362
0.020136787
0.02004887
0.01988537
0.019925352
0.019847035
0.019863332
0.019792227
0.019769415
0.01978779
0.019726222
0.019792516
0.019689018
0.01992002
0.019906895
0.019668529
0.019748142
0.019718103
0.01954973
0.019517167
0.01974464
0.019660061
0.019550035
0.019554166
0.01949696
0.019441565
0.019369343
0.019430762
0.01930447
0.019340925
0.019227978
0.01911159
0.019057877
0.0187433
0.018779451
0.01821077
0.018517235
0.018440757
0.017231254
0.0181721
0.018182328
0.016583452
0.017314918
0.018261975
0.017230775
0.016080383
0.01610984
0.016043207
0.015439828
0.015256082
0.0150831165
0.014738575
0.01485984
0.014700484
0.014674508
0.014470641
0.01478791
0.014234346
0.015019528
0.015119431
0.014127898
0.014351022
0.014048736
0.014149916
0.013890519
0.014046648
0.013752517
0.013789651
0.013987633
0.01361382
0.01365855
0.013540755
0.01362057
0.013685416
0.013445207
0.0131874895
0.013274654
0.012960284
0.0128471935
0.013246638
0.013083626
0.012792873
0.013552859
0.013549131
0.012852381
0.012773365
0.012652221
0.012537909
0.012671311
0.012607217
0.012689437
0.012426482
0.012828206
0.012647678
0.012314585
0.012312413
0.012245923
0.012130227
0.0124307545
0.012258333
0.012233485
0.012007974
0.012331334
0.012161416
0.011995199
0.011950571
0.011952129
0.011832516
0.011836008
0.011728118
0.011803116
0.011851564
0.011421078
0.011434493
0.011334595
0.011213757
0.011334903
0.011147725
0.011171128
0.011039863
0.011007194
0.010929977
0.010892258
0.010864678
0.010909515
0.010963111
0.010684587
0.011055264
0.010595411
0.011077977
0.010908718
0.010896307
0.010789008
0.010680966
0.010529768
0.010514855
0.010736178
0.010404262
0.0105417045
0.010459818
0.010425639
0.0104037635
0.010390754
0.010168105
0.010248042
0.0102067245
0.010132178
0.010191209
0.010128261
0.00996745
0.010017523
0.009776323
0.010149442
0.009962299
0.009911386
0.009973493
0.0102825025
0.010075258
0.009997614
0.010222485
0.0096976375
0.009823785
0.009861182
0.0096280845
0.009411504
0.009541395
0.00951462
0.009532929
0.009448059
0.009423922
0.0094182575
0.009190624
0.009513275
0.009076472
0.009120776
0.009050711
0.008986309
0.009014788
0.008726255
0.01016586
0.010213062
0.009044758
0.009390719
0.009117033
0.0090152025
0.009071895
0.008703901
0.00879245
0.008628494
0.008946527
0.008435011
0.009602711
0.009415995
0.0088431565
0.0090517765
0.008626149
0.00863874
0.008661574
0.008242077
0.0088806655
0.00876263
0.008823548
0.008591135
0.008536438
0.008236023
0.008384187
0.008139271
0.009153177
0.009260614
0.007991569
0.008762296
0.008383062
0.008298459
0.0085041905
0.008086697
0.008189641
0.008069891
0.007758332
0.008014696
0.007970872
0.0076623578
0.007947889
0.0075446307
0.0077715316
0.00745553
0.008132484
0.008160441
0.0077095567
0.0075128204
0.007649371
0.0074661956
0.0073468625
0.0073173516
0.0073968433
0.0073053986
0.007491894
0.0072840005
0.0074688396
0.0074876496
0.006964753
0.00756822
0.0072656632
0.0073867557
0.007457224
0.0070329024
0.0073428224
0.0068486906
0.0072162026
0.006919502
0.0072773458
0.0070265676
0.007071649
0.00692977
0.006964402
0.0068636048
0.0069913515
0.006919363
0.0068289526
0.006776825
0.006975113
0.006970573
0.006853699
0.007280536
0.006623994
0.007910772
0.008010562
0.0072559365
0.007426497
0.0077889394
0.006663838
0.0073829014
0.0074819042
0.0070366715
0.0072514266
0.0068074293
0.006814861
0.0069363955
0.006564575
0.006382546
0.006779672
0.006572496
0.0064255986
0.0065702484
0.006703874
0.0064657796
0.006408762
0.0065804794
0.006924967
0.006543055
0.0063471687
0.0066495365
0.006615039
0.0063902033
0.006336776
0.006490418
0.0064558093
0.0062472518
0.0062389337
0.0063565155
0.0063539967
0.0061295
0.0062220246
0.005930737
0.0066906554
0.006497053
0.00622963
0.006339601
0.0059596053
0.006159459
0.00603484
0.005905461
0.0058435462
0.0062864535
0.0059206025
0.0063761077
0.0064217006
0.006257923
0.0059985933
0.0065616425
0.0062031313
0.0061291046
0.0061260145
0.0059727593
0.005811619
0.006160145
0.00579905
0.00642683
0.006041266
0.0069735236
0.0066231587
0.0063088783
0.0063876137
0.0064321104
0.0056846016
0.005661454
0.0061799088
0.005874552
0.0059154555
0.005930562
0.005584091
0.005480143
0.0061233956
0.005922518
0.0057313666
0.0057429783
0.00568015
0.00561185
0.0054874946
0.005601704
0.0054494054
0.005386833
0.005532115
0.0053508584
0.005718998
0.0056008887
0.005600357
0.005626202
0.005534369
0.00553238
0.0055298335
0.0055661784
0.005539831
0.0053441343
0.0054958262
0.0054313266
0.0052664154
0.005106209
0.005610795
0.005497746
0.005207198
0.005380468
0.0049608145
0.006054223
0.0055751563
0.005999651
0.0055661774
0.006125979
0.006331852
0.005050426
0.0059262007
0.006358581
0.005752992
0.0052990466
0.0056896005
0.005602433
0.0054454138
0.005308833
0.0052775927
0.0049872804
0.0053173774
0.005472362
0.004922817
0.004988222
0.0049162335
0.0046708905
0.005060353
0.005072905
0.004955786
0.0052155876
0.004834248
0.004901108
0.0051861038
0.0048899935
0.0050414973
0.0047850353
0.005033025
0.0049010683
0.004786625
0.005013777
0.004672644
0.004666014
0.0045673214
0.004410909
0.0045948443
0.004167491
0.005279435
0.0053259074
0.0045983717
0.0052878205
0.0045888103
0.0047988296
0.0050698775
0.00424686
0.0053381287
0.0055419714
0.0042690863
0.007029777
0.0085337125
0.006533181
0.005280627
0.0050982316
0.006193243
0.0053281696
0.0051559643
0.0050575514
0.004943054
0.0048860633
0.004437611
0.0046110605
0.0043118782
0.0043730503
0.004501846
0.0039686305
0.0046371142
0.005024642
0.0043091998
0.004178326
0.0050843623
0.0046109213
0.0042450177
0.004469871
0.0045002485
0.004292059
0.0041450546
0.00424612
0.0040757484
0.0041134716
0.004226691
0.0041942424
0.0040886044
0.004384955
0.004321885
0.0042028073
0.0039701723
0.0040843445
0.0041906554
0.003949039
0.004015192
0.0038921821
0.004219878
0.0040956293
0.0041775205
0.0043560048
0.004141548
0.00395516
0.004303875
0.0042498843
0.0037670427
0.003646299
0.003909916
0.0039095418
0.0037371628
0.0035982619
0.003806031
0.003952656
0.0036259808
0.0038935088
0.003996623
0.0034962494
0.0045113284
0.0042202706
0.004559941
0.0040901103
0.0046661054
0.0046144635
0.0035133678
0.0035542853
0.0036142573
0.0035768382
0.003563321
0.0038321484
0.0034970834
0.0037085388
0.0035410665
0.003684358
0.0035179977
