0.28904215
0.06807664
0.065604545
0.03640024
0.030109808
0.030291595
0.023473116
0.028810715
0.029844409
0.02316063
0.025502494
0.029457798
0.025988786
0.021965241
0.026124826
0.029698217
0.028286321
0.02444362
0.021947345
0.024404386
0.027317062
0.026034534
0.023127072
0.022382444
0.022638954
0.023262503
0.023211882
0.021768624
0.021678515
0.022166036
0.022106355
0.021744987
0.02084784
0.021248296
0.021644147
0.021213787
0.021141877
0.020480974
0.019998627
0.0209725
0.020232672
0.021145618
0.02097178
0.01964657
0.019893806
0.01973818
0.019648591
0.019694364
0.019374436
0.019699125
0.019597488
0.019624474
0.019459711
0.019464703
0.019389724
0.01909181
0.019046167
0.019384017
0.019268429
0.019035293
0.018998021
0.0190908
0.018916888
0.019205032
0.019125888
0.018793
0.018726012
0.019036612
0.018912757
0.018822143
0.018699909
0.018943677
0.01881943
0.018699944
0.018684631
0.01854652
0.018455429
0.018878585
0.018719519
0.018445836
0.018411288
0.018455556
0.018329093
0.018459959
0.018434092
0.018205676
0.018149624
0.018343998
0.018226642
0.018094674
0.018041495
0.018026594
0.017916381
0.018018305
0.017959224
0.017723588
0.017643971
0.017830733
0.017715544
0.017511085
0.017416548
0.017490827
0.01731704
0.017341122
0.017169533
0.0172073
0.016938804
0.01731295
0.017039068
0.016803438
0.016631106
0.016941208
0.016853288
0.016386347
0.01643007
0.016335743
0.016285531
0.01617086
0.0160881
0.01593569
0.015809849
0.016111894
0.015939934
0.01576201
0.01548909
0.015869962
0.015638256
0.015391191
0.015178755
0.015465565
0.015148357
0.01538266
0.015480933
0.01477303
0.014850664
0.014611608
0.014522971
0.014664251
0.014461372
0.014542241
0.014331398
0.014424915
0.014211294
0.014480099
0.01427256
0.014062576
0.014083191
0.013840633
0.013671815
0.013775085
0.013653732
0.013410024
0.013247986
0.014249209
0.0134901395
0.013553344
0.013461699
0.013287473
0.01379967
0.013072573
0.014138249
0.01391266
0.013042781
0.013048808
0.013244291
0.012681109
0.012895505
0.012617619
0.012382391
0.0125885
0.012230188
0.0121420855
0.012240063
0.012037639
0.011900698
0.012536899
0.012248409
0.012469437
0.011916347
0.012553073
0.012559497
0.011637178
0.011637474
0.011868
0.011849344
0.011427323
0.011285737
0.012064819
0.01176978
0.0113363275
0.011421956
0.011276156
0.011235303
0.011032183
0.010888019
0.011420886
0.011251681
0.010841238
0.010697067
0.011011568
0.010913732
0.010913082
0.01073165
0.010673758
0.0105039505
0.010680434
0.01050762
0.010573474
0.010328281
0.010731574
0.010564405
0.010258426
0.010160902
0.010392408
0.010229245
0.010170736
0.010112568
0.010115168
0.010004714
0.010121957
0.010124567
0.009839509
0.009838839
0.009904472
0.009791832
0.010174078
0.010146697
0.009700981
0.00973571
0.009835291
0.009501542
0.010163192
0.0100901695
0.009649507
0.010051929
0.009521841
0.00987222
0.009720344
0.009536139
0.009595256
0.009511913
0.009138246
0.008985133
0.009413424
0.008995622
0.009392609
0.009341519
0.009091403
0.009242444
0.008814888
0.008808954
0.008667923
0.008838055
0.008549465
0.008910406
0.008454227
0.008995553
0.008828536
0.008780099
0.008790347
0.00872766
0.008635535
0.008409323
0.008569918
0.008270007
0.009158453
0.008772713
0.008592736
0.008839226
0.008827347
0.008078746
0.009406895
0.009371429
0.008850361
0.008949911
0.008510706
0.008377513
0.008167121
0.008406065
0.008313099
0.007985164
0.00812117
0.0083574755
0.008157611
0.008576683
0.008414173
0.008356337
0.0083736675
0.008326939
0.008007787
0.008383215
0.008535553
0.007943648
0.008317205
0.008244116
0.007720653
0.0077614025
0.007583171
0.0074931285
0.007673321
0.0073965043
0.007997311
0.0082215965
0.007963798
0.0076793153
0.007715404
0.0075369366
0.007641298
0.007707124
0.007844522
0.007479772
0.00785588
0.007863618
0.0077403313
0.0074993283
0.0083344905
0.007842697
0.007775742
0.007344216
0.008037624
0.00785648
0.007866938
0.0077784634
0.0075458153
0.00775405
0.007693716
0.007357232
0.007842031
0.0078902105
0.0071559823
0.007516654
0.0073599406
0.0073106573
0.007335141
0.0071540237
0.007649422
0.0075477473
0.0070019383
0.0070503303
0.0071804547
0.006988281
0.007975549
0.007946807
0.0073168315
0.0074962457
0.007695524
0.0070729963
0.0072989413
0.0071574426
0.0070367246
0.007360764
0.006899754
0.0077594197
0.0079550585
0.007572692
0.007348647
0.0074233487
0.0072370544
0.007006532
0.0072609945
0.007209866
0.007166153
0.006984014
0.0072016716
0.0070478045
0.007225824
0.007231208
0.0070377886
0.0071234256
0.0072772154
0.0073222066
0.007116197
0.0069755632
0.0071512586
0.0068395548
0.007279631
0.0072399266
0.0068687177
0.0068932674
0.0067764767
0.006812964
0.0066343304
