0.28888896
0.053034127
0.051261872
0.03740556
0.025872888
0.026156286
0.02608415
0.024978707
0.023282742
0.023850406
0.024055464
0.022439798
0.022788242
0.02317438
0.022116045
0.022209622
0.022548748
0.02161786
0.021964448
0.02240386
0.021548579
0.020950705
0.021363584
0.021136038
0.02034846
0.020445995
0.020543143
0.020079084
0.019991051
0.019986093
0.019796455
0.01959345
0.01928888
0.019793093
0.01918145
0.019249627
0.019299293
0.018457023
0.018645918
0.018386172
0.018245261
0.0179692
0.01820738
0.01811146
0.017334878
0.0181655
0.018295364
0.017276054
0.017755402
0.017894147
0.017036496
0.017131547
0.017313631
0.016676879
0.016672345
0.01644778
0.015854679
0.01610587
0.015833186
0.015403015
0.015296784
0.014922247
0.015270188
0.015101743
0.014517747
0.014904092
0.01478858
0.014584594
0.01448724
0.014377217
0.013951735
0.014617831
0.01471096
0.013786934
0.014029468
0.014208083
0.013811529
0.013724626
0.013643701
0.013479012
0.013561174
0.013338012
0.013385463
0.013269884
0.013270646
0.01297162
0.012830123
0.013731502
0.013745293
0.013080925
0.012843537
0.013183634
0.012973116
0.012861324
0.012749366
0.013198465
0.012867379
0.01296764
0.01314875
0.012343995
0.013195425
0.013182245
0.013118426
0.012920603
0.012877155
0.012960062
0.0130722895
0.012623675
0.012393239
0.012381632
0.012280452
0.011948238
0.012136283
0.012055715
0.011846609
0.0119615225
0.011816379
0.011743002
0.01174401
0.011640847
0.011643946
0.011571065
0.011569485
0.01142428
0.011503253
0.011219646
0.011525295
0.011446412
0.0112293735
0.011015459
0.011146971
0.010870385
0.011061822
0.010872477
0.011016662
0.010744087
0.010812552
0.010713562
0.010641131
0.010627124
0.010460536
0.010486354
0.010338254
0.010347353
0.010194131
0.010082629
0.010237884
0.01006741
0.010050772
0.009932053
0.009819397
0.00968873
0.009815318
0.009700562
0.009607668
0.009528083
0.009430558
0.009297468
0.009360416
0.0092238365
0.009148885
0.009052293
0.008943926
0.008793496
0.008858677
0.008658499
0.0086827725
0.008507059
0.0084304
0.008254501
0.008309984
0.008136523
0.00800481
0.007877303
0.007839167
0.007706056
0.007701916
0.0075386935
0.007410761
0.007248604
0.0074163037
0.007294882
0.0069599072
0.0069446103
0.0076687373
0.007034509
0.0069968477
0.007266875
0.0071808924
0.006692905
0.0066465302
0.006459199
0.0073430636
0.0071980204
0.006421519
0.0065594264
0.0064551192
0.0062231882
0.006188194
0.0061998703
0.006150232
0.005942294
0.0059477463
0.0059470297
0.0057554827
0.0066409223
0.0063533545
0.0061286762
0.0061398353
0.006064866
0.0056531155
0.0057522184
0.0053977263
0.0058065564
0.006119227
0.0053871297
0.006672561
0.006839976
0.0062779323
0.005688784
0.006234038
0.005900943
0.006055509
0.0060787457
0.0057083867
0.005459374
0.005680485
0.0057142735
0.005331746
0.005659934
0.0057623456
0.0052564424
0.005086851
0.0053861197
0.0050720493
0.0055989246
0.005548594
0.005115244
0.005155558
0.0050407834
0.004969808
0.004711481
0.0054803565
0.00503934
0.005363488
0.005182691
0.0051758382
0.0050331573
0.0050743213
0.0050065815
0.004892588
0.0050763045
0.0045168865
0.0045870114
0.004617432
0.004396966
0.0045764185
0.0043609967
0.004610214
0.0044684405
0.00446726
0.004239563
0.0047695995
0.0041452185
0.004668877
0.0046034474
0.0042584143
0.004167694
0.0044661476
0.0041149207
0.004285333
0.004157663
0.0041283495
0.004105384
0.0041124597
0.003913195
0.0041271
0.0041776192
0.0037262058
0.004045934
0.003957847
0.0037297662
0.004037319
0.0038604096
0.0036358393
0.003827504
0.003525011
0.0037290237
0.0036137302
0.0036883072
0.0036268707
0.0037050827
0.0034575046
0.0038475522
0.003542607
0.0036787062
0.0036317848
0.0034582748
0.0034845865
0.00334544
0.0033056543
0.0032186937
0.0031233008
0.0033893876
0.003162868
0.0034477487
0.00334744
0.0033781324
0.0032037038
0.003363356
0.0033433344
0.003234936
0.0034996755
0.0031300653
0.0036074882
0.0034647512
0.0035439655
0.0034473743
0.0031190512
0.003207351
0.0031094651
0.0030235338
0.0030756516
0.002854688
0.003088149
0.0028349396
0.0033592924
0.0033075865
0.0030801182
0.003096605
0.0029390336
0.0029629127
0.0029490984
0.0028232094
0.0028874825
0.0028189633
0.0028195844
0.0027846973
0.0028254476
0.002711577
0.0028708025
0.00273038
0.0028629012
0.0028345196
0.002665529
0.0027774598
0.0026476346
0.002656512
0.0029092126
0.0027607677
0.0026952971
0.0027102025
0.0026377274
0.0029768934
0.0027610783
0.0030707463
0.0030825308
0.0030379954
0.0027452763
0.0029436958
0.0027237872
0.0028361164
0.0028176226
0.0024822906
0.0027001482
0.0027236976
0.002474327
0.0032163698
0.002672852
0.0034280838
0.0034094863
0.0033191585
0.0029252048
0.002784242
0.0028898392
0.002603516
0.002855959
0.0026147477
0.003115941
0.0032939427
0.0028260632
0.0025233366
0.0030349179
0.0027837877
0.0026664815
0.0028396295
0.0025382722
0.002691501
0.0027052842
0.002594657
0.0024110659
0.0026213943
0.0025939152
0.0023221804
0.0025404254
0.0022835454
0.0025881196
0.0024923487
0.002666029
0.0024119352
0.0029685295
0.0028479185
0.0023496111
0.0024397222
0.0023750374
0.002329449
0.0023025665
0.0022495303
0.0021561254
0.002199077
0.002128139
0.0024008774
0.0021884686
0.0023412425
0.0024938982
0.0020441047
0.0027490833
0.0028296493
0.0020546578
0.0031127
0.00316535
0.0027434286
0.0024040688
0.0027895533
0.0026233532
0.0025094147
0.0023794814
0.0025124985
0.0024403695
0.0023093715
0.0022190448
0.0026664182
0.0023833984
0.0024325198
0.002415847
0.0022064263
0.00209703
