0.28827623
0.070846476
0.074791335
0.036498237
0.03197561
0.032799184
0.02300291
0.029896626
0.033011574
0.025994724
0.023694808
0.024958028
0.025316685
0.024317486
0.022156628
0.023931617
0.024636144
0.022342926
0.022570565
0.023870409
0.022579508
0.021775343
0.022192022
0.021770412
0.02186543
0.021954536
0.021517685
0.021659464
0.02163838
0.021237701
0.021657934
0.021594927
0.021128416
0.021551857
0.02163435
0.021055408
0.021139188
0.021234207
0.020870373
0.021079555
0.020969102
0.020874714
0.020852948
0.020853624
0.020855
0.02074151
0.020913938
0.020711387
0.021449372
0.021515453
0.020718014
0.021784743
0.022361346
0.021445012
0.020994863
0.021327166
0.021159714
0.021132832
0.02095364
0.02094152
0.020977596
0.020666018
0.021279097
0.021197839
0.02074375
0.02107139
0.021213045
0.020681813
0.02098851
0.02119342
0.020673951
0.020947365
0.021312991
0.020837596
0.020602338
0.02074189
0.020571897
0.020630673
0.02082214
0.020536086
0.020590868
0.02086612
0.020635853
0.02052164
0.020469278
0.020433454
0.020468548
0.020235648
0.02040674
0.020217992
0.02033113
0.019793682
0.02012101
0.020080611
0.019687438
0.019520372
0.019187983
0.018992694
0.019259168
0.018954843
0.019030038
0.018835736
0.018402252
0.018256783
0.018422617
0.018164733
0.018163158
0.018132022
0.01770901
0.017577456
0.01843333
0.01820576
0.017572848
0.017476842
0.018022617
0.01789312
0.017249258
0.017177733
0.017435964
0.017348014
0.017373642
0.017162403
0.01733814
0.017304542
0.017011102
0.01694079
0.017117796
0.017011557
0.016992094
0.01685432
0.016934203
0.016885212
0.01675888
0.016682304
0.016770726
0.016689483
0.016693195
0.016565498
0.016690409
0.01661774
0.016536059
0.016485741
0.01644896
0.016351486
0.01642237
0.016324496
0.01625863
0.016143624
0.016335495
0.016199188
0.01600594
0.01582778
0.016177528
0.016030502
0.015545361
0.015390832
0.015981745
0.01593786
0.015058749
0.017497206
0.0153423855
0.0152708115
0.015750088
0.015287097
0.015071106
0.014675509
0.015030724
0.015176172
0.014329913
0.014316756
0.014111201
0.013989203
0.013393429
0.01424817
0.014693867
0.01357535
0.013574191
0.014254342
0.013712645
0.013270621
0.012532332
0.013459742
0.013363498
0.012535033
0.012580129
0.012858604
0.012896423
0.012176029
0.0129311755
0.012848224
0.012727578
0.012832562
0.011810668
0.0118554635
0.011312008
0.012741555
0.013382253
0.012129647
0.0130940555
0.013680787
0.011643269
0.01190712
0.012978785
0.012181508
0.011195327
0.011048481
0.011504608
0.010579201
0.011294433
0.01237829
0.011182777
0.010323412
0.010459627
0.010582857
0.0099398205
0.009769049
0.009513726
0.009769746
0.009710659
0.009139842
0.009443916
0.0092153745
0.008954556
0.00892086
0.0086395675
0.008871644
0.00865225
0.008449287
0.009040113
0.00846545
0.00859563
0.008843385
0.009006981
0.008336975
0.007922352
0.007978992
0.008365065
0.00800318
0.007559027
0.007655941
0.0074927784
0.0071860007
0.0076818652
0.007596679
0.0072154384
0.006886153
0.007653332
0.0073111444
0.007083051
0.007134782
0.006874556
0.0068191923
0.0068793814
0.0068145446
0.0066254362
0.006453714
0.006912583
0.0068079145
0.0063663945
0.0062416443
0.0068009864
0.006613059
0.006299343
0.0062687784
0.0063160085
0.0061360635
0.006417528
0.00620953
0.0061825016
0.005936464
0.0065716864
0.0064725424
0.005830407
0.0057740025
0.006222158
0.006095459
0.005873704
0.0057771015
0.005940651
0.005777011
0.0059464127
0.005839894
0.005636368
0.0055192434
0.0058742687
0.0057561756
0.005536882
0.005557656
0.0055897497
0.005419632
0.0057225213
0.005543241
0.00539792
0.0052550803
0.005510429
0.0053255092
0.005411037
0.005297471
0.005308119
0.005247394
0.005209945
0.005086764
0.0053009875
0.005216734
0.0049962676
0.0049607446
0.005207415
0.005038999
0.0050148624
0.0049139513
0.004960116
0.0047807563
0.0051070526
0.0049684686
0.0047428757
0.0046832357
0.004938511
0.00475225
0.0049239383
0.0049216854
0.0045326357
0.0045837048
0.004883407
0.0046166372
0.0049936012
0.0046033296
0.0052542477
0.0050513297
0.0045155827
0.005280006
0.005319452
0.0045324084
0.004841056
0.0045024105
0.004315432
0.004723273
0.00428455
0.004487486
0.0045619593
0.0040506623
0.004236566
0.004201399
0.004201476
0.0040772636
0.004666709
0.003961555
0.005538752
0.0056566875
0.0040283888
0.0050844927
0.006026126
0.0050067543
0.0040215184
0.0052645043
0.0050101243
0.004410129
0.0043146643
0.0044797505
0.0042709154
0.004458592
0.0044453484
0.0047423784
0.004924632
0.0040195663
0.0047212094
0.004321274
0.004603942
0.004683046
0.004316728
0.004324516
0.0042355056
0.004267924
0.0038767208
0.004321271
0.004177456
0.0037610426
0.003859169
0.0036837452
0.0037382815
0.0038850997
0.003604982
0.0040362296
0.0040213144
0.0037120488
0.0036978472
0.0037325725
0.0036570216
0.0038258021
0.0037895783
0.0038179948
0.003561505
0.003626462
0.0036016703
0.0037145915
0.0036212455
0.0036877391
0.0037109088
0.0033952047
0.003485582
0.0032712969
0.0036920726
0.0037092585
0.0031909973
0.003582806
0.0031512019
0.0032615128
0.0031807802
0.0030979498
0.0031236084
0.003046727
0.0035187022
0.0032353848
0.003948238
0.0040943637
0.0033261317
0.0038735047
0.0033760706
0.003258408
0.004184688
0.0037586913
0.003446335
0.003595246
0.003457713
0.0031895395
0.0034185492
0.0032643117
0.0031877067
0.003176824
0.0031447746
0.0030383326
0.0030569423
0.0029441973
0.0032985844
0.003003687
0.0038040187
0.0038872838
0.0030114686
0.0036199081
0.003309061
0.0033208353
0.0034185487
0.003148814
0.0030419545
0.0030276345
0.0032385143
0.0028661964
0.0032821486
0.003183321
0.0030755873
0.0031373675
0.003007109
0.003014819
0.0030232032
0.002911921
0.0029375025
0.0028190988
0.003309328
0.003049897
0.0031436218
0.0032468594
0.0029328326
0.0028777097
0.0029684806
0.0026803773
0.0032724375
0.0032445018
0.0028167956
0.0031355713
0.0028790107
0.0031318858
0.003248154
0.0030353712
0.0029565273
0.0029611886
0.0030316699
0.0026802288
0.002858522
0.0025863585
0.002742498
0.0026942815
0.0026411638
0.0028775472
0.0026021944
0.0027340862
0.0029039725
0.0025924426
0.0025918102
0.0027377661
0.0024716035
0.0027675263
0.002672416
0.0025989865
0.0027414653
0.0026423708
0.0025011692
0.002556203
0.0025681118
0.0023425773
0.0027341044
0.0025572702
0.0030084776
0.0031794978
0.003184655
0.0030755948
0.002868291
0.0030397077
0.0027999096
0.0027875816
0.0027278725
0.0025187817
0.0024392782
0.0025522008
0.0025535894
0.0024131846
0.002312176
0.0027445208
0.002563669
0.0030976098
0.003027752
0.0025879743
0.0026558058
0.002644397
0.002385101
0.0029318768
0.0028770573
0.0026736131
0.0025447465
0.0028240972
0.0025167866
0.0029763614
0.0032217063
0.002511681
0.002561941
0.0027816694
0.0024336386
0.0027276247
0.0027191688
0.0025231696
0.0024249312
0.0026659826
0.0025597236
0.0025773195
0.0025696259
0.0024872003
0.0024384817
0.0026323467
0.002530511
0.0024618357
