0.2900532
0.057810742
0.04512265
0.06223617
0.03997797
0.02459375
0.03089819
0.039358888
0.033658244
0.024121046
0.023966616
0.027053116
0.027100677
0.023488088
0.021017319
0.02224219
0.02224297
0.020876044
0.020221079
0.020281201
0.019876504
0.020410279
0.020451948
0.019952724
0.01946521
0.019632855
0.01928486
0.01921154
0.019270236
0.018946445
0.019183015
0.018973835
0.019042308
0.01891826
0.019211324
0.018739821
0.018957974
0.018931603
0.01863692
0.018443184
0.018742284
0.018560177
0.01844938
0.018389082
0.01812555
0.017935462
0.017978884
0.017751122
0.017749088
0.017683862
0.017235622
0.017313749
0.016989773
0.018186009
0.018528158
0.017029243
0.017648673
0.01862308
0.01769989
0.016998274
0.01748185
0.017051429
0.016776752
0.016886152
0.016691072
0.01729038
0.017156474
0.016658872
0.016602773
0.01677429
0.016675726
0.016553555
0.016655875
0.016318575
0.016517049
0.01618189
0.016481234
0.016259482
0.016196193
0.0162541
0.015985692
0.016195256
0.016023574
0.01600393
0.0160408
0.015858678
0.015857382
0.015795035
0.01570773
0.015669305
0.015621888
0.015583185
0.015458129
0.015659822
0.015485544
0.015511486
0.0155044
0.015307604
0.015236556
0.015237202
0.015096702
0.015254575
0.015091176
0.015122585
0.015098475
0.0149048865
0.014908421
0.01480626
0.01480338
0.0146981515
0.014729383
0.014590674
0.014788118
0.014694154
0.014438982
0.014388237
0.014470238
0.014343257
0.01437516
0.014352472
0.014106393
0.01414743
0.013988287
0.013990135
0.013953037
0.013876226
0.0137342885
0.014017661
0.013831458
0.013954821
0.0141289765
0.013355755
0.014326897
0.014758993
0.013622533
0.013943557
0.014628959
0.013746902
0.0137836
0.013895373
0.013549251
0.013542478
0.01325078
0.012990746
0.013014555
0.012610495
0.013008378
0.012976882
0.012603392
0.012557562
0.012608307
0.012534931
0.012142791
0.012647946
0.012442698
0.01251427
0.012643616
0.012127602
0.012273972
0.012273293
0.011972118
0.011923992
0.011868608
0.0116917
0.011601348
0.011720039
0.011553769
0.011862073
0.011913274
0.011311785
0.012761862
0.013654288
0.012314171
0.011611678
0.012173176
0.011866682
0.011649039
0.011785719
0.011402577
0.01144607
0.011538793
0.011080512
0.011347413
0.011158931
0.011109971
0.0111378385
0.010876223
0.010990706
0.010818941
0.010919766
0.010793568
0.011117826
0.011118135
0.010885612
0.010794121
0.010872998
0.010658905
0.0107694
0.010635976
0.010659703
0.010580614
0.0105726905
0.010446222
0.010501859
0.010418229
0.010430309
0.010372995
0.0104519315
0.0104079265
0.010466117
0.010317732
0.010417045
0.010357733
0.0103007
0.010152892
0.010324411
0.010244839
0.010255946
0.010234139
0.01007438
0.010214717
0.009930257
0.01073584
0.010578253
0.010019619
0.010073578
0.010039216
0.009957834
0.010217529
0.010250455
0.010112581
0.010090515
0.009910305
0.010049784
0.009725781
0.0102423215
0.010345944
0.00980553
0.009976645
0.00991685
0.009816992
0.009702601
0.009766071
0.009648605
0.009639342
0.009706467
0.009668739
0.009463767
0.0096681705
0.009514108
0.009603962
0.009675502
0.009446613
0.00964038
0.009828328
0.009399064
0.0099264225
0.01017381
0.010401474
0.010118831
0.009357412
0.009540657
0.009563285
0.009384271
0.009452042
0.009453907
0.009434803
0.0092874905
0.009464604
0.009343454
0.009666026
0.009604342
0.00963446
0.009597487
0.009718369
0.009323045
0.0095729465
0.009576251
0.0092926435
0.009285591
0.00936029
0.009467102
0.009329174
0.009266205
0.009194092
0.009080112
0.009337958
0.009301972
0.009098955
0.009016584
0.009077261
0.009030283
0.009191115
0.009082388
0.009091926
0.009072159
0.009138755
0.009099194
0.008927976
0.009005174
0.008853024
0.009034938
0.008816701
0.009350736
0.009266448
0.009027322
0.009228141
0.008965624
0.009071385
0.009090662
0.008889177
0.008861377
0.008831986
0.008792389
0.008643883
0.008684029
0.008661167
0.008493653
0.009106905
0.008935339
0.0092286905
0.009089536
0.009193406
0.009178731
0.008775163
0.008787431
0.0087265475
0.0086459
0.008673099
0.008595549
0.0086818
0.008683588
0.008546929
0.008567353
0.008385569
0.008608426
0.008486311
0.008614767
0.008742162
0.00843462
0.008666711
0.008733553
0.008347747
0.00880793
0.008919259
0.008725437
0.008465464
0.008588574
0.008558976
0.0084912935
0.008385174
0.008390614
0.00846031
0.0082178265
0.008748975
0.008730828
0.008483986
0.008396481
0.008527796
0.008295563
0.008704778
0.008767311
0.00857744
0.008443623
0.00889511
0.008766596
0.008481249
0.008697155
0.008607262
0.008616631
0.0083924355
0.008328707
0.008638397
0.008403168
0.008824875
0.008750721
0.00882809
0.008426932
0.008894271
0.008752367
0.008651363
0.008411419
0.009177494
0.009178999
0.008591655
0.00881198
0.008622836
0.0084785065
0.008515455
0.008545745
0.008326287
0.00869072
0.008486623
0.008554998
0.008394629
0.008455242
0.008383918
0.008122466
0.0083743
0.008335784
0.008711538
0.008467204
0.008663978
0.008859065
0.00820109
0.0093612475
0.009590573
0.00886717
0.009239144
0.00943865
0.008679356
0.008427074
0.008790993
0.008620044
0.008160687
0.008810117
0.009680075
0.009186587
0.008503278
0.008681566
0.009140596
0.00893098
0.008161833
0.008461674
0.008497342
0.008180867
0.0083433725
0.008616216
0.0083758505
0.008229864
0.008177291
0.008118314
0.007984087
0.008129033
0.00784959
0.008267541
0.008432473
0.008036983
0.007894013
0.008099352
0.008120369
0.007763453
0.008871619
0.008861176
0.008386754
0.008229631
0.0076561794
0.0077892537
0.007873291
