0.2889298
0.07036531
0.068076804
0.03453968
0.028539678
0.027810022
0.022299677
0.027462715
0.026128357
0.022103334
0.024533862
0.025412759
0.023089712
0.022378063
0.023102306
0.022941485
0.021563778
0.022390008
0.023049178
0.021467274
0.021354308
0.02177305
0.021270761
0.02063748
0.02124218
0.020805756
0.020626865
0.020672796
0.02065195
0.020351714
0.020783294
0.020889977
0.020085467
0.021229742
0.021518683
0.020852288
0.02045671
0.020218713
0.020941764
0.02051336
0.020172257
0.020191608
0.020245617
0.020154877
0.01987453
0.02008814
0.01990135
0.020228563
0.019864226
0.020132756
0.020217968
0.019554043
0.019494997
0.019928195
0.01966233
0.019495912
0.019367004
0.019360254
0.019212918
0.019101383
0.018936234
0.019069193
0.018890252
0.018565048
0.018382074
0.018574143
0.018366115
0.01793246
0.017707182
0.018036494
0.017762758
0.017094959
0.017294554
0.016792536
0.016869936
0.016759986
0.016369663
0.016811028
0.01667162
0.016480235
0.016335087
0.016512811
0.01565227
0.01786248
0.01858444
0.015926609
0.017271677
0.018934911
0.016610408
0.015745768
0.01638517
0.015172931
0.016112948
0.017030405
0.015101939
0.01572573
0.016924364
0.015383702
0.014646289
0.015008354
0.01421949
0.015266436
0.016232686
0.0147146955
0.014377226
0.014254768
0.013396651
0.014377889
0.014709395
0.0131150605
0.014175662
0.015077998
0.013886787
0.013937571
0.014214198
0.012637285
0.013849142
0.014593991
0.013005269
0.013084461
0.013394124
0.012490526
0.013118583
0.01408996
0.012870364
0.011955111
0.012424022
0.012002155
0.011833991
0.011932541
0.011595119
0.011709109
0.01148089
0.011588414
0.01132939
0.0114131635
0.011141318
0.0114242025
0.011258151
0.011090626
0.011037312
0.011017162
0.010944362
0.010714916
0.010797761
0.0105000315
0.01068442
0.010422759
0.011252947
0.011641928
0.010837026
0.010743148
0.010802381
0.010805771
0.010595265
0.010328357
0.010159992
0.010437779
0.009953159
0.010360081
0.010576199
0.010203127
0.010018208
0.009821412
0.009532369
0.009871279
0.009277505
0.011111622
0.012097855
0.010230855
0.010576033
0.011141558
0.010414696
0.009632911
0.010260128
0.010240345
0.008916235
0.009760018
0.0107671125
0.010133459
0.009292102
0.009763419
0.00907459
0.008826126
0.009309164
0.00877837
0.008193587
0.008320772
0.008002548
0.008659106
0.008861466
0.008388995
0.008459416
0.00836829
0.0076116137
0.008485501
0.009143606
0.008247649
0.008467799
0.008801586
0.0083330395
0.007852505
0.0077582616
0.008037345
0.0074683023
0.0071962015
0.007072371
0.007437587
0.007515728
0.007420713
0.007224442
0.006895458
0.006688986
0.006828029
0.006627336
0.0071384404
0.007184153
0.007132651
0.006890604
0.0063431803
0.0062183742
0.0062628686
0.00609283
0.006341474
0.0063003735
0.005810793
0.0064173657
0.0060652974
0.0063755843
0.006859151
0.0059910566
0.0058030263
0.0059600957
0.005669528
0.0055757794
0.005530335
0.005341941
0.0055768653
0.005170535
0.0054727793
0.0054096007
0.0053010923
0.0054076198
0.005157366
0.0050351
0.0053918418
0.004831066
0.0050301626
0.0049046874
0.0052024205
0.0053295777
0.005126998
0.004973629
0.004832149
0.005451867
0.004860939
0.0056737424
0.0057612644
0.0050354917
0.0046311975
0.005271375
0.0047713513
0.006016307
0.0065634283
0.0051099802
0.005167428
0.0052061267
0.0049102926
0.0047631743
0.0049472093
0.005052934
0.0049896073
0.0047701555
0.005136288
0.004584089
0.004932234
0.005137377
0.0044848905
0.0044787857
0.004858746
0.004464422
0.004418135
0.004285297
0.0047132666
0.004463282
0.0047453945
0.0047988906
0.004207712
0.0042218766
0.0043326113
0.0041229
0.0043987427
0.00436905
0.0040840446
0.003987409
0.004574524
0.004211225
0.004459795
0.004386283
0.00400099
0.0038277246
0.004606328
0.0045927125
0.0037367481
0.0038070942
0.004210336
0.0040489086
0.0045013786
0.0045466963
0.0039359084
0.0038459834
0.0041816137
0.0037459284
0.0046014707
0.0048739
0.0035932444
0.0060860612
0.0072974376
0.005319498
0.0046684747
0.0051749838
0.0049464577
0.0044456176
0.0042297766
0.00449145
0.004046663
0.004059685
0.003908493
0.0040839207
0.0041780337
0.004029757
0.004217732
0.0035951696
0.003846136
0.0038653512
0.0037346892
0.0054837186
0.0058793514
0.004594314
0.0045867637
0.0043684687
0.00451183
0.004296604
0.004741399
0.0044825217
0.003599465
0.0035436803
0.0037198218
0.0034667477
0.0038014688
0.004273647
0.0035873658
0.003622587
0.0037267648
0.0032842334
0.0039181192
0.003968274
0.003500364
0.0034810526
0.0035008062
0.0031047713
0.0039946926
0.0040068957
0.004100863
0.0033170227
0.005344438
0.006062335
0.003744921
0.004444316
0.0045297076
0.0046840496
0.00535957
0.0036168844
0.004966896
0.006288532
0.0045605106
0.0056352913
0.0067902287
0.003974499
0.004875222
0.0064328834
0.0045625432
0.004499844
0.005663572
0.0037507296
0.003919318
0.004751267
0.0034961768
0.005009913
0.0064038658
0.0041117496
0.0041766297
0.0052941516
0.0037815273
0.0037715144
0.004750952
0.0033804786
0.0043797973
0.0055691996
0.003946213
0.003699307
0.004660039
0.00336315
0.003810959
0.0046362057
0.0033556689
0.004211633
0.0056640157
0.0040664533
0.0035304662
0.0039454657
0.003307793
0.004060812
0.004626962
0.0035803353
0.0039071
0.0046824515
0.0038268038
0.0037631749
0.004471906
0.0040015522
0.003602434
0.003901739
0.0039606905
0.003144487
0.0035460352
0.0034269418
0.0029490218
0.0029820793
0.0033657812
0.003436841
0.0032437088
0.0033934012
0.00335686
0.0031988195
0.0030144395
0.0028613089
0.0032128051
0.0030342601
0.0033004936
0.003315239
0.0030815501
0.002940054
0.0034742218
0.0031470263
0.0031031945
0.003222882
0.0028985024
0.0030121629
0.0031480326
0.0029540577
0.0029678245
0.002893702
0.0029279266
0.0027397617
0.0032721015
0.0031618904
0.002933707
0.0028116247
0.0033036142
0.003006718
0.0030079156
0.003096226
0.002708311
0.0028027594
0.0029415928
0.0028134084
0.002940317
0.0030129447
0.0026379244
0.0026379565
0.0028004746
0.0026438993
