0.28634608
0.04376939
0.073984705
0.06074826
0.024401603
0.03377544
0.04107404
0.029178655
0.020670714
0.02572689
0.02724879
0.023655033
0.02102367
0.022532145
0.02434942
0.022241296
0.020313367
0.020877173
0.020528635
0.020395065
0.020427763
0.020180775
0.020358222
0.02016348
0.02013641
0.020097787
0.020042686
0.02003002
0.019990033
0.019892523
0.020040287
0.01980867
0.02050939
0.020480992
0.019881587
0.020012127
0.020053387
0.019922586
0.01969578
0.019918837
0.019623095
0.02026862
0.020522268
0.01962302
0.020461326
0.021309687
0.020416677
0.019699885
0.019977745
0.0199146
0.019923383
0.019608065
0.019735852
0.019842377
0.019357068
0.020008868
0.020396203
0.02001159
0.019451864
0.01959807
0.019859834
0.019674676
0.019187788
0.01970143
0.019931389
0.01967994
0.019183278
0.019456659
0.019722324
0.01948391
0.019099148
0.019154988
0.019204764
0.018991137
0.019021524
0.019033756
0.01883643
0.018747685
0.018627902
0.018556794
0.018241098
0.018172892
0.017950589
0.017787943
0.017539496
0.01743546
0.01709412
0.017009944
0.01668258
0.016510805
0.01599209
0.016433796
0.01623801
0.015703201
0.01594273
0.01572747
0.015516165
0.015865013
0.015369545
0.015451218
0.015253772
0.015147962
0.015259481
0.015094
0.014919938
0.014800571
0.014374952
0.014051009
0.013939778
0.014017758
0.013624206
0.013574501
0.013589402
0.0133963935
0.013280223
0.013095689
0.012950844
0.013294905
0.012848601
0.013097464
0.013177636
0.012958899
0.012847178
0.012848345
0.012562442
0.012930553
0.012492699
0.013381447
0.01409359
0.0132278735
0.012834066
0.012773489
0.012853357
0.012597494
0.01237072
0.012445836
0.01223093
0.011959191
0.012511476
0.011925039
0.012576734
0.013061278
0.012018231
0.012404899
0.012765777
0.012407608
0.012235761
0.011887032
0.011981311
0.0118796
0.011659555
0.011693232
0.011700061
0.01131725
0.01168504
0.011566586
0.011688501
0.0115913935
0.011398013
0.011405411
0.011077876
0.011050429
0.011274996
0.010956865
0.011593491
0.011712894
0.010826384
0.012100759
0.012954845
0.011725965
0.011176209
0.011922616
0.011669318
0.010949791
0.0113550015
0.011418092
0.011096007
0.010875252
0.01093514
0.010956717
0.0107224835
0.0108266575
0.010758159
0.010602516
0.010778487
0.010569167
0.010846612
0.011087692
0.0109936865
0.010667075
0.010666397
0.01075875
0.010697109
0.01038996
0.01086577
0.010974042
0.010522467
0.010420096
0.010429789
0.010458499
0.010429488
0.010238111
0.010687578
0.01058913
0.010299449
0.01018533
0.010411964
0.010405672
0.010327828
0.010128107
0.010325824
0.010273654
0.010242055
0.010068814
0.01034782
0.010314799
0.010066791
0.009965426
0.01020625
0.010125452
0.010073572
0.009933145
0.01019113
0.010128179
0.009956009
0.009913324
0.01001615
0.009942767
0.009945155
0.009882011
0.009962804
0.009863187
0.00993186
0.009838299
0.0098803
0.0098209465
0.009832113
0.009749641
0.009833444
0.009748362
0.00982798
0.009733533
0.009767058
0.009665425
0.009831978
0.009732656
0.009722215
0.009661709
0.009696881
0.009613704
0.009655885
0.009555671
0.009716471
0.009612162
0.009594803
0.009550055
0.009537215
0.009463661
0.00963648
0.009582245
0.0094131185
0.009367657
0.009587419
0.009563605
0.009546484
0.009518302
0.009452459
0.009498238
0.009397689
0.009363109
0.009385486
0.00937418
0.009387949
0.0092759235
0.009575307
0.009565146
0.009170783
0.009352823
0.009264694
0.009163219
0.009780391
0.009901636
0.0090926355
0.009885335
0.009907223
0.009328215
0.0096897455
0.009777374
0.009298042
0.0095279785
0.009530778
0.0092982985
0.0093019195
0.009237104
0.009196513
0.009208225
0.008948492
0.00894042
0.009218283
0.009015261
0.009582051
0.009941856
0.0099635
0.009250459
0.009423754
0.009344668
0.009244482
0.009267936
0.009166955
0.00903378
0.008938392
0.009142043
0.009076114
0.008987338
0.008794575
0.009100121
0.009108909
0.008740112
0.008596056
0.008552424
0.008517685
0.008464961
0.008485352
0.0083846245
0.008617003
0.008527293
0.008651987
0.00867072
0.008476475
0.008715052
0.008212401
0.008695598
0.008634579
0.008332535
0.008328023
0.008048764
0.008058506
0.0083402665
0.007980035
0.008522226
0.008487766
0.008104428
0.008223276
0.007915827
0.008143632
0.007930873
0.008106769
0.008147399
0.008142972
0.008052624
0.008147388
0.008088608
0.007839726
0.008020228
0.007661884
0.008027524
0.007845617
0.0078028007
0.007900846
0.007639321
0.007958238
0.007565649
0.00787313
0.007829504
0.007631583
0.007999968
0.007743746
0.0075208046
0.0076705427
0.007460095
0.0077776457
0.0077739567
0.0074235233
0.0073109646
0.0074764322
