0.2871937
0.075523145
0.059383493
0.02879758
0.03334278
0.029129341
0.021272125
0.021401912
0.0220254
0.021952331
0.020795615
0.021554261
0.020515842
0.022116557
0.02147089
0.020779649
0.020751731
0.020519326
0.019960016
0.020386709
0.020035459
0.019304724
0.019811891
0.019312903
0.019032435
0.019209052
0.01916576
0.018738614
0.019214543
0.019081254
0.018585104
0.019425532
0.018718353
0.019150458
0.019335944
0.018397184
0.018816968
0.018762596
0.01808271
0.018914497
0.018495249
0.018087363
0.018065454
0.018023336
0.017825296
0.018090347
0.01789681
0.017651642
0.017539635
0.017589623
0.01741406
0.017472843
0.017343856
0.017206995
0.017057197
0.017191501
0.017001288
0.016943716
0.016765216
0.016786585
0.016527168
0.016590925
0.016304119
0.016442021
0.01624673
0.015916467
0.015695935
0.016210973
0.01611047
0.015432118
0.0154948095
0.015430314
0.015201571
0.0155294975
0.015232667
0.015729822
0.015676362
0.015103911
0.015000281
0.015177417
0.014910919
0.015285824
0.015377442
0.014895033
0.014720391
0.015195918
0.014831912
0.015654119
0.014679414
0.015180399
0.014852713
0.01527977
0.015532033
0.01491638
0.014791808
0.014475609
0.014410065
0.0144339455
0.014305748
0.014378875
0.0146379145
0.014219445
0.014698867
0.015210395
0.014888468
0.0140592875
0.015209873
0.016069239
0.015524775
0.015349549
0.014330802
0.014710903
0.015417737
0.014884883
0.0150222415
0.014347461
0.014259943
0.0145781115
0.014225401
0.013912681
0.014421622
0.014606881
0.014562286
0.014506404
0.0140193775
0.013802606
0.014403283
0.014416985
0.014196329
0.014131729
0.013809666
0.013638231
0.014444967
0.014521572
0.014000598
0.014077157
0.013981458
0.013653365
0.014140598
0.01385044
0.014511355
0.014504042
0.013494366
0.013835599
0.013743765
0.0143055795
0.014394999
0.013628575
0.014226879
0.0144772725
0.0135551775
0.014491044
0.0149734765
0.013749597
0.013925262
0.014841642
0.014041175
0.013593937
0.014032367
0.013626653
0.013656251
0.014004641
0.013715006
0.013524801
0.01369793
0.01339161
0.013722204
0.013956568
0.013838228
0.013302633
0.015001535
0.015431804
0.013604176
0.016577343
0.020031238
0.018209605
0.014351372
0.016201407
0.019662919
0.018843224
0.015161331
0.01465637
0.016987884
0.016292814
0.013679025
0.015291601
0.01795952
0.01680482
0.013803531
0.015118554
0.017814495
0.016772432
0.014075744
0.01502608
0.016750962
0.015529133
0.013459101
0.015668526
0.017957816
0.01636505
0.013622875
0.015329998
0.017711869
0.01660843
0.013732374
0.014898621
0.017578775
0.016592015
0.0136933485
0.014658768
0.01691834
0.016037451
0.013501476
0.014995868
0.01796748
0.017204257
0.014028368
0.014035292
0.015901651
0.015234258
0.013312984
0.015408668
0.018451963
0.017657133
0.014296719
0.013704049
0.015298885
0.0147690205
0.013228553
0.015399619
0.017937116
0.017061884
0.0141337365
0.014108684
0.015806222
0.015271991
0.013578303
0.014574881
0.016390502
0.015577923
0.013469796
0.014573984
0.016656531
0.015954176
0.013662543
0.0143857105
0.016558824
0.015912956
0.013612439
0.014060161
0.015737915
0.01512146
0.013327851
0.014301005
0.016131839
0.015435956
0.01342402
0.0140854195
0.015691869
0.015085522
0.013309687
0.01418563
0.015986277
0.015423094
0.013490111
0.013860921
0.015241332
0.014703981
0.013264512
0.014173173
0.015495941
0.01486015
0.013423066
0.013996653
0.014982716
0.014307819
0.013334725
0.013769644
0.014183298
0.013775545
0.013633613
0.013519361
0.013176146
0.01368863
0.013812169
0.013086618
0.01375508
0.014498141
0.013681613
0.0132805
0.013464476
0.013073311
0.013675719
0.014197973
0.013367903
0.013126326
0.013553369
0.013032922
0.013078317
0.013330457
0.0128187435
0.013408482
0.013972804
0.013176002
0.012917302
0.013136429
0.01268395
0.013297376
0.013871404
0.01305418
0.012706887
0.01299207
0.01252811
0.013108465
0.013693313
0.01286494
0.01257022
0.012785103
0.012334794
0.012864652
0.01335943
0.012528892
0.012387931
0.012676732
0.012179499
0.012512657
0.01286647
0.012121435
0.012327564
0.01268674
0.011909117
0.012113071
0.012650485
0.011988565
0.011756609
0.011985128
0.011642795
0.0118026445
0.012453135
0.011548966
0.011789714
0.012394692
0.012171888
0.011377978
0.011497567
0.011525803
0.011285906
0.0111833485
0.010945983
0.010896542
0.010911123
0.010484909
0.011462671
0.012086231
0.011123431
0.011421862
0.012611938
0.011451897
0.010933849
0.0109948255
0.010333155
0.011038211
0.010916539
0.010244315
0.0101643
0.010290206
0.009931904
0.009765127
0.009949688
0.009868912
0.009502334
0.010200586
0.010191072
0.009860435
0.009437132
0.010518665
0.010591991
0.009587341
0.009796931
0.0097119445
0.009619589
0.009227398
0.010108132
0.010644562
0.009309314
0.010951518
0.013555526
0.011548944
0.009745835
0.010428256
0.011152093
0.010263093
0.010226807
0.010269645
0.009519806
0.009602883
0.009784027
0.009196553
0.009823122
0.01075947
0.009781531
0.009273164
0.009315923
0.00904068
0.009120067
0.009262811
0.008900433
0.008809951
0.008854882
0.008726607
0.008671213
0.00872689
0.008600338
0.008560635
0.008508792
0.008361387
0.008585609
0.008524776
0.008297392
0.0082176095
0.00821445
0.008195382
0.008121698
0.0080657685
0.008509041
0.008201155
0.008205237
0.008289378
0.007907667
0.008027817
0.007851351
0.007868238
0.0077925758
0.00801018
0.0077721835
0.007994321
0.008273573
0.007869443
0.0076541635
0.0078516165
0.007565697
0.008123848
0.008283841
0.007848215
0.0076096
0.007587183
0.007470922
0.0074378517
0.0073581715
0.0074505173
0.007243406
0.0073302477
0.007272827
0.00717262
0.0071395165
0.0071396953
0.007035857
0.0074231843
0.007260771
0.0069407853
0.0067819855
0.0067203618
0.0067731366
0.006758452
0.006490318
0.0068762074
0.0066891536
0.00651567
0.007058486
0.0068685324
0.006772199
0.006762005
0.0067866766
0.006695939
0.0070491713
0.006945415
0.006333478
0.0065027936
0.006330397
0.006209038
0.006393109
0.0062173693
0.006087202
0.0059915096
0.0062762876
0.005996514
0.0061948225
0.0060419925
0.006261555
0.0061909147
0.006085217
0.005924253
0.005968249
0.005766084
0.0062498166
0.0060706283
0.0058432757
0.0059184674
0.0057814457
0.0057865717
0.0058791456
0.0057176403
0.005882966
0.0059134252
0.0055001024
0.005735703
0.00541209
0.005904282
0.0055331048
0.006585293
0.0073540006
0.005895555
0.006113565
0.006631052
0.005849089
0.006088475
0.006763416
0.005796112
