0.28897065
0.075776674
0.05564892
0.03219873
0.033086944
0.029814236
0.024592275
0.027840251
0.027906777
0.02278029
0.025320858
0.028445585
0.025521284
0.022372434
0.024083758
0.025843993
0.024218345
0.022804813
0.02246018
0.02355686
0.023511013
0.021978477
0.022501534
0.023461306
0.02254889
0.02168425
0.02194027
0.021927088
0.021649303
0.021288155
0.02162988
0.021460118
0.020945402
0.021622142
0.021581387
0.021064356
0.020758467
0.021158842
0.02108719
0.020853885
0.020593302
0.020714113
0.020749046
0.02028813
0.020089911
0.020421853
0.020245653
0.020010194
0.01983414
0.01975619
0.01959669
0.019419871
0.019121973
0.019014407
0.018686518
0.017907338
0.017525101
0.0168754
0.01655276
0.016509136
0.016136253
0.018199176
0.016335929
0.016597066
0.015968455
0.01619094
0.015631692
0.0155386
0.015703388
0.01557339
0.015609461
0.015216594
0.016070563
0.016125716
0.015245871
0.015411864
0.015175979
0.015328097
0.015242144
0.01489077
0.015005202
0.014877773
0.014740004
0.014721729
0.014659253
0.014506985
0.014668652
0.0145987645
0.014376964
0.014426696
0.014207192
0.014719325
0.014525932
0.014284524
0.014190499
0.01417873
0.014069033
0.0142976
0.014136941
0.013928316
0.013806391
0.014115925
0.013861429
0.014072758
0.014163625
0.0135649545
0.013687562
0.013595852
0.013496761
0.013432525
0.013459809
0.013293953
0.013434611
0.013387053
0.013203286
0.013133258
0.013092431
0.013106833
0.01278386
0.012993439
0.012863801
0.01259583
0.013377066
0.01347452
0.012512889
0.013799731
0.014630814
0.013406396
0.013102722
0.013710466
0.012936286
0.012474143
0.012834278
0.012543298
0.012409204
0.012413857
0.012364045
0.012285848
0.01220136
0.012177561
0.012095862
0.012063392
0.01192325
0.012032923
0.011870465
0.012052897
0.011935492
0.012013078
0.0118299695
0.011918028
0.011883609
0.011871561
0.011734635
0.011680458
0.011629485
0.011619803
0.0115033835
0.011696407
0.0117043005
0.01154313
0.011561401
0.011479233
0.011370506
0.0114589175
0.011240803
0.0114827575
0.011373122
0.011245665
0.0112135755
0.011309789
0.011200298
0.011084166
0.011105943
0.010943166
0.010882978
0.011092722
0.010974403
0.010875493
0.01077386
0.010831767
0.010716035
0.010805599
0.010778929
0.010605245
0.010540407
0.010633216
0.010539602
0.010492179
0.010436389
0.010508683
0.0104022985
0.0104973195
0.010424937
0.010379867
0.010342196
0.010360633
0.010337911
0.010265142
0.010237507
0.010238224
0.010194779
0.010180539
0.010123682
0.010211241
0.010142192
0.010128069
0.010061102
0.010153095
0.010089845
0.010061395
0.010023049
0.010049939
0.01000025
0.010011049
0.009959571
0.009991419
0.009944995
0.009943945
0.009895884
0.0099378675
0.009892543
0.009884264
0.009843911
0.009881922
0.0098322285
0.009826769
0.009776303
0.009825355
0.009770286
0.0097696055
0.0097204605
0.009762803
0.009709983
0.009730933
0.009685368
0.00968724
0.009642107
0.00968746
0.009648443
0.009615676
0.009577559
0.00960122
0.009544367
0.009567195
0.009497385
0.009554983
0.009472041
0.009528621
0.009456555
0.00947008
0.009407389
0.009451947
0.009402637
0.009377342
0.009336233
0.009361803
0.009321692
0.009292756
0.009240824
0.009317075
0.009259197
0.009205925
0.009157178
0.009249688
0.009231002
0.00904831
0.009016744
0.009242974
0.00918261
0.00897755
0.009470788
0.009089463
0.009687801
0.009628867
0.009269718
0.009225521
0.009046455
0.009012298
0.00904746
0.008968312
0.009256952
0.008984572
0.009229336
0.009244333
0.008742582
0.008722632
0.008936407
0.008759685
0.008940517
0.008845397
0.008781426
0.008797227
0.0087407725
0.008699972
0.008673933
0.008784331
0.008647994
0.008762755
0.008650831
0.008614428
0.008476422
0.008716671
0.008542248
0.008747246
0.00862511
0.00850712
0.0083846385
0.0085721975
0.008366824
0.008558745
0.008407446
0.008404625
0.008308769
0.008411047
0.008553214
0.008180044
0.008224208
0.008383763
0.0083689215
0.00816909
0.008332235
0.00807428
0.008106316
0.00810735
0.008037609
0.008159378
0.008157724
0.008016712
0.008136928
0.007951901
0.007917008
0.008022241
0.007903875
0.007915697
0.007860237
0.007821151
0.0077513233
0.007907222
0.007913653
0.007617961
0.0075810887
0.007626778
0.0075105573
0.007721711
0.0076609
0.0075005493
0.007387662
0.0076037217
0.007520039
0.007396873
0.0074687693
0.0074759084
0.0072795763
0.00755226
0.007413261
0.007426144
0.007194144
0.0074322163
0.0072994474
0.0072448044
0.007238449
0.0072263177
0.0071410486
0.007124331
0.007037051
0.007289404
0.0071182153
0.007079069
0.006990112
0.0071398257
0.007096561
0.0070511377
0.0070606717
0.0069338554
0.006916341
0.006988376
0.006877745
0.0071432106
0.0070321597
0.0068138596
0.0069311843
0.006761115
0.0067644375
0.0075470596
0.0073752296
0.006824935
0.0067914375
0.0067251804
0.0067990473
0.0066710548
0.006543726
0.0069461055
0.006837398
0.006678644
0.0067908107
0.0066163056
0.0065715318
0.006764494
0.0065825507
0.0065339897
0.0066004
0.0064893565
0.006434921
0.0069519556
0.0065881987
0.0066273105
0.00642851
0.0064844354
0.006788507
0.0063188635
0.008529174
0.008283354
0.0072933645
0.007361054
0.0069051557
0.008032282
0.007858601
0.0068761823
0.007103843
0.006754329
0.0068139913
0.006642576
0.0067681544
0.006375812
0.0065668635
0.0063553485
0.0063264403
0.006316269
0.0060732677
0.0067821736
0.006542644
0.0065793153
0.006429989
0.007191052
0.006916951
0.006244833
0.0062048496
0.0065005324
0.0061850385
0.0068031345
0.0065883226
0.006352244
0.006106542
0.006593877
0.0063284333
0.006394504
0.006427421
0.006060634
0.005979063
0.006318035
0.0061606206
0.006144442
0.0061091967
0.0061446805
0.0061965473
0.0059515308
0.0059226914
0.0060887784
0.0060610683
0.0058817496
0.005977914
0.005791966
0.0058308635
0.005820205
0.0057620183
0.0059122443
0.005883562
0.0056998
0.0056495233
0.0058725714
0.0057528964
0.0057810973
0.0057132295
0.005727097
0.0056351773
0.0057558753
0.0056959563
0.0056620627
0.005646637
0.0056406544
0.0055540763
0.005699115
0.0056249634
0.0055495705
0.0054789986
0.005583366
0.0055026747
0.0055345893
0.005457167
0.005533971
0.0054631107
0.0054588937
0.0053406483
0.005552852
0.00543977
0.0053883214
0.0053133443
0.0053747892
0.005291087
0.005401584
0.0053049624
0.0053451215
0.005314225
0.005228804
0.0051710177
0.0054565985
0.0053906296
0.0051111598
0.0051591396
0.0053637386
0.005206981
0.0053748707
0.005318886
0.0051066284
0.005331021
0.005048117
0.005352261
0.005342286
0.0050258413
0.0053001526
0.0051001688
0.0050307866
0.0055354903
0.0051730485
0.005848509
0.005821181
0.0051043555
0.0052771172
0.005259304
0.0050871694
0.005200461
0.005085006
0.005070621
0.0051110457
0.005078661
0.004922559
0.005091367
0.0048506795
0.005338916
0.005247222
0.0050697364
0.005058782
0.0048796507
0.0048541864
0.0050953054
0.0049908855
0.0051262095
0.005015262
0.0049327645
0.0049058325
0.004852485
0.004771693
0.0050630704
0.00501334
0.004783354
0.00475884
0.0049352567
0.004934277
