0.28811282
0.05648185
0.065909885
0.04208225
0.021510303
0.02510125
0.021665826
0.025023589
0.024619231
0.021830598
0.023172954
0.023434952
0.021337895
0.023315204
0.024444774
0.021648437
0.021783968
0.022894131
0.021579854
0.020785421
0.021488795
0.02092593
0.02085126
0.021082656
0.02068698
0.020654708
0.020688834
0.020349147
0.020780334
0.020768939
0.020548506
0.019953048
0.020593185
0.020697258
0.01984498
0.019446993
0.019413779
0.019205865
0.018783497
0.01865572
0.018498765
0.018469358
0.018200671
0.01865661
0.017804502
0.01766256
0.017668953
0.017059484
0.017426835
0.01718265
0.01684952
0.016505525
0.01625757
0.016236609
0.015988564
0.015957495
0.015693946
0.016188657
0.01597854
0.015409245
0.015528499
0.015328449
0.015391424
0.015210475
0.0154239265
0.015354318
0.014983155
0.01491234
0.015137983
0.014939931
0.015113029
0.015107763
0.014773552
0.0147142755
0.015126452
0.0149897365
0.014777045
0.014728527
0.014909282
0.014821348
0.014780045
0.014731385
0.014741736
0.014647067
0.014807503
0.014765345
0.014576579
0.014526841
0.014741722
0.014653345
0.014554657
0.014497124
0.014606713
0.014539681
0.014489154
0.014439466
0.014497946
0.014428926
0.014446758
0.01437429
0.0144463815
0.0143964095
0.0143417455
0.014296693
0.01433662
0.014265068
0.01432054
0.014254038
0.014255566
0.014203571
0.014227174
0.014170702
0.014191173
0.014140796
0.014134158
0.01407532
0.014142961
0.014085267
0.014047158
0.013993886
0.014068582
0.014007919
0.0139721185
0.0139123695
0.014006888
0.013946921
0.013880487
0.013828368
0.013935489
0.013876937
0.01379136
0.013750103
0.013851371
0.013811084
0.013671168
0.01361464
0.013929547
0.013847545
0.013558752
0.013581413
0.013791128
0.013637875
0.013583422
0.013775866
0.013429456
0.014680362
0.01500952
0.013980593
0.013817239
0.014184949
0.0141948825
0.013697937
0.013555552
0.013794303
0.01354673
0.013437345
0.013531257
0.0134876855
0.013251004
0.01370651
0.013681337
0.013321876
0.013494466
0.013398465
0.01382468
0.013748047
0.013492762
0.013361287
0.013676389
0.013233528
0.013861605
0.014093514
0.013575483
0.013321207
0.013414423
0.013214772
0.013457928
0.013580691
0.013383974
0.0132014295
0.013527709
0.013606212
0.012968506
0.013461083
0.013959321
0.013216798
0.013196775
0.013851896
0.013383329
0.012990579
0.01320943
0.013330956
0.013033743
0.012795404
0.013033192
0.01293389
0.0128452405
0.0128763495
0.012928858
0.012776877
0.0129114045
0.012882003
0.0128271645
0.012780808
0.012546144
0.012787766
0.012560339
0.013441459
0.013633952
0.013086918
0.012842848
0.012766306
0.0128951715
0.012549075
0.012464777
0.0125920335
0.012646987
0.0124872
0.012543383
0.01252514
0.0126256915
0.012418893
0.012787849
0.012486383
0.012794833
0.012850392
0.0123378495
0.0125141265
0.012387309
0.012494051
0.012437165
0.0122603765
0.012219958
0.012213748
0.012097399
0.01236112
0.012374456
0.012247299
0.012154487
0.012138549
0.012106475
0.011984657
0.011965907
0.012053347
0.01187056
0.0120793255
0.012045895
0.011985347
0.01190411
0.01199689
0.011904339
0.011739711
0.01176545
0.011689876
0.011677495
0.011557779
0.011514132
0.011596691
0.011481286
0.011417064
0.011512409
0.011377551
0.011275242
0.011653714
0.011311683
0.012838554
0.013153806
0.011569463
0.013410382
0.014666489
0.01294335
0.011773519
0.012940332
0.012201052
0.011280976
0.011639998
0.011164103
0.011776586
0.0122047635
0.011229324
0.011751254
0.012128583
0.0113816485
0.011482728
0.011472554
0.0112864
0.011271909
0.011081389
0.0110998815
0.0109627275
0.0112474235
0.011265094
0.010571834
0.011908707
0.012514939
0.010971795
0.011270389
0.012034214
0.010989548
0.010775262
0.011275984
0.010401257
0.011529638
0.012410969
0.011152682
0.010565081
0.011225567
0.010456649
0.010856837
0.011371769
0.010436664
0.010966332
0.011898883
0.01072565
0.010587178
0.011176224
0.01062099
0.010419775
0.010810866
0.01036376
0.010304765
0.010516904
0.010147219
0.010168713
0.010172459
0.009890518
0.0104468465
0.010372568
0.009836935
0.009846845
0.009913149
0.009689267
0.01029134
0.010345663
0.009737687
0.009897429
0.00999516
0.009739611
0.00970571
0.00981652
0.009755411
0.009708515
0.009630255
0.009550265
0.009579388
0.009421559
0.009479006
0.0095227165
0.009327859
0.009272862
0.009122175
0.009138942
0.009590846
0.00951152
0.009988179
0.010564988
0.009532933
0.009621618
0.01017285
0.009571745
0.009375751
0.009211426
0.009387492
0.009486664
0.008865312
0.009253132
0.009563248
0.008934102
0.008863144
0.008847861
0.00884184
0.008827156
0.0086303735
0.00868813
0.008555313
0.008583418
0.008459491
0.008362103
0.008234435
0.008442243
0.008263049
0.00881954
0.008990701
0.008107436
0.008419701
0.008503227
0.008212093
0.008189751
0.0079792645
0.008119908
0.0076670437
0.008455227
0.008253589
0.007826851
0.0077327755
0.0076676845
0.007702815
0.007470802
0.0072560064
0.0076065585
0.007516887
0.007426049
0.0074018077
0.0073128813
0.0073024877
0.007296352
0.007218802
0.007176382
0.0069566313
0.007256713
0.0068510226
0.007471274
0.0074888305
0.006951583
0.007596766
0.0074315057
0.00721888
0.007079668
0.0071292794
0.006685696
0.0070962235
0.006753041
0.007282622
0.0074081994
0.0070892773
0.007179769
0.0065982905
0.0070543434
0.0069178976
0.006875159
0.0070340633
0.006649951
0.0067570196
0.0065841503
0.006927499
0.0063094567
0.0072098766
0.007174256
0.0063042454
0.0068494673
0.00622319
0.007152418
0.0075350143
0.0062970794
0.007111393
0.0072414135
0.0062167183
0.00757203
0.008299042
0.0072087203
0.00685712
0.007350815
0.0068815253
0.007072329
0.0071730725
0.006465322
0.006963914
0.007827949
0.0069968943
0.0063602836
0.0066032596
0.0068241484
0.0064707645
0.0063540586
0.0064758086
0.0062958025
0.006033186
0.0060543097
0.0060311947
0.0058720224
0.006187668
0.0058026253
0.0061733224
0.0064320564
0.0063778046
0.0058441586
0.0060450113
0.0059623555
0.006432315
0.0061387406
0.0059546586
0.005929193
0.0057213563
0.005431457
0.006526765
0.0066282153
0.0054287934
0.005808787
0.0057342662
0.00579265
0.0055131614
0.006192217
0.0061237384
0.005417619
0.0056715882
0.0052938354
0.0053034555
0.0052559376
0.005158369
0.005136573
0.0058229673
0.0052631865
0.006202116
0.006289357
0.0056210677
0.0052007292
0.006092546
0.005707392
0.0055268877
0.0055365562
0.005495701
0.005376158
0.005365358
0.005307453
0.00526634
0.00505811
0.005505316
0.005356375
0.005230566
0.0051118885
0.00538352
0.0051390044
0.0053316145
0.0051449575
0.005292332
0.0051536974
0.00508089
0.004973664
0.0053144344
