0.28898087
0.057251334
0.05348834
0.03724206
0.027323568
0.027079696
0.025835713
0.024936775
0.024096698
0.023414493
0.023543708
0.023212045
0.022730729
0.022650406
0.022682237
0.022373011
0.022258824
0.02233048
0.021983767
0.022424607
0.022552626
0.021811107
0.023180038
0.023958528
0.023046428
0.021824673
0.022500582
0.023560205
0.02230413
0.021367854
0.021711247
0.02208677
0.0211003
0.021171339
0.021437572
0.021074243
0.02054523
0.021315508
0.02133301
0.020442106
0.020790169
0.020789923
0.020513488
0.020400794
0.020398011
0.020143313
0.020097462
0.02020224
0.0200675
0.020040952
0.020059392
0.01986958
0.01992334
0.019832246
0.0196309
0.019929232
0.01962931
0.019514164
0.019444188
0.019025555
0.018821137
0.018619185
0.018137857
0.018198932
0.018125206
0.017413445
0.017901659
0.01704246
0.017338874
0.017531501
0.016643684
0.018771365
0.018935788
0.016768081
0.016942654
0.01666184
0.01687268
0.015592727
0.017603988
0.0181838
0.01574515
0.016686153
0.017895004
0.016328057
0.015541996
0.015822774
0.015546509
0.015281615
0.014858242
0.014772615
0.01462866
0.014056693
0.014349685
0.013820794
0.014111407
0.014147844
0.013073676
0.014737067
0.015380642
0.013618519
0.013482462
0.013341337
0.0127225695
0.012788801
0.012593865
0.012130258
0.0122688105
0.012184039
0.01172341
0.011585445
0.011828938
0.011527236
0.011530862
0.011508835
0.0113544585
0.011097838
0.01124994
0.010926933
0.0109831365
0.010861871
0.01060981
0.0105614215
0.010508974
0.010306359
0.010537651
0.010292529
0.010271617
0.010179146
0.009983099
0.009842546
0.010191907
0.009969662
0.009780992
0.009599264
0.009799323
0.009603664
0.009471879
0.009295774
0.009519478
0.009435969
0.00908322
0.008985596
0.009160782
0.009010657
0.008836949
0.0087423
0.008689543
0.008558037
0.008555495
0.008386493
0.0083160335
0.008138289
0.00809561
0.007770758
0.007935553
0.0076809437
0.0074075647
0.0070898794
0.007444522
0.0070613823
0.0071092076
0.007043161
0.006477326
0.0062897275
0.006789652
0.006671349
0.0060054637
0.006147181
0.0058887987
0.005727188
0.0058524064
0.0056492942
0.0053530093
0.0059049283
0.0053000287
0.005693371
0.005501382
0.005094767
0.005446335
0.00506877
0.00553025
0.005495629
0.00512828
0.0049960865
0.0051919576
0.004753455
0.0053465343
0.0054867794
0.0045988928
0.0047738366
0.0046579423
0.004479486
0.004453153
0.0043817307
0.00440654
0.0042160717
0.004793249
0.004535897
0.004397964
0.0041671996
0.0043272953
0.0041147275
0.0045223315
0.0044656494
0.003974254
0.0040667756
0.003868426
0.004189121
