0.2899
0.06359896
0.061857697
0.038202036
0.026933124
0.029067663
0.025699625
0.02570509
0.025435835
0.023087235
0.02469389
0.024917625
0.022854233
0.023548191
0.024156213
0.022749767
0.022534654
0.022943744
0.022109443
0.022197984
0.022707634
0.02182562
0.021543453
0.021736905
0.021515146
0.02123937
0.021068493
0.020891992
0.020953355
0.021001065
0.020612247
0.020445483
0.020507814
0.020303776
0.020215558
0.020241706
0.020016933
0.020073498
0.01994642
0.019735934
0.020138895
0.019812321
0.020508831
0.020051682
0.019615268
0.019575879
0.01941271
0.01922685
0.019619985
0.019553874
0.019081151
0.01899296
0.019381808
0.019263761
0.019052878
0.018956268
0.019069552
0.019013045
0.01898606
0.018913122
0.018882662
0.018882802
0.01874769
0.018764133
0.018655842
0.018823659
0.018601796
0.019102842
0.019207358
0.018520907
0.019946905
0.021094019
0.019887721
0.018523749
0.01939465
0.019813387
0.019141076
0.019178899
0.019458571
0.018769316
0.018716658
0.019139204
0.018706024
0.018578399
0.018781573
0.018510157
0.018732544
0.01865563
0.018451132
0.018534949
0.018319791
0.018621203
0.018641086
0.018352928
0.018406184
0.01831646
0.018494846
0.018343825
0.018351713
0.018381184
0.018222384
0.018217161
0.018166834
0.01810808
0.018361807
0.018245097
0.01847097
0.018521251
0.01802207
0.018272603
0.018413514
0.018486792
0.018252673
0.018057087
0.018049931
0.018147705
0.018134048
0.018038696
0.017896276
0.018036673
0.018030146
0.018049093
0.01797835
0.017883174
0.017785557
0.017930312
0.017888023
0.017874738
0.017793773
0.01771398
0.017631961
0.0178022
0.017753432
0.017621865
0.017568795
0.017564936
0.017468948
0.017652212
0.017637791
0.017327601
0.017268231
0.017441396
0.017342517
0.017254442
0.017191088
0.017120266
0.017048264
0.0170066
0.016934564
0.016912106
0.016815966
0.016769236
0.016710872
0.016572835
0.016578015
0.017048271
0.016807895
0.01652805
0.018233566
0.016596444
0.016544728
0.01674522
0.01650522
0.016565582
0.016362011
0.01593092
0.015866017
0.016104478
0.016289882
0.016115753
0.015854822
0.015900386
0.015982136
0.015720233
0.015513117
0.015540185
0.015481956
0.015370947
0.015226968
0.015062262
0.014962781
0.01496159
0.01482189
0.014800553
0.014710474
0.014570062
0.014380838
0.014277208
0.014098416
0.014143138
0.0139259845
0.013921592
0.013677594
0.013556257
0.013290417
0.013475058
0.01322493
0.012990631
0.012816046
0.012899137
0.012620807
0.012930165
0.012700077
0.012389691
0.01215982
0.012744345
0.0124530345
0.012174
0.012225355
0.011857835
0.011776236
0.011754612
0.011659875
0.011566567
0.01158268
0.011513054
0.011330922
0.012039617
0.011707996
0.011579339
0.011509181
0.0113971755
0.011280287
0.011154736
0.011080853
0.011211403
0.011253049
0.011062072
0.01108661
0.010914431
0.010801516
0.01140976
0.011511858
0.010972269
0.011197721
0.010806195
0.010806943
0.01080028
0.010603721
0.010507703
0.01052852
0.010537884
0.010388461
0.010433134
0.010100753
0.010428868
0.010166715
0.010834004
0.010960999
0.010133462
0.010609306
0.010607299
0.010062396
0.010250571
0.010261452
0.010036285
0.009915723
0.010111175
0.009859853
0.010074479
0.010264321
0.009944575
0.009797453
0.010122484
0.010128145
0.0097506
0.009874594
0.009805601
0.0096480055
0.009699332
0.00976917
0.009507034
0.009469412
0.009835192
0.0096364105
0.00986968
0.009925784
0.009480756
0.0095873745
0.009530116
0.009447435
0.009684008
0.009633777
0.009659449
0.009662714
0.009476446
0.00940648
0.009553768
0.009452667
0.00948203
0.009548972
0.009182005
0.009204708
0.009305754
0.009213238
0.009509005
0.009613327
0.009288458
0.009268208
0.009367107
0.009145747
0.009443569
0.009369973
0.00917399
0.009138876
0.00914838
0.009076914
0.009098198
0.009126546
0.009076094
0.009069518
0.00914258
0.009115358
0.009200522
0.009066436
0.0090947775
0.00896104
0.009155382
0.009029188
0.00905715
0.008947401
0.008912655
0.008894347
0.008837126
0.008806051
0.0087320665
0.008814164
0.008686249
0.008734719
0.008705559
0.008669588
0.00867892
0.008642214
0.008677663
0.008572077
0.008764978
0.008579121
0.008770365
0.008689546
0.008612387
0.008707822
0.008425345
0.008630063
0.008501276
0.008385829
0.008783362
0.008759546
0.008640866
0.008635347
0.008603146
0.008520317
0.008486976
0.008487501
0.008674658
0.00854645
0.008427947
0.008482106
0.008410404
0.008310936
0.008303565
0.008179662
0.008508851
0.008368643
0.008491273
0.008569487
0.008259895
0.008302968
0.008159224
0.008464794
0.008349455
0.008250746
0.008220485
0.00814578
0.008115355
0.008135531
0.008109924
0.008093411
0.008023468
0.008074003
0.007969842
