0.2871018
0.051564258
0.058591504
0.03895004
0.024897529
0.025890917
0.024605343
0.024083963
0.022420427
0.022573585
0.022606647
0.021216443
0.021852052
0.021787187
0.020502413
0.02221335
0.02280108
0.020825965
0.021236673
0.022313884
0.02116032
0.020333314
0.020693867
0.020260891
0.020701267
0.02092295
0.02018674
0.020961111
0.021635642
0.021035379
0.020069046
0.020939087
0.021573031
0.021215722
0.020481138
0.019816153
0.020089267
0.019987682
0.019654242
0.020044869
0.020027027
0.020079298
0.019477384
0.020777313
0.021279171
0.019896487
0.021006009
0.021179536
0.019495526
0.021245135
0.022985876
0.020886956
0.019593747
0.019983485
0.019274713
0.019753339
0.020060254
0.019106722
0.02002888
0.020407764
0.019084183
0.019461846
0.020336334
0.019179733
0.018643847
0.018773459
0.018141514
0.01823192
0.018000057
0.017187877
0.016743677
0.0166238
0.016313946
0.016427819
0.016557015
0.016223254
0.015940884
0.01625585
0.015823318
0.01605236
0.016260063
0.015474263
0.01583331
0.015925648
0.015768977
0.015408018
0.015896887
0.01602125
0.015193579
0.016023682
0.016746981
0.016061036
0.015561315
0.015446499
0.015430522
0.01546859
0.014787197
0.015182377
0.015557118
0.01497629
0.014779497
0.014838965
0.015037374
0.014654346
0.014463741
0.014501507
0.014281064
0.014138271
0.014363787
0.014190781
0.014197619
0.014203772
0.014059956
0.013858847
0.014293589
0.014208143
0.0137227615
0.01368608
0.013755775
0.013552439
0.013826172
0.013849427
0.0133124925
0.013666842
0.013345659
0.013427414
0.013341434
0.013099697
0.013372266
0.01274819
0.01302844
0.012720442
0.0127427755
0.0128666265
0.012289208
0.012610567
0.012973282
0.012521721
0.012043213
0.012253758
0.012067653
0.011694576
0.011737094
0.011553296
0.011506815
0.011632179
0.011273105
0.011468398
0.011716596
0.01157735
0.011044546
0.0110834325
0.011077707
0.011179979
0.010782547
0.01082305
0.0108462
0.01053762
0.010410845
0.010523881
0.010397044
0.010495157
0.010302194
0.010231439
0.010121611
0.010331227
0.010216886
0.009918313
0.0098125795
0.010255603
0.010240417
0.0098957075
0.009787513
0.009729367
0.009668842
0.009809271
0.009776435
0.009435221
0.0093356185
0.009519591
0.00929083
0.009864095
0.009821376
0.009226707
0.009373538
0.009751968
0.009143627
0.009105521
0.009112072
0.00959507
0.0093151955
0.008861926
0.009000794
0.008914781
0.00860842
0.008541613
0.008528638
0.00854789
0.008600291
0.00837398
0.008651333
0.008624568
0.0087222755
0.008393798
0.008917251
0.008838973
0.008350414
0.008450159
0.00813097
0.007959082
0.00814746
0.0080995485
0.008222689
0.007971599
0.008160119
0.008030963
0.008071661
0.008029343
0.007849681
0.0077790115
0.007710202
0.0075817187
0.00794495
0.007765412
0.0077824816
0.0076515987
0.0076015634
0.0075986194
0.0075906143
0.0075435415
0.007466112
0.007430646
0.00730396
0.0071849474
0.0077057355
0.0074766907
0.0072839223
0.007171339
0.00741649
0.0072896704
0.0072490578
0.007214377
0.007167743
0.0071479753
0.0069358884
0.0068219025
0.007138636
0.0069367434
0.0070811347
0.006870697
0.0070665553
0.0069448124
0.006816782
0.006783616
0.006859383
0.0068162847
0.006624323
0.006685715
0.0064828335
0.0066058873
0.0066162883
0.0062998706
0.00768928
0.007387653
0.006330224
0.0068634455
0.0067195594
0.0062719365
0.00646524
0.0064090244
0.0061155353
0.0065044644
0.006191388
0.006269004
0.0065636314
0.00609005
0.0063499906
0.006922487
0.006107174
0.0062237806
0.006846983
0.0063304105
0.0061353594
0.0062904195
0.005968632
0.0059221685
0.005734682
0.0058952547
0.0058915294
0.0057275095
0.005707424
0.005580727
0.005466312
0.005694291
0.005388487
0.005790016
0.005807368
0.0058136955
0.005303784
0.00652626
0.006773438
0.005456909
0.0058807214
0.0059629367
0.0056443983
0.0053604743
0.005571837
0.005905826
0.0053397757
0.0052314755
0.005598198
0.0053479136
0.006098582
0.0062562204
0.0054075387
0.00542427
0.0052359835
0.0054425052
0.005066347
0.0055117547
0.005960313
0.0051003094
0.005277337
0.005012721
0.005105066
0.0049963607
0.0048982897
0.004928825
0.0048460457
0.0047027287
0.0047344915
0.0045911316
0.004593163
0.004611884
0.004507797
0.0047115837
0.0045422325
0.004678829
0.0045773066
0.004508032
0.0048655015
0.004558044
0.004637182
0.0045097233
0.0044166003
0.00444222
0.004216663
0.0042813364
0.0042154747
0.004064398
0.0043534148
0.0042102854
0.004297448
0.004425311
0.004327512
0.004077584
0.004163004
0.004240445
0.00405324
0.0040384904
0.0044660578
0.0043924884
0.0041097957
0.0040431195
0.0041375947
0.004026677
0.004408944
0.004217298
0.0042084553
0.004061108
0.0040976517
0.0038500458
0.00414665
0.0040069646
0.00411237
0.0039043955
0.0041139866
0.0038211609
0.0040319916
0.0038630923
0.0039397497
0.0037567525
0.0039959676
0.0038348082
0.0039721467
0.0036548756
0.00392971
0.0037147328
0.0037909814
0.003549225
0.0038944886
0.0037376247
0.003674206
0.0037197366
0.0035822121
0.0036510518
0.0034324657
0.003401424
0.003756456
0.0036778331
0.0035196354
0.0036139023
0.003494642
0.0035598462
0.0034408148
0.0033914826
0.0036469393
0.0036024072
0.00343698
0.003430441
0.0034562927
0.003287607
0.0035719797
0.003549598
0.003262841
0.0032321315
0.0034829455
0.0033180397
0.0034431375
0.0034036897
0.003187485
0.0031468861
0.0033078957
0.0031850822
0.0033552137
0.0034032862
0.0030449296
0.0030889418
0.0035183467
0.0031537034
0.0036974717
0.0035696656
0.0032026172
0.0032498036
0.003041887
0.003416747
0.0033062052
0.0033169913
0.0034436937
0.003335609
0.0036508215
0.0036029064
0.0033535343
0.0035594485
0.0033394853
0.0036692284
0.0039938604
0.0031030222
0.003420464
0.0034852205
0.0031415187
0.0033056857
0.0033657972
0.0031383345
0.0032786112
0.0033912559
0.0029485158
0.00318426
0.0032368086
0.0029518958
0.0031082667
0.0034339277
0.0031305104
0.0028822534
0.00342658
0.0032643748
0.0037701484
0.0039862343
0.0031273302
0.0040854975
0.004026601
0.0030820777
0.0035869994
0.0033755836
0.003900993
0.0039373203
0.002999114
0.0032865237
0.0036649965
0.0033475964
0.0031689208
0.003332821
0.0030764434
0.003486012
0.003234513
0.0030635903
0.003555562
0.003305455
0.003578257
0.0036812397
0.0036698307
0.0032974004
0.003286547
0.0030874964
0.0033757295
0.003283569
0.0036650493
0.003583416
0.0032436454
0.0031133248
0.0029443558
0.0028682947
0.0033272493
0.0032167255
0.0031396737
0.0030115505
0.003385241
0.0032543354
0.0030247783
0.0030925341
