0.28754094
0.042017724
0.06141974
0.0560915
0.027629392
0.026209632
0.029297076
0.02523093
0.022893013
0.023369228
0.02432561
0.023374816
0.021618424
0.022821805
0.02397021
0.022027211
0.021879211
0.022569358
0.022255786
0.021677896
0.021787697
0.021666685
0.021544656
0.02149815
0.021135343
0.021590168
0.021673782
0.02105751
0.021562159
0.021872938
0.021435589
0.021202857
0.021200722
0.021407269
0.021226244
0.020945458
0.021355072
0.021135367
0.021422913
0.021330118
0.0211664
0.021127135
0.02121864
0.02106431
0.021100583
0.021129966
0.020965895
0.020881668
0.0211633
0.021075496
0.021013936
0.020975621
0.020828437
0.020753108
0.021073243
0.020991815
0.020723036
0.02069299
0.020732291
0.020608354
0.02077219
0.020701358
0.020595135
0.020455481
0.020300299
0.020118287
0.020075496
0.019957889
0.019906066
0.019836359
0.019873591
0.019745007
0.01945307
0.019196399
0.018950706
0.020535087
0.019269884
0.019181138
0.018582648
0.018279696
0.017157115
0.017266316
0.016536174
0.01611694
0.017410247
0.015754333
0.016223596
0.015936052
0.015400368
0.015256534
0.015397175
0.01508712
0.01504337
0.015009793
0.014399451
0.014296678
0.014735618
0.014127302
0.016562998
0.016742872
0.015074286
0.015289217
0.015752548
0.01528645
0.014861052
0.01463893
0.014190618
0.014034879
0.01418266
0.013487313
0.0139633715
0.014074576
0.013026126
0.013479494
0.013393777
0.012916041
0.012985778
0.0130223185
0.0125796
0.012944557
0.012663578
0.012532529
0.012462757
0.01240377
0.012461697
0.012361612
0.01225227
0.012116325
0.012148616
0.011872466
0.012128479
0.012158292
0.011897762
0.011952375
0.011682056
0.011880629
0.012164163
0.011655425
0.011815847
0.012072135
0.01168484
0.011408627
0.011434591
0.011470746
0.011370621
0.011139718
0.011806197
0.011783552
0.011221603
0.011395582
0.01132796
0.011116117
0.011099775
0.011164586
0.011103305
0.010895275
0.0111292275
0.010823313
0.01150776
0.01179028
0.011160757
0.011079915
0.011374661
0.010872713
0.011511863
0.011727934
0.011121909
0.011138409
0.01142024
0.011432104
0.010772447
0.011288968
0.011679873
0.010999485
0.011120592
0.01152334
0.010956864
0.010859576
0.011205904
0.010599136
0.011123348
0.01160134
0.01062521
0.011209796
0.012118034
0.011177714
0.010639424
0.011188013
0.0109691955
0.010521886
0.010670885
0.010666008
0.010462497
0.010519099
0.01044362
0.010424893
0.010511694
0.01028646
0.010340118
0.010285713
0.010133033
0.010386745
0.010294852
0.0105492845
0.010721497
0.010567709
0.01059438
0.01011961
0.011084116
0.011834673
0.010690603
0.0108418735
0.011893016
0.011048414
0.010411666
0.010723284
0.010290443
0.010347173
0.010554682
0.010066193
0.010294423
0.0104486495
0.0100777745
0.010109904
0.010246062
0.009989675
0.009982388
0.009995393
0.009829679
0.009816426
0.009961438
0.009910944
0.00982695
0.009869988
0.009744947
0.009738319
0.009650435
0.009767033
0.009538047
0.010350216
0.010536545
0.009607647
0.0104671465
0.011178475
0.010214333
0.009864748
0.01034128
0.010252933
0.009769163
0.009860217
0.010058465
0.009596649
0.009922766
0.010352891
0.009895087
0.009829307
0.010283801
0.010011098
0.009595211
0.009927591
0.00962603
0.009863623
0.009868438
0.009698399
0.009701696
0.009562298
0.009567697
0.009595346
0.009363152
0.009727996
0.009803032
0.009374627
0.009407194
0.009515311
0.009237238
0.009245585
0.009269181
0.009171545
0.00955619
0.009416349
0.009272777
0.009361897
0.0092127165
0.009328655
0.0094016
0.009195526
0.009256493
0.009022817
0.009646816
0.00965766
0.009271897
0.009318803
0.009426285
0.009190767
0.009510893
0.009583148
0.00915467
0.009075719
0.009318598
0.0089896405
0.00930871
0.0096459575
0.009218651
0.008948459
0.009142966
0.008876519
0.00943929
0.009808995
0.009154475
0.008999313
0.009425636
0.00908428
0.008928883
0.009360389
0.009325173
0.009112669
0.00903177
0.009308826
0.009176437
0.009192285
0.009145471
0.008924481
0.008921969
0.00906928
0.008950005
0.00907592
0.009045088
0.008932844
0.008865968
0.009047241
0.008959292
0.008945993
0.008858637
0.009036665
0.009001163
0.008843076
0.008800852
0.009043829
0.009005136
0.008826678
0.008823312
0.008866345
0.008799964
0.0089566475
0.008880945
0.008821106
0.008779837
0.008915276
0.008865771
0.008774557
0.008735337
0.008881626
0.00880538
0.008811387
0.008765743
0.00881335
0.008760848
0.008795318
0.00874366
0.008782326
0.008712367
0.008831377
0.00879299
0.0086965
0.008656298
0.008829802
0.00878643
0.0086641675
0.008621875
0.008828692
0.008778341
0.008631994
0.008579872
0.008835819
0.008759119
0.008630001
0.008562814
0.008846533
0.008777989
0.008586225
0.008541834
0.008819166
0.008760672
0.008570126
0.008534201
0.008790704
0.008769788
0.008521023
0.008527049
0.008648102
0.008592181
0.008593707
0.008549007
0.008569298
0.0085076755
0.008599411
0.008520227
0.0085628815
0.008515022
0.008530595
0.008465706
0.008566513
0.008529189
0.008426824
0.008395848
0.008475296
0.008397168
0.008488249
0.008439292
0.008390245
0.008337158
0.008414545
0.00834639
0.008396803
0.008385642
0.008267468
0.008272001
0.008256574
0.00820904
0.008250632
0.0082041295
0.008154056
0.0080864765
0.008164515
0.008065217
0.008126999
0.008025861
0.008077008
0.0079675885
0.008103122
0.008010875
0.007947308
0.007866528
0.007981275
0.007841254
0.007932556
0.007791108
0.007880756
0.0077292197
0.007826089
0.0077335313
0.0076648225
0.007637123
0.007497518
0.0074754558
0.0078100977
0.0074821212
0.0080058025
0.007962342
0.0073357723
0.0077867866
0.007745844
0.0071136374
0.007168341
0.0071781254
0.0070423298
0.00729907
0.007327178
0.006887423
0.007027518
0.006916273
0.006726798
0.006803867
0.0066563026
0.006676582
0.006594883
0.00645417
0.006369879
0.006417098
0.0063570403
0.00633389
0.0063767093
0.0060646175
0.0061945203
0.0061885174
0.006330665
0.005840516
0.006449137
0.006302019
0.0061984565
0.0063215233
0.0061537516
0.0060101543
0.0061890353
0.005825872
0.006203637
0.005913753
0.006051647
0.0056743063
0.0061943177
0.0061461083
0.005543876
0.0054476564
0.0060848747
0.005878733
0.0054723085
0.00553975
0.005320893
0.0053173117
0.0053284434
0.0050977464
0.005455991
0.0052648503
0.005281523
0.0051938747
0.0051540136
0.0054010185
0.0049202447
0.005627191
0.00499465
0.0059116804
0.005978845
0.0052138506
0.0054217023
0.005634718
0.00468805
0.0054444796
0.005054992
0.00493212
0.0050532124
0.0046434747
0.004992291
0.0051235305
0.004534949
0.005626092
0.0056517883
0.005877366
0.004644422
0.00662325
0.0063243597
0.0053213798
0.0051719355
0.0051303357
0.0048472923
0.005289747
0.005120942
0.0057287016
0.0053142053
0.0050584255
0.005298061
0.0044580265
0.004397104
0.00532815
0.004900533
0.0053769685
0.005534876
0.004259624
0.004180519
0.0045035826
0.0043090833
0.004342548
0.0042191576
0.0040256847
0.0046008485
0.004387832
0.004466126
0.004664684
0.0041221534
0.004824273
0.0046291766
0.00457365
0.004520928
0.0043006786
0.004400801
0.0041656843
0.004598946
0.0042877276
0.004666906
0.0041245637
0.0049629794
0.0044325436
0.0048647937
0.0049071056
0.004406236
0.0044900905
