0.288266
0.065998845
0.070595115
0.041343946
0.024089267
0.027867125
0.023169776
0.028248712
0.028645234
0.022641243
0.025306514
0.027421623
0.024566716
0.022222677
0.024191454
0.024803005
0.023274511
0.022026947
0.023039818
0.023275217
0.022128263
0.021877699
0.022597263
0.021968557
0.02156332
0.021768225
0.02157733
0.021182066
0.021254813
0.02124147
0.020906402
0.021393193
0.02137369
0.020880543
0.020975843
0.021044442
0.020541368
0.020879671
0.020611295
0.020655954
0.020833274
0.020474004
0.021011135
0.021229422
0.020989299
0.020459015
0.021201005
0.021624973
0.020693399
0.020972019
0.021099994
0.021094546
0.021014512
0.02027367
0.02184306
0.02304084
0.022117987
0.02136211
0.02114441
0.020461649
0.021686172
0.022592226
0.021150136
0.020661548
0.020996839
0.020597603
0.020759983
0.020918332
0.02027787
0.020943953
0.021371683
0.020505557
0.020519009
0.02082029
0.020445952
0.020439504
0.020480085
0.02006791
0.020582587
0.02066428
0.020164026
0.020402951
0.020569248
0.020197794
0.020152343
0.020168168
0.019907847
0.019891469
0.019762633
0.01993136
0.019849814
0.019539762
0.019479351
0.01929325
0.019109754
0.019067505
0.018741503
0.01844745
0.01815079
0.017983833
0.017825002
0.017536169
0.017601626
0.01738813
0.017255092
0.017187605
0.017227273
0.01705915
0.01726959
0.017135821
0.016850622
0.016787412
0.017263053
0.01690428
0.016697733
0.016627962
0.016590843
0.016506322
0.016315749
0.0163469
0.01636991
0.016448705
0.016301641
0.016809328
0.01668749
0.01696525
0.017500324
0.016655304
0.016706169
0.017132537
0.01706859
0.016665759
0.016020773
0.016976193
0.017328558
0.016150253
0.01676366
0.017919155
0.016866835
0.015952291
0.016086092
0.015929384
0.016073236
0.015906839
0.016002165
0.015904823
0.015562835
0.015505253
0.015680356
0.015628524
0.015922735
0.015841002
0.015491304
0.015360008
0.0151205985
0.014941275
0.0153603805
0.015356012
0.015057601
0.014739503
0.014718038
0.014597285
0.014467533
0.01411337
0.014615606
0.014331959
0.01467438
0.014306989
0.013598346
0.013558579
0.013798664
0.0136447055
0.013088719
0.012953747
0.012927418
0.012756228
0.013522428
0.0131338015
0.01317929
0.013174371
0.012716736
0.012871646
0.01252572
0.012313653
0.01221289
0.012014653
0.011861428
0.0124796005
0.012269917
0.013044051
0.012224001
0.012709199
0.012596452
0.011862223
0.012290631
0.011828759
0.011862606
0.012143679
0.011476812
0.011729493
0.011754178
0.011252057
0.011681959
0.011986681
0.0111109195
0.012064201
0.013515688
0.012792901
0.011353165
0.011603494
0.011650205
0.011040263
0.011275772
0.010925275
0.010900403
0.010870249
0.010529122
0.010536652
0.010404131
0.010567196
0.010245694
0.0113474885
0.011439428
0.01107477
0.010721418
0.01120862
0.011573021
0.010316682
0.010816529
0.011611943
0.010956091
0.010542449
0.010499965
0.010609706
0.010443554
0.009946336
0.010648669
0.0109204585
0.009872887
0.010548173
0.01103799
0.010139549
0.010386578
0.010674101
0.0097157555
0.009890199
0.010204726
0.009565973
0.009764967
0.010177598
0.009825896
0.0096943565
0.009977501
0.00984139
0.009223647
0.009667081
0.009683595
0.008983585
0.0092906905
0.009098069
0.009093825
0.009059115
0.008827387
0.0089447545
0.00872686
0.00891209
0.009060378
0.008682857
0.008891282
0.008730057
0.008818049
0.008765553
0.0087232245
0.008666889
0.008846903
0.008690532
0.008452053
0.0083840275
0.0083062025
0.008202425
0.008155619
0.008065265
0.007856842
0.008471366
0.008572378
0.008035953
0.008370056
0.008709372
0.008403468
0.008020912
0.008400548
0.0083830245
0.008192208
0.007841799
0.008342527
0.008355898
0.008039289
0.00781158
0.007925964
0.007914585
0.008022034
0.0075945295
0.008087282
0.008044974
0.007917383
0.007806845
0.0076418226
0.0074491203
0.007940871
0.007778471
0.0077281427
0.007529201
0.007617917
0.0077090967
0.0075255684
0.007575585
0.0072366707
0.0071409247
0.007770737
0.0076956884
0.0074186386
0.0073157796
0.0072765
0.0071719377
0.0076443744
0.007590802
0.007064782
0.0069977553
0.0073602586
0.007260679
0.0071714497
0.0070248614
0.0071954816
0.0070896535
0.007126216
0.007004132
0.0070208237
0.0069408324
0.007122369
0.0070658196
0.0069186687
0.0069402526
0.006869187
0.0068683014
0.0070134313
0.006970921
0.006810371
0.0068768584
0.0067489743
0.006758021
0.0067730783
0.0067021786
0.0068329927
0.0067682858
0.0066184453
0.0065370873
0.006759474
0.006607532
0.006661173
0.006505465
0.006789888
0.0067130546
0.0064879283
0.0064637014
0.0065220185
0.0064290226
0.006570483
0.006522691
0.006351875
0.0062825307
0.0064817
0.0063534603
0.006494794
0.006376676
0.0064361165
0.006356469
0.0063512116
0.0062767244
0.0063816844
0.0062454804
0.006333921
0.006194219
0.0064148107
0.006239793
0.006266445
0.0060754013
0.006332761
0.0061123595
0.0062877703
0.00615024
0.006065196
0.0059045875
0.0062974277
0.0060774474
0.0060615116
0.0060085594
0.0060181073
0.0059125684
0.006076981
0.0060896114
0.0059057376
0.0059603746
0.0059183673
0.005877051
0.0059824777
0.005855425
0.00590609
0.005854701
0.0058563673
0.005666258
0.006032093
0.0059224167
0.0058876933
0.006043799
0.005577073
0.005538803
0.005766222
0.0056768246
0.0059294454
0.0061632157
0.00561293
0.0058713634
0.0054285577
0.006298915
0.00590466
0.005828044
0.0059645027
0.0055118017
0.005856694
0.0053573237
0.005611384
0.005323177
0.005890278
0.005667037
0.0060377945
0.0059684417
0.0057974965
0.0062006004
0.005964316
0.0056222565
0.005417838
0.0055740005
0.0055540823
0.005626241
0.0053123995
0.005855696
0.005541801
0.005742227
0.005639628
0.0056179245
0.005726339
0.005222099
0.005641222
0.0054894
0.005564831
0.005429681
0.0050465004
0.005079338
0.0048938603
0.0051547107
0.0049120453
0.005096959
0.0054639243
0.0050015305
0.0051260423
0.0049600126
0.004967451
0.0055433414
0.005236856
0.006123494
0.005719995
0.005045988
0.004957728
0.0051952484
0.0049764155
0.0049721724
0.004778107
0.005215744
0.0051036966
0.0052210833
0.005004709
0.0048307604
0.0046607107
0.0047549102
0.0045823925
0.005156251
0.004798315
0.004702704
0.0044577927
0.005316997
0.005468193
0.004571273
0.004917088
0.0045507266
0.0048731156
0.0048348084
0.0044113835
0.0048205988
0.004198281
0.005350973
0.005391545
0.0048438055
0.004840044
0.004342567
0.0046523376
0.0044237156
0.0047285887
0.0044938126
0.0048086722
0.004841402
0.0042219595
0.004915286
0.0044131395
0.004909057
0.0049742046
0.0045148893
0.0044225724
0.004496965
0.004327204
0.0044933506
0.0042520543
0.0045764134
0.0046504415
0.004288537
0.004267058
0.0042027417
0.0045947777
0.0044186437
0.004486944
0.004317019
0.0045820386
0.0045001954
0.004017685
0.004541371
0.0046363864
0.0044596195
0.0042911414
0.004015162
0.0048676077
0.0046419995
0.0045719077
0.004693059
0.004557124
0.004395059
0.004214283
0.004006638
0.0045666145
0.004254947
0.0047064857
0.0048121675
0.0042331787
0.0041364892
0.0043273675
0.0041825306
0.004821874
0.0049428376
0.004006844
0.004525903
0.0040644226
0.0045617954
0.004764223
0.0042319186
0.0043555372
0.004259441
0.004400751
0.0040095667
0.0041952184
0.004362932
0.0041926694
0.004108666
0.0039593317
0.0039951163
0.004014581
0.0040769456
