0.2870201
0.053979438
0.065896325
0.041505788
0.021143707
0.037792668
0.033880636
0.02114325
0.03738677
0.050964843
0.04248992
0.026263386
0.021559343
0.025679098
0.025574626
0.022147914
0.0209559
0.02224136
0.022009514
0.020502528
0.021229854
0.022365963
0.021344379
0.01993405
0.021355582
0.022043297
0.020565646
0.019849626
0.020203138
0.020178072
0.019583268
0.019260349
0.019490695
0.019103438
0.018780313
0.019001042
0.018682688
0.018440021
0.018423447
0.018203111
0.017963555
0.017797505
0.01758424
0.017263034
0.01763125
0.017081996
0.018410703
0.018915735
0.01744584
0.017912338
0.018388242
0.017291682
0.017428935
0.017764317
0.016984671
0.017105306
0.016986383
0.016312396
0.016699927
0.016587906
0.01602529
0.0161141
0.01591024
0.015948957
0.015772544
0.015611927
0.015535622
0.015310682
0.015181303
0.015348598
0.015196264
0.015011065
0.014942564
0.014914114
0.014798563
0.014832027
0.014733856
0.014661721
0.014525608
0.014734189
0.014608532
0.014352898
0.014322569
0.014245339
0.014125466
0.014577447
0.014521416
0.01405206
0.014556977
0.014265689
0.014181067
0.014389266
0.013968877
0.014172786
0.01422472
0.013781488
0.013978413
0.013875044
0.013742355
0.01353348
0.013459851
0.013572972
0.013337222
0.014258246
0.014677388
0.013908765
0.013769993
0.013572761
0.013575
0.013515198
0.012870275
0.013155756
0.013234955
0.012676206
0.012325485
0.012521894
0.012289985
0.012063199
0.011946504
0.011784531
0.0117658675
0.011658142
0.011527334
0.011267361
0.0111875655
0.011352718
0.010889422
0.010801606
0.010506627
0.010699117
0.010518323
0.010292
0.010387019
0.009846329
0.009996551
0.009796987
0.009690979
0.00969115
0.00947439
0.00936038
0.00942981
0.009222561
0.009098368
0.009055466
0.008820609
0.008906435
0.008928549
0.008933222
0.008503602
0.008941081
0.008943312
0.008717224
0.008760688
0.008565643
0.008317652
0.00920867
0.008787525
0.009584547
0.009219783
0.00929048
0.00938693
0.008024725
0.009770092
0.009916098
0.0088864565
0.008970679
0.008342135
0.009658978
0.009286184
0.0077767014
0.007997981
0.007982242
0.0075733345
0.00857971
0.008772432
0.007914905
0.008111015
0.008278699
0.008011618
0.007814671
0.007968972
0.0077673234
0.007609421
0.0077394345
0.007577783
0.0076339743
0.007667791
0.0073420047
0.0073984545
0.007554984
0.0073026237
0.0072688977
0.0070494446
0.006966189
0.0071755126
0.007191284
0.007150434
0.007177359
0.0071109645
0.006988231
0.007093691
0.006937234
0.007007507
0.006949177
0.0065904236
0.00799396
0.007496134
0.007958033
0.007819462
0.007959866
0.0076195784
0.0077872067
0.008328795
0.007206144
0.0074889157
0.0074294
0.0074965265
0.007193483
0.0069708205
0.006958813
0.0068197497
0.006742198
0.0066749933
0.006588513
0.006728804
0.006726585
0.006462959
0.0065951943
0.0063708914
0.006871573
0.006640674
0.006893555
0.0065842755
0.007452359
0.0075172833
0.0063222367
0.0063304435
0.006851427
0.0066349157
0.006322012
0.0069865123
0.006449025
0.0064871
0.006307598
0.0062241615
0.0062800017
0.0064671612
0.0061961166
0.006071014
0.006073383
0.0062349155
0.0060705156
0.0061591086
0.006279677
0.0060657784
0.0065205484
0.0063894573
0.006335037
0.006523743
0.0062463176
0.006076654
0.006103275
0.006199213
0.0058440864
0.0064607826
0.0062375893
0.0064804833
0.0064883237
0.0072311196
0.0069585047
0.0074685453
0.007028015
0.005945437
0.0058800634
0.0058697653
0.0059258235
0.0059041358
0.0057208873
0.0057902057
0.005827531
0.0058033406
0.005539626
0.0061990693
0.005831257
0.0058010905
0.0060296967
0.0055371635
0.006101348
0.0063860663
0.005502382
0.0069242283
0.0074435114
0.0072410703
0.005776962
0.007887398
0.010131519
0.009237281
0.0075421394
0.006139364
0.006749609
0.0071490197
0.0068246056
0.005945264
0.006122773
0.0066988044
0.006602776
0.006154757
0.005998486
0.0058628707
0.005711702
0.0058349427
0.0057109916
0.005445206
0.0059085265
0.005868567
0.006209038
0.005899808
0.0063479147
0.006403427
0.0056777447
0.00531126
0.005596575
0.0056796907
0.0056225755
0.005257988
0.0056032934
0.005766336
0.0050838566
0.005034738
0.005284961
0.0050031985
0.00520466
0.005093739
0.005463168
0.0049268934
0.005578097
0.005565869
0.0048488765
0.005331792
0.0053266264
0.005344469
0.0046855886
0.005980443
0.0065270127
0.005394628
0.006658751
0.0072635044
0.006580028
0.005672186
0.0058808257
0.0052768984
0.0050204075
0.005150145
0.004575865
0.0049527385
0.004652485
0.006045692
0.0060266517
0.0051129037
0.0049234726
0.005147725
0.004711857
0.0049345377
0.0048197447
0.004830657
0.0048025358
0.00463306
0.004638365
0.00481733
0.004582738
0.0047747134
0.0042864834
0.0067215227
0.007161696
0.004606159
0.0057321214
0.006780587
0.005176991
0.0055786353
0.007448441
0.0057056374
0.0051959646
0.005955314
0.005678655
0.005002812
0.0052215247
0.0051145437
0.0047818627
0.00464555
0.0046045487
0.004457369
0.004312061
0.0043173186
0.004191233
0.00410645
0.0042800778
0.0041191657
0.004404366
0.004457045
0.004061405
0.004606157
0.004359637
0.00402036
0.003947364
0.004513154
0.0040417504
0.0042841765
0.004589407
0.0040351846
0.0046632504
0.0045983815
0.0043037543
0.0043372717
0.004300821
0.0043327124
0.003945233
0.004431154
0.004123516
0.0038580976
0.0047776443
0.0043241107
0.0052352995
0.0052353865
0.0041211834
0.0045513753
0.004222194
0.004338702
0.0038228433
0.0050133946
0.005276295
0.003866043
0.0053843833
0.005794899
0.00500378
0.004244094
0.0043554706
0.004617035
0.004069321
0.0040315636
0.004391068
0.0041126763
0.00424072
0.0039795768
0.004097393
0.0041283444
0.004211627
0.0038492207
0.004188744
0.004085193
0.0036689334
0.0035372637
0.004069283
0.004148778
0.0037444828
0.003720735
0.0037961
0.003873275
