0.2900736
0.055964142
0.06556266
0.04069593
0.030072698
0.030107947
0.02596283
0.026264936
0.026221372
0.02351656
0.02400081
0.024597669
0.022843683
0.022495186
0.022945931
0.021893516
0.0221115
0.022471085
0.021441212
0.021351779
0.021644132
0.020971036
0.020508526
0.021044986
0.02076891
0.019884966
0.019518612
0.019651499
0.019141393
0.019914335
0.020044021
0.018739006
0.020059753
0.021342164
0.019782977
0.018446246
0.018886805
0.018279994
0.018518232
0.018745786
0.017800422
0.018642532
0.0195242
0.018471507
0.017608928
0.017927172
0.017930552
0.017636426
0.01744069
0.01756968
0.01750712
0.017234577
0.017423166
0.017233105
0.01721538
0.017344257
0.01719453
0.017267274
0.017208675
0.017515443
0.017307041
0.017095631
0.017096182
0.017196873
0.017054113
0.017133327
0.017123617
0.01702633
0.01691102
0.017006291
0.016976217
0.01699652
0.01688729
0.016886314
0.016877314
0.016821926
0.016745748
0.016903594
0.016886802
0.016654838
0.016686765
0.016638352
0.016553344
0.016874274
0.016702553
0.016672658
0.016631534
0.016518084
0.016492264
0.016371304
0.016548684
0.01634133
0.016603677
0.01668308
0.016114593
0.01682516
0.016918717
0.016224252
0.016190534
0.016226128
0.016013917
0.015967341
0.01571918
0.015750835
0.0155912535
0.015479227
0.015634658
0.015174516
0.015706072
0.01579948
0.015577699
0.0153105855
0.014997614
0.01493676
0.014808091
0.0146246925
0.014594596
0.014551878
0.014516726
0.014172897
0.014844879
0.01477624
0.013951089
0.014536005
0.01439146
0.01416188
0.014346809
0.014040339
0.014041734
0.013708994
0.013783489
0.0142171085
0.013812397
0.013356503
0.0133024
0.01320063
0.013354504
0.013218909
0.012966399
0.013060436
0.013035384
0.012703162
0.012911151
0.012807884
0.012615691
0.012758806
0.012395191
0.01213359
0.012797234
0.012918907
0.0127532445
0.011916065
0.013377748
0.013408422
0.013062045
0.012418196
0.011537433
0.013115185
0.014180998
0.012087688
0.013352979
0.013625014
0.011474241
0.012733628
0.0149246855
0.012754522
0.0112704905
0.011423841
0.011076625
0.010505933
0.01043767
0.010221799
0.009976088
0.009494691
0.009969757
0.0096616745
0.0090646595
0.008934774
0.008980309
0.008658296
0.00892751
0.008962407
0.008573602
0.00841138
0.00828458
0.00821662
0.008150832
0.008097162
0.007978119
0.007860426
0.007910415
0.0076751593
0.008076995
0.00798818
0.007992904
0.0075919554
0.008046783
0.008064911
0.007533647
0.0074499794
0.0071230903
0.0072463765
0.0071127824
0.0068954937
0.007164052
0.0069604763
0.0068449243
0.007103721
0.006779631
0.007875903
0.007081145
0.007561642
0.007892974
0.0072440673
0.0069718347
0.007283835
0.007006193
0.0064919055
0.0064053847
0.0066727996
0.0065076347
0.0065701143
0.006539947
0.0063328254
0.0063429414
0.0062693595
0.0061552227
0.006271509
0.0061190687
0.0062769987
0.0062834756
0.006004128
0.0059685255
0.006212245
0.0059293224
0.007063526
0.006675476
0.006430473
0.0066250544
0.006479395
0.0058844998
0.0069043655
0.007119318
0.006175354
0.0071354993
0.007700089
0.006598005
0.006814783
0.006778995
0.006413127
0.0062215147
0.0065655136
0.0061370027
0.0059398958
0.0059541096
0.006150601
0.006134843
0.005836508
0.006035005
0.0060195327
0.0058863848
0.005896388
0.0059157885
0.00570607
0.0056063957
0.005603744
0.0055574104
0.005581754
0.0054022633
0.005695477
0.0056828666
0.005337402
0.0053010494
0.005427666
0.005338035
0.005522502
0.005504264
0.0051681492
0.005225301
0.0051551233
0.0049970313
0.0053454866
0.0052443775
0.0054417015
0.0054319724
0.005145281
0.0050115795
0.0052680797
0.005011356
0.005321844
0.005386448
0.005412312
0.005218273
0.005007861
0.004992044
0.0049571744
0.0048437756
0.0052678064
0.0051986747
0.004848983
0.0048598903
0.0047767386
0.004702712
0.0049745385
0.004903573
0.0046569593
0.004571707
0.0046967333
0.004604396
0.004783316
0.0047386177
0.0045735715
0.004637934
0.0043547326
0.004272348
0.004957125
0.0048294733
0.00489431
0.0049436875
0.0048550214
0.0044800243
0.0047143525
0.0043934663
0.0047749053
0.0043339133
0.0050800876
0.0047470503
0.0045863222
0.0044291024
0.0046871826
0.0045495457
0.0046501453
0.0046642246
0.004413218
0.004477231
0.0043192995
0.0042252135
0.0044830544
0.0043641585
0.004451275
0.0043305773
0.004400457
0.0042980607
0.004331842
0.0041909344
0.0043920428
0.004201802
0.0044139274
0.0044005676
0.0041730464
0.004159061
0.004335071
0.0041963365
0.004172958
0.0040924675
0.004161546
0.0040685018
0.0041175936
0.0039968393
0.0041251434
0.003931654
0.0042970763
0.0041614026
0.0042093215
0.004127895
0.0040360666
0.0039884453
0.0041406006
0.00397254
0.0040683392
0.004049044
0.003936223
0.003867151
0.0041277152
0.003999005
0.004102864
0.0041929567
0.0039081755
0.00396757
0.004008034
0.0038648024
0.003903065
0.003824514
0.0038601633
0.0037716487
0.0038190885
0.0037621476
0.0038775566
0.003751899
0.0039237197
0.003857714
0.003704328
0.003732228
0.0037122145
0.003670477
0.0038472933
0.0039225533
0.0036359455
0.0038176856
0.0037693046
0.0036497975
0.0038796414
0.0037651695
0.003719601
0.0038081657
0.0036861543
0.003618988
0.0035423646
0.0038592245
0.003528298
0.00475445
0.0049657146
0.0039435467
0.0041458975
0.004353601
0.004498225
0.004262358
0.004222354
0.0043071783
0.0039110132
0.004082032
0.004192066
0.0041742814
0.0039993585
0.0035501567
0.0035998954
0.003676109
0.0034429505
0.0035593167
0.0036280036
0.0036033106
0.0034163687
0.003477226
0.0034978453
0.003409897
0.003425872
0.003349244
0.0034163648
0.0033598419
0.0037773883
0.0036528653
0.0037974715
0.0037317611
0.003445047
0.0035904776
0.0032362752
0.0037989148
0.003801108
0.0034052462
0.003455344
0.0037254773
0.0037857902
0.0036504988
0.0034945551
0.0036973218
0.003508823
0.00360691
0.0033662934
0.0037785247
0.00394473
0.003257274
0.0034996606
0.0034886117
0.0032804906
0.003312702
0.003244413
