0.28929746
0.049926613
0.07788471
0.046105977
0.025521902
0.028116308
0.027512565
0.022968946
0.02303929
0.024384389
0.022508897
0.02087763
0.022626618
0.022867538
0.020964993
0.021143064
0.022023508
0.021516278
0.020353569
0.021049911
0.0211165
0.020402102
0.021339916
0.021946488
0.021270426
0.020383509
0.021399416
0.022037506
0.021372385
0.020801669
0.020373212
0.02097012
0.020551195
0.020698642
0.020774538
0.020645767
0.020589797
0.020331996
0.020437358
0.020448416
0.020258939
0.020309014
0.020377638
0.020235108
0.020367915
0.020337204
0.020466385
0.020180255
0.020821007
0.021093324
0.020371122
0.020804271
0.021091374
0.020467617
0.020500774
0.02087077
0.020494655
0.020094128
0.020396832
0.020136064
0.020571081
0.020705149
0.020050114
0.020654088
0.020955326
0.020353094
0.020239867
0.020470874
0.020451298
0.020082613
0.02024665
0.020401495
0.019905498
0.020571014
0.021119028
0.020526255
0.01991888
0.02038961
0.020746497
0.020123476
0.019970393
0.02029526
0.020206746
0.019791737
0.020330958
0.020686893
0.020060174
0.019985123
0.020132862
0.020229151
0.019980809
0.01965672
0.019696554
0.01964608
0.019610325
0.019548012
0.019686058
0.019493004
0.01991389
0.019826856
0.019638168
0.019532276
0.019577619
0.01950642
0.019332057
0.019208366
0.019375077
0.019155325
0.019160844
0.019029614
0.018693825
0.018517835
0.018933192
0.018853763
0.018248722
0.018069854
0.018275036
0.018043928
0.018003419
0.017833157
0.018140137
0.017853288
0.017590769
0.017508537
0.017526021
0.01744744
0.016934495
0.016777696
0.017211957
0.016909268
0.016516024
0.016351154
0.016457576
0.016052157
0.01661718
0.01632008
0.015715083
0.0154767195
0.016164811
0.01608271
0.015267656
0.015428166
0.015170162
0.014991388
0.015583813
0.015533358
0.0147108985
0.014551829
0.014521554
0.014757521
0.014502208
0.015197878
0.014918304
0.014962745
0.015500285
0.014219488
0.016660905
0.017775377
0.015184831
0.015159988
0.016713383
0.015673364
0.014501798
0.014820109
0.014405153
0.014635843
0.01479403
0.013946031
0.01503485
0.01567663
0.014342408
0.014500604
0.015152127
0.01398087
0.01418071
0.014845596
0.01386258
0.013918857
0.014600591
0.013708282
0.013741265
0.013996643
0.013224318
0.01386185
0.0143819675
0.013365279
0.013562657
0.0142305745
0.013569101
0.013236329
0.013532624
0.012784545
0.013246982
0.013461056
0.012748346
0.0138820745
0.014307269
0.013198112
0.012796377
0.013332856
0.012800074
0.014199294
0.013731751
0.014262787
0.0133629935
0.01317181
0.013152382
0.014207594
0.014081572
0.012491535
0.013154275
0.012580261
0.012284529
0.013214707
0.013013656
0.013041254
0.012520847
0.014252025
0.014203682
0.012235592
0.012652834
0.012851901
0.012345997
0.012593612
0.012941952
0.012755613
0.012058432
0.012950205
0.013031767
0.012915508
0.012093869
0.013363493
0.013726336
0.012352463
0.013569191
0.014576296
0.015070363
0.014268133
0.012502105
0.014258121
0.016721966
0.015579693
0.013734065
0.013250816
0.013233406
0.013452594
0.0135194985
0.012774463
0.012694742
0.013038867
0.012655274
0.012747187
0.012696475
0.01267286
0.012753832
0.0120396195
0.01340615
0.014610737
0.013072032
0.012740641
0.0128592
0.011931047
0.013247638
0.014242177
0.012999254
0.012527035
0.012777398
0.012192477
0.012043458
0.012520067
0.011943102
0.011985992
0.011906796
0.012136888
0.0121444315
0.011903614
0.011696498
0.011710427
0.011836194
0.011707828
0.011762249
0.011624408
0.011825893
0.011652079
0.011644162
0.01151818
0.01183259
0.011816821
0.011458832
0.011575778
0.0115858065
0.011410073
0.011300113
0.011450614
0.011318584
0.011828017
0.011674355
0.011682619
0.011347715
0.011834301
0.011564847
0.011648126
0.011592399
0.011171356
0.011143908
0.011375519
0.011250147
0.011767082
0.011408959
0.012074623
0.011990081
0.0111316815
0.011612118
0.011261706
0.011373711
0.011275177
0.011451318
0.011260246
0.011252533
0.011364396
0.010894395
0.010859109
0.011347555
0.011162206
0.011276856
0.011330833
0.010921118
0.010921956
0.011013883
0.010808773
0.011317081
0.0113751
0.010708508
0.011236754
0.011122246
0.010827036
0.0113191875
0.011012666
0.011124932
0.0112817595
0.010879338
0.010772072
0.010668005
0.010755171
0.0105271265
0.01112884
0.011075102
0.010450165
0.011208118
0.011105527
0.010659844
0.010571885
0.010968518
0.010422141
0.012110001
0.012391947
0.010883808
0.01080202
0.010968282
0.011537208
0.010811172
0.010756545
0.010876193
0.010347615
0.0102870045
0.010327934
0.010265772
0.010171942
0.0105873635
0.010189998
0.011938989
0.012336579
0.011298768
0.010506704
0.010330097
0.010427959
0.010458776
0.010332043
0.011115578
0.010426317
0.011324801
0.011398819
0.010351024
0.010354829
0.010291341
0.010043208
0.010440537
0.010527859
0.010831042
0.010215844
0.010973711
0.010766402
0.010674447
0.010407171
0.010176261
0.010141665
0.010142718
0.010206296
0.010216766
0.010119266
0.00989297
0.010432257
0.010650113
0.010223656
0.009920401
0.010009972
0.009987754
0.010031928
0.009901783
0.009926726
0.00984908
0.009995611
0.010077193
0.009738102
0.010255047
0.010655083
0.010337467
0.010112177
0.009859666
0.009864677
0.010398987
0.009790413
0.009628924
0.010126701
0.009874318
0.009514424
0.010047475
0.010608668
0.010363148
0.009498944
0.010874304
0.011781978
0.013198234
0.012288676
0.010234485
0.010049746
0.010494587
0.010595762
0.011357274
0.010318973
0.01126491
0.011354211
0.009961211
0.009872087
0.009895532
0.009790341
0.010415903
0.009872324
0.009933519
0.009694377
