0.28786772
0.04848671
0.082236834
0.05693248
0.022789491
0.04165131
0.050161768
0.035247203
0.022166496
0.03040653
0.040633734
0.037387244
0.027046556
0.02133496
0.025932608
0.029654698
0.027266217
0.023193127
0.021500831
0.02306731
0.02440448
0.022799114
0.02138918
0.02108439
0.022005579
0.021888047
0.020929182
0.020815408
0.021060983
0.021066124
0.020604363
0.020880183
0.021049345
0.020981893
0.020668974
0.020503985
0.02079054
0.02063729
0.02062299
0.020429177
0.020976068
0.021123132
0.02037754
0.021131948
0.021555668
0.020730568
0.020840922
0.021205053
0.02054699
0.020426428
0.020690115
0.02031986
0.020544734
0.02071423
0.020359365
0.02050169
0.020649852
0.02031614
0.02041801
0.020608889
0.02031792
0.020248866
0.020482162
0.020368094
0.020180536
0.020263815
0.020252792
0.020108534
0.02034819
0.020343123
0.020416074
0.020137414
0.020479836
0.020644957
0.020183465
0.020238476
0.020009993
0.020622602
0.020602923
0.01988248
0.020817095
0.021283621
0.020495638
0.020688305
0.021086827
0.02012143
0.019983888
0.020397393
0.01991246
0.020281384
0.020606779
0.019801455
0.020070871
0.020596301
0.019907797
0.019673577
0.019926718
0.019435283
0.020125577
0.020545691
0.019741049
0.019417986
0.019667573
0.019228946
0.019625628
0.019933943
0.019262632
0.019345636
0.019732162
0.019075887
0.019006597
0.01926892
0.018747106
0.019021593
0.01940857
0.018665403
0.01851159
0.01871357
0.018196845
0.018585457
0.018895589
0.018035566
0.020389182
0.018840948
0.01824037
0.018202178
0.01820479
0.017854394
0.018289903
0.018558837
0.01796815
0.018013151
0.018223258
0.01754588
0.017790556
0.018145323
0.017586432
0.017801264
0.018210547
0.017420888
0.017035507
0.017191408
0.016746433
0.017245607
0.017647505
0.016807416
0.016789166
0.01709522
0.016501037
0.01667144
0.016847193
0.016358195
0.016698867
0.016879516
0.016246095
0.016389849
0.016690873
0.016096918
0.01621822
0.016474837
0.015931157
0.016067624
0.01635693
0.01578313
0.016088275
0.016175332
0.015747515
0.015867569
0.016089799
0.015554763
0.01579501
0.016126461
0.015549146
0.015493183
0.015699293
0.015175226
0.015684593
0.016231867
0.015599281
0.015085031
0.015210591
0.015062149
0.015147488
0.015344848
0.015077724
0.014934394
0.014776453
0.01472475
0.014751151
0.014503729
0.014374681
0.01443421
0.014021907
0.014000657
0.014069475
0.0137310745
0.013896811
0.014161159
0.013642241
0.013436767
0.0129792215
0.013587356
0.013533213
0.01408459
0.013734337
0.013624416
0.013771596
0.013138472
0.013816408
0.013451482
0.012866092
0.01298305
0.012556027
0.012590249
0.012838769
0.012310418
0.012292688
0.012294092
0.011790824
0.012328531
0.012315072
0.0124031855
0.011884667
0.011945706
0.01161486
0.011663436
0.011877847
0.011354682
0.011362568
0.011179985
0.010881044
0.010846532
0.010965462
0.010826732
0.010655315
0.010622372
0.01088946
0.010629608
0.01159589
0.011743423
0.011014499
0.011338532
0.010879226
0.010593652
0.010775067
0.010631841
0.011697409
0.011296525
0.010868066
0.010819334
0.010564576
0.010388814
0.010479066
0.010352817
0.010019195
0.010010742
0.009583832
0.009552262
0.009616825
0.009732871
0.009530497
0.009277035
0.009620485
0.010090605
0.00988825
0.009439814
0.009439783
0.009436955
0.009331807
0.00958956
0.00958768
0.00908684
0.009189971
0.0091579985
0.009075926
0.008908828
0.008672913
0.0092560435
0.009228618
0.008746377
0.008747592
0.008730073
0.00857729
0.008455809
0.009069718
0.009167616
0.00810686
0.008271378
0.008670432
0.008347399
0.00837426
0.008328983
0.008211361
0.007857298
0.008016248
0.008056873
0.008160179
0.007942713
0.008173676
0.00807613
0.0083998
0.008296312
0.0086758165
0.008129421
0.008238784
0.0078102923
0.008444126
0.008047948
0.008982714
0.009229392
0.0075961165
0.009807455
0.011057886
0.008165265
0.008730766
0.009749425
0.008337281
0.008117342
0.009231301
0.0080159
0.007827452
0.008139661
0.007092485
0.008344094
0.008546893
0.0076866113
0.0075998157
0.007369488
0.007592194
0.0076012067
0.007478129
0.007368377
0.0071631894
0.006985653
0.007438975
0.00729871
0.0072775297
0.0072030635
0.007004738
0.007292898
0.007097556
0.007055579
0.0069450587
0.0073407292
0.007173212
0.006843008
0.006961645
0.006663967
0.006838011
0.006422984
0.0077513866
0.0076846653
0.006754312
0.007210081
0.0070485496
0.006593546
0.0074365125
0.00748395
0.006755619
0.00679425
0.0070081674
0.0065033347
0.006830198
0.0072522587
0.006585567
0.006537193
0.006746626
0.006308373
0.00693289
0.0070226355
0.0064484626
0.0063140406
0.006856417
0.0063687623
0.006405828
0.007083088
0.0069360062
0.0069430866
0.006315786
0.007202216
0.007261625
0.007399348
0.0068161427
0.006530535
0.0063960142
