0.28825578
0.041884404
0.10006195
0.11644218
0.0815548
0.075102486
0.08165566
0.07764581
0.07166378
0.076610826
0.082258545
0.07854446
0.07247276
0.07298257
0.07576331
0.07576908
0.07298245
0.07115569
0.07259264
0.07192301
0.07111899
0.07140962
0.07125619
0.07104625
0.07105195
0.071129054
0.07111034
0.07095239
0.07137931
0.070941985
0.07229963
0.07272512
0.07119028
0.07166877
0.0726851
0.07173389
0.070903294
0.07146446
0.07149644
0.07085864
0.07139594
0.07188626
0.071122535
0.07092232
0.071246415
0.07081724
0.07124217
0.07161191
0.070996016
0.070938535
0.07126699
0.070875876
0.07099552
0.07128882
0.07084627
0.071040854
0.07138869
0.07089382
0.070947476
0.071242444
0.07081469
0.0709939
0.07130257
0.07086014
0.07088002
0.07113039
0.070775636
0.0709412
0.07120783
0.07081698
0.07084703
0.07107907
0.070751436
0.070883
0.07111731
0.07077321
0.070803486
0.071003966
0.07071653
0.07082966
0.07103205
0.0707272
0.07077334
0.07096084
0.07069173
0.07076072
0.07093217
0.07066799
0.0707575
0.07096207
0.07068065
0.070674784
0.070836246
0.07063063
0.07069573
0.07088395
0.07070854
0.07055139
0.0706703
0.07055866
0.07061345
0.0707379
0.07057083
0.07062359
0.070697956
0.07067298
0.07046486
0.071210764
0.07142494
0.070621304
0.071006484
0.07148693
0.070874475
0.07083941
0.07115703
0.07063832
0.07079045
0.07117743
0.07064691
0.070710175
0.070976436
0.07055103
0.07088354
0.07118073
0.07059675
0.07076946
0.07116914
0.07064263
0.07058013
0.07084223
0.0704548
0.0708431
0.071236566
0.07069266
0.07052929
0.07076669
0.07045729
0.07072391
0.07099303
0.070529886
0.07060886
0.07091459
0.07051397
0.07053042
0.07075439
0.07041911
0.07065326
0.07095676
0.07053585
0.07046337
0.070653446
0.070379026
0.07063541
0.07089604
0.07049736
0.070458375
0.070649825
0.070385754
0.07054032
0.07072788
0.07040157
0.070516154
0.070733696
0.07042568
0.07044371
0.07060894
0.070358746
0.070501804
0.07068365
0.07039205
0.07043836
0.070609845
0.07036588
0.0704322
0.07058289
0.070348114
0.07043579
0.07059463
0.0703556
0.07039835
0.07054225
0.07033252
0.07039463
0.07053251
0.070324235
0.07038325
0.07053136
0.070322834
0.07035694
0.07049934
0.07029742
0.070362
0.07051336
0.07029123
0.07035854
0.07052628
0.070299156
0.070313126
0.07044694
0.07024431
0.07037016
0.07054163
0.070299804
0.07026443
0.0703787
0.07020763
0.07036217
0.070534594
0.07028785
0.07021979
0.07032759
0.0701737
0.07034635
0.070520476
0.07026876
0.07018461
0.0702847
0.0701399
0.07032874
0.070503585
0.07025098
0.070141226
0.07022771
0.07009757
0.07030283
0.070476666
0.07022109
0.070095524
0.07018659
0.070060275
0.070251904
0.070396185
0.0701439
0.070070215
0.0701628
0.07003317
0.07008845
0.0701669
0.070013665
0.07003648
0.07011186
0.06992998
0.07011751
0.07029546
0.07004481
0.069876306
0.06990597
0.06981071
0.069959864
0.069975704
0.06980776
0.069784775
0.06975657
0.06963677
0.069946066
0.06982777
0.069812976
0.069827706
0.069653355
0.069570586
0.0696759
0.06954358
0.06969023
0.06966352
0.06946237
0.06941558
0.0695642
0.069460504
0.06952311
0.06955334
0.06940417
0.06939274
0.06935956
0.06932029
0.06940035
0.06939158
0.06932919
0.06926916
0.06940406
0.069383346
0.06923451
0.069235854
0.06928205
0.069244795
0.069225036
0.06917257
0.06925703
0.0692338
0.06913992
0.06911064
0.06922386
0.0691993
0.069079965
0.069060706
0.06916494
0.06911821
0.06912973
0.06911052
0.06903024
0.06899215
0.06907454
0.06899152
0.06905675
0.06908383
0.06891683
0.068957776
0.0689081
0.068897374
0.06885586
0.06884939
0.068825096
0.068792745
0.06879538
0.06872267
0.068971686
0.06892703
0.06865972
0.06875562
0.06877646
0.06867355
0.06858088
0.06870323
0.068546936
0.0687379
0.06872327
0.0686082
0.068584025
0.06843098
0.0688279
0.06844758
0.06872399
0.0689956
0.06890658
0.06861045
0.068431936
0.068462215
0.068332545
0.06858761
0.06841262
0.06818772
0.068190746
0.06824813
0.06815303
0.06828607
0.06827941
0.0681038
0.06801052
0.06819627
0.068135396
0.06810799
0.06801131
0.06830428
0.06820187
0.067937784
0.06801634
0.067884274
0.06790382
0.067943744
0.067793965
0.06847974
0.068736576
0.06788427
0.06877202
0.069273464
0.06797579
0.068289064
0.068995334
0.068886474
0.068166964
0.06794551
0.06850745
0.068192564
0.067811035
0.06789232
0.06770992
0.06770415
0.06762554
0.067522116
0.06749762
0.06740062
0.06727104
0.067241944
0.06730172
0.06722145
0.06719431
0.067125276
0.06703385
0.06713892
0.067006156
0.06714863
0.06688539
0.0673489
0.06735529
0.066986494
0.067033
0.06671569
0.067583926
0.06771556
0.066862315
0.06685991
0.06657518
0.067433484
0.067250036
0.06664955
0.06691273
0.066661544
0.06645406
0.06630189
0.066706516
0.06671135
0.0664852
0.06634393
0.066408396
0.06631454
0.066460915
0.06635911
0.0661186
0.066138335
0.0662857
0.06613793
0.06600175
0.06597232
0.066069216
0.06589421
0.06600549
0.06584256
0.06632785
0.06620491
0.06574964
0.06623967
0.06604706
0.06586637
0.065861456
0.06600308
0.0656231
0.06620135
0.06618198
0.065456286
0.06588417
0.06574348
0.065601535
0.065501034
0.06585556
0.06568744
0.06553719
0.06553391
0.06546802
0.0653586
0.06571763
0.06571249
0.065262526
0.065181844
0.065722056
0.0656525
0.06520512
0.06554931
0.065214895
0.065716065
0.06576973
0.06509736
0.0670431
0.06831358
0.06707323
0.0653012
0.06674247
0.06780801
0.06737555
0.0665653
0.06601109
0.06646673
