0.28731623
0.04365577
0.06968278
0.0506864
0.023883725
0.030685728
0.03363585
0.027008928
0.022689255
0.023976078
0.025495656
0.023630777
0.02149935
0.021555768
0.022595415
0.0221124
0.02066172
0.021756425
0.023234466
0.022386879
0.020754293
0.02120754
0.022011342
0.021829477
0.021173067
0.020661028
0.020866035
0.02127936
0.020768173
0.020382032
0.020731412
0.020475263
0.020400215
0.020671574
0.020560497
0.020637086
0.020354418
0.02130497
0.021328544
0.020285739
0.021490974
0.021971012
0.020892529
0.021346135
0.02169703
0.020578481
0.020918036
0.021710223
0.020817114
0.020353638
0.020617882
0.020317854
0.020623323
0.020574542
0.020203268
0.020416005
0.020209616
0.020532953
0.0206358
0.02016281
0.020527588
0.020789538
0.020406587
0.020204268
0.020354033
0.020184115
0.020342223
0.020280046
0.020234877
0.02024596
0.02014407
0.020185562
0.0201459
0.020085976
0.020075025
0.020027576
0.020021359
0.01999626
0.019917957
0.020123089
0.020157797
0.019924566
0.020181762
0.020208284
0.020109786
0.020028269
0.020015705
0.02003269
0.020066572
0.019850606
0.020489918
0.020695694
0.01992475
0.02065404
0.02145692
0.020697074
0.019966021
0.020280167
0.020192198
0.020044835
0.02006215
0.019932544
0.01993829
0.019829901
0.019998344
0.019899027
0.019735694
0.019729335
0.01976647
0.01969535
0.019815935
0.019799454
0.019623771
0.019632375
0.019595819
0.01959064
0.019508893
0.019586822
0.01950078
0.019585686
0.019476233
0.019576065
0.019560777
0.019425297
0.019360952
0.019386433
0.019344645
0.019387895
0.019327102
0.020108944
0.020044697
0.019529263
0.01948485
0.01954031
0.019414932
0.019455066
0.019489655
0.01936847
0.019311726
0.019445864
0.019211376
0.01946699
0.019493943
0.018957362
0.019504838
0.019578466
0.0191657
0.018875023
0.018811421
0.018834887
0.018552393
0.018324925
0.018052777
0.018317666
0.017705461
0.018133871
0.01786797
0.01759241
0.017910322
0.01783785
0.017487848
0.018166676
0.017643536
0.01847855
0.017522048
0.018842427
0.018961446
0.017095735
0.01699107
0.017058073
0.016984073
0.017252585
0.016993532
0.016820945
0.016779365
0.016778821
0.016595997
0.016965207
0.01694399
0.016393563
0.016240565
0.01744062
0.017291276
0.01610986
0.01609656
0.01650749
0.016117666
0.016578143
0.01669839
0.015779769
0.016393764
0.016210541
0.016845686
0.016828189
0.016279258
0.01598934
0.016494669
0.01624664
0.01595762
0.01602328
0.015561369
0.015476808
0.015916301
0.015792767
0.01572092
0.015578087
0.01610864
0.015696416
0.01541992
0.015415725
0.015450358
0.015309279
0.015180555
0.015867753
0.015813636
0.015329751
0.0152026685
0.015522341
0.015320626
0.015220679
0.015210074
0.015320502
0.015179981
0.015486009
0.015493988
0.014907074
0.014864485
0.01506419
0.01483805
0.015736187
0.0158125
0.014805076
0.0160873
0.016949382
0.015642986
0.015412229
0.015942955
0.015151384
0.015337393
0.015759213
0.014846119
0.015499939
0.016212413
0.015050252
0.01504882
0.015611589
0.014834118
0.015278272
0.015863994
0.014907666
0.014943174
0.0156104
0.014785648
0.014703401
0.015044394
0.0144207515
0.0153154405
0.01604851
0.014967599
0.014564942
0.01484675
0.0143716
0.014905903
0.015167832
0.0144207375
0.014927995
0.015560728
0.014818725
0.014983438
0.015557217
0.014806573
0.014643301
0.01493374
0.014387585
0.014754313
0.0150466785
0.014278561
0.014635172
0.015058439
0.014328624
0.014401608
0.014706243
0.0140799135
0.0147303315
0.015443404
0.014574338
0.0140036745
0.014261494
0.013925214
0.014460837
0.01480516
0.01406749
0.014308835
0.014901494
0.014363182
0.014030351
0.0142314145
0.013997153
0.01410528
0.014235186
0.013874295
0.014089639
0.01421653
0.013795192
0.014024086
0.014231157
0.013879437
0.013911959
0.014200571
0.013819684
0.013780636
0.013888474
0.013829432
0.013689477
0.013618504
0.013640448
0.013440818
0.013812535
0.014028278
0.013468057
0.014073218
0.014690038
0.014009298
0.013580766
0.013871233
0.0135622425
0.013564306
0.013709999
0.013267435
0.013862508
0.014577997
0.013810006
0.013273165
0.013423239
0.013445447
0.01330365
0.013273665
0.013258461
0.013177719
0.013112438
0.013269258
0.013239394
0.013107453
0.013137518
0.013158542
0.013070237
0.0131483935
0.01314095
0.013192003
0.013254358
0.013031344
0.013101954
0.01292131
0.013055229
0.012861036
0.012966481
0.012882319
0.012908281
0.012928254
0.012845367
0.0128996475
0.012996932
0.012909799
0.012916946
0.012937955
0.012961209
0.012826737
0.01313554
0.013259239
0.012771118
0.012929502
0.012906663
0.01275183
0.012907494
0.012732938
0.01272209
0.012682135
0.01267575
0.012683337
0.012594852
0.012625222
0.012617425
0.012603584
0.012582533
0.012537241
0.012668546
0.012552195
0.012684178
0.012622383
0.012508941
0.0124474345
0.012419298
0.012417539
0.012471284
0.012350608
0.012425003
0.012329583
0.01241083
0.012304749
0.012298472
0.012284987
0.012208532
0.012223578
0.012210037
0.0121927485
0.012224832
0.012122636
0.012113675
0.012149904
0.012040369
0.012141493
0.012027484
0.012208319
0.012016434
0.012183311
0.012200572
0.012057629
0.01216479
0.012028672
0.011909689
0.011900571
0.01189117
0.011986488
0.011797104
0.011776957
0.011874544
0.011629655
0.012522824
0.012812878
0.011819872
0.012407671
0.013015929
0.012127931
0.012102255
0.012149326
0.011771423
0.01202915
0.011750311
0.01178711
0.0117366435
0.011385401
0.011356506
0.011439238
0.011367927
0.011349961
0.011415827
0.01139199
0.011307658
0.01145772
0.011374187
0.011231899
0.011276943
0.011171524
0.011102269
0.011003385
0.0113114575
0.011135134
0.011230973
0.010970804
0.011216986
0.011005963
0.01114982
0.01109442
0.011083644
0.011181109
0.010945569
0.010945521
0.01086241
0.010813419
0.010824929
0.010768074
0.010740232
0.01069839
0.010875498
0.010706321
0.010778166
0.010919766
0.010563291
0.011247839
0.011223423
0.010721845
0.010798816
0.010703866
0.010885109
0.010668772
0.010674541
0.010757173
0.010405715
0.010791761
0.010970861
0.010536279
0.010607921
0.01063171
0.010646507
0.010479006
0.01046184
0.010330427
0.010613599
0.010663121
0.010419278
0.010751039
0.01072562
0.010552697
0.0104170265
0.010837422
0.010515325
0.0101426
0.011005275
0.011169039
0.01101119
0.010456852
0.010585785
0.010633682
0.010665362
0.010364554
0.011303154
0.011094672
0.011409059
0.011441007
0.010307037
0.0118081635
0.012582451
0.011325471
0.011441403
0.011758191
0.010659422
0.011084684
0.011869233
0.010674496
0.011693844
0.0123186745
0.011059806
0.010547474
0.011228837
0.010547108
0.010538806
0.010534383
0.010233427
0.010585087
0.010245862
0.010507449
0.010274034
0.010135552
0.010031669
0.010114838
0.010112026
0.009992189
