0.28753072
0.07534941
0.06842341
0.033717483
0.030772699
0.031176856
0.02135636
0.03118881
0.033509593
0.026939416
0.022953866
0.025065267
0.02787178
0.024330428
0.021370137
0.024896173
0.025141539
0.021723712
0.022623492
0.023980575
0.02312027
0.021336386
0.02185607
0.022499224
0.021661937
0.020624712
0.02084603
0.020836862
0.02049079
0.020617666
0.020815115
0.020427061
0.020805866
0.020536855
0.020956343
0.021033743
0.020598896
0.021107992
0.020764994
0.02118625
0.021074682
0.0209691
0.020618146
0.021309068
0.020830495
0.020898392
0.021059876
0.020472746
0.02036582
0.021110922
0.020750424
0.020705422
0.02076031
0.020373324
0.020278513
0.021081517
0.020909825
0.020374961
0.020329705
0.020666728
0.020490585
0.020632083
0.020612879
0.020340873
0.020306034
0.0205597
0.020455578
0.020405166
0.020343065
0.020400204
0.020324089
0.020405548
0.020339651
0.020353936
0.020279838
0.020335231
0.02026913
0.020304302
0.020230807
0.02035482
0.020263584
0.020192781
0.02015225
0.02029841
0.020248441
0.020148886
0.020120827
0.020270133
0.020210821
0.020087024
0.020020014
0.020224662
0.020177118
0.019982213
0.019925361
0.020196527
0.020114351
0.019915497
0.01988162
0.02018306
0.020014755
0.019876888
0.019859271
0.020026155
0.019942604
0.01989532
0.019851385
0.019811228
0.01973762
0.019807069
0.019712042
0.01970013
0.019629985
0.019557284
0.019444296
0.019443007
0.019284045
0.019206727
0.018964706
0.018814905
0.018455496
0.018278485
0.018128345
0.018399866
0.017490057
0.018420175
0.020093594
0.021209419
0.018864578
0.01803409
0.018486425
0.01717951
0.016720809
0.01681706
0.015511801
0.016613092
0.016509885
0.01524235
0.016651984
0.01711687
0.015237235
0.01598564
0.0162696
0.015699884
0.01482446
0.014594321
0.014568367
0.014713434
0.014154649
0.013865326
0.014107659
0.013559851
0.013286718
0.014099051
0.013878405
0.013578699
0.013089345
0.013604123
0.01384385
0.0131673785
0.012885668
0.012565876
0.012568426
0.012800484
0.012386826
0.012779581
0.012930711
0.012328531
0.012100004
0.012321115
0.012042299
0.012206416
0.012155601
0.012628581
0.012703046
0.012249739
0.0121648265
0.011732233
0.011868673
0.011607639
0.012078226
0.0118341185
0.011278736
0.011378615
0.011271253
0.011166799
0.010982324
0.011453584
0.011166782
0.0111548705
0.011061705
0.011086312
0.010979432
0.011132141
0.01134827
0.010803896
0.010873601
0.010774992
0.010674159
0.010685635
0.010542636
0.010555844
0.010496621
0.010451782
0.010504913
0.0105557665
0.010429606
0.010353111
0.010451183
0.010241642
0.010174604
0.010040923
0.010164512
0.010122306
0.009967559
0.009940296
0.009830735
0.009672006
0.009788391
0.009589625
0.009680994
0.009513948
0.009539156
0.009208658
0.00967331
0.009209979
0.009580136
0.009386622
0.009092362
0.009003434
0.009178691
0.009057462
0.009222836
0.009262292
0.008855541
0.00917964
0.008731852
0.009898163
0.009778719
0.009115369
0.00966208
0.009500875
0.008976123
0.009125327
0.009419063
0.008873786
0.008596597
0.009066029
0.008736999
0.008855337
0.008806583
0.008503706
0.008364976
0.00886562
0.008778709
0.008160944
0.0081356205
0.008103644
0.008088003
0.008186192
0.008119576
0.008127174
0.007950836
0.008267288
0.008126103
0.007988549
0.007988657
0.0076727965
0.0091266865
0.008897583
0.008117739
0.008430979
0.0074971044
0.008553386
0.008478298
0.007940489
0.0077677653
0.0077826814
0.007950748
0.007960175
0.00765798
0.0073754736
0.0076747364
0.0073959455
0.0076961457
0.008013693
0.007953481
0.007813007
0.0075079314
0.007195834
0.007689036
0.0072442703
0.007829405
0.008076765
0.007149533
0.007408829
0.007599991
0.0070671737
0.007369196
0.007316787
0.0070369337
0.0072483197
0.0068260343
0.0074079814
0.0073702373
0.0068190754
0.007415456
0.0076810815
0.0072160945
0.007066175
0.0072790137
0.007872955
0.007442232
0.0068639577
0.0067530647
0.006704638
0.006798076
0.0064412667
0.0065196636
0.0065590367
0.0065939664
0.006886693
0.0068320776
0.006913755
0.0066302284
0.006562522
0.0073519447
0.0071179494
0.006714394
0.006453568
0.007543812
0.0066943266
0.007897708
0.008028251
0.006411147
0.0066267275
0.0069043613
0.0068124738
0.006513946
0.00626559
0.007031227
0.0066820644
0.0068770833
0.0064414814
0.007078638
0.0066734217
0.007104227
0.007320916
0.006239111
0.0062942454
0.006757362
0.006518668
0.006668503
0.006544908
0.006404867
0.006286425
0.0065235845
0.0062751877
0.006644854
0.0062948824
0.006682509
0.0065590576
0.006245665
0.006192382
0.0065372773
0.0064048334
0.006196814
0.0062163933
0.0062433635
0.006155306
0.006198686
0.006073959
0.006213086
0.006007053
0.0063497
0.0062307753
0.0059918067
0.005826715
0.0064398106
0.006177506
0.006042915
0.005819567
0.006410371
0.0061046793
0.006012365
0.0058132024
0.0064695105
0.006089736
0.006144047
0.0059465226
0.0061240173
0.0058188997
0.006240417
0.005997132
0.006025642
0.0058305557
0.006145081
0.0059722667
0.0058723874
0.005713893
0.006126913
0.005916733
0.005930019
0.0057888697
0.0059090517
0.005727568
0.0059602433
0.005815558
0.005803896
0.0056543592
0.005954813
0.005795069
0.005713115
0.005583257
0.005858814
0.005702241
0.005664229
0.005541727
0.0058594667
0.0057456307
0.00554038
0.0054608174
0.0058223265
0.0056731156
0.005591108
0.0056630396
0.005521118
0.005307986
0.0061600134
0.0059990785
0.0052531795
0.005199259
0.0055431756
0.005262643
0.005939583
0.0059249145
0.0050924663
0.0050023836
0.0058259885
0.005426118
0.005685532
0.005696258
0.0052425843
0.005297395
0.005242894
0.0049330066
0.0055689053
0.0053270203
0.0054714796
0.005559375
0.005272767
0.00519307
0.005463962
0.0050507337
0.0056083635
0.0054638735
0.0052162334
0.0051546358
0.0053442917
0.0051334915
0.005058567
0.005003112
0.005137403
0.00509727
0.0051467284
0.0050856587
0.005044247
0.004912878
0.005053049
0.004876384
0.0054533198
0.0055050463
0.004904107
0.0050519356
0.00482105
0.004750037
0.0049754684
0.004815392
0.005298283
0.0053659244
0.0046845656
0.0049699345
0.004611127
0.005205197
0.0050969417
0.0046547293
0.004690921
0.004670952
0.0044441475
0.0048901523
0.004818845
0.0045161475
0.004420353
0.004620025
0.004369745
0.0047385953
0.0049189576
0.0043567657
0.004525887
0.0046625654
0.004275554
0.0052022696
0.0054809
0.004488243
0.004663387
0.0050572795
0.0044716015
0.0046102284
0.0046115383
0.004311954
0.004550835
0.004276443
0.0042696125
0.0048562377
0.004452068
0.0045030885
0.0046797753
0.0042920546
0.004176385
0.0042319857
0.0040895427
0.0041146297
0.004074224
0.0040731025
0.004323898
0.0040146634
0.004060979
0.0041935784
0.0038800843
0.0041506817
0.0040298644
0.0038819772
0.0041218507
0.0039020376
0.0039259256
0.0038803527
0.0041217003
0.0038758554
0.0044513973
0.004585447
0.0040964666
0.0040220353
0.0043301247
0.0040902165
0.0041695153
0.0039812736
0.0045757405
0.0045839106
0.004119586
0.0040797284
0.0036297608
0.0039779153
0.0040241214
0.0037102292
0.0038753257
0.0037604303
0.0040713153
0.0039290995
0.004561364
0.0043670847
0.0040135644
0.0039281645
0.0037235462
0.0039659357
0.003549542
0.004736855
0.0045222635
0.004176299
0.004012329
0.0038821737
0.0041277115
0.0038967812
0.0038761792
0.0037990604
0.003871617
0.0037609162
0.0036069101
0.0035467905
0.0035537716
0.003492256
0.0040352116
0.004050296
0.0036126673
0.003652923
0.003638658
0.0034443245
0.0038903176
0.0037327483
0.0036626095
