0.2894915
0.04407296
0.069873564
0.050307382
0.028132953
0.028864356
0.028441643
0.026172893
0.02519522
0.024062766
0.024022227
0.023886712
0.022682836
0.022992918
0.023267232
0.02216587
0.022320703
0.022859862
0.021830386
0.021508744
0.021812936
0.02109187
0.021428967
0.021738222
0.020802319
0.020843582
0.021124253
0.020522125
0.020778747
0.021173974
0.020568565
0.020698031
0.0209041
0.020450765
0.02051089
0.020554543
0.020272993
0.020240774
0.020206725
0.020190671
0.019976756
0.020215826
0.02018483
0.019725325
0.020507237
0.020531356
0.019738594
0.019525444
0.019648006
0.01955988
0.018910551
0.01905608
0.018981641
0.018814921
0.018352436
0.01862066
0.018647632
0.017928204
0.018066907
0.018103559
0.017661361
0.017226424
0.017277068
0.017068507
0.016553449
0.016616454
0.016367724
0.015990471
0.015689619
0.01575587
0.015499196
0.0149925025
0.015392459
0.015059479
0.015014698
0.015016973
0.015046809
0.014473439
0.014332901
0.014832713
0.014383487
0.015253582
0.01420787
0.016106486
0.016625335
0.014797896
0.014818084
0.015664613
0.014610996
0.013801848
0.0139888935
0.013632399
0.013703515
0.013603367
0.013225451
0.012963653
0.013274687
0.012774791
0.0130289225
0.012615837
0.013161792
0.01271397
0.012775508
0.0128217945
0.012096916
0.012106982
0.012225591
0.011938681
0.012293416
0.01216697
0.01183594
0.011656049
0.011882084
0.011656369
0.012168847
0.012183308
0.011367132
0.011575408
0.011353393
0.011875949
0.011992927
0.01121379
0.011919633
0.012361762
0.011572029
0.01159967
0.012105173
0.011458762
0.011171692
0.011373885
0.011162184
0.010951842
0.011142805
0.010914008
0.010937341
0.010949452
0.010702784
0.010789064
0.0106592355
0.010979523
0.010819881
0.010913788
0.010985064
0.01087355
0.010743086
0.0109631
0.010801294
0.010806504
0.010686621
0.010626569
0.010541916
0.010790408
0.010756068
0.010547358
0.010476251
0.01069976
0.010560318
0.010613282
0.0106054535
0.010428066
0.010385507
0.010512054
0.010407256
0.01049555
0.010430586
0.010347218
0.010287139
0.010455483
0.010385253
0.010312614
0.010278441
0.010329326
0.010275043
0.010312623
0.0103143
0.010295838
0.010254051
0.010236657
0.010181922
0.010279146
0.010199516
0.010229447
0.01020844
0.010178001
0.010081448
0.01018986
0.010075138
0.010203254
0.010114168
0.010139058
0.010039733
0.01017362
0.010059707
0.010079231
0.010016025
0.0100501925
0.010014304
0.010037254
0.01000591
0.0099975495
0.009958484
0.009952205
0.00990839
0.009908675
0.009842976
0.0099521885
0.009896337
0.009863413
0.009820743
0.009895519
0.009829908
0.0098420875
0.009821746
0.009742622
0.009756133
0.0097800875
0.00968232
0.00985526
0.009772462
0.009748615
0.0097269965
0.009681408
0.009663141
0.009767835
0.009796624
0.009553156
0.009687704
0.009645161
0.009713062
0.009451609
0.010215676
0.009939512
0.009643416
0.009644027
0.009605472
0.00961889
0.009541119
0.009517349
0.009688703
0.009410975
0.010176885
0.010313927
0.009682451
0.010404578
0.010519084
0.010200785
0.009871496
0.010060123
0.00984384
0.009931252
0.009798649
0.010632462
0.010460195
0.0097371675
0.009984791
0.009810209
0.009448316
0.009845418
0.009731061
0.00963818
0.009682943
0.009526865
0.0094059855
0.009494008
0.009362709
0.0093832975
0.009252895
0.009439206
0.009413961
0.009323557
0.009368326
0.009328964
0.0092871105
0.009468545
0.009362568
0.009200654
0.009626931
0.009463061
0.009452271
0.0093113845
0.00961114
0.009299499
0.009843252
0.009774071
0.00928348
0.009261746
0.009548507
0.009231978
0.009599712
0.009617601
0.009175565
0.00935367
0.0091636665
0.009031605
0.009425187
0.009386039
0.009133791
0.0089677675
0.009344964
0.00895643
0.00967848
0.00956884
0.008971642
0.009716228
0.009363805
0.009656608
0.009560379
0.0090502845
0.009631923
0.009512817
0.009038496
0.009104904
0.008901869
0.0088278325
0.009112933
0.008943398
0.009078391
0.008925437
0.009043429
0.008852635
0.009077396
0.009008163
0.008731023
0.008871693
0.008544481
0.008506581
0.009358314
0.009020146
0.008887798
0.008943293
0.00875041
0.008604607
0.008854539
0.008678275
0.008669458
0.008505013
0.008530633
0.008504742
0.008682318
0.008564
0.008589928
0.008706112
0.008579102
0.008612167
0.00847662
0.008380333
0.008996654
0.008744753
0.008679526
0.008711315
0.008321213
0.008164678
0.008905869
0.008825346
0.0083777765
0.008602875
0.008279525
0.008105566
0.008635354
0.008374908
0.008753253
0.00880988
0.008277574
0.008287929
0.008540832
0.0082523255
0.008517505
0.008442585
0.008340484
0.00844518
0.008017334
0.008163285
