0.28778604
0.049504634
0.07295139
0.045501668
0.024591386
0.028281445
0.026362756
0.02399082
0.024044372
0.023088494
0.02312204
0.022570724
0.022004703
0.022361785
0.02195811
0.021604143
0.021736687
0.021478364
0.02133546
0.021355452
0.02121018
0.020996982
0.021061635
0.02084182
0.021080308
0.02108744
0.020539815
0.02153227
0.021505812
0.02077086
0.020544106
0.020924913
0.020492567
0.020895071
0.021075053
0.020563478
0.020595925
0.020642571
0.02048176
0.020349778
0.02039648
0.02006525
0.020375649
0.020099936
0.020393478
0.020307355
0.020000458
0.019973362
0.019957632
0.019705081
0.020103661
0.01984374
0.019841
0.019833473
0.01941137
0.019273022
0.019813178
0.019633934
0.019074582
0.018982297
0.01887508
0.018615862
0.01878103
0.01857303
0.018323416
0.01848054
0.01817201
0.0181778
0.018070662
0.01759855
0.01738528
0.017134408
0.017183026
0.016608795
0.017254455
0.017006615
0.016379595
0.01614905
0.016214982
0.015543222
0.016690848
0.017258948
0.015882017
0.016110558
0.015849592
0.015753401
0.015314412
0.015589769
0.015470502
0.015080313
0.015051462
0.014703822
0.014920254
0.014776585
0.014483283
0.014425889
0.01418442
0.014400984
0.014177642
0.014271812
0.014159337
0.014287949
0.014151809
0.013957694
0.013746387
0.01374498
0.0134602785
0.013407578
0.013298701
0.013214432
0.013501358
0.013213791
0.01397036
0.014128854
0.013288123
0.013556692
0.013800216
0.013269943
0.013220235
0.013307844
0.012870348
0.013202664
0.0134752365
0.0133864535
0.012922977
0.013132688
0.013830426
0.013396765
0.013554144
0.013886283
0.013887075
0.013564055
0.013518363
0.0135786235
0.013655699
0.0134139145
0.012973432
0.01281923
0.0134330345
0.013293785
0.013185673
0.013118342
0.012802099
0.012725118
0.012938491
0.012745623
0.012880514
0.012903699
0.012668677
0.012505166
0.012760766
0.01255973
0.0125099225
0.012368989
0.012607356
0.012636732
0.012383714
0.012273781
0.012113343
0.011982945
0.012431689
0.012302165
0.011999774
0.011860316
0.012194588
0.011906043
0.012078215
0.012116333
0.0116408905
0.0116348835
0.011773892
0.011570454
0.011845983
0.011717294
0.011406076
0.011296067
0.011767519
0.011587861
0.011449316
0.011294988
0.011510107
0.011393038
0.011173253
0.0110655455
0.011349919
0.01119976
0.011147358
0.011124139
0.010986368
0.010908111
0.011038971
0.0109998835
0.010733783
0.010650423
0.010959526
0.010844216
0.010579418
0.010509673
0.010669877
0.010396759
0.010561973
0.010394032
0.010421783
0.010564644
0.010093254
0.01036252
0.010199682
0.010106592
0.00994585
0.010163226
0.010156554
0.009753561
0.010017895
0.009571617
0.010046829
0.010104532
0.009203633
0.009825097
0.009467375
0.009054692
0.009104256
0.008841688
0.008623503
0.008649292
0.008376257
0.008356623
0.008069925
0.008124171
0.007841955
0.0085136825
0.008387313
0.008025726
0.008445516
0.008186368
0.0087479465
0.00830856
0.007889279
0.00771622
0.00750739
0.007643306
0.007118748
0.00793575
0.0073546045
0.007637024
0.0074244835
0.008187155
0.007562142
0.007613744
0.007890551
0.00704108
0.0079165
0.007428013
0.007139949
0.007238904
0.0071805906
0.0071165934
0.006846847
0.007149583
0.007052285
0.006799702
0.0068551362
0.006847769
0.006577357
0.0067991777
0.006397739
0.0070761754
0.007249164
0.0064556687
0.006483204
0.006472303
0.0062657245
0.0063528023
0.006310757
0.0065919994
0.0063740215
0.006424863
0.00637936
0.0061197393
0.006022081
0.0061589745
0.0058669676
0.0066130958
0.0065416596
0.0057720556
0.005829796
0.0058130436
0.0056091975
0.0061268546
0.005569108
0.007775895
0.00872447
0.0062342063
0.0077513414
0.010754784
0.008913769
0.006419491
0.0075549087
0.008278754
0.006894749
0.007840885
0.008548532
0.00846206
0.0073313783
0.006329775
0.0072969445
0.006613647
0.006361197
0.0062761116
0.005759616
0.0065201228
0.0063370876
0.00598721
0.005920118
0.0058495044
0.0059861015
0.0055030026
0.0056532226
0.0058908216
0.005306153
0.006535785
0.006724786
0.0056544575
0.0056184586
0.005528594
0.005776007
0.0055281636
0.0053526214
0.0055903667
0.0053072735
0.005363573
0.005175868
0.005114183
0.005252098
0.0050671003
0.0052061677
0.0051472452
0.005224219
0.0049781506
0.005409815
0.005258867
0.0050572664
0.004963506
0.00521674
0.004983934
0.005078076
0.0050260182
0.0049736933
0.0049844594
0.005012658
0.004883289
0.004971225
0.004870121
0.004965168
0.0047885403
0.0047778203
0.004710898
0.004860289
0.004980081
0.0044858907
0.004675401
0.004723022
0.0045255185
0.004564756
0.004563499
0.0044700387
0.004488151
0.0044288575
0.0045773243
0.004419671
0.0047446066
0.0044137132
0.0049162875
0.0048346934
0.0044504846
0.0051398478
0.0043693786
0.004792568
0.0048650666
0.00418406
0.004781121
0.0044880733
0.005089719
0.0054197665
0.0043291957
0.005211646
0.0056192935
0.0047830483
0.004961249
0.0052046534
0.0045747072
0.004572172
0.004593212
0.0045197187
0.0044150217
0.004410993
0.004353484
0.0045046727
0.004584551
0.00439146
0.004781554
0.0043756743
0.004591908
0.0052588484
0.004681289
0.0054079383
0.0052834605
0.0057977163
0.005243497
0.0046765204
0.0049401834
0.004959535
0.0046750046
0.0058595575
0.0045711636
0.0060274103
0.006065139
0.0051050466
0.005012674
0.005234907
0.004927166
0.004816988
0.004675342
0.004829302
0.00467154
0.0045941384
0.00436371
0.0042108754
0.004929465
0.004594155
0.004950493
0.004548853
0.005323581
0.004791114
0.0050357967
0.0050200126
0.005138795
0.0045857336
0.004972293
0.0046837577
0.0045034224
0.0045499518
0.00451892
0.004459321
0.004776735
0.0045304224
0.004597586
0.004419276
0.00430363
0.004455011
0.0042432207
0.005084845
0.004661277
0.0042109373
0.004363241
0.004192825
0.0042841607
0.0040364466
0.004399156
0.0042413776
0.004286541
0.0041001667
0.0040924773
0.00412092
0.0040338645
0.004006895
0.0038549807
0.003941905
0.0039020746
0.0036881398
0.004012327
0.0037724525
0.004545008
0.00471014
0.0037135908
0.004664675
0.0044707223
0.003912795
0.0043186876
0.00410158
0.0039834646
0.0040748944
0.0038666509
0.0039105066
0.0039876187
0.003655209
0.0044397265
0.004493167
0.004060924
0.0039202995
0.0038534421
0.004012629
0.0038517157
0.0037260435
0.003911264
0.00368605
0.003778417
0.0038308676
0.003645527
0.0036441411
0.0037617001
0.0036505044
0.0035437674
0.0036354784
0.0037953702
0.0034588221
0.0037114955
0.003681545
0.0036681294
0.0034542603
0.0042751553
0.004141718
0.0037999202
0.0039239763
0.003869902
0.0037779436
0.0035473863
0.0037591525
0.0036642868
0.0036430347
0.0036128592
0.0037943728
0.0037239033
0.003544425
0.004076568
0.003659334
0.0043263505
0.0038523513
0.0036777453
0.0037265632
0.0036593222
0.0034605348
0.003640806
0.0037297234
0.0034361284
0.003747898
0.0041704243
0.0035761928
0.00415599
0.004452392
0.0044302037
0.0035842936
0.0052509625
0.005517038
0.004597301
0.00419406
0.0037549858
0.0039384435
0.0035247754
0.0036489528
0.0036653196
0.0034591733
0.003812557
0.0037554651
0.0034051442
0.0036024146
0.0036787272
0.0032425988
0.0036504318
0.0038018932
0.0033461498
0.003938139
0.004078631
0.0033420697
0.004164587
0.0045134244
0.0043595363
0.0034673058
0.0036618358
0.0039712354
0.00355949
0.0036018759
0.0037606538
