0.28748986
0.06554515
0.07047307
0.040891234
0.022698723
0.022590408
0.025227651
0.02311392
0.023063743
0.023006598
0.02124205
0.021011675
0.023136897
0.022901468
0.020919569
0.023959571
0.02497452
0.022317106
0.021431992
0.022148117
0.022524215
0.020975083
0.02117022
0.02203665
0.021375954
0.020431718
0.021063102
0.020993223
0.020463275
0.020576196
0.02065043
0.02024013
0.02049304
0.020588202
0.020296806
0.020070078
0.02025004
0.019956866
0.020285835
0.020557873
0.020139856
0.019993322
0.020269165
0.02010194
0.019840853
0.020074377
0.019983403
0.01982613
0.019948276
0.019885028
0.019758282
0.0198048
0.019694502
0.019654477
0.01977144
0.019634902
0.019524751
0.019502563
0.019580714
0.019264821
0.019748768
0.019500347
0.019770259
0.019774819
0.019107437
0.019749494
0.019833902
0.01898098
0.020067375
0.020142537
0.018761937
0.020222262
0.021060586
0.019517435
0.018469322
0.01912961
0.018542083
0.01829659
0.018229308
0.017541662
0.018090477
0.017815651
0.017430188
0.017373748
0.017118275
0.017194262
0.016729025
0.017402181
0.017098418
0.01641253
0.016229006
0.01593461
0.015781077
0.015554261
0.0153548615
0.015072721
0.015259507
0.014757807
0.015504591
0.015510217
0.0143031245
0.016317038
0.01793151
0.016374696
0.014770416
0.015120487
0.016212322
0.0150002865
0.014262803
0.0152911125
0.014664409
0.014411201
0.01426768
0.013814644
0.0139461085
0.013863706
0.013458903
0.013120816
0.013273832
0.012815778
0.013183069
0.013475776
0.012909581
0.013055506
0.013321165
0.012745234
0.012508181
0.013212162
0.012686555
0.012633759
0.012775985
0.012195631
0.012227225
0.012001763
0.011871877
0.011955995
0.011751659
0.011588982
0.012125847
0.011535871
0.012527513
0.012750264
0.011409664
0.012573558
0.013057557
0.011544131
0.012064316
0.012243585
0.011570928
0.011581261
0.0113779595
0.01131988
0.011348963
0.010961573
0.010965169
0.010960877
0.010672788
0.0109392805
0.010895726
0.010400317
0.0104632275
0.010399274
0.010184059
0.010748892
0.010501648
0.010153537
0.010025128
0.010174486
0.010018729
0.010219134
0.01017706
0.009783934
0.010158516
0.009877339
0.009867927
0.009867509
0.009566542
0.009900967
0.009385563
0.010778308
0.010279988
0.009897623
0.010217712
0.00964209
0.009530437
0.009721058
0.009442148
0.009387982
0.009226672
0.009306114
0.009324805
0.009138022
0.009153881
0.008962463
0.009303157
0.008733425
0.010572302
0.0109611275
0.009400717
0.009425386
0.009939179
0.009542095
0.00877549
0.009173189
0.008738498
0.008686674
0.008611689
0.008583034
0.008658572
0.008581524
0.008282479
0.008295204
0.008488927
0.008190288
0.008940142
0.008744813
0.009128859
0.008751799
0.008715864
0.008705127
0.008219705
0.008119824
0.008236213
0.007984641
0.008330566
0.008093072
0.008222722
0.00831424
0.007698847
0.0078262715
0.008064347
0.0077065513
0.007691454
0.007744266
0.007543266
0.007422227
0.0074760746
0.0074507208
0.007224699
0.0073337355
0.0072205537
0.0071731177
0.0073382594
0.007090656
0.0071300976
0.007357581
0.0072222403
0.006799227
0.008259498
0.008488826
0.00799228
0.007397223
0.007189742
0.0071455943
0.0073699243
0.0070417095
0.007138986
0.0069036256
0.0076213884
0.0073451498
0.0066683143
0.0067293965
0.006805925
0.00663564
0.0067755245
0.006766589
0.006700086
0.006604796
0.0066675427
0.006656619
0.006508508
0.0064441026
0.0064948513
0.006386014
0.0063771047
0.0062176487
0.0066132
0.0064047165
0.0063833515
0.006341995
0.006196028
0.006133501
0.0063082464
0.005998269
0.0066963485
0.0067226025
0.005931953
0.006445954
0.006298186
0.006071148
0.006180694
0.0060481317
0.006008931
0.005962511
0.006084258
0.0060106777
0.0061947755
0.0059023164
0.005960822
0.005992959
0.005739094
0.005614303
0.006069392
0.0058172247
0.005753175
0.0056822174
0.005619917
0.00558429
0.0055401535
0.0053703203
0.0062223584
0.00627855
0.0053499304
0.006331337
0.0061847903
0.0058255196
0.0058493274
0.005719112
0.005704013
0.005683349
0.0053370767
0.0057860776
0.0057633203
0.0053571365
0.005517449
0.0053034867
0.0054246695
0.0051316046
0.0056316815
0.005274081
0.0056946934
0.005913208
0.005214104
0.0054901433
0.0056693815
0.0051401933
0.005863791
0.0060066334
0.005354822
0.0056570335
0.0056829066
0.0054914523
0.0054457164
0.005206505
0.0051609236
0.0054120696
0.005043942
0.0058111697
0.006197724
0.005084266
0.0059265583
0.0063643097
0.005004301
0.006482927
0.007767553
0.006232146
0.0051023997
0.0055587175
0.0054417388
0.005401626
0.0053718425
0.0052827415
0.005217428
0.005029033
0.0050274017
0.005049893
0.0048060934
0.005460085
0.0052128076
0.005037677
0.0051102396
0.0051552774
0.0048322617
0.005117114
0.0051627853
0.0047603264
0.0047585466
0.0049469634
0.0046920483
0.005022016
0.0051270383
0.0046761115
0.004936009
0.0049515185
0.0047351606
0.004716322
0.0048190486
0.0046394886
0.00463728
0.00468952
0.004592618
0.004650028
0.004512973
0.004575735
0.004806843
0.0043338216
0.004789556
0.0048390273
0.0053357556
0.0047744997
0.005150601
0.0052222605
0.0045136684
0.0047719465
0.004969423
0.0046867277
0.0045899185
0.004677197
0.0044527315
0.0047085886
0.0044008205
0.0045846575
0.00461352
