0.28732646
0.062097084
0.06427353
0.04050127
0.02307246
0.029667556
0.027894514
0.02219452
0.024644015
0.025315868
0.021091588
0.025231386
0.028202364
0.02421356
0.020870484
0.024426127
0.026719237
0.023677005
0.021515569
0.0215485
0.023429925
0.022237217
0.020361694
0.02128996
0.021293795
0.020366913
0.021084378
0.021579586
0.021066306
0.020062929
0.02184914
0.022341931
0.020760609
0.020614812
0.020891605
0.021082545
0.020770514
0.019744778
0.021849187
0.02253771
0.020477625
0.021243103
0.022125242
0.020564198
0.0208546
0.021252915
0.020115921
0.020132681
0.020572932
0.019508692
0.020991808
0.022095315
0.020626584
0.019956173
0.020554367
0.020310346
0.019489573
0.020334475
0.020192703
0.019472698
0.019306144
0.020058075
0.019624645
0.018894099
0.018814962
0.019315086
0.01871449
0.018927727
0.018921884
0.018062863
0.017737677
0.018217137
0.01773003
0.017393785
0.016930336
0.017122721
0.016612537
0.016848817
0.016423898
0.017728887
0.016892903
0.016315026
0.016380189
0.015988035
0.015881112
0.015973771
0.015747579
0.01563663
0.015592423
0.015225139
0.014941703
0.017002344
0.016160315
0.015580642
0.015492257
0.015166028
0.015068494
0.01501064
0.014517681
0.015065455
0.015052269
0.014226347
0.014664579
0.014244453
0.014809645
0.0154628875
0.015119362
0.014078889
0.014855381
0.015152472
0.013858418
0.015035488
0.016256217
0.014551283
0.013457507
0.013855796
0.013494331
0.013220849
0.013677566
0.013119303
0.013287932
0.01341736
0.012801577
0.012704472
0.013042207
0.012657923
0.0125523275
0.012503582
0.012339234
0.012101895
0.012603331
0.012260354
0.012273684
0.012201867
0.011872858
0.011878226
0.012046532
0.011898036
0.011804189
0.011597068
0.011691817
0.011303023
0.011711582
0.01158733
0.011417545
0.011332356
0.01111867
0.010950431
0.0113370465
0.011306354
0.011076007
0.010904696
0.011166245
0.010810078
0.011153203
0.011258573
0.010921017
0.010660709
0.010814224
0.010535899
0.010684538
0.01069107
0.010685578
0.010493341
0.010371677
0.010236353
0.010304626
0.010080784
0.010678793
0.010597844
0.009843535
0.009816047
0.010110118
0.009822025
0.01041476
0.010821357
0.00972472
0.010661849
0.011444899
0.009984025
0.010349414
0.011408791
0.010410785
0.009839238
0.010168874
0.009790144
0.009593483
0.009803728
0.009411528
0.009291754
0.009456811
0.009054317
0.009277255
0.009450666
0.00875719
0.009468443
0.0099229785
0.009390808
0.0087554045
0.009312356
0.009339322
0.008732657
0.008733045
0.008666519
0.00851355
0.008543704
0.008315064
0.008453267
0.008555141
0.008109689
0.008692381
0.009025582
0.008971793
0.008392761
0.007937894
0.008122562
0.008224473
0.007963323
0.00804769
0.008012817
0.007906117
0.007709173
0.007981778
0.007982905
0.007919888
0.0077250195
0.0075365254
0.007530836
0.0077835564
0.0075897034
0.007487887
0.007482668
0.0073377355
0.0071853767
0.0077786767
0.007750808
0.007101595
0.0071347416
0.0072256816
0.00703782
0.00767657
0.0076832883
0.0071639754
0.0071832067
0.0069867386
0.007127619
0.0070465705
0.0068575647
0.0070753265
0.0070723235
0.0069272555
0.0068418644
0.0068877223
0.0068591237
0.00684057
0.0067379163
0.006669291
0.0069756773
0.006719021
0.006925451
0.0071195154
0.0066095875
0.0068433587
0.006801722
0.0066379453
0.006627687
0.006447447
0.0065044775
0.0062778383
0.0068629407
0.0066024843
0.006487409
0.006459756
0.0064146686
0.0062713535
0.006491355
0.006287836
0.0065650665
0.0065654665
0.006261283
0.006220115
0.0062384917
0.006053665
0.006472966
0.00641303
0.0059908517
0.0060029426
0.006099571
0.0059327628
0.0061282045
0.006025708
0.00599516
0.0059165373
0.005817779
0.0057289675
0.0058782785
0.005605648
0.0062687043
0.0062206076
0.0058286577
0.0058949166
0.0058006705
0.005786712
0.0057447455
0.005704788
0.0056590685
0.0056021214
0.0055557336
0.005471291
0.005578324
0.005517391
0.005484602
0.0054997224
0.0053863
0.0053242184
0.00521186
0.005654154
0.005326455
0.005922757
0.005997678
0.005341099
0.0056017227
0.005267995
0.0056793913
0.0055999705
0.0051916004
0.0052668205
0.0051756264
0.005233143
0.0050586932
0.0050006434
0.0052828975
0.004868606
0.0066605485
0.0071742437
0.005775992
0.0064677806
0.0072487816
0.006234663
0.0059675337
0.0063653695
0.0060645477
0.0054050605
0.0057022553
0.005847315
0.005197933
0.0051572905
0.005228665
0.005000379
0.0048864963
0.004838615
0.0048794355
0.0047165523
0.0049880478
0.0048376964
0.004868774
0.0048283
0.004726821
0.0046486934
0.0046449597
0.0045375633
0.004554769
0.004667578
0.004388201
0.005112235
0.00518449
0.004541375
0.0047963825
0.00453407
0.0046209283
0.0046232934
0.0043605748
0.004668689
0.004612394
0.0044332147
0.0045594606
0.0043507027
0.004491236
0.0045258296
0.004349658
0.0043672933
0.0042545605
0.0044215233
0.0043172888
0.0045431107
0.0043292907
0.0046485364
0.0043421425
0.0046583903
0.004555277
0.0042308816
0.0042369026
0.00458011
0.0044472157
0.003998574
0.003942453
0.004485835
0.004377349
0.004281473
0.0042024604
0.0042338655
0.0040038177
0.0043805307
0.004271686
0.0040170266
0.003995374
0.0040564104
0.0039221463
0.0041011875
0.0039768154
0.004006172
0.0038272392
0.004179066
0.0039009193
0.0040394915
0.0038391687
0.004042773
0.0038957659
0.0038504105
0.0037355572
0.0038439177
0.0037128748
0.0038144116
0.0037064888
0.0037786283
0.0037108064
0.0036538232
0.0035659529
0.003800697
0.003706793
0.0036055858
0.0035386346
0.0037001278
0.0036068521
0.0035805078
0.0035150389
0.0036197023
0.0035439313
0.0035226692
0.0034654073
0.0035440784
0.003486673
0.0034514728
0.0033872975
0.0035271242
0.0034651582
0.00338592
0.003324993
0.0035046057
0.0034352022
0.0033217364
0.0032738093
0.0034361382
0.0033399358
0.0033343642
0.0032799176
0.0033353239
0.0032703734
0.0032830194
0.0032126491
0.003342549
0.0032774322
0.0031902809
0.0031290583
0.0033249713
0.0032857228
0.003086239
0.0030692257
0.003299561
0.0032334204
0.0030785874
0.003128546
0.0032221414
0.0032106843
0.0029708091
0.0032672405
0.0030246917
0.0034627116
0.0033110064
0.0031956434
0.0032985706
0.0030198228
0.0031345822
0.0030295819
0.0029880318
0.0028862513
0.0030353398
0.0028649971
0.0032939066
0.003357508
0.002790461
0.003610894
0.0032729644
0.0033411265
0.0031212233
0.003518867
0.002917946
0.0036088906
0.0031885682
0.004095967
0.004188697
0.0030650792
0.003427495
0.0031116817
0.0031548503
0.0030938957
0.0029534437
0.0030095316
0.0028504338
0.0033218965
0.0033066766
0.002871386
0.002868414
0.0029482227
0.0027840796
0.0030191022
0.0029231908
0.0028525721
0.0029568346
0.0027148358
0.0028956933
0.0027311265
0.0027826007
0.0027641207
0.002638689
0.0027191273
0.002856118
0.0025734494
0.0036122322
0.0036231491
0.0027745415
0.002873895
0.0029724191
0.002699441
0.002956911
0.0027590103
0.0030161103
0.0029824434
0.002847175
0.002826306
0.0027983643
0.0026530435
0.0028660737
0.0026617523
0.002750981
0.002683133
0.0027276091
0.0026246875
0.0027434647
0.0026763633
0.0027434032
0.0027744218
0.002665531
0.0025735733
0.0027172286
0.002564647
0.0024859875
0.0024407485
0.0025497375
0.002488288
0.0025246383
