0.28763285
0.06457609
0.058173817
0.034242637
0.028903648
0.028961444
0.02294541
0.026910448
0.027084276
0.021545032
0.024941036
0.027870163
0.023825591
0.020827921
0.021970564
0.020948865
0.021827454
0.02195104
0.021262899
0.020753535
0.021187723
0.021057526
0.020492822
0.020667918
0.020548854
0.020219197
0.020164995
0.020355927
0.020242738
0.020124873
0.020334361
0.020139227
0.020286007
0.020237487
0.020310031
0.020055287
0.020111272
0.020126207
0.019806048
0.019738993
0.019955745
0.019685797
0.019893443
0.019874258
0.019415354
0.019562807
0.019303732
0.019649746
0.019554377
0.019265113
0.019119969
0.019059312
0.018862395
0.018860744
0.018655248
0.018480385
0.018039389
0.01841918
0.0182015
0.017097915
0.017929459
0.018414691
0.016994907
0.016449912
0.016808214
0.016316123
0.016068622
0.016048806
0.015516904
0.015872667
0.015813584
0.015162584
0.01566425
0.01588314
0.01524105
0.015284582
0.01516847
0.014902671
0.015185081
0.014886786
0.015635332
0.015466451
0.015384414
0.014875035
0.015103616
0.015442441
0.014600956
0.015386611
0.016053783
0.015351298
0.014605639
0.014986731
0.015390392
0.014622188
0.014819491
0.0151594905
0.014713593
0.014501813
0.014736909
0.01466364
0.014304452
0.014315364
0.014331429
0.014272553
0.014112326
0.014485245
0.014297552
0.014269173
0.01429605
0.014308062
0.014045745
0.014626496
0.014664519
0.01389629
0.014451017
0.01446196
0.014452036
0.014218315
0.013930353
0.013875976
0.01400252
0.013865545
0.014272053
0.014219296
0.01382156
0.013813888
0.013730041
0.013657011
0.0137613565
0.013750109
0.013793047
0.013612528
0.013883817
0.013777631
0.013753683
0.0137533
0.01379247
0.013618904
0.013608236
0.013557457
0.01332761
0.013208263
0.013528942
0.013414263
0.013310094
0.0132706165
0.013149709
0.01307492
0.013062668
0.012805409
0.013042781
0.012970488
0.012569484
0.012535463
0.012606919
0.012488437
0.012513909
0.012387175
0.01275332
0.012483392
0.0123216435
0.012058369
0.012393485
0.012162122
0.012129563
0.012204103
0.011935321
0.011787307
0.011823122
0.011648149
0.011582437
0.011483498
0.011507988
0.011458349
0.011376559
0.011106048
0.011532498
0.011347015
0.010916644
0.010719009
0.011174314
0.0110050365
0.010560475
0.010448935
0.010689284
0.010588926
0.010222466
0.010156243
0.010153211
0.009968673
0.010064541
0.00989575
0.009771181
0.009570501
0.009836892
0.009660779
0.009460787
0.009374761
0.009451537
0.00932184
0.009311569
0.009164295
0.0092526935
0.009070522
0.009218827
0.009049617
0.009032447
0.008843366
0.009078025
0.0088978205
0.008844118
0.008706049
0.008872223
0.008740225
0.008663908
0.008593387
0.008685644
0.008636869
0.008476605
0.008439706
0.008596581
0.00852821
0.008318861
0.008210157
0.008495351
0.008341727
0.008145679
0.007998
0.008370349
0.008225585
0.0079704905
0.0078301225
0.008277834
0.008070123
0.007889759
0.0077473945
0.008094148
0.007913371
0.0078114816
0.007689958
0.00782163
0.0077141286
0.00765383
0.0076310285
0.007543472
0.0074973735
0.0074854107
0.0074364184
0.007339789
0.0072763585
0.007338448
0.007188857
0.0072488417
0.0071368776
0.0070933155
0.00697107
0.0071538077
0.007012678
0.0069139823
0.006815683
0.0072011477
0.0068202293
0.0068924427
0.007098594
0.0066042948
0.007064259
0.006980928
0.0072045303
0.006549537
0.008650966
0.008163433
0.0070267054
0.00785002
0.006665306
0.0073272916
0.0072592744
0.0071625425
0.0066941953
0.006684994
0.006711503
0.006354904
0.006382937
0.006316468
0.0064379587
0.0060155387
0.0062891035
0.006250745
0.0065724743
0.00667077
0.006290957
0.0059383786
0.006291978
0.0060691894
0.0058018547
0.0057063834
0.005706601
0.005771573
0.0054114163
0.005725749
0.0057204566
0.005862322
0.0056986385
0.005492168
0.0054812916
0.0053668637
0.0052059195
0.0052136853
0.00513836
0.00541175
0.0052057193
0.005160428
0.00502558
0.0051505356
0.004994887
0.004934736
0.004838416
0.0049457406
0.004857428
0.004810998
0.004732372
0.0046249577
0.0045632045
0.004752726
0.0045510097
0.0045914366
0.004536241
0.0046391636
0.004533015
0.004329309
0.0042664916
0.004332042
0.004163714
0.004524734
0.0044320985
0.004229815
0.0040899348
0.0043159514
0.004126212
0.0041188546
0.004248165
0.0041112336
0.0039106165
0.0043321517
0.00424715
0.0037831238
0.0051483596
0.0043185283
0.0052770413
0.005324839
0.004180068
0.005819395
0.0046600215
0.0042414907
0.004626373
0.0040271967
0.004201394
0.004377688
0.003672989
0.004831048
0.0049524526
0.003735894
0.004123762
0.0037704345
0.004369969
0.0042680143
0.003746913
0.0039351364
0.003538254
0.0042869584
0.0038051307
0.004414274
0.0046515707
0.0039272173
0.0040346957
0.003959646
0.003833379
0.003911514
0.003587703
0.0038357116
0.003557219
0.003588076
0.0036731174
0.0033023648
0.0033629357
0.0032946833
0.0032182832
0.0033449996
0.00321745
0.00329196
0.0031124132
0.003431121
0.0031592462
0.0037907802
0.0040930123
0.0035821951
0.0034608145
0.003417739
0.003271098
0.0031878713
0.003421691
0.0033248395
0.0032828294
0.0034672106
0.00294252
0.0035094924
0.0033240095
0.003166021
0.0033499692
0.0032013375
0.0030661437
0.0029037234
0.003050863
0.0029195829
0.0030442048
0.0030630396
0.0028403632
0.0028837286
0.0028476266
0.002764495
0.0030102718
0.0029187694
0.0029469428
0.0028331925
0.0030012003
0.0029837026
0.002771592
0.003075382
0.0029831994
0.002941886
0.002943987
0.0027797315
0.0029188842
0.0028685771
0.002629935
0.0032252849
0.0031003088
0.0031552787
0.0027671177
0.0031412651
0.0032993543
0.0032592427
0.003019205
0.0032784138
0.0032018318
0.003128453
0.0029690042
0.003320663
0.0030563364
0.003124206
0.0029838458
0.0029478567
0.0028433965
0.003107557
0.0028711706
0.00297236
0.0029817745
0.0031844086
0.0033597865
0.0028824676
0.002984659
0.0029080492
0.0028474324
0.0027456146
0.0027067978
0.0026959039
0.00262029
0.0026699144
0.0026017465
0.0027737785
0.0027226068
0.002709714
0.0026951982
0.002860409
0.0027487408
0.0026996734
0.0027825355
0.0026633795
0.003003341
0.002984158
0.002600632
0.002743261
0.002717046
0.002798132
0.0027644774
0.0028648407
0.0029514683
0.0026797426
0.0025556602
0.0026306447
0.0026653633
0.0026558526
0.0025753705
0.002482197
0.00253463
0.0025009846
0.0026525736
