0.29043105
0.046283882
0.06567325
0.053971022
0.026336858
0.033380374
0.037379254
0.028924985
0.022682657
0.031427037
0.034030255
0.027322432
0.023054982
0.025246218
0.025562035
0.023423001
0.02294957
0.023431227
0.02363501
0.022659339
0.022341361
0.022752559
0.02198711
0.021625256
0.02149422
0.020733872
0.020893956
0.020734334
0.019857492
0.01996576
0.020140022
0.019434921
0.019615956
0.01997485
0.019293306
0.01898534
0.019058464
0.018604072
0.019158175
0.019764666
0.019067269
0.01824276
0.019077756
0.01935391
0.018371189
0.018541224
0.019069223
0.01894342
0.01789956
0.018488148
0.01901186
0.018450888
0.017750034
0.018817486
0.019214103
0.018171431
0.017749498
0.018074846
0.018355163
0.017576547
0.017970966
0.018264253
0.018105427
0.017536793
0.017624954
0.017984575
0.017725257
0.017359333
0.017632127
0.017797006
0.017409364
0.01729987
0.017488211
0.017406398
0.017259225
0.017231153
0.017261265
0.017116515
0.017342048
0.017210847
0.017283106
0.017226376
0.017146805
0.01712253
0.017047321
0.016971612
0.01719346
0.017052347
0.017039185
0.017012896
0.016885305
0.01702127
0.016826497
0.017077258
0.017097613
0.016886933
0.016755786
0.016873838
0.016586868
0.016945308
0.016722491
0.017314188
0.01727479
0.016503787
0.016725652
0.016720714
0.016446458
0.016701939
0.01656648
0.01651392
0.016558934
0.016559688
0.016235232
0.016854642
0.017052224
0.016082361
0.016958384
0.017487848
0.016575858
0.01652
0.016311744
0.016360888
0.016117686
0.015675
0.015567559
0.01548776
0.015809795
0.015507922
0.016066486
0.0165175
0.01526234
0.016247166
0.01740438
0.015868232
0.014887144
0.01535862
0.014566128
0.015545468
0.01640874
0.01488478
0.01470535
0.015481651
0.014270539
0.014740921
0.015541608
0.014214631
0.013944276
0.014496612
0.013381098
0.013922912
0.014475703
0.013322818
0.013020116
0.013249646
0.012698256
0.012713614
0.012804483
0.012079612
0.012046182
0.012334779
0.011532299
0.011765179
0.012151706
0.011222606
0.011165947
0.011259972
0.010916297
0.010851341
0.01098075
0.010434789
0.010571047
0.01063893
0.010181637
0.010289339
0.010711671
0.010273237
0.010653232
0.010683504
0.010969969
0.0104801385
0.009824808
0.009767721
0.010283926
0.009963624
0.009839382
0.009542569
0.009820591
0.00957631
0.009419144
0.009218361
0.009074103
0.008752301
0.009267506
0.008475783
0.009809037
0.00997008
0.008564967
0.009236486
0.009048331
0.008651897
0.008561972
0.008315708
0.008067851
0.008020653
0.007993829
0.007816751
0.007542275
0.007715445
0.007608074
0.007453155
0.0071218708
0.0072238375
0.007234263
0.0068038814
0.007044258
0.006760195
0.007401176
0.0067184493
0.0071106385
0.0074106194
0.006241998
0.007371767
0.0072804154
0.0067495466
0.0067339675
0.0059706583
0.0062173367
0.00610085
0.0059596095
0.0056567728
0.00579361
0.005576813
0.005615071
0.0054084375
0.005446146
0.0052350475
0.0053588874
0.0052951947
0.0050020753
0.005169513
0.0049198656
0.005111297
0.004953824
0.004823131
0.0046868506
0.0053194123
0.0049275174
0.0050002798
0.005719884
0.0053324867
0.00463987
0.004709475
0.0045463108
0.004519308
0.0045502777
0.0043464634
0.004158497
0.0044033504
0.004712773
0.0039645936
0.0045462237
0.004780955
0.0041848985
0.004023511
0.004380021
0.0042638597
0.0039415224
0.0040471517
0.003664504
0.00406368
0.0043881987
0.0037863043
0.0036261536
0.0039268523
0.004040217
0.003555471
0.0038751687
0.004513917
0.00367854
0.00405279
0.004862059
0.0046580317
0.004055924
0.0036722375
0.0037567776
0.0039675003
0.0036272695
0.003453608
0.0038602625
0.003792013
0.0037175987
0.0033979993
0.0040217186
0.004029528
0.003953677
0.0031317563
0.0038164419
0.0038656646
0.003954382
0.0034510873
0.0040296516
0.003722098
0.003621729
0.0036344528
0.0034944576
0.0030298627
0.003819438
0.0039400957
0.0035337321
0.0034956178
0.003226192
0.0031755085
0.0032068556
0.003097456
0.0034006617
0.0030934096
0.0033641662
0.00323296
0.0033282854
0.0031060965
0.0030704618
0.0030137512
0.0031197977
0.0030018848
0.003034447
0.0029027583
0.0031646441
0.0030307192
0.0029491503
0.003009354
0.0027138123
0.0027466072
0.0026792146
0.0026629828
0.0026302217
0.0025024854
0.0031827206
0.0030026578
0.002906086
0.0030524086
0.0027637954
0.0027414851
0.0026986126
0.0026616028
0.0026486802
0.00250427
0.0028755807
0.0026470118
0.0026822865
0.0027007859
0.0024591961
0.0024312546
0.002659653
0.0026170854
0.0025389052
0.0024414405
0.0025436284
0.0024966146
0.0024450524
0.0023450742
0.0024464633
0.0022646405
0.0027470558
0.002579727
0.0023711177
0.0023625807
0.0023968832
0.0022441663
0.0025633578
0.0024371396
0.0023592599
0.0023440428
0.002319296
0.0022195026
0.0024566317
0.002359412
0.0022669176
0.0022525375
0.002183562
0.0021012535
0.0023695987
0.0022779482
0.002245051
0.002243437
0.002201894
0.0022044147
0.0021430862
0.0020121608
0.0023387296
0.0022181522
0.0021742466
0.002137792
0.0021299429
0.0020921656
0.0021370694
0.0020533174
0.0021504227
0.0021355685
0.0020416307
0.0020027766
0.0021479276
0.002064048
0.0021737376
0.0020655782
0.0020452861
0.0019906175
0.0019861711
0.0018950988
0.0020851477
0.0019104155
0.0022864782
0.0022336652
0.0019359117
0.0021770392
0.0018889761
0.00281795
0.002926451
0.0020004765
0.0023810791
0.0025005257
0.0019073682
0.0024923251
0.0026265392
0.0021548383
0.0020593747
0.0023676772
0.0020183704
0.0022082143
0.0022579308
0.0019597665
0.0020958164
0.0020030001
0.0019017548
0.0019128158
0.0017892257
0.00185555
0.0019125735
0.0018167602
0.0019156458
0.0019343131
0.0017628135
0.0019509346
0.0019531986
0.0017501642
0.001751725
0.0017408901
0.0016986321
0.001794483
0.0016588522
0.0018270746
0.0017073327
0.0017769929
0.0017392096
0.0017485609
0.0017357051
0.0016418621
0.0016366738
0.0016666021
0.0015604282
0.0021857219
0.0018411782
0.0020968162
0.002210832
0.0018339664
0.0017959854
0.0018974984
0.0017569205
0.002083513
