0.29029825
0.048049074
0.07756445
0.058024477
0.024377966
0.042946305
0.053806286
0.039814208
0.024993205
0.026107684
0.029792475
0.028118433
0.024872353
0.023323322
0.024416633
0.025454044
0.022655463
0.022132292
0.02308841
0.021674896
0.02128844
0.021509357
0.020923411
0.020726476
0.020442149
0.020674095
0.020611288
0.019892318
0.021161944
0.021743296
0.02051457
0.019803189
0.020599462
0.020390436
0.019740285
0.019786118
0.01967148
0.019585691
0.01934815
0.019834498
0.01991991
0.019337257
0.019517338
0.019515073
0.019200271
0.01907444
0.018878434
0.019136941
0.018859066
0.018885508
0.018869335
0.018811712
0.018615544
0.018571028
0.01841292
0.018638493
0.018241316
0.018337935
0.018329285
0.017863445
0.017637173
0.017960003
0.017742412
0.017915236
0.017395323
0.017664656
0.01772462
0.016896335
0.016993321
0.01664855
0.016661875
0.01668682
0.016198954
0.016261086
0.0161788
0.015980778
0.015860496
0.015981829
0.015654625
0.015793016
0.015754985
0.01549425
0.015031886
0.015680255
0.015574206
0.015565712
0.015338104
0.014966239
0.014799364
0.014764992
0.014762063
0.0147505095
0.014889829
0.014228101
0.014699145
0.0152108995
0.014273587
0.014035481
0.014234112
0.01402803
0.013617833
0.013633694
0.013486429
0.013650708
0.013464772
0.014111738
0.013838028
0.013042401
0.012997943
0.013367712
0.0129942745
0.013446565
0.013451646
0.012675926
0.012536111
0.013393879
0.013207908
0.0126284985
0.012435786
0.012552704
0.012381126
0.012559221
0.012432708
0.012312908
0.01221094
0.012002272
0.011842672
0.012297645
0.012222488
0.01181459
0.011768531
0.011958297
0.011692296
0.01164065
0.011509455
0.011974189
0.011887019
0.011468823
0.011609659
0.011323556
0.011256716
0.011615676
0.011652011
0.011261391
0.011930928
0.011897116
0.011772838
0.011347291
0.012249626
0.0120684095
0.011568355
0.011596297
0.011202806
0.01119325
0.011210998
0.010947134
0.011492464
0.01157171
0.01118503
0.010876764
0.011502937
0.0111911995
0.010922031
0.010889384
0.011063297
0.011042736
0.01088652
0.010874574
0.010738913
0.0107170055
0.010712941
0.010587684
0.010740017
0.010592346
0.010626979
0.010627944
0.0103947865
0.010332022
0.0105339885
0.010392238
0.010534033
0.010493248
0.010277375
0.010258953
0.0102719115
0.010140227
0.010674669
0.010673891
0.010117204
0.011053969
0.0115236305
0.010507486
0.010762149
0.011356012
0.0109022735
0.010572874
0.010416829
0.010632596
0.010565246
0.010146744
0.010281435
0.0105040325
0.009964745
0.010836947
0.01135938
0.010732279
0.010318379
0.0103720585
0.0106690815
0.010183461
0.009930505
0.010214559
0.010365984
0.00980369
0.010379941
0.011004697
0.010526143
0.010190397
0.009877539
0.010216095
0.0104300305
0.009986318
0.009706817
0.009768819
0.00984458
0.009647873
0.009681664
0.0098440265
0.009680779
0.009696342
0.009513584
0.009554893
0.009616581
0.009293695
0.009420018
0.009401801
0.0091998475
0.009260214
0.009301792
0.009082084
0.009267397
0.009381988
0.009334062
0.009035524
0.009198611
0.009274497
0.009371667
0.009082121
0.009045317
0.009011406
0.009103349
0.009004356
0.008716018
0.008687657
0.008861952
0.008646143
0.008907353
0.008914194
0.008577506
0.008694216
0.008606122
0.0085135475
0.008436639
0.008359104
0.008378934
0.00823296
0.0083555365
0.008300258
0.008082784
0.008110811
0.008053259
0.007965818
0.007938127
0.007900468
0.007911563
0.0077661523
0.007864141
0.007900945
0.007551912
0.0077706217
0.0077283606
0.007499082
0.0074011716
0.0075074346
0.007552784
0.0072474964
0.0075901207
0.0075350683
0.0073164515
0.007614043
0.0074883588
0.007442293
0.0076065226
0.00756125
0.0072288774
0.0071404926
0.0076315315
0.0075887293
0.007451125
0.007101726
0.0081335595
0.008311951
0.0071275816
0.007197285
0.0072745807
0.00781281
0.0072362646
0.0075048804
0.0075851507
0.006904462
0.007866367
0.008099369
0.0076006516
0.0073820227
0.0069339904
0.0075630285
0.007936808
0.0070806765
0.0073310896
0.0077183754
0.0075877993
0.0072748116
0.0067942706
0.007183219
0.007342732
0.0069497987
0.006898699
0.0071712458
0.0067350273
0.006761674
0.0069362824
0.0067809853
0.006508484
0.0068863393
0.0069039525
0.0067294915
0.0064789257
0.0066164187
0.006534858
0.006316584
0.00625997
0.0069361157
0.0069498993
0.0062089395
0.006044477
0.0063498863
0.006250652
0.0063397456
0.006109353
0.006035469
0.0060145706
0.006131724
0.0059427973
0.005846213
0.005782547
0.0059555634
0.0057873335
0.005681967
0.0056166365
0.005772712
0.00565956
0.0055391863
0.005461899
0.0055637434
0.0054752375
0.005452935
0.0053721666
0.005455812
0.0053486223
0.0053635556
0.005274953
0.0053271875
0.005244357
0.0052146246
0.0051286654
0.005242569
0.005125242
0.0051537324
0.0050831665
0.0051168087
0.0050485684
0.0049970327
0.004910761
0.005034652
0.0049433033
0.00494023
0.0048149247
0.004991313
0.004903925
0.0047752657
0.0047037504
0.0048935064
0.0047914768
0.0047005275
0.00464534
0.004734183
0.004634546
0.0047065616
0.004603209
0.0046618576
0.0045971093
0.00458484
0.0044956966
0.0046270215
0.0045389323
0.004484152
0.004390518
0.0046232888
0.004551963
0.0043608677
0.0043059294
0.0045405645
0.0044550607
0.00430818
