0.37
0.33569488
0.30761072
0.28513193
0.2677118
0.2565373
0.25028586
0.24657427
0.24426684
0.24277781
0.24178553
0.24110477
0.24062459
0.24027629
0.24001661
0.23981749
0.23965918
0.23952904
0.2394185
0.23932421
0.23923968
0.23916145
0.23908767
0.23901677
0.23894712
0.2388821
0.23882078
0.23875819
0.23869425
0.23862869
0.23856029
0.23848882
0.23842318
0.2383628
0.23830609
0.23825066
0.23819827
0.23815332
0.23811564
0.23807457
0.23802905
0.23798068
0.2379304
0.23787893
0.23782445
0.23776922
0.23771174
0.23765264
0.23759049
0.23752849
0.2374649
0.23740113
0.23733456
0.23727039
0.23720014
0.23712848
0.2370533
0.23697346
0.23689853
0.23683968
0.23678619
0.23673123
0.23667397
0.23660733
0.23653913
0.23646332
0.23636825
0.23625763
0.23613527
0.23600996
0.23587216
0.23576358
0.23568158
0.23561
0.23552068
0.23543458
0.23535505
0.23529164
0.23520854
0.23514457
0.2350544
0.23497067
0.23485985
0.23475096
0.23459704
0.2344542
0.23428406
0.23412527
0.23395434
0.23378624
0.23361115
0.23343
0.23322055
0.23299725
0.23275821
0.23254257
0.23235469
0.23217586
0.23199369
0.2317999
0.2315933
0.23136139
0.23110318
0.23082072
0.23051038
0.2301683
0.22980763
0.22944105
0.2290864
0.22876106
0.22845423
0.22817019
0.227845
0.22753164
0.22721373
0.22695294
0.22667554
0.22642484
0.22617617
0.22596453
0.2257046
0.22540858
0.22511958
0.22480108
0.224494
0.22412562
0.22373995
0.2233444
0.22294006
0.22254565
0.22212137
0.22171992
0.22134179
0.22099733
0.22063814
0.22027229
0.2199015
0.21954298
0.21915357
0.21872628
0.2182889
0.21781766
0.2173283
0.21678853
0.2162297
0.21565132
0.21504389
0.21436886
0.21363169
0.21283822
0.21203291
0.21114954
0.21020806
0.20922217
0.2081938
0.20714669
0.2061082
0.20506003
0.20398776
0.20291062
0.20184155
0.20077856
0.19969787
0.19861348
0.19751978
0.19642644
0.19529746
0.1941505
0.19301635
0.19190757
0.19083454
0.18983966
0.18900417
0.18815714
0.18730013
0.18643548
0.18557093
0.18470371
0.18384805
0.18301791
0.18222424
0.1814614
0.18073304
0.18004665
0.17938498
0.1787582
0.17819023
0.17767547
0.17720793
0.17678007
0.17638741
0.17601895
0.17567986
0.1753688
0.17507727
0.17480417
0.17455328
0.17431663
0.17409271
0.17388378
0.17368014
0.17348267
0.1732931
0.17310892
0.17292452
0.17273483
0.17254773
0.1723621
0.17217852
0.17200145
0.1718236
0.17164816
0.17147577
0.17130882
0.17114747
0.17099145
0.17084333
0.17069313
0.17055014
0.17041261
0.17027058
0.17012072
0.16996235
0.1697916
0.1696144
0.16942908
0.16923462
0.16903196
0.16882406
0.16861348
0.16839862
0.16818145
0.16796175
0.16773838
0.1675153
0.16729367
0.16707811
0.16686055
0.1666498
0.1664381
0.16622953
0.16602431
0.1658191
0.16562007
0.16542491
0.16523452
0.16505164
0.16487318
0.1647014
0.16452703
0.16435464
0.16418335
0.16401666
0.16385032
0.1636856
0.1635166
0.1633481
0.16317959
0.16301513
0.16285613
0.16269547
0.1625301
0.16236041
0.16218443
0.16200651
0.16183007
0.161657
0.16148561
0.16131039
0.16113372
0.16095078
0.16077343
0.16059797
0.16041821
0.16024363
0.16006656
0.15989022
0.15971705
0.1595439
0.15936501
0.15918148
0.1589997
0.15882424
0.15864977
0.1584737
0.15829836
0.15812756
0.1579593
0.15778948
0.15761407
0.15743586
0.15725872
0.15708885
0.15691648
0.156741
0.15656698
0.15639362
0.15621766
0.15603942
0.15585814
0.1556861
0.1555141
0.15534283
0.15516995
0.15499137
0.15480869
0.15462239
0.15443556
0.15424892
0.1540572
0.15386042
0.15365714
0.15345648
0.15325701
0.15305816
0.15286008
0.15266429
0.15246941
0.15227352
0.1520716
0.15185735
0.15164249
0.15143165
0.1512211
0.1510064
0.15078716
0.15056469
0.15034373
0.15011747
0.14989047
0.14966096
0.14942926
0.14919807
0.14896928
0.14873569
0.14850904
0.14827874
0.1480467
0.1478141
0.1475786
0.1473451
0.14710966
0.14686857
0.14662446
0.14638008
0.14613925
0.14589687
0.14565878
0.14542222
0.14518735
0.14495987
0.14473648
0.14451104
0.14428475
0.14405702
0.14382397
0.14358678
0.14334081
0.14308883
0.1428367
0.14259377
0.14235996
0.14213954
0.14190648
0.14165406
0.14139007
0.14112048
0.14085469
0.1405662
0.14026105
0.13994752
0.13961856
0.13928647
0.1389539
0.13861123
0.13825995
0.13786916
0.13745366
0.13707052
0.13665037
0.13623318
0.13580543
0.13530397
0.13477625
0.13425803
0.1335318
0.13277553
0.13413702
0.13438956
0.13072364
0.13048972
0.12932612
0.1297057
0.1278606
0.12895016
0.12679029
0.13159265
0.13795187
0.13087875
0.12503429
0.1274442
0.12437452
0.1283572
0.13651758
0.13125107
0.12271079
0.12885302
0.12982608
0.12266188
0.12749906
0.13923945
0.13484535
0.122217715
0.12602352
0.13599971
0.13132036
0.12064655
0.12796059
0.14394403
0.14195095
0.12667002
0.11886334
0.123694524
0.12133377
0.11739139
0.12255876
0.12622166
0.12058829
0.11713904
0.11732024
0.11810187
0.12189298
0.12119189
0.117802925
0.119019836
0.11771524
0.12078168
0.12266838
0.11743414
0.11828888
0.11853396
0.11641197
0.11959227
0.11978709
0.11633407
0.118784815
0.11729617
0.116802
0.12168607
0.120088324
0.11598992
0.11706957
0.115487926
0.11969343
0.12274762
0.11651748
0.11572332
0.11724341
0.11455883
0.12041986
0.12521635
0.118182346
0.11482502
0.11852277
0.115066655
0.11560199
0.12122612
0.11736005
0.11389908
0.11618168
0.11371213
0.118368775
0.12450967
0.11856651
0.11336291
0.115778044
0.113242865
0.115912676
0.121131144
0.11603939
0.11301778
0.11561086
0.1128669
0.116959676
0.12317109
0.11768775
0.11263433
0.11506367
0.11273551
0.11529167
0.1201176
0.11519081
0.113237835
0.11624894
0.11328368
0.11679455
0.12261743
0.11725825
0.113345526
0.11632788
0.11351916
0.11530552
0.119925514
0.11519583
0.11386837
0.11719835
0.1138385
0.116734
0.12256326
0.11749565
0.113717996
0.11673808
0.11401387
0.11567261
0.12001508
0.11549991
0.114773445
0.117572226
0.11450525
0.117981695
0.12050796
0.11563282
0.11780104
0.11958903
0.115917996
0.119099975
0.11911878
0.11559506
0.11832998
0.11699054
0.115233615
0.11882645
0.11705648
0.11545345
0.117780276
0.11543682
0.1175782
0.11756686
0.11610153
0.118091434
0.11656018
0.117940344
0.117316835
0.118111394
0.11916657
0.1183462
0.11844936
0.11829702
0.1186204
0.11868153
0.11884598
0.1191737
0.11956876
0.11971007
0.1197832
0.11976156
0.119679935
0.119630866
0.11953869
0.11943281
0.119336545
0.11921809
0.11908913
0.118925296
0.11876995
0.118604295
0.11844827
0.11826968
0.11810089
0.11789725
0.11770736
0.1175131
0.11733098
0.11714007
0.11695113
0.116756186
0.116592675
0.11640081
0.11623015
0.11607376
0.1159249
0.115721196
0.11554941
0.11538157
0.11526198
0.115091346
0.11493895
0.11479396
0.11466479
0.11451261
0.11436365
0.114225335
0.11410231
0.11395752
0.113778256
0.11364723
0.11352017
0.11336037
0.11309827
0.112745605
0.11242877
0.11216526
0.111756176
0.11141284
0.11143517
0.11073755
0.110513404
0.11001798
0.10946392
0.108998135
0.10870898
0.108432785
0.108156346
0.108258806
0.1078993
0.107695326
0.10768604
0.10748489
0.10727848
0.10725205
0.107141264
0.10698603
0.10717698
0.10692829
0.10684607
0.10702919
0.10699135
0.10685388
0.10683287
0.10669698
0.10652435
0.10670268
0.106453165
0.10625778
0.10648831
0.10625907
0.10595352
0.10583681
0.10568455
0.105479784
0.105628945
0.10535058
0.105162844
0.10544497
0.1050945
0.10458908
0.10449146
0.10432306
0.10418832
0.104485124
0.104383454
0.104140386
0.104446724
0.10420684
0.103751846
0.10389443
0.103563376
0.10327208
0.103594296
0.10339131
0.103029385
0.10323177
0.10310248
0.10278402
0.103098564
0.1027457
0.10233149
0.10271667
0.102528505
0.10217799
0.10246439
0.102318615
0.10193141
0.102295674
0.10198034
0.10143036
0.10172243
0.101372406
0.10101914
0.101273134
0.10105252
0.100641295
0.100891635
0.10092721
0.10064453
0.101069555
0.10066408
0.10010808
0.100359805
0.10013706
0.099834636
0.09992144
0.09983477
0.099440075
0.09990007
0.09994153
0.09961863
0.09970662
0.0993902
0.09886295
0.09915702
0.09892478
0.09877568
0.098843694
0.09883371
0.09858735
0.09923569
0.099011965
0.0984568
0.09839225
0.09826303
0.097912714
0.09861384
0.09831603
0.097901486
0.09784162
0.09799844
0.09769277
0.09831395
0.09799231
0.09761513
0.0977565
0.09760888
0.097046055
0.09738458
0.09719862
0.09718559
0.09746285
0.09756832
0.096855946
0.09695776
0.09699213
0.09662158
0.09683945
0.09630188
0.09587832
0.09674182
0.09688663
0.09591276
0.095701605
0.09905931
0.101819105
0.09648031
0.09850547
0.095261976
0.0992881
0.100283384
0.095964834
0.097501196
0.09573446
0.09626598
0.09547563
0.09545446
0.09704232
0.09622764
0.09599599
0.09634859
0.09650246
0.09549164
0.09478312
0.09425043
0.092971966
0.09209472
0.0915209
0.09126703
0.09091591
0.09160712
0.09106467
0.09098003
0.0917751
0.0911628
0.091018096
0.091352485
0.09105699
0.09100251
0.09101725
0.090884544
0.091439925
0.09104796
0.09126663
0.09198509
0.092634074
0.09096637
0.09078666
0.09346509
0.09398668
0.09170682
0.09199626
0.094419286
0.09642803
0.0919866
0.094385944
0.091600336
0.09598673
0.09645577
0.092259645
0.093872935
0.09245553
0.09529296
0.094458476
0.093018204
0.09249512
0.09222322
0.090713754
0.08983185
0.09021665
0.08947478
0.0890038
0.08874346
0.09159515
0.09181931
0.09028403
0.09026007
0.09166217
0.091097504
0.088941894
0.08853514
0.088846184
0.0876538
0.087836705
0.087767795
0.0882178
0.08816915
0.08831848
0.09208092
0.09309665
0.090832785
0.090937525
0.09208803
0.09323202
0.0916213
0.091181435
0.09064079
0.09045022
0.08923039
0.088863865
0.08948368
0.08932887
0.08847456
0.08852106
0.09290444
0.09640124
0.09000399
0.092656635
0.08962848
0.097765416
0.10708842
0.09341797
0.090506
0.09242857
0.08871896
0.091229394
0.0891107
0.089693695
0.08970002
0.090451136
0.08838425
0.08829885
0.09155133
0.094080195
0.08791795
0.09180344
0.08818154
0.09586703
0.10736933
0.0943633
0.0878774
0.08985061
0.08749672
0.089516684
0.08749639
0.08776037
0.0896064
0.091286786
0.08706977
0.08827975
0.0865965
0.08738346
0.08661663
0.086436346
0.086434454
0.08580355
0.08539332
0.08511198
0.084767066
0.08455799
0.08407335
0.083478205
0.083179526
0.083217345
0.08308353
0.083034016
0.082760766
0.0832438
0.08293505
0.08294546
0.0850995
0.08592761
0.08308032
0.083421186
0.08690533
0.0904219
0.08374775
0.08628162
0.08337401
0.09103416
0.10109764
0.08888351
0.08358572
0.08302065
0.08686188
0.08982598
0.084670894
0.088821426
0.08562944
0.09549248
0.108424254
0.09462578
0.08561748
0.089517444
0.08392419
0.08888254
0.086307935
0.084588684
0.084698774
0.09026365
0.094771825
0.08713372
0.08961996
0.08711143
0.09592366
0.10867228
0.095363714
0.086045474
0.08515782
0.085949026
0.086904146
0.081707805
0.08224866
0.08170524
0.0826914
0.08234366
0.083172195
0.08722543
0.09315701
0.0861195
0.08711241
0.0856925
0.093338266
0.10173974
0.08913636
0.08380517
0.08182422
0.085876174
0.08758716
0.0804474
0.08544268
