0.37
0.33613214
0.30832058
0.2859765
0.26857927
0.25726783
0.2508562
0.24704455
0.2446713
0.24313805
0.24211611
0.24141607
0.24092436
0.24057072
0.2403102
0.24011582
0.23996687
0.23984955
0.2397549
0.23967703
0.23961097
0.23955345
0.23950256
0.23945618
0.23941307
0.23937254
0.23933566
0.23930313
0.23927109
0.23923783
0.23920384
0.23916957
0.23913495
0.23909861
0.2390638
0.23902875
0.23899312
0.2389597
0.23892666
0.23889512
0.23886181
0.23882495
0.23878454
0.23874097
0.23869334
0.23864307
0.2385984
0.23855522
0.23851529
0.23847918
0.23844327
0.2384049
0.23836179
0.23831235
0.23825598
0.2381978
0.23814133
0.2380836
0.23802485
0.2379628
0.23789647
0.23781405
0.23773277
0.23764542
0.23755224
0.23745336
0.23734973
0.23724099
0.23713335
0.23701884
0.23690012
0.23678628
0.23667592
0.23656459
0.23645224
0.23634456
0.23624527
0.23615804
0.23606254
0.2359761
0.23587443
0.2357755
0.23568553
0.23560931
0.23553222
0.2354424
0.23534778
0.23526616
0.23515454
0.23503138
0.23491117
0.23479919
0.23472463
0.2346693
0.23461129
0.23455022
0.23447184
0.23439763
0.23430222
0.23423597
0.23411372
0.23402293
0.23390323
0.23377739
0.23369558
0.23363265
0.23356956
0.23348822
0.23337814
0.23323765
0.23313259
0.23305087
0.23300847
0.23294085
0.23287193
0.23278952
0.23262924
0.23254661
0.23230402
0.23211224
0.23193736
0.23172317
0.2315332
0.23130013
0.23107734
0.23077032
0.23048796
0.23038504
0.23013717
0.23008098
0.22991943
0.22987063
0.22963855
0.22947289
0.22932898
0.22939686
0.22938436
0.2290689
0.22903122
0.22884099
0.22889203
0.22862777
0.2281913
0.22803274
0.22771059
0.22753988
0.22686225
0.22662397
0.22607099
0.22596471
0.22582094
0.22495414
0.22467229
0.22437136
0.22357084
0.2235406
0.2226692
0.22187524
0.22178136
0.22064382
0.22050951
0.21981929
0.21880327
0.21872707
0.21764068
0.21745539
0.21696335
0.21605153
0.2161727
0.21512996
0.21506953
0.21478744
0.21370259
0.21356064
0.21286789
0.21198954
0.21192035
0.2108375
0.21056698
0.21063107
0.20912723
0.20909937
0.20833106
0.20754194
0.20786881
0.20666227
0.20662083
0.20630126
0.20530991
0.20576775
0.2047397
0.20413448
0.20426764
0.20302956
0.2028477
0.20306362
0.20100069
0.20131518
0.20113073
0.19935702
0.19971833
0.20024209
0.19766544
0.19849981
0.19952054
0.19806884
0.1956847
0.19747315
0.19705424
0.19405526
0.19551717
0.19696404
0.1954363
0.19233672
0.19405715
0.19480455
0.19154601
0.1921342
0.19425893
0.19315138
0.19017547
0.19130912
0.19170116
0.18913601
0.19115765
0.19352074
0.19221763
0.18857028
0.18876657
0.18939327
0.18717656
0.18926933
0.19165781
0.19013442
0.18637978
0.18733887
0.18771696
0.18514432
0.18744126
0.19029628
0.1888449
0.18449202
0.18441455
0.18465298
0.1828491
0.18462154
0.18778941
0.1880953
0.18432273
0.18174835
0.18237922
0.1812102
0.18262853
0.18669844
0.18805602
0.184514
0.18052384
0.18092555
0.18040591
0.17985304
0.1826071
0.1853603
0.18462166
0.18013377
0.17939788
0.17936625
0.17883953
0.18125045
0.18424053
0.18380299
0.17912403
0.17828844
0.17818174
0.17777371
0.18040003
0.18344396
0.18269388
0.17768988
0.17715487
0.1771359
0.1762955
0.17897095
0.18250884
0.18242449
0.1773456
0.1759201
0.17583738
0.17602749
0.17934057
0.18238445
0.18097548
0.17589958
0.17613006
0.17602015
0.17473769
0.17752975
0.18154137
0.18172261
0.17619742
0.17392038
0.17374486
0.1746648
0.17855969
0.18149279
0.17933492
0.17430517
0.17360918
0.17317928
0.17430127
0.1789211
0.18024851
0.17524734
0.17218915
0.17174552
0.17232127
0.17538594
0.17885523
0.17850387
0.17373453
0.17054065
0.17025857
0.16994363
0.17100003
0.17288464
0.17487735
0.17673649
0.17709558
0.17435871
0.17139451
0.17032793
0.17014089
0.17074136
0.17306444
0.1759292
0.17482977
0.17094497
0.16955832
0.16951261
0.16963632
0.17224346
0.17540579
0.17413516
0.16931608
0.16909319
0.16832079
0.17150678
0.17870271
0.18040739
0.17315349
0.16780338
0.16944301
0.1677876
0.1704835
0.17849857
0.18123958
0.17424096
0.16599049
0.17350791
0.17518365
0.16667381
0.16754363
0.17838122
0.18403088
0.17860551
0.166627
0.16430165
0.16592373
0.16265377
0.16882649
0.18055724
0.1858007
0.17961638
0.16641429
0.16270371
0.16434067
0.16160779
0.16731313
0.17829664
0.18298893
0.1762931
0.16359589
0.16298553
0.16529642
0.16092081
0.16520713
0.17674126
0.18219785
0.17607932
0.16361336
0.16177984
0.16376467
0.1603022
0.16568114
0.17758149
0.18307602
0.17683056
0.1636863
0.16096976
0.16274208
0.15969993
0.16542947
0.17718631
0.18249075
0.17593853
0.1627884
0.16047566
0.16252053
0.15913829
0.16435856
0.17629132
0.18180256
0.1753585
0.16217531
0.15993463
0.16188218
0.15859365
0.16404988
0.17609991
0.18165055
0.17510207
0.16174635
0.15939651
0.16137981
0.15811233
0.16349687
0.1756663
0.18127732
0.17464995
0.16119051
0.15895668
0.16095331
0.15763901
0.162978
0.17522049
0.1808759
0.17418718
0.16064781
0.15855241
0.16058783
0.15720205
0.16239387
0.17472252
0.18043208
0.17369786
0.16011688
0.15816918
0.1602388
0.15678632
0.16188279
0.17428602
0.18003675
0.17325392
0.1596156
0.1578124
0.15990686
0.15637627
0.16138282
0.17384982
0.17964631
0.17281462
0.15915816
0.15745173
0.1595881
0.1560001
0.16089703
0.17340066
0.1792277
0.17235844
0.15867463
0.15715805
0.15932381
0.15566728
0.1604313
0.17300525
0.17887783
0.17197426
0.1582771
0.15686159
0.1590495
0.15534006
0.16001064
0.17260233
0.17849432
0.17155214
0.15786172
0.15658492
0.15881662
0.15503491
0.15958486
0.1721855
0.17810072
0.17111315
0.15743037
0.15636969
0.15865329
0.15476584
0.15911031
0.1717098
0.17764366
0.17062995
0.15700108
0.15618424
0.15852314
0.15452237
0.15867792
0.17127976
0.17723712
0.17019624
0.15661691
0.15601154
0.1583943
0.15429316
0.15826665
0.17084381
0.17680848
0.16973653
0.15623121
0.15588172
0.1583255
0.15410604
0.15784529
0.17039335
0.17638032
0.16928284
0.15583247
0.15576673
0.15826017
0.15391997
0.15742332
0.16997553
0.17599617
0.1688779
0.15546678
0.15563397
0.15817577
0.15372732
0.15703435
0.16955425
0.17558934
0.16844004
0.15513062
0.15550202
0.1580774
0.15354426
0.1566735
0.16915135
0.17519107
0.16800226
0.15475763
0.1554176
0.15805435
0.15339242
0.15625411
0.16869077
0.17475377
0.16754963
0.15439844
0.15532666
0.15801552
0.15323955
0.155857
0.16824216
0.17432088
0.16710639
0.15406676
0.15521955
0.15793388
0.15307215
0.15549178
0.16782548
0.17387971
0.16663133
0.1536788
0.15517227
0.15794325
0.15293226
0.15506522
0.16733186
0.17342989
0.16619572
0.15332027
0.15498222
0.15776987
0.15270376
0.15471292
0.16698147
0.1730808
0.16581339
0.15298012
0.15485036
0.15767224
0.15252468
0.15431643
0.1665525
0.17266911
0.16539277
0.15262122
0.1546614
0.15749261
0.15227686
0.15395786
0.16616368
0.17225474
0.16491425
0.15223551
0.15459646
0.15750259
0.15214044
0.1534837
0.16562797
0.1717958
0.1644969
0.1518816
0.15429436
0.15717271
0.15179463
0.1531864
0.1653592
0.17147474
0.16408116
0.1514934
0.15421723
0.15720464
0.15168323
0.15267152
0.1647588
0.17096803
0.16361481
0.15111996
0.15393364
0.15689166
0.15132509
0.15235281
0.16444899
0.17058152
0.1631165
0.1506981
0.15388745
0.15697926
0.15123294
0.15179567
0.1637799
0.17001383
0.16262354
0.15031888
0.15355271
0.15656589
0.15075529
0.15147986
0.16357349
0.16976245
0.16223843
0.14988886
0.15328239
0.15641832
0.15050885
0.15096441
0.16300452
0.16929267
0.1618127
0.14946507
0.1528866
0.15602139
0.15008968
0.15053396
0.16261667
0.16887616
0.16132717
0.14898086
0.15257323
0.1557597
0.14973637
0.15003912
0.16208939
0.16839522
0.1608218
0.14851333
0.15220234
0.15541136
0.14930427
0.14950436
0.16156118
0.16791442
0.16029055
0.14800183
0.1516653
0.15485306
0.1487221
0.1490303
0.16123256
0.16765699
0.15991658
0.14749986
0.15116791
0.15440772
0.14826994
0.14848411
0.16070724
0.16721508
0.1593817
0.14694603
0.15064204
0.15383476
0.14763846
0.14793144
0.16030481
0.16683601
0.15883856
0.14629844
0.1500119
0.15317115
0.14695631
0.14727509
0.15976775
0.16641814
0.15835074
0.14573307
0.14932273
0.1525301
0.14640707
0.14676316
0.15929776
0.1659905
0.15788493
0.1452495
0.14894949
0.15222196
0.14608316
0.1463007
0.15877286
0.16543673
0.15729316
0.14483768
0.14879078
0.15204225
0.14580725
0.14588761
0.15833545
0.16497765
0.15677214
0.14441258
0.1486076
0.15193881
0.1455891
0.14539
0.15771432
0.16444379
0.15627883
0.14400175
0.14821672
0.15150738
0.14516982
0.14501417
0.15738793
0.16407946
0.15583025
0.14360952
0.14794014
0.15125307
0.1448647
0.144582
0.15687747
0.16361387
0.15539022
0.14322086
0.14753884
0.15084557
0.14448392
0.14418562
0.1565192
0.16328526
0.15504104
0.14285411
0.14714462
0.15042605
0.14410153
0.14383154
0.1561347
0.16280648
0.15447769
0.14246362
0.1470348
0.15037706
0.14392446
0.14333774
0.15550835
0.16225287
0.15398116
0.14203691
0.14667419
0.15000346
0.14353582
0.14287888
0.15505359
0.16176124
0.15344763
0.14157464
0.14638045
0.14971694
0.14318828
0.14239366
0.15453266
0.16125028
0.15291263
0.14111117
0.14600724
0.14931345
0.1427396
0.1419061
0.1540492
0.16079478
0.15243016
0.14064276
0.14554574
0.14887464
0.14230923
0.14140485
0.15356301
0.16036534
0.15198626
0.14014554
0.1451027
0.14844048
0.14186014
0.1409433
0.15309834
0.15983015
0.15138793
0.13966022
0.1449074
0.14832799
0.14160785
0.14035489
0.15233618
0.15912461
0.15071684
0.13913998
0.14441949
0.14772356
0.14093758
0.1399011
0.15203421
0.15878983
0.1502603
0.1386296
0.14391714
0.14736368
0.14054516
0.13930567
0.15133715
0.15819936
0.1497332
0.13808593
0.14339848
0.14685997
0.13999209
0.13876244
0.15085389
0.15768987
0.14908205
0.13751458
0.14309393
0.14662686
0.13961132
0.1381281
0.15016869
0.15702558
0.148418
0.13691254
0.14254177
0.14595394
0.13887073
0.13756631
0.14977135
0.15670635
0.14796185
0.13630827
0.14178377
0.14529867
0.13827115
0.13692053
0.1491806
0.15619543
0.14744537
0.13566059
0.14119451
0.14473587
0.13766809
0.13633572
0.14866558
0.15561414
0.14672302
0.13505352
0.14076328
0.14421408
0.13700621
0.13571218
0.14812562
0.15511024
0.14611933
0.1343679
0.14001445
0.14353223
0.1363042
0.1349467
0.147395
0.15447785
0.14542224
0.13356356
0.13922209
0.14269719
0.13544774
0.13420281
0.14684509
0.15393388
0.14470237
0.1328214
0.13848768
0.14188997
0.13466933
0.13358885
0.1463579
0.15358964
0.14435606
0.13226141
0.13764724
0.14115654
0.13411137
0.13305663
0.14579827
0.15305853
0.1438223
0.13175502
0.13728304
0.14082181
0.13372883
0.1325489
0.1452518
0.15246752
0.1431835
0.13127446
0.13695343
0.14041512
0.13322838
0.13210264
0.1448488
0.152116
0.1428174
0.13085294
0.13644323
0.14003038
0.1329127
0.13162917
0.14424442
0.15159091
0.14237759
0.13043536
0.13602743
0.13955455
0.1324582
0.13128121
