0.37
0.3340564
0.30500165
0.282105
0.26472032
0.25388527
0.24801885
0.24464585
0.24261816
0.24135338
0.24053743
0.23999228
0.23961496
0.239341
0.2391335
0.23896933
0.23883237
0.23871349
0.23860578
0.2385068
0.23841102
0.23831813
0.23822716
0.2381368
0.23804589
0.23795713
0.23787473
0.23779409
0.23771343
0.23763832
0.2375604
0.23748139
0.23740444
0.23732549
0.2372484
0.23716794
0.23709503
0.23702765
0.2369618
0.23688044
0.23677787
0.23666447
0.23655644
0.23644742
0.23633802
0.23622872
0.23613246
0.2360364
0.23594505
0.2358479
0.23573998
0.2356351
0.23552178
0.23542356
0.23532021
0.23520422
0.23511378
0.23499385
0.23484528
0.23469856
0.23453705
0.2343606
0.23418127
0.23403355
0.23386726
0.23370084
0.23353095
0.23338836
0.23326556
0.23314552
0.23301081
0.23285489
0.23270884
0.23252393
0.23231035
0.23213707
0.23195226
0.23177993
0.23162758
0.23151696
0.23138608
0.23119967
0.23099445
0.23075233
0.23049246
0.23022647
0.22998159
0.22975083
0.22951464
0.22927684
0.22907679
0.22891736
0.22879367
0.22867858
0.22855234
0.228401
0.22824024
0.22805257
0.2278793
0.2277107
0.22754875
0.22738339
0.22720917
0.22702196
0.22681473
0.22659363
0.2263606
0.2261378
0.2258964
0.22563006
0.22538625
0.2251339
0.22491224
0.2246675
0.22443499
0.22421168
0.22396144
0.22373311
0.22344482
0.22324757
0.22298731
0.22280967
0.2225324
0.22231606
0.22196536
0.22166
0.22112559
0.22061335
0.21990402
0.21920125
0.21833919
0.21752729
0.21660046
0.21554951
0.21472783
0.21367465
0.21278319
0.21171553
0.21080369
0.20996277
0.2091241
0.20827892
0.2073832
0.20666227
0.2059015
0.20530014
0.20440935
0.20362571
0.20280026
0.20213443
0.20145811
0.20053262
0.19970773
0.19889922
0.19818449
0.19751336
0.19671252
0.19588582
0.19520625
0.19449829
0.19387372
0.19327584
0.1925386
0.19186537
0.19123271
0.19056106
0.18998447
0.18934824
0.1887039
0.18808879
0.1874396
0.186841
0.1862122
0.18564487
0.18508863
0.18448685
0.1839118
0.18331094
0.18272296
0.1821345
0.18154952
0.18097965
0.18039419
0.17982496
0.17923944
0.17865013
0.17804529
0.17744142
0.17684446
0.1762573
0.1756843
0.17511895
0.17456709
0.17401561
0.17346522
0.17291524
0.1723592
0.17179534
0.1712268
0.17065884
0.17010368
0.16956311
0.16904025
0.16853054
0.16803233
0.16753891
0.1670524
0.16657548
0.16611789
0.16567731
0.16525356
0.16484077
0.16443636
0.16402969
0.16362074
0.1632174
0.16283111
0.16246141
0.16210167
0.1617545
0.16141947
0.16110225
0.16079448
0.16049702
0.16020724
0.15993081
0.1596631
0.1594012
0.15914336
0.15888964
0.158645
0.15840793
0.1581781
0.15794568
0.15771121
0.15748441
0.15726772
0.15705746
0.15684481
0.15662952
0.15641603
0.15620627
0.1560005
0.1557922
0.15557422
0.15535225
0.1551367
0.15492344
0.15471005
0.15449433
0.1542799
0.15406483
0.15385419
0.15364634
0.1534367
0.15322489
0.1530119
0.15280211
0.15259407
0.15238516
0.15217763
0.1519712
0.15176345
0.15156469
0.15137173
0.15117718
0.15097709
0.15077943
0.15058726
0.15039454
0.15020253
0.15000576
0.14981002
0.1496179
0.14942643
0.14923045
0.14903367
0.14883815
0.14864154
0.14844643
0.14824852
0.14804906
0.14784904
0.14764713
0.14744672
0.1472479
0.14704715
0.14684567
0.1466477
0.14645344
0.14625797
0.14606105
0.14586595
0.1456697
0.14547431
0.14527802
0.1450803
0.14488226
0.14468293
0.14448439
0.1442879
0.14409141
0.14389762
0.14370534
0.14351618
0.14332902
0.14314309
0.14296137
0.14278354
0.14260565
0.14242908
0.14225374
0.14208224
0.1419133
0.1417496
0.14158802
0.14142837
0.14126955
0.14111754
0.14096901
0.1408216
0.14068721
0.14055413
0.14042495
0.14029768
0.14017025
0.14004558
0.13992675
0.13980946
0.13969268
0.13957539
0.13945843
0.1393419
0.1392258
0.13911085
0.13899566
0.13888302
0.13876878
0.13865387
0.13853668
0.13842703
0.13831502
0.13820854
0.13810354
0.13800444
0.13790649
0.13781026
0.13771512
0.13762692
0.13753374
0.1374378
0.13733649
0.13723525
0.13713242
0.13702446
0.13691093
0.13679427
0.13667543
0.1365532
0.13642769
0.1362984
0.136172
0.1360484
0.13592623
0.13580453
0.13567758
0.1355472
0.13541104
0.13527076
0.13512754
0.13498138
0.13483389
0.13468465
0.13453016
0.13437147
0.13421084
0.13405214
0.13389844
0.13374387
0.13358945
0.13343379
0.13327603
0.13311462
0.13294704
0.13277294
0.13259421
0.13241129
0.13222434
0.13203299
0.13183881
0.13164093
0.13143809
0.13122891
0.13101882
0.13080505
0.13058399
0.13035734
0.13012967
0.12990193
0.1296757
0.12944269
0.12920766
0.1289749
0.12874347
0.12851235
0.12828185
0.12805054
0.12782
0.12759112
0.1273587
0.12712343
0.12689637
0.12667024
0.12644738
0.12620962
0.12596953
0.12574182
0.12552369
0.12530626
0.12507361
0.12485342
0.12464057
0.12444715
0.12424055
0.12402185
0.123829514
0.12363799
0.12346773
0.12328078
0.12308461
0.122925885
0.12276212
0.1226262
0.122465044
0.12227552
0.12211811
0.12196231
0.12181206
0.121670395
0.121474214
0.12131117
0.121161446
0.12101496
0.12090004
0.12072033
0.12055919
0.12042314
0.120260924
0.12015247
0.11996485
0.119768955
0.119609855
0.11938521
0.11921744
0.118948415
0.118651845
0.11847901
0.118255846
0.118152365
0.11802994
0.117822126
0.11774047
0.117585324
0.11749359
0.11740682
0.11718881
0.11712415
0.11696607
0.116842
0.116763964
0.11652682
0.116456196
0.116306104
0.116135366
0.11607996
0.115827054
0.11577304
0.11566059
0.11544116
0.11541232
0.11517484
0.115083285
0.11505281
0.11479029
0.11479572
0.11459081
0.11445992
0.114515625
0.114151634
0.11409986
0.11390382
0.11375365
0.113852605
0.11339181
0.1133086
0.11309456
0.11292893
0.11315647
0.11259745
0.1122192
0.11200293
0.111665815
0.111725174
0.11143175
0.11113528
0.111079626
0.110792086
0.110819206
0.110521965
0.11007944
0.10992405
0.10955354
0.109445915
0.109237306
0.10902002
0.10894923
0.1086978
0.10869363
0.1084063
0.10825208
0.108125366
0.10800181
0.108014144
0.10763048
0.10758254
0.10720516
0.10736145
0.10716161
0.10643934
0.10639986
0.10581763
0.10588027
0.10607094
0.10515111
0.105052166
0.10483936
0.10473059
0.1053895
0.10476441
0.1040819
0.10406844
0.10361056
0.10379942
0.103795074
0.10321855
0.10338949
0.10325667
0.103358656
0.10361235
0.10239807
0.102040395
0.10194343
0.1011374
0.10135637
0.101632476
0.10078327
0.100607544
0.10046915
0.10032783
0.10079502
0.10027384
0.09977925
0.09978246
0.09932839
0.099494755
0.099368624
0.09894506
0.09897119
0.0986247
0.098776706
0.09857256
0.09801088
0.098025665
0.097570874
0.097808234
0.0975878
0.09694123
0.096827775
0.09617197
0.09650741
0.09646239
0.09542109
0.0956086
0.095166095
0.09515047
0.09567288
0.094794884
0.094637
0.09421862
0.094153516
0.0944928
0.093714155
0.093959175
0.0938215
0.09366684
0.09407425
0.09315822
0.09318507
0.09293762
0.09266345
0.092998356
0.092340104
0.0925124
0.092467465
0.092249826
0.092700675
0.09189105
0.09137056
0.09138979
0.09068424
0.09118024
0.091544494
0.09030819
0.09077324
0.091206975
0.09024357
0.09095256
0.092079565
0.09030165
0.088933654
0.089413635
0.08870806
0.08842894
0.08921735
0.08867773
0.08831583
0.08856039
0.088213116
0.08875261
0.08916847
0.08778804
0.08767354
0.08855588
0.08758194
0.08708693
0.0882748
0.087856665
0.08705374
0.08722095
0.08672808
0.08703395
0.08734022
0.08648347
0.087159164
0.08771174
0.086881876
0.08764403
0.08871748
0.08710489
0.08590543
0.08663704
0.086073704
0.08562849
0.08635332
0.086034864
0.085783295
0.08612179
0.08584495
0.08633103
0.08656073
0.08529752
0.08573279
0.08717682
0.08617191
0.0849135
0.08603904
0.08573188
0.085068665
0.08543987
0.08482797
0.085007355
0.085037954
0.08487194
0.08540514
0.084992506
0.08513508
0.08480453
0.08457455
0.085042164
0.08444688
0.0845229
0.08464774
0.08432871
0.08479142
0.08440134
0.08422904
0.084125094
0.08415309
0.084689066
0.08401076
0.08407391
0.08414219
0.0836938
0.08414475
0.083781764
0.083589144
0.08360439
0.083598524
0.08394061
0.08334283
0.08325276
0.08295757
0.083226345
0.08384416
0.08279447
0.082853995
0.08267261
0.08258067
0.08324847
0.08246764
0.082276344
0.0822225
0.08219012
0.082673684
0.08216762
0.08188545
0.08173843
0.08152833
0.08212616
0.08178115
0.081233434
0.081482865
0.08096897
0.08139471
0.08199077
0.08102
0.08063347
0.08062465
0.08023351
0.08086098
0.08092966
0.08025817
0.080354296
0.07998767
0.079962775
0.08098014
0.080541804
0.07958716
0.07990849
0.07959749
0.07947561
0.0804739
0.08017167
0.07949388
0.07938949
0.07913149
0.07960527
0.080191694
0.079434104
0.07898493
0.0788338
0.07862795
0.079295225
0.079300225
0.079042576
0.07921856
0.078449704
0.078747764
0.08011882
0.07959816
0.07830879
0.078132175
0.07783481
0.078079216
0.07898275
0.07844791
0.07820297
0.07803183
0.07785655
0.07859215
0.07882652
0.078039505
0.077820875
0.07750965
0.07786183
0.07869961
0.07808459
0.07764745
0.0773965
0.077336945
0.07807703
0.078304484
0.077917464
0.07801863
0.07741032
0.07761896
0.07900794
0.07892966
0.077911705
0.07720421
0.076571725
0.076804236
0.077408805
0.07694825
0.07688504
0.07697385
0.07636122
0.07750878
0.07920451
0.07791918
0.07665125
0.07670529
0.076064974
0.076909624
0.07827149
0.07727461
0.076232985
0.07656201
0.076477766
0.07689682
0.0779861
0.07781988
0.07725627
0.076864205
0.0769321
0.07776452
0.07796308
0.07747757
0.0764696
0.07554694
0.07589562
0.07634784
0.075842395
0.076206885
0.07675931
0.07558036
0.07552634
0.07699544
0.07650907
0.075428344
0.07512791
0.07462405
0.07528137
0.07613838
0.07496761
0.074938536
0.07540485
0.07476819
0.07639028
0.078666314
0.07753867
0.0758144
0.07608841
0.07563485
0.075662695
0.07700462
0.07687868
0.07576617
0.075781874
0.07587466
0.07597146
0.07681233
0.07717732
0.076577656
0.075841986
0.07533649
0.076027915
0.07724586
0.07708038
0.07581178
0.074478865
0.07444075
0.0744947
0.07487168
0.07489896
0.074990846
0.07539825
0.07485639
0.074514896
0.07611281
0.07691961
0.07635353
0.074883215
0.07419831
0.07439847
0.07468915
0.07487771
0.074923754
0.07521545
0.07460658
0.073935896
0.07523316
0.0765522
0.07620938
0.074857704
0.07406822
0.07434271
0.074453555
0.07460297
0.07491688
0.07487828
0.07415089
0.07394011
0.07494312
0.07554668
0.0747686
0.07360329
0.073744856
0.07353807
0.073695585
0.07423085
0.074465394
0.07432407
0.074027576
0.07445676
0.076193705
0.07648074
0.075994596
0.074582666
0.07401592
0.0741905
0.07395189
0.073892176
0.07416675
0.07474167
0.07396461
0.07323284
0.07470879
0.07540881
0.07434871
0.0730548
0.0731262
0.07339941
0.07330553
0.073662005
0.073993735
0.07420455
0.073672555
0.07334279
0.07449531
0.074994974
0.074216664
0.073132545
0.07343606
0.07332401
0.0735188
0.07394713
0.07412471
0.07421392
0.0738767
0.07376797
0.07534938
0.07594581
0.07532263
0.07407063
0.073649645
0.07385257
0.073632866
0.07381212
0.07375393
0.07457856
0.074468374
0.073069856
0.07383067
0.0760705
0.07472501
0.072800264
0.0731293
0.073171616
0.07275671
0.074056864
0.0735595
0.0734241
0.073859155
0.07308988
0.0737837
0.07456925
0.07395668
0.073769584
0.07431362
0.073722035
0.07445684
0.07575581
0.07500149
0.07301155
0.07353901
0.073950686
0.07276351
0.072942324
0.07389437
0.0744102
0.073265664
