0.37
0.34154207
0.31723088
0.29675186
0.27983
0.26620963
0.2569654
0.2514411
0.24796845
0.24570122
0.24417172
0.24311037
0.24235591
0.24180755
0.24139898
0.24108711
0.24084434
0.24065107
0.2404942
0.2403649
0.2402555
0.24016118
0.24007879
0.24000481
0.2399368
0.23987402
0.23981465
0.23975708
0.23970003
0.23964296
0.23959786
0.2395592
0.2395196
0.23947774
0.23943476
0.23939122
0.23934698
0.23930061
0.23925273
0.23920436
0.23915467
0.23910306
0.2390505
0.23899539
0.23893616
0.23887202
0.23880397
0.23873898
0.2386779
0.23862633
0.23858124
0.23853625
0.23848581
0.23842748
0.23836218
0.23828787
0.23821071
0.23814252
0.2381021
0.23807271
0.23805118
0.23802826
0.23800509
0.23797038
0.23792997
0.23788027
0.23782831
0.23776662
0.23770908
0.23766612
0.23763539
0.2376104
0.23759137
0.2375604
0.23751792
0.23746495
0.23740712
0.2373388
0.23726761
0.23719317
0.23711075
0.23703021
0.23694052
0.23685138
0.23675324
0.23664974
0.23653632
0.23641935
0.23629689
0.23617424
0.23604782
0.23591766
0.23577827
0.23563454
0.23547922
0.23531774
0.2351442
0.23495886
0.23476414
0.23455814
0.23435023
0.23411657
0.23388934
0.2336532
0.23340906
0.23315008
0.23286077
0.23257734
0.23226021
0.23193939
0.23156048
0.23120524
0.23086034
0.23049995
0.23013657
0.229746
0.22934051
0.22894913
0.22853933
0.22812411
0.22771764
0.22740644
0.22717436
0.226978
0.22669062
0.22636385
0.22600459
0.22561675
0.22518301
0.22475411
0.22435804
0.22395831
0.22352959
0.22308843
0.22263977
0.22221214
0.22181666
0.22137782
0.22088958
0.22039625
0.21989693
0.21938528
0.21886528
0.2183257
0.21777196
0.21722405
0.21667595
0.2160913
0.21548441
0.21484983
0.21422191
0.2135696
0.21289395
0.21218438
0.21144871
0.21066885
0.20985194
0.20899858
0.20813313
0.20723449
0.20632558
0.20540424
0.20447753
0.20353204
0.20256744
0.20157734
0.20054792
0.19949327
0.19843563
0.19735263
0.19623038
0.19506569
0.19388899
0.19269474
0.19147737
0.1902983
0.18924828
0.18823007
0.18725663
0.18628429
0.18534301
0.1844449
0.18356393
0.18271942
0.18198122
0.18127094
0.18059605
0.17999054
0.17942138
0.17886774
0.17832527
0.17779961
0.17730306
0.17686129
0.17646095
0.17606965
0.17568858
0.17532867
0.17498618
0.17465034
0.17431799
0.1739875
0.17366344
0.1733522
0.17307772
0.17281765
0.17259772
0.17237364
0.17218906
0.17202328
0.17186068
0.17171736
0.17156018
0.1714198
0.17127536
0.17113948
0.17099024
0.17082673
0.17066188
0.17048746
0.17031993
0.17014611
0.16995692
0.16976322
0.16956879
0.16938
0.16919781
0.16900565
0.16880882
0.16861369
0.1684193
0.16822733
0.16803467
0.16784759
0.16766162
0.16747615
0.16729
0.16710673
0.16692793
0.1667475
0.1665651
0.16638169
0.1661985
0.16601714
0.1658369
0.1656591
0.16548286
0.16530675
0.16513169
0.16495685
0.16478376
0.16461319
0.16444314
0.1642765
0.16410996
0.16394123
0.16377372
0.16360435
0.16343346
0.16326404
0.16309656
0.16293158
0.16276942
0.16260594
0.16244203
0.1622775
0.16211185
0.16194607
0.16178177
0.1616167
0.16145067
0.16128339
0.16111417
0.16094196
0.16076788
0.1605916
0.16041164
0.16023012
0.16004574
0.15985835
0.15967059
0.15947859
0.15928827
0.159099
0.1589083
0.15871626
0.1585217
0.15832368
0.15812452
0.15792194
0.15771818
0.15751296
0.15730688
0.15709499
0.15688324
0.15667105
0.15645325
0.15623331
0.15601008
0.15578014
0.15554765
0.15531018
0.15506907
0.1548263
0.15458232
0.15433711
0.15409231
0.15384704
0.15359694
0.15334038
0.15307643
0.15280716
0.15253848
0.15227108
0.15199918
0.15172347
0.1514432
0.15115741
0.15087096
0.15058784
0.15030558
0.15001932
0.14973152
0.14944267
0.14915383
0.14886135
0.14857145
0.148276
0.14797236
0.1476798
0.1473836
0.14709492
0.14679201
0.14647824
0.14615494
0.14584406
0.14552754
0.1451981
0.14487083
0.14453219
0.1442003
0.14385095
0.14348754
0.14310497
0.14272061
0.14232688
0.14194559
0.14155324
0.1411364
0.14070047
0.14027242
0.13982561
0.13934894
0.13884899
0.1383505
0.13782942
0.1372884
0.13668635
0.13614857
0.13545692
0.13481502
0.13430284
0.13367014
0.13311435
0.13296942
0.13211775
0.13218574
0.13107313
0.13250929
0.13244362
0.12955299
0.13053456
0.12877262
0.12991346
0.13275658
0.12878533
0.12774558
0.13053732
0.12718491
0.12695229
0.13099925
0.12807521
0.12496644
0.12623535
0.12438846
0.1281521
0.13314469
0.12866186
0.1232467
0.12615165
0.12517703
0.12166246
0.12502927
0.12844352
0.124009885
0.12022517
0.12142296
0.11998833
0.121702574
0.1254427
0.122099854
0.1189426
0.12009727
0.11844198
0.1216575
0.12576485
0.12132623
0.11773257
0.1192304
0.11733599
0.11971044
0.12447596
0.12114282
0.11675624
0.119313695
0.118205644
0.11616273
0.11885076
0.11863111
0.116003126
0.1182073
0.11801219
0.116266504
0.11731205
0.11621114
0.118588895
0.12003873
0.11658731
0.120821
0.12706985
0.122654416
0.11606983
0.121818304
0.12593451
0.1197567
0.11546653
0.11983424
0.11931727
0.115076765
0.11869161
0.12066465
0.11585741
0.11744956
0.123479575
0.11979191
0.11427968
0.11894221
0.12106008
0.11528051
0.11517516
0.12124436
0.11851079
0.11284074
0.11702385
0.119134456
0.113804884
0.11423561
0.12018724
0.11721223
0.111959346
0.1159815
0.1170636
0.11209142
0.11521512
0.122726925
0.11922003
0.11131303
0.11416088
0.116969734
0.11237195
0.11243248
0.1176716
0.11489861
0.11075464
0.11319687
0.11240513
0.11043685
0.112481534
0.11135283
0.11124086
0.112629354
0.11134774
0.112517804
0.11133869
0.11275914
0.11358671
0.11095088
0.11329818
0.112411045
0.1103731
0.11140452
0.10997038
0.11204577
0.1124286
0.11004565
0.111459084
0.11045629
0.110507764
0.110853866
0.11117725
0.11323673
0.11206247
0.11260429
0.11239161
0.11435901
0.1164049
0.11316371
0.11385755
0.11376531
0.11326944
0.11545372
0.11400655
0.113441534
0.11327492
0.11452517
0.11556595
0.113048986
0.11440258
0.1137933
0.11412408
0.11682158
0.114552766
0.11398838
0.11398352
0.11462133
0.1162169
0.11448156
0.114447445
0.1142652
0.115651794
0.11705336
0.11544746
0.1152693
0.115111895
0.11567798
0.115926236
0.114925526
0.11477099
0.11452506
0.11456112
0.114352025
0.11378535
0.11369853
0.11349208
0.11345159
0.11283529
0.11287496
0.11276633
0.112680815
0.11234818
0.11216721
0.112624474
0.11237287
0.111765355
0.11186314
0.1127957
0.11398371
0.11182524
0.11238111
0.11158547
0.11341366
0.11573696
0.111694895
0.11112197
0.11142999
0.11041749
0.11257269
0.11261656
0.11164237
0.11148052
0.11125197
0.11092341
0.11092925
0.11092677
0.1104549
0.10998312
0.109837316
0.10960429
0.10929642
0.109123535
0.10873698
0.108378306
0.10810473
0.107851714
0.107343264
0.10688931
0.10668704
0.1066203
0.106525026
0.10643668
0.10634176
0.10620787
0.10618563
0.10638944
0.10633971
0.10637958
0.1065808
0.1072055
0.10723605
0.107167296
0.107173465
0.107105024
0.1067977
0.10624415
0.10598975
0.10622818
0.105653204
0.10567209
0.10567464
0.10610691
0.1073384
0.10509231
0.10594082
0.10475044
0.1074226
0.110231206
0.10465272
0.103671186
0.103566565
0.10254747
0.10347503
0.10250354
0.10236428
0.10240715
0.10278349
0.10338237
0.10329137
0.10274525
0.1025791
0.10248267
0.10235315
0.10247681
0.102324754
0.10195721
0.1016821
0.10142048
0.10115794
0.10088969
0.10062006
0.100403935
0.100194365
0.09999969
0.099813394
0.099642746
0.09958317
0.099382244
0.099324726
0.099548586
0.09943444
0.09980143
0.09986429
0.10033495
0.10013255
0.1000707
0.100363985
0.10008328
0.099091165
0.098987654
0.10036677
0.10153196
0.099447995
0.10009428
0.10056925
0.1023599
0.10700132
0.104267426
0.101229675
0.100652255
0.099903904
0.100694075
0.09983583
0.09851352
0.098129034
0.09784603
0.09793153
0.09717383
0.09699683
0.096991055
0.09736697
0.09713889
0.09732338
0.09777634
0.09866469
0.098136745
0.0982792
0.098550454
0.09959678
0.09969136
0.09892704
0.09889552
0.09870417
0.098847166
0.09818346
0.09755475
0.097197354
0.09679663
0.09654675
0.09638211
0.095901415
0.095729806
0.09577126
0.095547095
0.09523138
0.09506087
0.095630735
0.09552199
0.09500304
0.094995074
0.0953201
0.094937325
0.09438009
0.09426349
0.094067745
0.09381701
0.09379571
0.09324979
0.09380668
0.093351044
0.095542915
0.09603457
0.09282177
0.09343679
0.09178255
0.09334998
0.09382263
0.092484444
0.09229864
0.092404224
0.092699096
0.0922025
0.091878064
0.09188298
0.09153617
0.09132109
0.09167778
0.092055686
0.091363244
0.09151218
0.09244693
0.09384779
0.09279024
0.09235905
0.09254098
0.09351984
0.09433816
0.09292345
0.09277591
0.09299347
0.09418455
0.09420219
0.09348301
0.09336239
0.09303612
0.092635565
0.09231726
0.091693856
0.091459095
0.09135838
0.0906081
0.09038164
0.090145044
0.09000617
0.08948776
0.089150585
0.08896446
0.08851633
0.0880857
0.08784707
0.08747259
0.08741913
0.0874346
0.087352484
0.08834296
0.087945655
0.091056585
0.09380051
0.08863604
0.08786576
0.08645218
0.08851787
0.092718035
0.08761349
0.08491087
0.084075205
0.08380277
0.08313264
0.083102
0.08346755
0.08414569
0.08348374
0.08376967
0.08475661
0.08528224
0.08479783
0.084957235
0.086248994
0.086518764
0.08499226
0.085368134
0.08547897
0.086303286
0.085467756
0.08532271
0.085390255
0.086085066
0.08623006
0.085876174
0.08561925
0.08569305
0.08548593
0.08538762
0.0850838
0.08461048
0.08435778
0.084077455
0.083542794
0.083241664
0.08359044
0.08303611
0.08276712
0.082687914
0.083802365
0.08368172
0.083203256
0.08289533
0.0826157
0.081814244
0.08116673
0.081193805
0.08075018
0.08130456
0.081032425
0.082408726
0.08240328
0.08201702
0.08181704
0.08171211
0.08120503
0.080506414
0.08025931
0.07996
0.079740435
0.08012336
0.07993793
0.08019328
0.080574065
0.08106993
0.08074958
0.08052863
0.08024231
0.08028182
0.07962086
0.07920968
0.07928361
0.07871786
0.07894592
0.07890671
0.07914198
0.07889607
0.07887243
0.07931437
0.07894464
0.078497216
0.078430705
0.07840094
0.07810223
0.077878326
0.0794159
0.08048559
0.07828135
0.078366354
0.07875143
0.080597766
0.081985034
0.08276835
0.083186164
0.08346807
0.08345017
0.08303744
0.08233511
0.08155994
0.07947837
0.078920044
0.07947397
0.0796702
0.07895366
0.07865386
