0.37
0.32846546
0.29535925
0.2702487
0.25526866
0.2477596
0.24374299
0.24150586
0.24022466
0.23947428
0.23902354
0.23874287
0.23855811
0.23842524
0.23831129
0.23820381
0.23811841
0.23805028
0.23799077
0.23793188
0.23787071
0.23780657
0.2377383
0.2376654
0.23758838
0.23750809
0.23742543
0.23734014
0.23725352
0.2371657
0.2370768
0.23698619
0.23689517
0.23680338
0.23671043
0.23661609
0.23652074
0.2364231
0.23632395
0.23622254
0.23611908
0.23601414
0.23590647
0.23579587
0.23568214
0.2355668
0.23544863
0.23532857
0.23520604
0.23508143
0.23495433
0.23482513
0.23469159
0.23455419
0.23440519
0.23423289
0.2340644
0.23390017
0.23373833
0.23357941
0.23342547
0.23327413
0.23312373
0.23296961
0.23281084
0.23264506
0.23247147
0.23228958
0.23209755
0.23190607
0.2317162
0.23152474
0.23132788
0.23112282
0.23090874
0.23068331
0.23044573
0.23019587
0.2299482
0.22970523
0.22946984
0.22922218
0.2289749
0.22872342
0.22847486
0.22823234
0.22800003
0.22777615
0.22755414
0.227339
0.22711866
0.2269024
0.2266756
0.22644903
0.22621277
0.22597575
0.22573207
0.22548643
0.2252393
0.22499117
0.22473826
0.2244805
0.22423607
0.22399117
0.22376579
0.22353506
0.22331263
0.22308505
0.22285461
0.22262932
0.2224092
0.22219151
0.22197814
0.22176552
0.22156972
0.22137749
0.22119771
0.2210278
0.22086006
0.22070135
0.22053775
0.22038348
0.22022405
0.22005686
0.21987829
0.21969295
0.21949163
0.21926071
0.21899997
0.2187158
0.21838844
0.21801485
0.21759117
0.21741715
0.21712966
0.2166496
0.21614182
0.21571325
0.21540065
0.215122
0.21478213
0.21445574
0.21418358
0.21390106
0.21362837
0.21334854
0.21299744
0.21265392
0.2123365
0.21200427
0.21166517
0.21126568
0.21084802
0.21043886
0.2100052
0.20956407
0.20915955
0.20877226
0.20837252
0.20796683
0.20754269
0.20709091
0.20660289
0.20608239
0.20551959
0.20490472
0.20423298
0.2035221
0.20282155
0.2020994
0.20134668
0.20055133
0.19970824
0.19879651
0.19781284
0.19673423
0.19554637
0.1942128
0.19274035
0.19113605
0.18939541
0.1875188
0.18560696
0.18368047
0.1817846
0.17997223
0.17827457
0.17696765
0.17601267
0.17506017
0.17413025
0.17317168
0.17234744
0.1715503
0.17086717
0.17025074
0.16969898
0.16783993
0.1640256
0.16207726
0.16003686
0.16059257
0.161197
0.16074046
0.15922135
0.15748142
0.15567489
0.15386464
0.15206994
0.15050066
0.14942832
0.14836287
0.14717725
0.14591853
0.14449598
0.14303559
0.1417446
0.14047927
0.13944514
0.13850246
0.137496
0.13658388
0.13558932
0.13452412
0.13354988
0.13260898
0.13160628
0.13048442
0.12933896
0.12813087
0.12687886
0.1255602
0.12417557
0.12280914
0.12150448
0.120169155
0.11890483
0.11770714
0.1165058
0.11515416
0.11386814
0.11296452
0.11193977
0.11068699
0.1096475
0.10864911
0.10873913
0.10972501
0.10803145
0.105514236
0.10450897
0.10657657
0.10661597
0.10277179
0.10289009
0.10245733
0.10654538
0.100906566
0.10046732
0.09873178
0.10343453
0.108882494
0.09903247
0.10954573
0.1378226
0.105674565
0.09898844
0.11029827
0.10389224
0.094591975
0.09848681
0.09359556
0.098489165
0.09872533
0.090637855
0.105814405
0.101233594
0.08848446
0.09659246
0.09777907
0.08711373
0.0994575
0.09996057
0.085453555
0.09774252
0.10544529
0.093894325
0.08517044
0.09385887
0.08388485
0.09247729
0.10364243
0.09457096
0.08203714
0.08791862
0.081720196
0.08912604
0.097111695
0.08719432
0.08031201
0.08042563
0.08107208
0.08632857
0.08339318
0.0789694
0.080270246
0.077962205
0.08288991
0.08031904
0.076008946
0.07590935
0.07567588
0.07511036
0.07601548
0.07465545
0.075539954
0.072775155
0.07769203
0.07632718
0.07214938
0.07375279
0.07129569
0.073232666
0.0682342
0.06788787
0.072403215
0.07439621
0.06628983
0.06702019
0.067487784
0.06810683
0.066681534
0.06749042
0.067051865
0.07534262
0.069274895
0.06782509
0.07884347
0.062875316
0.08546626
0.10371314
0.08875497
0.06291716
0.12688985
0.19936433
0.1582628
0.08068631
0.07066029
0.09220837
0.084653735
0.063865356
0.10640431
0.15145378
0.081860475
0.06917582
0.08766005
0.08256579
0.06512318
0.09842862
0.124093615
0.074132204
0.07647309
0.09588079
0.089199305
0.0682002
0.094134726
0.12347185
0.07754888
0.07396044
0.09757258
0.10290894
0.082703196
0.06802136
0.08554069
0.07336951
0.06949648
0.08217238
0.079954416
0.06518077
0.090753056
0.10283997
0.06637371
0.080493465
0.1018321
0.09322084
0.06765614
0.082465194
0.11146539
0.07259744
0.07108387
0.08726204
0.07970309
0.06362495
0.08964658
0.09337055
0.06373683
0.084794156
0.10436804
0.09217361
0.065213665
0.085984446
0.114421465
0.07057431
0.0691555
0.094273545
0.10031428
0.07887378
0.06153034
0.07904845
0.06760641
0.06353588
0.075957
0.072168
0.058731988
0.084615216
0.083528325
0.05682042
0.08142017
0.09883841
0.08400776
0.056494687
0.108981945
0.21969226
0.19688547
0.09221492
0.055573717
0.07439921
0.079174906
0.0618602
0.05834502
0.0640374
0.05389729
0.06703194
0.08414986
0.081071466
0.058468692
0.070258826
0.10130279
0.06315153
0.06140313
0.082449004
0.08108351
0.05874641
0.06451938
0.086987615
0.058432966
0.061797477
0.08327024
0.08109143
0.057760283
0.06675047
0.095521905
0.061719596
0.059727833
0.08036946
0.07822845
0.05648632
0.07081584
0.096687585
0.06084461
0.061834067
0.08370588
0.08139777
0.0578921
0.069853395
0.10159675
0.06347459
0.06050495
0.083558224
0.08362286
0.060111057
0.063373044
0.08550199
0.05920422
0.061680242
0.08179502
0.07764622
0.05501405
0.0810454
0.12637189
0.06960996
0.057623036
0.07876412
0.076933995
0.055812575
0.0732369
0.09284372
0.057171166
0.06543445
0.088239595
0.083661936
0.05710966
0.07424468
0.11844818
0.068776354
0.057110712
0.077423505
0.07522187
0.05438238
0.08327876
0.12805992
0.069300756
0.05839015
0.08110264
0.07982268
0.056382935
0.0734084
0.108906455
0.064903185
0.059199065
0.08122004
0.07925317
0.05605837
0.07550273
0.117025055
0.06817634
0.056598313
0.075907215
0.07301785
0.052991588
0.08709463
0.13372633
0.06910476
0.057690676
0.07958807
0.07741516
0.05482994
0.07282044
0.098335415
0.058109015
0.06211029
0.0848083
0.08013685
0.054110624
0.07813252
0.12843964
0.069331944
0.054998517
0.076341495
0.07430253
0.0525928
0.07899917
0.120929606
0.06483874
0.056996536
0.07893255
0.07606018
0.05273372
0.080536276
0.13145547
0.06950684
0.054883767
0.07562397
0.07309664
0.051633056
0.08245504
0.13031207
0.06734486
0.05503418
0.07648981
0.07361079
0.051175166
0.08104165
0.12951404
0.06727737
0.054203168
0.07562081
0.072972186
0.050501034
0.081315845
0.13149147
0.067761384
0.05310866
0.07404044
0.07122594
0.049470223
0.083006315
0.13431065
0.067484826
0.052666113
0.074186295
0.07161611
0.04900833
0.08157933
0.1340511
0.067927994
0.05156405
0.07263217
0.0699389
0.048120808
0.08335892
0.13709585
0.06794076
0.051373247
0.07311705
0.07084372
0.048179675
0.08068182
0.13408723
0.06778665
0.0505458
0.07137921
0.06854276
0.046808876
0.08570791
0.14286526
0.0678057
0.050510384
0.07298363
0.071036175
0.047968987
0.07632473
0.12554736
0.06488626
0.05031319
0.07055072
0.067333594
0.04593422
0.08725436
0.14758575
0.067958
0.049749292
0.07140505
0.06942817
0.047549408
0.07568476
0.12345553
0.064328045
0.050563827
0.070361964
0.06698494
0.045662984
0.08474546
0.14148808
0.06633478
0.049005244
0.0683534
0.06486587
0.047633078
0.05504091
0.06549723
0.045592103
0.055776075
0.06729999
0.05501543
0.042855237
0.04768781
0.04262871
0.046573605
0.047548592
0.041262485
0.056816865
0.060857397
0.040760335
0.05959141
0.06971616
0.050155737
0.043329347
0.058520265
0.045567326
0.04180563
0.044949457
0.039599486
0.046026133
0.0505348
0.038534805
0.047561135
0.054721735
0.046679996
0.037462957
0.0404338
0.037080772
0.039894205
0.03994182
0.03558409
0.03546119
0.035293303
0.034237556
0.0333792
0.03530538
0.032664623
0.036856096
0.03682955
0.0313804
0.04746393
0.04627983
0.029952306
0.033015583
0.03062654
0.03535771
0.036594033
0.029702537
0.03915959
0.042978827
0.03389068
0.030594556
0.033525385
0.028355418
0.035949238
0.038055845
0.029836336
0.03486924
0.04224291
0.029241296
0.03605669
0.043086477
0.035587132
0.027682628
0.028375342
0.02746103
0.026759252
0.027572772
0.0263562
0.026044771
0.028151922
0.026026731
0.030316835
0.030319965
0.025156016
0.037084464
0.039411332
0.024862405
0.042762864
0.052001208
0.03464006
0.026251052
0.034734286
0.026821543
0.02961682
0.03342079
0.026907755
0.02817158
0.03167305
0.024653679
0.031569492
0.035091195
0.027176412
0.027061237
0.030703347
0.02412286
0.030256862
0.033417843
0.025947707
0.027310282
0.031423837
0.024015019
0.028781014
0.03178326
0.02497148
0.027646298
0.032035556
0.02394561
0.027688395
0.030520534
0.02425269
0.027988669
0.03274949
0.023951005
0.026674645
0.02929292
0.023507139
0.028488861
0.03356267
0.024002118
0.025717052
0.028242731
0.022894256
0.02879657
0.03409617
0.022870388
0.02940899
0.036432292
0.029223608
0.021850515
0.022471206
0.02149306
0.021324046
0.021817448
0.02095657
0.02147057
0.020694582
0.020703929
0.020640656
0.020112807
0.020781688
0.019717883
0.020107064
0.019843789
0.019447645
0.01979345
0.018984009
0.019350516
0.018781424
0.018818077
0.018769652
0.01843811
0.01867033
0.018100776
0.018510567
0.017737694
0.018333137
0.017547838
0.017817514
0.017442312
0.017243583
0.017398978
0.01694411
0.017126188
0.016712235
0.016841363
0.016534148
0.016569762
0.016356917
0.016274134
0.01621313
0.01602382
0.016080046
0.015732408
0.01596754
0.01545708
0.01583257
0.015208122
0.015658597
0.01499242
0.0153732095
0.014792255
0.015076466
0.014589564
0.01470934
0.014447336
0.014366916
0.014269044
0.01411581
0.014068617
0.013796066
0.013855114
0.013549878
0.013588737
0.013293984
0.013223724
0.013016939
0.012859651
0.012752396
0.012490844
0.012643075
0.012259758
0.012405966
0.012113378
0.01220251
0.01191112
0.012077395
0.011699798
0.011998174
0.011425515
0.012002446
0.0112706125
0.011610025
0.011321893
0.011196997
0.011415848
0.010924243
0.01130174
0.010759778
0.011103546
0.010671394
0.010898876
0.010518643
0.010778475
0.010412181
0.010552067
0.010357265
0.01031507
0.010295796
0.010170743
0.0102071
0.010052523
0.010135218
0.009901163
0.010076763
0.009748713
0.009963744
0.00968601
