0.37
0.3324633
0.3018789
0.27780554
0.25988105
0.24921899
0.24390508
0.2412146
0.2398773
0.23925604
0.23901579
0.23896904
0.238873
0.23888494
0.23904969
0.23926842
0.23948611
0.23967437
0.23982076
0.23992261
0.23998174
0.24000251
0.23999102
0.23995252
0.23989278
0.23981628
0.2397259
0.23962675
0.23952077
0.23940969
0.23929556
0.23917872
0.23906018
0.23894076
0.23882034
0.23869888
0.23857762
0.23845564
0.238333
0.23820941
0.23808551
0.23796035
0.23783386
0.23770632
0.23757607
0.23744267
0.2373044
0.2371652
0.23702319
0.2368515
0.23666936
0.23647977
0.23628306
0.2360784
0.23586436
0.23564194
0.23541842
0.2351921
0.23496552
0.2347392
0.23451157
0.23428139
0.23405218
0.23382716
0.23360641
0.23338623
0.23316607
0.23294453
0.23271762
0.23248972
0.2322565
0.23201531
0.23177439
0.23153241
0.2312937
0.23105744
0.23082367
0.23058647
0.23034577
0.2301033
0.2298587
0.22961383
0.22936712
0.22911334
0.22885872
0.22860418
0.22834633
0.2280912
0.22783798
0.2275856
0.22733876
0.22709177
0.2268372
0.2265733
0.22630228
0.22607468
0.22584753
0.2256104
0.22535256
0.22507474
0.22478025
0.224466
0.22413994
0.2238239
0.22355954
0.2233184
0.22309326
0.22290708
0.22275853
0.22265539
0.2225924
0.22252122
0.2224103
0.22231513
0.22219378
0.22200625
0.22182457
0.22163877
0.22138481
0.22114258
0.22094375
0.22072746
0.22058012
0.220448
0.22026049
0.22003907
0.21979266
0.21949504
0.21916567
0.2188118
0.21838516
0.21793865
0.21749996
0.21704824
0.2166282
0.21625076
0.21588145
0.21555948
0.21527478
0.21498781
0.21471046
0.2143881
0.21399862
0.21362312
0.21325174
0.21286853
0.21253483
0.21217057
0.21172178
0.21127628
0.21086684
0.21046172
0.21009089
0.2097676
0.20940806
0.20902665
0.20870194
0.20836186
0.20801044
0.20767035
0.20736462
0.20701508
0.20662594
0.20625795
0.20590477
0.20550662
0.20512004
0.20473821
0.20432757
0.20388064
0.20343165
0.2029978
0.20254678
0.20209202
0.20164569
0.201171
0.20065945
0.20015493
0.19964264
0.19910409
0.19857186
0.19802289
0.19742222
0.1968021
0.19617535
0.19551075
0.19483411
0.19414066
0.1934124
0.19266993
0.19191779
0.19114394
0.19043952
0.18968615
0.18885733
0.18804306
0.18720835
0.18640696
0.18554023
0.18462394
0.18369201
0.18274271
0.18172388
0.18070233
0.17971097
0.17879277
0.17796096
0.17719758
0.1764621
0.17278892
0.17228381
0.17083909
0.17234227
0.17118305
0.16892318
0.16719481
0.16607305
0.16504815
0.16422378
0.16375643
0.16340744
0.16301888
0.16249388
0.16181363
0.16109814
0.16040374
0.15977144
0.15919985
0.15858792
0.15794493
0.1573139
0.15677392
0.1562543
0.15568008
0.15504721
0.15440504
0.15375231
0.15308455
0.1523565
0.15160918
0.15080665
0.14992806
0.14914022
0.14836995
0.1475798
0.14678362
0.1459508
0.14506802
0.14415993
0.14315854
0.14215924
0.14111803
0.14003888
0.139029
0.13798912
0.13693537
0.1359095
0.13488026
0.13383858
0.132755
0.13169043
0.1306174
0.12951545
0.12841514
0.12732674
0.12624173
0.1251733
0.124082364
0.123011194
0.121938035
0.12091948
0.11987501
0.11882654
0.11774101
0.116750985
0.11577311
0.11478748
0.11381317
0.11280704
0.11181309
0.1108586
0.10993323
0.108973235
0.108063936
0.10708963
0.10623467
0.10536829
0.10452036
0.10360677
0.102757305
0.101815164
0.10088479
0.09996135
0.099064775
0.09809324
0.09721492
0.09635743
0.095943935
0.0956987
0.0949293
0.09397532
0.09351279
0.096065745
0.09604285
0.09287849
0.093337536
0.09462565
0.096954316
0.09105805
0.0991976
0.09330963
0.093711026
0.10048894
0.0921724
0.09432737
0.1057938
0.09026782
0.09814208
0.112394966
0.10563059
0.089408934
0.10096955
0.10687467
0.08803389
0.102108605
0.12119667
0.11581978
0.09422505
0.08884432
0.099700265
0.08695267
0.093706615
0.10826111
0.1032497
0.08647315
0.09797432
0.111976296
0.089013726
0.091624945
0.107240826
0.10281448
0.08619436
0.09549976
0.10118288
0.08469692
0.09845737
0.1159811
0.10911823
0.08788524
0.09128765
0.10814116
0.08875794
0.0868663
0.102944784
0.10567559
0.09012557
0.08527166
0.099402174
0.08627446
0.085594684
0.10186504
0.10638638
0.09066813
0.081337094
0.09084037
0.08144243
0.08629012
0.10311123
0.10528202
0.08809406
0.08036589
0.0871593
0.07871685
0.09108884
0.10506524
0.095884494
0.078179784
0.098369606
0.11268132
0.082742065
0.08398824
0.10633204
0.11354168
0.09613888
0.07643564
0.119727336
0.16266547
0.11470354
0.07703695
0.090795025
0.11331526
0.109292805
0.08568578
0.07468019
0.07633328
0.0745595
0.07930581
0.0832426
0.0838484
0.08016558
0.0751639
0.074150674
0.074951805
0.07744826
0.07808451
0.07653762
0.07533252
0.075948596
0.07883509
0.079839975
0.07539482
0.07632991
0.07765018
0.08114389
0.072142765
0.07744131
0.07062036
0.0730767
0.06998325
0.07505436
0.06949479
0.083541
0.09591818
0.077393904
0.08434235
0.14317493
0.08241251
0.07717376
0.096316956
0.082514584
0.068306535
0.082499385
0.06660401
0.08689232
0.10660302
0.09112076
0.06593679
0.14595833
0.19142123
0.0941994
0.065651946
0.0810983
0.08229749
0.065598406
0.094320245
0.10037851
0.06440897
0.09491312
0.1222687
0.11001886
0.0726402
0.09735883
0.27771255
0.23606895
0.103260726
0.06296692
0.07771328
0.08154792
0.06529021
0.07659572
0.079645775
0.062120948
0.07084275
0.07064376
0.06260653
0.06396321
0.06710594
0.07014099
0.061716683
0.06314741
0.062120933
0.06679837
0.06183842
0.06486696
0.06017593
0.07502391
0.08730759
0.07014788
0.072785825
0.11204732
0.06675808
0.07519356
0.09672827
0.081469126
0.059032828
0.06965592
0.058163732
0.07832588
0.09475046
0.07645263
0.05931055
0.07801631
0.058533967
0.076675236
0.09550595
0.07942749
0.05636467
0.066570275
0.05594213
0.07507335
0.09001696
0.07234876
0.056067422
0.07001209
0.054226838
0.07584525
0.09428413
0.0781584
0.0533033
0.096381016
0.09596317
0.05284323
0.0854874
0.114059575
0.10353216
0.06611502
0.060288277
0.07938736
0.053019498
0.07119498
0.092734836
0.081995614
0.053414896
0.08915739
0.12507384
0.060530752
0.063015535
0.09431106
0.10114603
0.07438397
0.051903185
0.07681057
0.05866984
0.05811683
0.07938005
0.08030834
0.05707575
0.061028633
0.06801466
0.050166186
0.056660894
0.06049615
0.056133207
0.05047708
0.050654903
0.050663806
0.058230694
0.05777627
0.051974893
0.054315433
0.05224101
0.054278508
0.050022915
0.049954504
0.054185554
0.04914066
0.05132767
0.048933916
0.04856051
0.052681573
0.047165357
0.06311846
0.06209971
0.046203673
0.052221827
0.04533191
0.0610909
0.060597032
0.044547047
0.051152106
0.044018164
0.05695721
0.06266497
0.04679332
0.065835744
0.079956435
0.04293441
0.07490484
0.09117695
0.068249844
0.043065406
0.06596349
0.047458775
0.053088047
0.0713009
0.061148822
0.04132969
0.10554895
0.16322728
0.057686687
0.055982407
0.08950496
0.089957245
0.056945235
0.050883006
0.08159524
0.049157143
0.054825604
0.08041711
0.075799495
0.046181336
0.08158657
0.15394816
0.06488405
0.049578793
0.07799173
0.07670985
0.047404516
0.06528527
0.09018896
0.046566114
0.06270779
0.09386554
0.092375115
0.058431994
0.05184348
0.0806609
0.048322685
0.05815056
0.08452305
0.07964615
0.047525384
0.07435167
0.13649571
0.06286587
0.049284626
0.073328644
0.0691858
0.048625525
0.046671737
0.050163474
0.043008488
0.046074476
0.041594908
0.061439056
0.05650435
0.044245124
0.05595146
0.05116462
0.041103356
0.04131494
0.043443453
0.04112561
0.052211955
0.046666875
0.0440568
0.046041988
0.040072713
0.04142594
0.040071186
0.03981991
0.040460594
0.03906968
0.040184855
0.03857825
0.039406594
0.03827736
0.038595926
0.038148697
0.037924126
0.038158536
0.037396662
0.03819533
0.036895618
0.038185954
0.036442526
0.038359247
0.036060452
0.03831171
0.0357048
0.03763939
0.03526862
0.036734387
0.03488515
0.03605274
0.03450541
0.035546627
0.03414962
0.03517051
0.033793353
0.034912724
0.033425823
0.034707252
0.03305885
0.034548145
0.032738745
0.034311507
0.032433297
0.033850126
0.032142777
0.033399686
0.03185329
0.03298536
0.03157568
0.032625902
0.031248624
0.032362703
0.03090531
0.032213837
0.030578556
0.03177744
0.030295098
0.031226091
0.03010685
0.030728843
0.029878203
0.030309932
0.029681692
0.030041974
0.029454956
0.029895805
0.029179426
0.029818669
0.02892666
0.029774914
0.028724855
0.02955485
0.02858466
0.029350448
0.028373484
0.029183753
0.028201409
0.028967835
0.02801219
0.028694116
0.02785738
0.028423917
0.027699951
0.028197419
0.02749293
0.02804125
0.027285688
0.027992882
0.027109304
0.027792124
0.026873255
0.02755215
0.0267121
0.027348114
0.026435684
0.027105812
0.026225554
0.026842734
0.026038373
0.026551852
0.025895206
0.026368255
0.02570504
0.026181364
0.02550652
0.026000166
0.025300661
0.02585384
0.025106017
0.025695795
0.024941871
0.02549191
0.024787037
0.025320174
0.02461625
0.025164386
0.024430567
0.025016846
0.024251608
0.024831414
0.02411764
0.024660472
0.023914523
0.024552874
0.023727903
0.024381382
0.023564206
0.024299044
0.023401251
0.024096332
0.023245884
0.023870584
0.0230808
0.023667611
0.022924352
0.023501484
0.02275474
0.023361629
0.022623187
0.023196677
0.0224389
0.023020329
0.022279585
0.022817964
0.022108788
0.022658786
0.02233885
0.021927062
0.022118496
0.02357881
0.021914775
0.028127445
0.02830329
0.021625385
0.04480777
0.048268307
0.021581437
0.05122821
0.06726254
0.05480859
0.027563063
0.042054493
0.07124046
0.030865202
0.033240367
0.054330043
0.054332696
0.031502973
0.029836753
0.048462898
0.025191482
0.033317935
0.04719377
0.039974697
0.023544712
0.0422501
0.05556441
0.02245952
0.048194174
0.065843225
0.048658982
0.022633526
0.0861425
0.17857401
0.05494707
0.027448088
0.051085506
0.049594738
0.028039776
0.032506358
0.053735275
0.028912734
0.030195145
0.040498525
0.032949116
0.02250725
0.025807839
0.022331933
0.029159768
0.03026884
0.022247052
0.044507895
0.05064959
0.021707075
0.053319454
0.06944016
0.046399366
0.0215324
0.028049387
0.023433918
0.024752658
0.024949236
0.021145903
0.020792786
0.022103008
0.020647615
0.021068301
0.020802688
0.020297471
0.020704105
0.019770963
0.02048299
0.019486662
0.020151984
0.019373579
0.01965882
0.019352105
0.019183327
0.019490013
0.018886106
0.019560587
0.018667249
0.019500358
0.018441305
0.019342663
0.018285552
0.019195514
0.018142866
0.019001294
0.017987512
0.018800357
0.017831447
0.01863794
0.017674072
0.01848489
0.01752477
