0.37
0.32983834
0.2974634
0.27251467
0.25731423
0.24949598
0.24518639
0.24269249
0.2411938
0.24026184
0.23966123
0.23925802
0.23897268
0.23875758
0.23858373
0.23843376
0.23829666
0.2381662
0.23803829
0.23791082
0.23778307
0.23765554
0.23752928
0.2374052
0.23728389
0.23716588
0.23705028
0.23693705
0.23682497
0.23671456
0.23660517
0.23649658
0.2363879
0.23627828
0.23616694
0.23605682
0.23594853
0.23584041
0.23572978
0.23563504
0.2355406
0.23544225
0.23534563
0.23524791
0.2351375
0.23501106
0.2348722
0.23473153
0.23459035
0.23446266
0.23433541
0.23420304
0.23406789
0.23392814
0.23379315
0.2336565
0.23351212
0.2333599
0.23320608
0.23306201
0.23292379
0.23279208
0.23265716
0.23251955
0.2323879
0.23226109
0.23213677
0.23201215
0.23188655
0.23175748
0.23162395
0.23148663
0.23134781
0.23120438
0.23105703
0.23090254
0.2307432
0.23057967
0.2304161
0.2302505
0.2300826
0.22991271
0.22974029
0.22956279
0.2293817
0.22919925
0.22901464
0.22882876
0.22863896
0.22844343
0.22824353
0.22803864
0.22782862
0.22762054
0.22741488
0.22722359
0.22703232
0.22685058
0.22666363
0.22647041
0.2262737
0.22606486
0.22584897
0.22565144
0.2254557
0.22524196
0.22501455
0.22476779
0.22450882
0.2242496
0.22395518
0.22360434
0.22325198
0.22288671
0.22252582
0.22215854
0.22183973
0.22160289
0.22145261
0.22134048
0.22119951
0.22100362
0.2207675
0.22050801
0.22022477
0.21994019
0.21964225
0.21932432
0.2189845
0.21860299
0.2181783
0.21770467
0.21722603
0.21682484
0.21648242
0.21614538
0.21580017
0.21543625
0.21504572
0.21462955
0.214186
0.21372752
0.21325392
0.21277018
0.21229462
0.2118233
0.21135756
0.21089636
0.21044043
0.20999461
0.20955749
0.20913243
0.20871444
0.20830205
0.20789792
0.20749985
0.20710248
0.20670715
0.20631398
0.20592208
0.2055325
0.20514369
0.20474896
0.20435062
0.20394838
0.20354103
0.20313016
0.20270482
0.20226309
0.2018088
0.20134826
0.20088118
0.20040198
0.19990848
0.19939736
0.19886981
0.1983305
0.19776732
0.19717751
0.19657399
0.1959506
0.19529116
0.19459286
0.19385044
0.19306529
0.19224429
0.19135445
0.19036566
0.18924764
0.18868461
0.18807702
0.18728377
0.18638942
0.18544383
0.18449773
0.18360864
0.1829475
0.18216123
0.18127495
0.18048751
0.17974013
0.1789311
0.17808147
0.17719042
0.17629352
0.17538066
0.17446813
0.17354365
0.1725641
0.17154528
0.17049694
0.16951315
0.1685306
0.16754484
0.16656606
0.1655579
0.1646589
0.16382828
0.1630886
0.16235875
0.16182679
0.16137922
0.16108096
0.16082634
0.16063078
0.16044587
0.16028842
0.16022742
0.16016372
0.1602654
0.16028939
0.16026267
0.16057323
0.16053404
0.1609779
0.16099831
0.1618671
0.16255245
0.1621115
0.16225733
0.16230823
0.16273007
0.16324481
0.16362366
0.16381739
0.16399077
0.16430528
0.16450943
0.16442476
0.16430296
0.16441956
0.16422506
0.16419832
0.16417533
0.16392358
0.16353855
0.16339497
0.16326316
0.16290985
0.16259092
0.16211154
0.16152248
0.16109012
0.16072547
0.16026138
0.15998167
0.1598944
0.15967795
0.15950848
0.15939455
0.15924595
0.15917625
0.15935972
0.15942056
0.15943877
0.15950415
0.15945716
0.15947098
0.1596436
0.15976542
0.15983677
0.15997614
0.16006331
0.16019738
0.16028799
0.16036151
0.16038041
0.16038638
0.16044427
0.16050579
0.16064958
0.16076942
0.16083881
0.16079403
0.16074555
0.16060266
0.16048916
0.16032958
0.16025323
0.16022459
0.160417
0.1605846
0.16073048
0.16082872
0.16105227
0.16104339
0.16111907
0.16122119
0.16118564
0.16122432
0.1613799
0.16150582
0.16193023
0.16205499
0.16187534
0.16193213
0.16185045
0.16167186
0.16175964
0.16145729
0.1612407
0.16112703
0.16086589
0.16072054
0.16072142
0.16035192
0.16033205
0.16015065
0.1598945
0.15982236
0.15957113
0.15911536
0.15888998
0.15866137
0.15861486
0.1589032
0.15919727
0.15910691
0.15929839
0.15939496
0.15935272
0.1593637
0.15947281
0.15894671
0.158846
0.15879045
0.15894726
0.1592559
0.15980208
0.16000728
0.15993111
0.16047657
0.16038471
0.16047429
0.16075838
0.16071865
0.1603794
0.16050544
0.16055132
0.16056637
0.16090016
0.16141833
0.16130453
0.16163933
0.16175847
0.16156644
0.16136594
0.16147254
0.16120918
0.16106403
0.16109726
0.16073455
0.16041014
0.1603015
0.16018915
0.15979975
0.15966915
0.15968892
0.15965302
0.1594587
0.15930459
0.1590006
0.15900679
0.15906674
0.15917157
0.1597153
0.16018355
0.1603132
0.16039787
0.16088031
0.16081366
0.16100526
0.1613265
0.16142069
0.16142815
0.16166458
0.16181655
0.16189067
0.16216528
0.16241294
0.16273391
0.16300415
0.1628731
0.16270855
0.16265425
0.16245942
0.16255331
0.16272597
0.16265793
0.16262908
0.16261715
0.16250803
0.16240795
0.16214351
0.16178599
0.1615724
0.16143936
0.16143134
0.16145232
0.16129562
0.16140385
0.16169673
0.16178586
0.1620095
0.16231298
0.16218886
0.16237496
0.16280283
0.162939
0.16329928
0.16392027
0.16429149
0.164636
0.16508938
0.16520585
0.1650953
0.16483004
0.1644694
0.16421254
0.16428815
0.16439255
0.1643359
0.1644906
0.16472596
0.16447435
0.16436382
0.16422056
0.16354553
0.16276343
0.16211185
0.16150905
0.1611637
0.16078772
0.16052242
0.16037728
0.16040775
0.16026078
0.15989625
0.15952933
0.15913834
0.15928082
0.15926456
0.15909538
0.15967742
0.16038272
0.1610044
0.16133197
0.16129793
0.16127169
0.16022469
0.15865144
0.15706646
0.15618272
0.15530843
0.15453131
0.15427671
0.15438567
0.15451108
0.15489365
0.15522854
0.1552473
0.1550902
0.15485571
0.15486541
0.15506786
0.15528607
0.15591599
0.15686083
0.15756002
0.15837292
0.15932406
0.160242
0.16111998
0.16182736
0.16262683
0.1634091
0.16395608
0.16448013
0.165007
0.165595
0.16580194
0.16558878
0.16573387
0.1659762
0.16604173
0.16671339
0.16748154
0.1678226
0.16824596
0.16883473
0.16899745
0.1694423
0.1697145
0.169101
0.16909847
0.16945104
0.1697131
0.170294
0.17080875
0.17124018
0.17193903
0.17247345
0.1726133
0.17223147
0.17180414
0.170928
0.16943598
0.16802275
0.16736448
0.16693342
0.1663859
0.1661521
0.1661385
0.16660698
0.16696815
0.16705453
0.16713667
0.16677736
0.16625455
0.16599643
0.16585748
0.16568094
0.16554064
0.16572016
0.16604361
0.16626674
0.16630138
0.16649207
0.16688472
0.16722691
0.16747451
0.16794014
0.16856736
0.16918935
0.1699509
0.17068431
0.17146088
0.17189156
0.17215016
0.17241277
0.17304616
0.17336805
0.17397144
0.17461006
0.17515491
0.17569184
0.1758936
0.1756661
0.17562772
0.17512824
0.17415832
0.17335428
0.17156215
0.16985554
0.16865595
0.1679277
0.16730633
0.16652845
0.16638611
0.16698131
0.16730635
0.16702355
0.16688962
0.16738966
0.16736333
0.16696092
0.16685374
0.16666718
0.16620027
0.1657724
0.16553065
0.16565953
0.16588408
0.16656767
0.16718493
0.1674678
0.16770291
0.1684679
0.16903457
0.16914572
0.16950586
0.16982263
0.17014438
0.17066483
0.17098905
0.17153
0.17236298
0.17332232
0.17408012
0.17522354
0.17636512
0.17735782
0.17848197
0.17892832
0.17886502
0.17874703
0.17855272
0.17782345
0.17653741
0.17584556
0.17511389
0.17442001
0.17389274
0.17349698
0.17274879
0.17199188
0.1715695
0.17115892
0.17052525
0.16998163
0.16923322
0.1689004
0.1689953
0.16919655
0.16938604
0.16988109
0.17066588
0.17079543
0.17082211
0.17070903
0.17074221
0.17103425
0.17185648
0.17237234
0.17276858
0.17332168
0.1731985
0.17249659
0.17193383
0.17155182
0.1717913
0.17180571
0.1718706
0.17235753
0.17304713
0.17374055
0.17454585
0.17554742
0.17660606
0.17776598
0.17862023
0.17921452
0.17952676
0.17948237
0.17913328
0.17854246
0.1777763
0.17708886
0.17658691
0.1760582
0.17491761
0.17361915
0.17258623
0.1715985
0.17067206
0.16961847
0.16844885
0.16737856
0.16680041
0.16651496
0.16644783
0.16657083
0.16719885
0.16768357
0.16796693
0.16832067
0.16899347
0.16973308
0.17069954
0.17137116
0.17210968
0.17282327
0.17334804
0.1739308
0.17455192
0.17510132
0.17576526
0.17644753
0.17695445
0.17795737
0.17895347
0.18004222
0.18102638
0.1817592
0.18217337
0.182401
0.18285452
0.1831944
0.18320796
0.18289909
0.18234321
0.18172246
0.18087889
0.17979
0.17834426
0.17686215
0.17559732
0.17421101
0.17283426
0.17156398
0.17006548
0.16870795
0.16780536
0.16733222
0.16689289
0.16699423
0.16777727
0.16831277
0.16845715
0.16860239
0.16921751
0.16997737
0.17084439
0.17163263
0.17190045
0.17198005
0.17191087
0.17187594
0.17189994
0.17187633
0.17184064
0.17202376
0.17232963
0.17292865
0.17374492
0.17493625
0.1755668
0.17636633
0.17705692
0.17771618
0.1780145
0.1781938
0.17769042
0.17662074
0.17525232
0.1738136
0.17264172
0.17164947
0.17073196
0.16986965
0.16896787
0.16803451
0.16720395
0.1666665
0.16613962
0.16564724
0.16530514
0.16493548
0.16416956
