0.37
0.3320015
0.300803
0.2761817
0.25803795
0.24752581
0.24253067
0.24020363
0.23920959
0.23887713
0.23882863
0.23868454
0.2386615
0.23887832
0.23919398
0.23952632
0.23983222
0.24009219
0.24029951
0.24045423
0.24056025
0.24062312
0.24064936
0.24064443
0.24061276
0.2405589
0.24048622
0.24039797
0.24029808
0.24018914
0.24007282
0.2399513
0.23982501
0.23969586
0.239564
0.23943019
0.23929463
0.23915772
0.23902051
0.23888087
0.23874201
0.23860212
0.23846075
0.2383198
0.23817703
0.23803297
0.23788722
0.23774028
0.23759231
0.23744212
0.23727213
0.23709527
0.2369132
0.23672794
0.23653814
0.2363442
0.23614445
0.23593819
0.23572576
0.23552462
0.23534538
0.23517299
0.23500341
0.23483093
0.23465282
0.23446925
0.23427887
0.23409167
0.23389934
0.23370066
0.23349124
0.23327008
0.23303925
0.23279805
0.23255031
0.23229282
0.23202562
0.23175196
0.23148099
0.23121399
0.23094806
0.23067993
0.23040293
0.23012029
0.22982734
0.22953793
0.22926377
0.22901054
0.2287765
0.22855568
0.22834864
0.22814433
0.22794355
0.2277272
0.227575
0.22743034
0.22726642
0.22709015
0.22691058
0.22673464
0.22658394
0.22643107
0.22626725
0.22607315
0.22584379
0.2255896
0.22531049
0.22501557
0.2247349
0.22443743
0.22412483
0.22377017
0.22338368
0.22298688
0.22254883
0.22210151
0.22163837
0.22120048
0.22083494
0.22046056
0.22006993
0.21971771
0.21939205
0.21904247
0.21870567
0.21837094
0.21800286
0.21764089
0.2172939
0.21691006
0.2165274
0.21616021
0.21575567
0.21533132
0.21491562
0.21448646
0.21401635
0.21353282
0.2129655
0.21270335
0.21214156
0.21138065
0.21059367
0.20988347
0.20921431
0.20833692
0.20737208
0.2065102
0.20558044
0.20463069
0.20363429
0.20257849
0.20152362
0.20043191
0.19962186
0.19887426
0.19814444
0.19740032
0.19645105
0.19551876
0.19455183
0.19353461
0.1926138
0.19162503
0.19065696
0.18972355
0.18871255
0.1877993
0.18681675
0.18576486
0.18482348
0.1838308
0.18279825
0.18187276
0.1808936
0.18002279
0.17913453
0.17833367
0.17753166
0.17675021
0.17600258
0.17527583
0.17450565
0.17378238
0.1730326
0.17236336
0.17166649
0.17095414
0.17030339
0.1696637
0.16905732
0.1684934
0.16797166
0.1675215
0.16708606
0.16676925
0.16652146
0.16629171
0.16608685
0.16594024
0.16577396
0.16561635
0.16550504
0.16530627
0.16515681
0.16492873
0.16480878
0.16468768
0.16462693
0.16461435
0.16458537
0.1645159
0.16447306
0.1643876
0.16438897
0.16442329
0.16446647
0.16472414
0.16504645
0.16516277
0.16535187
0.1658122
0.16667575
0.16716164
0.16764565
0.16796523
0.16853772
0.16944379
0.16994043
0.17013568
0.17045087
0.17083444
0.17083725
0.17103824
0.17086111
0.17011581
0.16980515
0.16927472
0.16893378
0.16882385
0.16856687
0.16813906
0.16813059
0.16798487
0.16793212
0.16798188
0.16759762
0.16719782
0.16687481
0.16677105
0.166731
0.16640767
0.16627361
0.16627365
0.16612121
0.16626938
0.1663517
0.16610068
0.16619465
0.16614357
0.16605867
0.16619614
0.1659629
0.16589673
0.16583832
0.16561124
0.1657124
0.16576341
0.16578025
0.16570014
0.16567607
0.16581045
0.1658623
0.16570678
0.16545
0.16525523
0.16509505
0.16505185
0.16485767
0.16457257
0.16433491
0.16418439
0.16397697
0.1637461
0.16372421
0.1634469
0.16344666
0.16340326
0.16323105
0.16345865
0.16339727
0.16330229
0.16310343
0.1627928
0.16249233
0.16241537
0.1623778
0.16201168
0.16163348
0.16140023
0.1611138
0.16102518
0.16099197
0.16086547
0.16065575
0.16066524
0.16056155
0.16053097
0.16068938
0.16073953
0.16074216
0.16082852
0.16077836
0.16088842
0.16116136
0.16125403
0.1612822
0.16169702
0.16201794
0.16232131
0.16264261
0.16286777
0.16313171
0.16345216
0.16373459
0.16411877
0.16439445
0.16462694
0.16482846
0.16513942
0.1654576
0.16586073
0.16612665
0.16644049
0.16682291
0.16718175
0.16749872
0.1677392
0.16801791
0.16825588
0.16854882
0.1687682
0.1689117
0.16909598
0.16922906
0.16941935
0.16942045
0.16946736
0.16944204
0.16948582
0.16960813
0.16957176
0.16969308
0.1696611
0.16972369
0.16975293
0.16966338
0.16964683
0.16967405
0.16994439
0.17001514
0.17004481
0.17020081
0.17017184
0.17043386
0.17051917
0.1705139
0.17078607
0.17077966
0.17104867
0.17148334
0.17166835
0.1720213
0.17250274
0.17276067
0.17317714
0.17356542
0.173887
0.17457445
0.1748159
0.17528486
0.17595801
0.17605367
0.17632213
0.17679992
0.17671981
0.17695503
0.17732586
0.17741098
0.17777056
0.1781891
0.17827134
0.17865299
0.17921148
0.17930588
0.17949441
0.18000473
0.18016128
0.18054992
0.18107103
0.18104273
0.18098494
0.18110225
0.180971
0.18126106
0.18148227
0.18169822
0.18196043
0.18215403
0.18188907
0.18216911
0.18243524
0.18279625
0.18339191
0.18385631
0.1842447
0.18492754
0.18548858
0.18598135
0.18660793
0.18661378
0.18704174
0.1875548
0.18764076
0.1883116
0.1886834
0.18861464
0.18888628
0.18863979
0.18865877
0.18865971
0.1885105
0.18868168
0.18880467
0.18868332
0.18912916
0.18913482
0.18880884
0.18822926
0.18839268
0.18830891
0.18793303
0.18822111
0.1885731
0.18863602
0.18864228
0.18903814
0.18912083
0.18966942
0.1902791
0.19067773
0.19139357
0.19188961
0.19231144
0.1929502
0.19368112
0.1944794
0.19538066
0.19592367
0.19645314
0.19694106
0.19729696
0.1979595
0.19857162
0.19878836
0.19871281
0.19840677
0.1980555
0.19787608
0.19780727
0.19784923
0.19787845
0.1977564
0.1971742
0.19655786
0.19613385
0.19553874
0.19505619
0.19471589
0.19444206
0.19369854
0.19356066
0.1933854
0.19315569
0.19308698
0.1933651
0.193749
0.19449963
0.19484423
0.19558263
0.19618809
0.19659854
0.19719207
0.19772726
0.19837311
0.19897251
0.1995964
0.20014623
0.20077616
0.201314
0.20182449
0.20235768
0.2029051
0.20333222
0.20326583
0.20261994
0.20148665
0.20001538
0.1984357
0.1965753
0.19488119
0.19404358
0.19277377
0.19105984
0.1900131
0.18953799
0.18932815
0.1893114
0.18961798
0.19004759
0.19028196
0.19064051
0.1913525
0.19196352
0.19250995
0.19365436
0.1943591
0.19470829
0.1956289
0.19633578
0.19693038
0.19737917
0.1980064
0.19871584
0.19923922
0.20000133
0.20095566
0.20201743
0.2033176
0.20463221
0.20544492
0.2063536
0.20657067
0.20627332
0.20615375
0.20644617
0.20671627
0.20723763
0.20730346
0.20703591
0.20667322
0.2069758
0.20688075
0.20589755
0.2054626
0.2046231
0.20432341
0.20416066
0.20380016
0.20303479
0.20337188
0.20320325
0.20256853
0.20286876
0.2032451
0.20199071
0.19975926
0.19894508
0.1979422
0.19635525
0.19581789
0.19542408
0.19493383
0.1950311
0.19538711
0.19597496
0.19640183
0.19655061
0.19704346
0.19719847
0.1976717
0.1982771
0.1989371
0.19945526
0.20047128
0.20114392
0.20192985
0.20272955
0.20339936
0.20440984
0.20557712
0.20651492
0.20709711
0.20727266
0.20743196
0.20799337
0.20849064
0.20884143
0.20902799
0.20938641
0.20957421
0.20953068
0.20948666
0.20956738
0.20890512
0.20718522
0.2061589
0.20542496
0.20446323
0.20405583
0.20385168
0.20286694
0.20196375
0.2017856
0.2017175
0.20183781
0.2022422
0.20241874
0.20298962
0.20382747
0.20425677
0.20468387
0.20467366
0.20472692
0.20482829
0.20512874
0.2056165
0.20591632
0.2061894
0.20680481
0.20783982
0.20893878
0.20972556
0.21016628
0.21093746
0.21057302
0.20860171
0.20544454
0.20304666
0.20114641
0.19823642
0.19538486
0.19424373
0.19378605
0.19250797
0.19113329
0.19083202
0.19050552
0.19039045
0.19050664
0.19051686
0.19028208
0.19032729
0.19060886
0.19106807
0.1914853
0.1919638
0.19262598
0.19347073
0.19414294
0.19498023
0.19601293
0.19683902
0.19732654
0.1977866
0.19838935
0.19845515
0.19895133
0.19968356
0.2004187
0.20148303
0.20239522
0.20324507
0.20410308
0.20501523
0.20534663
0.20523329
0.20523675
0.20550409
0.20580493
0.20612548
0.20646054
0.20723207
0.20793532
0.20877959
0.20931867
0.20968167
0.2100032
0.20986214
0.20966153
0.2091998
0.20882638
0.20844482
0.20817506
0.20792899
0.20800123
0.20776467
0.20682494
0.20653997
0.20619096
0.20593373
0.20640785
0.20651102
0.20670532
0.20685425
0.2069974
0.20692272
0.20686577
0.20728411
0.20771612
0.20790264
0.20799072
0.2081981
0.2083745
0.20872636
0.20857446
0.20777546
0.20737982
0.20683089
0.20668843
0.20659266
0.2063488
0.20650421
0.2062899
0.20616738
0.20641372
0.20659071
0.20679243
0.20695262
0.20692171
0.20692253
0.20707412
0.20723017
0.20771646
0.20804271
0.2081722
0.20818125
0.20844033
0.2089414
0.20952077
0.21000014
0.21004239
0.20994708
0.20964289
0.20935287
0.20845722
0.20717022
0.20653571
0.20591605
0.20602542
0.20623426
0.20564711
0.20428282
0.2033127
0.20291495
0.20255561
0.20246542
0.20185596
0.2010362
0.19992676
0.19906083
0.1984387
0.19859067
0.19878244
0.19913086
0.19930835
0.19937688
0.19928837
0.19929196
0.19955803
0.19974197
0.20025092
0.20064086
0.20094235
0.20128565
0.20162535
0.20192446
0.20222044
0.20253988
0.20313138
0.20311865
0.20274486
0.20260434
0.2028369
0.20308627
0.20327437
0.2033303
0.20325452
0.20303631
0.20286681
0.20291798
0.2030869
0.20343134
0.2036425
0.20379062
0.2037585
0.20378403
0.20383352
0.20417531
0.20464736
0.20500568
0.20529455
0.20520552
0.20537658
0.20581791
0.20592134
0.20555766
0.20499432
0.2044627
0.20434427
0.20473866
0.20504774
0.20430908
0.20268868
0.20122054
0.20048182
0.19951423
0.19889754
0.19804439
0.19691479
0.19606495
0.19543254
0.19481364
0.19477542
0.1949283
0.19489683
0.195339
0.19594589
0.19624738
0.19621105
0.19629793
0.19647759
0.19668326
0.19716403
0.1975669
0.19784978
0.19753426
0.19722429
0.19711924
0.1972335
0.19767149
0.19806431
0.19839446
0.1982887
0.19765057
0.19710173
0.19672625
0.19673377
0.19705454
0.19717237
0.19736432
0.19719931
0.19708265
0.19707623
0.19715409
0.19710422
0.19753198
0.19800723
0.19801034
0.19794795
0.19808379
0.19827402
0.1985906
0.19900432
0.19911808
0.199312
0.19948956
0.19972442
0.20005612
0.20006481
0.20004278
0.2002419
0.20048095
0.20059188
0.20053834
0.20062248
0.20055628
0.20048693
0.20060362
0.20029011
0.1996826
0.19921957
0.19866063
0.19818944
0.19801672
0.19779108
0.19804639
0.19871022
0.19839184
0.19740129
0.19675814
0.19671933
0.19634858
0.19637784
0.19658585
0.1962214
0.19551419
