0.37
0.31723383
0.27823392
0.2532879
0.24227624
0.239188
0.23918289
0.2392065
0.23879954
0.23945604
0.24110644
0.24307172
0.24501379
0.24677593
0.24829893
0.24957237
0.25061077
0.25143927
0.25208673
0.25258145
0.25294963
0.25321278
0.25339022
0.2534972
0.2535486
0.2535592
0.25353593
0.25348395
0.2534073
0.253312
0.25320074
0.25307614
0.25294086
0.252798
0.25264806
0.25249204
0.25232956
0.25216094
0.25199342
0.25183928
0.25167125
0.25149712
0.25132248
0.2511542
0.25099728
0.250839
0.25067833
0.25051627
0.25035462
0.25019506
0.2500376
0.24987404
0.249698
0.24951254
0.2493204
0.24911737
0.24890111
0.24870336
0.24851465
0.24829267
0.24804525
0.24779406
0.24758306
0.24736476
0.24712159
0.2468662
0.24664134
0.24640979
0.2461451
0.24587189
0.24558967
0.24528061
0.24496463
0.24463484
0.24422963
0.2437963
0.24336296
0.24281847
0.24231616
0.2417764
0.24108419
0.24047405
0.23985326
0.23917313
0.23862262
0.23806295
0.23739235
0.23679568
0.23628782
0.2356476
0.23499459
0.23449013
0.23386848
0.23339121
0.23303409
0.23268911
0.23239693
0.23213984
0.23177762
0.23144986
0.23107173
0.2307003
0.23034196
0.22987977
0.2294956
0.22910233
0.22868927
0.22837743
0.2280037
0.22753695
0.2271644
0.2267162
0.22622815
0.22586276
0.2254999
0.22499682
0.22462326
0.22425327
0.22380033
0.22345166
0.22296557
0.22241122
0.22200729
0.22139017
0.22101125
0.22066882
0.22004433
0.21971372
0.21931091
0.21889125
0.21866518
0.21823794
0.2179261
0.2176631
0.21719325
0.21706091
0.21673909
0.2162841
0.21612857
0.21569414
0.21548757
0.21526779
0.21482259
0.21468087
0.21430112
0.21411438
0.21394546
0.213551
0.21338908
0.21308725
0.21297583
0.21277758
0.21241029
0.21225093
0.21191676
0.21182844
0.21158089
0.21120821
0.21113199
0.2109249
0.21087705
0.21061835
0.21062869
0.21059631
0.21050112
0.2106663
0.21051249
0.21046452
0.21050309
0.21037719
0.21050711
0.21036403
0.21027876
0.21030492
0.21043253
0.21065862
0.21054783
0.21072432
0.21085025
0.21103995
0.21137734
0.21136661
0.21178798
0.21188588
0.21227182
0.21277627
0.21276547
0.21279167
0.2129448
0.21327804
0.2137396
0.2137118
0.21352322
0.21391779
0.21374026
0.21414119
0.21421188
0.21382087
0.21386376
0.21367511
0.21372835
0.21402988
0.21391599
0.21361598
0.21358694
0.21361168
0.21397094
0.21419616
0.2141377
0.21408449
0.21397059
0.2135632
0.21328536
0.21296209
0.21228412
0.211738
0.2111149
0.2102186
0.20942856
0.20852023
0.20755607
0.20648997
0.20532997
0.20418371
0.20291048
0.2015507
0.20025371
0.19880928
0.19740821
0.1958333
0.19421227
0.19253013
0.19070798
0.18906718
0.1872981
0.18549933
0.18368685
0.18186004
0.17995726
0.17808232
0.17631206
0.1747606
0.17335011
0.17210545
0.17111042
0.17029579
0.16958176
0.1692472
0.16872004
0.16819201
0.16748683
0.16727772
0.16639127
0.16651109
0.16642986
0.16647834
0.1668575
0.16689022
0.16712207
0.1672212
0.16759156
0.16791148
0.16760728
0.16784152
0.16761616
0.16764973
0.16764528
0.16776058
0.16794871
0.16793714
0.16848472
0.16847204
0.16811535
0.1682223
0.16795717
0.16720799
0.16668215
0.16618252
0.16566801
0.16558293
0.16422342
0.16386195
0.16365351
0.16208065
0.16249308
0.16210169
0.1600496
0.16034093
0.16026641
0.15913051
0.16026467
0.15999547
0.15798244
0.1587472
0.15794039
0.15707444
0.15846118
0.15821713
0.1566155
0.15781727
0.1565029
0.15605384
0.15726921
0.15677288
0.15616052
0.15694697
0.15598102
0.15746628
0.1585532
0.15740146
0.15728398
0.15755358
0.15661368
0.15771595
0.15883242
0.15817676
0.15689932
0.15656403
0.15584837
0.15565228
0.15779306
0.15984435
0.15913458
0.15743981
0.15745927
0.15645629
0.15684818
0.15848598
0.15958422
0.15774079
0.15589567
0.15512969
0.15404549
0.15501161
0.15597703
0.15692681
0.15765107
0.15642086
0.15436368
0.15317121
0.15238826
0.15281749
0.15338852
0.15396565
0.15462402
0.15561351
0.15589584
0.15529515
0.15445489
0.15369792
0.15337488
0.15413089
0.15529963
0.1562921
0.15706691
0.1575653
0.1576375
0.15755995
0.15779041
0.15819442
0.1590565
0.15996395
0.16079894
0.16099684
0.16040763
0.15953147
0.15864225
0.15882838
0.15913121
0.15961231
0.16054268
0.16126972
0.16183825
0.16171409
0.16213569
0.16249208
0.16252856
0.16299781
0.16429847
0.16559137
0.16529574
0.16486755
0.16386189
0.16356996
0.1641128
0.16443938
0.16491692
0.16598004
0.16611518
0.16474204
0.16357815
0.16277434
0.16286126
0.16277644
0.16305946
0.16372354
0.1643419
0.16385716
0.16244407
0.16188487
0.1615624
0.16193487
0.1620351
0.16241689
0.16306032
0.16338183
0.16362302
0.16365401
0.16384009
0.16418228
0.1648335
0.16553621
0.16650082
0.1666835
0.16608797
0.16611809
0.16635166
0.16737312
0.1684534
0.16912133
0.1696442
0.16980723
0.17028238
0.1707937
0.17080702
0.17041245
0.1698654
0.16994934
0.1702189
0.1708772
0.17075305
0.17018999
0.16944858
0.1692982
0.1692941
0.16960868
0.16907033
0.167858
0.16680598
0.16630073
0.1664585
0.16727935
0.1677247
0.16815563
0.16782057
0.16699387
0.1665193
0.16668801
0.16683401
0.16741803
0.16803907
0.16871299
0.1691082
0.16889556
0.16847813
0.16810665
0.16810983
0.16834593
0.16885744
0.16867472
0.16781636
0.16724262
0.166555
0.1663813
0.16663988
0.16659643
0.16667284
0.16714123
0.16786136
0.16810808
0.16747054
0.16691326
0.16652735
0.1665227
0.16679569
0.16731854
0.16771133
0.16780981
0.16756982
0.167634
0.16795431
0.16848317
0.16962291
0.1703624
0.17102005
0.1712378
0.17172532
0.17237379
0.17360535
0.17454799
0.17486073
0.17514877
0.17531547
0.1759079
0.17706703
0.17756571
0.17743404
0.17753102
0.1776471
0.17798455
0.17897959
0.17975159
0.18031983
0.18067537
0.18104357
0.18144678
0.18205579
0.1829953
0.18273497
0.1823326
0.18171948
0.18142587
0.18199055
0.18221255
0.18182743
0.18195277
0.18205748
0.18211016
0.1822854
0.18265536
0.18308246
0.18348193
0.18296437
0.18227579
0.18196912
0.1820632
0.18263127
0.1825199
0.18257898
0.18283762
0.18340263
0.18357086
0.18313713
0.18203576
0.18136133
0.1812872
0.18191385
0.18239386
0.18283685
0.1834994
0.18388371
0.18438135
0.18458928
0.1853458
0.18604575
0.18646331
0.1869517
0.18682729
0.18710697
0.18755406
0.18831995
0.18938911
0.19011441
0.19067411
0.19133529
0.19232878
0.19223946
0.19166866
0.19154423
0.19123058
0.1909804
0.190878
0.19139555
0.19223218
0.19270997
0.1925148
0.19245866
0.19254023
0.19231091
0.19260238
0.19297919
0.19337061
0.19372578
0.19424514
0.19455315
0.19498117
0.19480348
0.19464636
0.19396937
0.19274405
0.19225498
0.19170344
0.19115032
0.19122188
0.1915907
0.19246249
0.19257437
0.19191733
0.19098698
0.19041808
0.18990858
0.18994175
0.1897114
0.18991067
0.19053699
0.19127677
0.1921218
0.19276989
0.19357388
0.19454576
0.19512117
0.19505195
0.19504823
0.19564685
0.19633391
0.19718811
0.19836378
0.19929452
0.19979057
0.20030312
0.20035414
0.20121604
0.2016553
0.20187867
0.20155787
0.20091484
0.2008369
0.20093273
0.20088062
0.20091408
0.20050101
0.19981076
0.19885336
0.19870518
0.19917554
0.19953248
0.19902632
0.19782357
0.197159
0.19649504
0.19650464
0.19666716
0.19688575
0.19725856
0.19771211
0.19783999
0.19829945
0.1987217
0.1991814
0.19961482
0.20015551
0.20062843
0.20092349
0.20105037
0.2011159
0.20108724
0.20119594
0.20176855
0.20236486
0.20239796
0.20243363
0.20269062
0.20300943
0.20335627
0.20347081
0.20387335
0.20420986
0.20461583
0.20558731
0.20635241
0.20571685
0.20335618
0.20115799
0.20014237
0.19921108
0.19814293
0.1973376
0.19587684
0.1947739
0.19335021
0.19306928
0.19268395
0.19207864
0.19123244
0.19145559
0.19087626
0.19022208
0.189661
0.18905333
0.1890028
0.1890727
0.18860407
0.1884324
0.18793082
0.18769832
0.18773216
0.18777986
0.18855381
0.18938954
0.19067563
0.19160327
0.19244194
0.19321522
0.19356923
0.19350912
0.19341482
0.19356406
0.19344656
0.19329058
0.19303879
0.1930083
0.19328147
0.19346718
0.19329876
0.19321524
0.19295038
0.19256441
0.1923552
0.19267422
0.19275734
0.1922443
0.1916232
0.19119537
0.19114193
0.19099623
0.19169188
0.1919891
0.19225155
0.1926435
0.19229937
0.19153823
0.1911123
0.19126888
0.19106202
0.19116196
0.19131626
0.19128135
0.19133861
0.19157153
0.1915089
0.19106193
0.19076635
0.19021185
0.18979523
0.18990344
0.18976383
0.18890719
0.18829393
0.18795514
0.18689927
0.18655649
0.1864634
0.18659641
0.18699834
0.18726052
0.18719418
0.18700331
0.18656552
0.18646652
0.1863865
0.1859693
0.1856598
0.18494011
0.18418308
0.18356146
0.18321477
0.18348488
0.18326287
0.1833784
0.18353632
0.1833221
0.18263154
0.18248288
0.1828334
0.18321562
0.1830879
0.18260598
0.18136765
0.18006954
0.1789514
0.17802206
0.177007
0.1754956
0.17391834
0.17232609
0.17072628
0.17006777
0.16942644
0.16924775
0.16950299
0.16974479
0.16980104
0.1694426
0.16897446
0.16881539
0.16865355
0.16850173
0.16856614
0.16864903
0.16852187
0.16807699
0.16758601
0.16704008
0.16670355
0.1664671
0.16668089
0.16689087
0.16716243
0.1671129
0.16700807
0.16684969
0.16674735
0.1670927
0.16741244
0.1676808
0.16809948
0.16826282
0.16840367
