0.37
0.3167463
0.27789852
0.2529107
0.24197993
0.23914337
0.23939396
0.23948562
0.23891182
0.23917526
0.24055135
0.24234729
0.2441999
0.24593087
0.24746104
0.24877127
0.24986419
0.2507562
0.25147232
0.25203803
0.25247818
0.2528139
0.25306368
0.25324255
0.2533644
0.25343943
0.253477
0.25348362
0.25346556
0.2534287
0.253379
0.25331843
0.25324646
0.25316644
0.25307822
0.25298342
0.2528842
0.2527831
0.25268057
0.25257576
0.25246876
0.25236243
0.252258
0.25215435
0.2520454
0.25192547
0.25180602
0.25169247
0.2515815
0.25147378
0.2513633
0.25124836
0.25112444
0.25099918
0.25088105
0.2507554
0.25061104
0.2504375
0.25023082
0.2499793
0.24968842
0.24937215
0.24904221
0.24869138
0.24832413
0.24795108
0.24756046
0.24716729
0.2467582
0.24635084
0.24596855
0.24558266
0.24520992
0.24483833
0.2444389
0.24401334
0.24361572
0.24322693
0.24281606
0.24236259
0.24191964
0.2415124
0.24108465
0.24067637
0.24028493
0.23985189
0.23941238
0.23899078
0.23856544
0.2381503
0.23775627
0.23735262
0.23695402
0.23657292
0.23622027
0.23588549
0.23555857
0.23520139
0.23483567
0.23450646
0.23421222
0.23394012
0.23362501
0.23328
0.23295936
0.23263708
0.23232776
0.2320048
0.23161972
0.2313335
0.23124623
0.23115712
0.2310039
0.23075366
0.2303906
0.2300072
0.22963797
0.22918993
0.22874548
0.2283035
0.22779602
0.2273248
0.22677599
0.22617145
0.2256589
0.22509898
0.2245255
0.22400054
0.2234565
0.22298989
0.2225485
0.22206047
0.22155324
0.22109169
0.22062401
0.220255
0.22000691
0.21968283
0.21930335
0.21889786
0.21846056
0.2180837
0.2176771
0.21724828
0.2168147
0.21642436
0.21607992
0.21579842
0.21548294
0.21511258
0.2147857
0.21451691
0.21426997
0.2140492
0.21379536
0.2134764
0.21325895
0.21303968
0.21285015
0.21269023
0.21242172
0.21215543
0.21200222
0.21179806
0.21166804
0.21147366
0.21129666
0.21115825
0.21095864
0.21084704
0.21066883
0.21055494
0.2104086
0.2102986
0.21019135
0.20999645
0.20982726
0.20967236
0.20954913
0.20942326
0.20919697
0.20909005
0.20890991
0.20870574
0.20858476
0.20838812
0.20820618
0.20799579
0.20782714
0.20762728
0.20750563
0.20731956
0.20709488
0.20687099
0.20663022
0.20642836
0.20623273
0.20598644
0.20573874
0.2055119
0.20525938
0.20503381
0.20478764
0.20447466
0.20426662
0.20400284
0.20371535
0.2034337
0.20303544
0.20272215
0.2023383
0.20204036
0.20169166
0.20124924
0.20087287
0.2004446
0.20009118
0.19969834
0.19926792
0.19881934
0.19837448
0.19791599
0.19744755
0.19694948
0.19639824
0.19585504
0.1952771
0.19469264
0.194072
0.19346717
0.19285288
0.19222234
0.19158825
0.19092624
0.19026104
0.18959759
0.1889342
0.18826073
0.18754986
0.18684408
0.18614326
0.18542555
0.18470249
0.18395767
0.18320101
0.18242349
0.18164735
0.1808703
0.18006903
0.1792656
0.17845462
0.17760734
0.17680344
0.17598505
0.1751418
0.17423472
0.17332411
0.17240754
0.17141376
0.17035064
0.16917579
0.16836667
0.16758978
0.16693595
0.1662403
0.16568384
0.16506948
0.16458933
0.16414382
0.16367327
0.16316235
0.16293178
0.16262273
0.16234173
0.16227223
0.16250469
0.16236818
0.1626426
0.1625911
0.16330437
0.16361615
0.16339995
0.16422628
0.16459633
0.16478644
0.16554484
0.1655362
0.16573381
0.16596472
0.16542445
0.16610667
0.16658768
0.16627635
0.16644067
0.16668725
0.16594383
0.16622059
0.16598256
0.16553962
0.16576527
0.16517414
0.16444011
0.16494635
0.16433634
0.16352946
0.16327213
0.1628116
0.16226172
0.1622898
0.16212232
0.16198975
0.1623383
0.16203141
0.16195956
0.16214287
0.16213167
0.16231523
0.16203013
0.16188316
0.16233034
0.1624474
0.16254234
0.16283742
0.16266702
0.16230948
0.16266702
0.16257535
0.16225651
0.16180165
0.16175084
0.16195184
0.16207258
0.16179997
0.16171074
0.1614851
0.16149753
0.16147418
0.1616921
0.16181387
0.16202503
0.16214947
0.16229856
0.16262712
0.16280876
0.16266824
0.16259564
0.16278775
0.16288581
0.16318546
0.16340762
0.1634145
0.1632151
0.16314298
0.16309872
0.16311163
0.16311768
0.16301556
0.16292131
0.1627792
0.16274253
0.16286933
0.16301668
0.16304836
0.16319223
0.16332161
0.16359991
0.16368
0.16390437
0.16415162
0.16436502
0.16467984
0.164984
0.16525897
0.16549471
0.16563231
0.1657613
0.16594899
0.16616519
0.16615166
0.16636209
0.1665699
0.16674988
0.16698383
0.16711617
0.16701226
0.16714513
0.16727215
0.16745491
0.16778667
0.16788283
0.16801378
0.16819133
0.168366
0.16875876
0.16896692
0.16942298
0.16988195
0.17039007
0.17085263
0.17115346
0.17156042
0.17191187
0.17234394
0.1727467
0.17299174
0.17327513
0.17350346
0.17392254
0.1741405
0.17438702
0.17468694
0.17500901
0.1754839
0.175808
0.1761113
0.17644244
0.17672607
0.1770981
0.17750895
0.1778923
0.17841452
0.1787846
0.17937991
0.17982882
0.18033828
0.18083932
0.18124636
0.18160681
0.18203259
0.18241236
0.18325408
0.18351285
0.18382053
0.18433897
0.1848912
0.1855503
0.18601382
0.18637276
0.1866787
0.18664953
0.18655817
0.1868844
0.18666328
0.18671559
0.18703394
0.18711156
0.18730402
0.18740758
0.18714172
0.1873541
0.18745527
0.18752344
0.18768479
0.18770728
0.18756455
0.18737997
0.18753447
0.1879747
0.18859188
0.18910748
0.18952717
0.18945064
0.18936543
0.1896263
0.1900552
0.19065219
0.19046068
0.19004862
0.18935193
0.18887463
0.18931895
0.1897081
0.18980095
0.19044422
0.19127612
0.19194704
0.19286983
0.19358972
0.19446883
0.19499965
0.19518432
0.19583945
0.1968511
0.19759512
0.19841753
0.19927806
0.2001107
0.20077737
0.20183654
0.20199382
0.20216204
0.20115024
0.1991569
0.19787642
0.19682793
0.19559932
0.19489862
0.19421533
0.19422618
0.19417503
0.19435532
0.19495448
0.19540444
0.19656664
0.19782315
0.1987283
0.1997688
0.20125593
0.20238712
0.2033985
0.20448446
0.20465764
0.20338711
0.20143375
0.19944194
0.19785494
0.1972033
0.19643016
0.19434306
0.19283246
0.19210249
0.19135074
0.1907593
0.19039083
0.19017614
0.18996315
0.1903503
0.19071002
0.19155289
0.19313928
0.19419275
0.19525065
0.19538924
0.19487937
0.19543315
0.19678208
0.19707899
0.197628
0.19919653
0.19973725
0.19867772
0.19767715
0.19692793
0.19699934
0.19703966
0.1981725
0.19921516
0.19929396
0.1989313
0.1977308
0.19553308
0.19408564
0.19270237
0.1911475
0.19026735
0.19012448
0.18989588
0.18979752
0.19039394
0.19096042
0.19142477
0.19176745
0.19233257
0.1928465
0.1932982
0.1939679
0.19426644
0.19458649
0.19513094
0.19573778
0.19616692
0.19656762
0.19709438
0.1976618
0.19825837
0.19892298
0.19975682
0.20035109
0.20101105
0.20189616
0.20228052
0.20260105
0.20289096
0.2029923
0.20308559
0.2034134
0.20369148
0.20366406
0.20347103
0.20335907
0.20308456
0.20277469
0.2027304
0.20282051
0.20281406
0.20251201
0.20256549
0.20268485
0.20259616
0.20244454
0.20250167
0.20276925
0.2028397
0.20306051
0.20330884
0.2037524
0.20393239
0.20379521
0.2038954
0.20406145
0.20412286
0.20439295
0.20476888
0.20481344
0.20485303
0.20484425
0.20437834
0.20379269
0.20354547
0.20299281
0.20241979
0.20177178
0.20107508
0.20074552
0.19995055
0.19907862
0.1987019
0.1984586
0.1983021
0.19871056
0.19920975
0.1995797
0.19994557
0.20039874
0.20061491
0.2005143
0.20019445
0.1999236
0.19977869
0.19981042
0.19985591
0.19994396
0.200036
0.20010583
0.20022547
0.20045862
0.20064446
0.20081174
0.20114453
0.20165141
0.20208302
0.20225596
0.202502
0.20290327
0.20326924
0.2036592
0.2041036
0.20444374
0.20457344
0.20450093
0.20434086
0.20427938
0.2043446
0.20420772
0.2040262
0.20390777
0.20367996
0.20303036
0.20226902
0.20175916
0.20070098
0.19984344
0.19914672
0.19910175
0.19947909
0.20013711
0.20037487
0.20078899
0.20131429
0.20186639
0.2020332
0.20229091
0.20286022
0.20327815
0.20351046
0.2039785
0.20438501
0.20472202
0.20522238
0.2058583
0.2062413
0.2063449
0.20640889
0.2062796
0.2057116
0.20580982
0.20261154
0.19778542
0.19367577
0.19077297
0.18845095
0.18761985
0.18785922
0.18775207
0.18710463
0.18744859
0.18802159
0.18900028
0.18971473
0.1900568
0.19057666
0.19128571
0.19205722
0.19259639
0.19320154
0.19381718
0.1944154
0.19480038
0.19535479
0.19624297
0.19687884
0.1972756
0.19800022
0.19869095
0.1993091
0.1997103
0.19982348
0.19980358
0.19961761
0.19902231
0.19854827
0.19845703
0.19867326
0.1989048
0.19896337
0.1992484
0.19958717
0.19965202
0.19917108
0.19900374
0.19919324
0.199759
0.20034115
0.20017147
0.20050618
0.20116994
0.20158271
0.20133509
0.20155463
0.20204034
0.20264298
0.20265664
0.20252797
0.20242435
0.20321302
0.2036104
0.20324022
0.20356092
0.20378889
0.20432009
0.20415449
0.20310684
0.20177539
0.20117714
0.2005529
0.1998621
0.19970812
0.19979823
0.19985883
0.1998087
0.19969466
0.19972806
0.19988255
0.19989504
0.19994964
0.20004374
0.2001767
0.2003386
0.20055059
0.20086986
0.20120746
0.2013439
0.20149495
0.201849
0.20223387
0.20240107
0.20245458
0.2026073
0.20284294
0.20279698
0.20248702
0.20202532
0.20167251
0.20137635
0.20093453
0.2002395
0.19943617
0.19835487
0.19703616
0.19562271
0.19415228
0.19335629
0.192028
0.19117905
0.19175267
0.19143125
0.1910882
0.19164975
0.19170116
0.19087587
0.19058175
0.190624
0.1911554
0.19071889
0.19059719
0.19063902
0.19099812
0.19087389
0.1909328
0.19148138
0.19185725
0.19155549
0.19160797
0.1918276
0.19239081
0.19243585
0.19221495
0.1923706
0.19275042
0.19323675
0.19288534
