0.37
0.31941497
0.28141412
0.2556934
0.24350317
0.2396616
0.23913354
0.23907492
0.23877954
0.23886634
0.23915388
0.23951119
0.2398689
0.24019292
0.24046779
0.24069037
0.24086168
0.24098633
0.24107051
0.24111928
0.24113823
0.24113165
0.24110366
0.24105845
0.24099813
0.24092661
0.2408448
0.24075419
0.24065612
0.24055234
0.24044345
0.24032916
0.24021001
0.24009086
0.23996681
0.2398357
0.23970406
0.23957151
0.23943333
0.23929153
0.2391452
0.23898496
0.23881267
0.23863548
0.23846151
0.23828837
0.23811503
0.23794314
0.23776983
0.2375986
0.23743108
0.2372672
0.23710203
0.23693466
0.23676695
0.23659545
0.23642133
0.23624173
0.23607005
0.2358875
0.23570219
0.2355201
0.23534702
0.23516817
0.23498245
0.23480123
0.23462339
0.2344513
0.23426877
0.23407155
0.23388356
0.23369354
0.23350799
0.23333535
0.23315674
0.23297471
0.23280881
0.23264597
0.23252001
0.23238581
0.23223491
0.23206462
0.231879
0.23167935
0.2314713
0.23128064
0.23110576
0.23096204
0.23084012
0.23073949
0.23063205
0.23051856
0.2303864
0.23015879
0.22989878
0.22960444
0.22926404
0.22891451
0.22843426
0.22795126
0.22740051
0.2268428
0.2261187
0.2254868
0.22484355
0.22417428
0.22369906
0.22309245
0.22259758
0.22217697
0.22164004
0.2212
0.2207991
0.22016571
0.21983795
0.21955037
0.21913569
0.21891755
0.21864952
0.21817175
0.21774918
0.21747124
0.2170712
0.21681198
0.21647637
0.21615249
0.21596323
0.21578191
0.21563116
0.21549848
0.21520762
0.21506852
0.2148816
0.21469994
0.21450165
0.2141718
0.2138693
0.21361153
0.2133239
0.21297017
0.2126485
0.21227139
0.2120156
0.21183108
0.21135816
0.21098176
0.21063371
0.21025501
0.21006112
0.20941244
0.20893902
0.2087648
0.20819174
0.20807222
0.20770888
0.20721339
0.20694257
0.20657346
0.20644565
0.20613977
0.20564727
0.20539655
0.20505013
0.2049434
0.20461
0.20414571
0.20406918
0.20359431
0.20355359
0.20326209
0.20279285
0.2027795
0.20235707
0.20232368
0.20206481
0.20173955
0.20161928
0.20143084
0.20139982
0.20102009
0.20093428
0.20068541
0.20063616
0.20058024
0.20010538
0.20002753
0.19966252
0.19956827
0.19937487
0.19879825
0.19878364
0.19822663
0.19816561
0.19802862
0.19737363
0.1973145
0.19693993
0.1966681
0.1967328
0.19614822
0.19584288
0.19572046
0.19516335
0.19519474
0.19476801
0.19427508
0.19425698
0.1936891
0.19361797
0.19329768
0.19269246
0.19254896
0.19197556
0.19176452
0.19143742
0.19068731
0.19045587
0.18986706
0.18956898
0.18938549
0.18866044
0.1882532
0.1878114
0.18733448
0.18714397
0.18640348
0.18586493
0.18538341
0.1847062
0.18436603
0.1835036
0.18297239
0.18233505
0.18169996
0.1812661
0.18032584
0.17986919
0.179054
0.17868537
0.17817813
0.17722623
0.17698027
0.17608668
0.17562975
0.17498715
0.17432475
0.17373042
0.17321582
0.17235613
0.17208707
0.17184857
0.17109063
0.17069341
0.17034014
0.17026027
0.16969626
0.16943833
0.16869082
0.16871291
0.16817254
0.168583
0.16838719
0.16868825
0.16943225
0.16843888
0.16833135
0.16747183
0.167962
0.16842705
0.16836292
0.16896762
0.16905998
0.16883099
0.16879633
0.16768105
0.16771948
0.16723442
0.16744222
0.16760565
0.16756096
0.16806525
0.16793151
0.1675798
0.1677896
0.1677435
0.16749442
0.16748749
0.16735527
0.1671056
0.16719432
0.16715412
0.16715468
0.16697033
0.16683675
0.16651931
0.16632026
0.16641325
0.16634794
0.16607785
0.16586465
0.16577736
0.16565591
0.16555496
0.16547033
0.16566806
0.16559349
0.16552773
0.1654595
0.16551264
0.1656886
0.16557549
0.16553816
0.16586582
0.1659743
0.1660201
0.16593927
0.16596512
0.16616242
0.16612588
0.16575027
0.1655055
0.16532815
0.16539499
0.16526452
0.16419844
0.16271959
0.16206339
0.16134654
0.16075665
0.16026379
0.1596518
0.1589263
0.15830669
0.15807453
0.15799572
0.1579625
0.15813358
0.15824597
0.15847102
0.15851294
0.15851834
0.1588302
0.15936214
0.1602853
0.16060174
0.16061604
0.16064475
0.16044779
0.16117516
0.16192168
0.16217063
0.16254446
0.16294149
0.16253828
0.16224334
0.16204578
0.16171402
0.16177945
0.16226113
0.16272762
0.16245545
0.1618436
0.16144298
0.16148648
0.16183408
0.16219941
0.16247475
0.16249341
0.16245648
0.16233122
0.1624478
0.16311492
0.16421677
0.16476077
0.16463518
0.16482751
0.16527995
0.16633461
0.16746058
0.16849436
0.16941297
0.16973145
0.16972375
0.17005825
0.17040096
0.17111537
0.17204843
0.17203684
0.1719847
0.17161961
0.17115477
0.17128932
0.17178662
0.17233415
0.17266308
0.17240897
0.17237347
0.17267363
0.17335343
0.1742803
0.17534098
0.17642039
0.1771184
0.17752124
0.17801556
0.17883697
0.17977403
0.18075289
0.18196659
0.1830971
0.18407299
0.18507601
0.1858111
0.18689206
0.18778384
0.18856916
0.18926853
0.19028907
0.1909905
0.19176689
0.19228633
0.19258434
0.19244476
0.1921057
0.19166039
0.19094896
0.19095564
0.19128339
0.19106054
0.18951008
0.18729708
0.18592192
0.18577363
0.18654124
0.18791004
0.18909107
0.18990946
0.19000225
0.18905972
0.18957615
0.19069697
0.19191079
0.19297083
0.19362698
0.1941489
0.19413966
0.19319393
0.1916365
0.19073568
0.19152373
0.1916075
0.19131517
0.19186534
0.19193943
0.19174789
0.19230352
0.19283174
0.19340433
0.19378197
0.19486114
0.19578168
0.19692075
0.19827633
0.19986568
0.20074457
0.2009087
0.20107134
0.2024405
0.20378624
0.20516537
0.20601982
0.20662889
0.20613077
0.20640194
0.20565963
0.20426819
0.20291248
0.20033444
0.19756758
0.19675772
0.1964775
0.19579875
0.19487932
0.19360285
0.19310531
0.19319732
0.19403453
0.19545756
0.19663225
0.19841154
0.20012619
0.2021218
0.20388149
0.20471378
0.20526724
0.20626774
0.2079433
0.20870695
0.2093023
0.21001932
0.21077695
0.21121046
0.21057236
0.20869674
0.2062687
0.20181309
0.19743238
0.19599964
0.19459793
0.19348411
0.19264138
0.19174616
0.19188213
0.19201905
0.19280884
0.19372825
0.19486892
0.19528902
0.195747
0.19702116
0.1989363
0.20069505
0.20219389
0.20318168
0.20464565
0.20641522
0.2079359
0.20901226
0.20991689
0.21069789
0.21228068
0.21366921
0.21420847
0.21442504
0.21467075
0.21495293
0.2151382
0.21509117
0.2151973
0.21575211
0.21544385
0.21428047
0.2130482
0.21248429
0.21292835
0.21369722
0.21439944
0.21428864
0.21426773
0.2144259
0.21350656
0.21270865
0.21209279
0.2107065
0.2098561
0.20970124
0.20882334
0.20885538
0.20937172
0.20974614
0.2103801
0.21070632
0.21087044
0.21204872
0.21354991
0.21480398
0.21487406
0.21498929
0.21591428
0.21689342
0.21782888
0.21933138
0.21919222
0.21857014
0.2188634
0.21820939
0.2174499
0.21526042
0.21125256
0.20914075
0.2092733
0.20950407
0.20752828
0.2054367
0.2048022
0.20415819
0.20433621
0.20503716
0.2058932
0.20738986
0.20831984
0.20960572
0.21021457
0.21094474
0.21146205
0.2125495
0.21338466
0.21326928
0.21418029
0.21500224
0.21658897
0.2179982
0.21924153
0.22097346
0.22250015
0.2238682
0.22410458
0.2230235
0.22028053
0.21748027
0.21524541
0.21285869
0.20995075
0.20816521
0.20826562
0.20866379
0.20862135
0.20647465
0.20457073
0.20421647
0.20491429
0.20527664
0.20601851
0.20666334
0.20734377
0.20830584
0.2099935
0.21213332
0.21331863
0.2145037
0.21537456
0.21666242
0.21737361
0.21869728
0.21905781
0.21973398
0.22051618
0.22133069
0.22280721
0.22374323
0.2242528
0.2247145
0.22551033
0.22654882
0.22777201
0.22741523
0.22775596
0.22850268
0.2303805
0.23082665
0.22865483
0.22647299
0.2240228
0.21932918
0.21750845
0.21559261
0.20912857
0.20354602
0.20346794
0.20264107
0.19940524
0.19836113
0.1984947
0.19646965
0.19342895
0.19165868
0.19142239
0.1929271
0.19461317
0.19595039
0.19671007
0.19705604
0.19803374
0.1990852
0.20021492
0.20229058
0.20405103
0.20550324
0.20643204
0.20738705
0.20880769
0.21035747
0.21172024
0.21295576
0.21402049
0.2150339
0.21610498
0.21673656
0.21746671
0.21836413
0.21919133
0.21989624
0.22080454
0.22078618
0.22072352
0.22067352
0.220392
0.22085564
0.21971692
0.21951966
0.21431147
0.20868473
0.20410514
0.20095491
0.19784553
0.19391538
0.1915047
0.19083185
0.19067945
0.19054054
0.18978089
0.1890592
0.18896432
0.18938372
0.19038288
0.19166921
0.1926009
0.19321376
0.19413935
0.1949981
0.19599754
0.1970383
0.19801632
0.19886018
0.19985081
0.20071283
0.20144631
0.20194405
0.2026619
0.2033741
0.20420581
0.20515512
0.20599689
0.20668851
0.20738703
0.20823085
0.20916227
0.20957863
0.21014112
0.21090823
0.21194
0.21241365
0.21256514
0.21293572
0.21367528
0.21419278
0.2142881
0.2143413
0.21473445
0.21535955
0.21586502
0.21630959
0.21666487
0.216625
0.21698697
0.21707006
0.21719554
0.21763189
0.21825351
0.21949911
0.22093308
0.22184886
0.22218257
0.22267565
0.2233155
0.22382459
0.22166476
0.21872088
0.216297
0.2123655
0.2066763
0.20509093
0.20200005
0.19385251
0.18706873
0.18618074
0.18645559
0.18624404
0.18605928
0.18639196
0.18628502
0.18617183
0.18522568
0.18431638
0.18407883
0.1841657
0.1858195
0.18754993
0.18889797
0.19006854
0.19090931
0.1919757
0.19298406
0.1936571
0.19451135
0.19556187
0.19692048
0.19807094
0.19908981
0.19917649
0.19841497
0.19810067
0.19784875
0.19886269
0.19989507
0.19956279
0.19895826
0.19820674
0.19809112
0.19841346
0.19941166
0.20043623
0.20077728
0.20104015
0.2009874
0.20114233
0.20121045
0.20166704
0.20153505
0.20133793
0.20161472
0.20221326
0.20317797
0.20257872
0.2011271
0.20032945
0.19967887
