0.37
0.31751424
0.27843457
0.25552163
0.24519712
0.24096845
0.23935181
0.23891899
0.23894608
0.23878258
0.23900029
0.23960958
0.24033794
0.24107666
0.24177954
0.24241781
0.24296393
0.24340266
0.24373522
0.24397644
0.24414884
0.24426924
0.24434835
0.24439298
0.2444073
0.24439685
0.24436541
0.24431668
0.24425331
0.24417455
0.24407981
0.24396935
0.24385129
0.24372928
0.24360318
0.2434698
0.24332708
0.2431758
0.24301745
0.2428469
0.24267225
0.24249631
0.24231882
0.24213701
0.24194288
0.24173672
0.24151684
0.24128616
0.24104427
0.24078801
0.24052282
0.24026237
0.24000877
0.23975588
0.23950289
0.23924284
0.23897171
0.23870534
0.23843388
0.238134
0.23780428
0.23744749
0.23709852
0.23678654
0.23649636
0.23620445
0.23592989
0.23568799
0.23549649
0.2353438
0.23520292
0.23510897
0.2350557
0.23501979
0.23499204
0.23494872
0.23487279
0.23476216
0.23460355
0.23440635
0.23416941
0.23391159
0.23363657
0.23332395
0.23297814
0.23271896
0.23246747
0.23222499
0.23190275
0.23152013
0.23110558
0.23069091
0.23032202
0.22993238
0.22957936
0.2291904
0.2287512
0.22836904
0.22795334
0.2275992
0.22727183
0.22693932
0.22663239
0.226324
0.22604136
0.22573431
0.22535439
0.2250006
0.22461034
0.22425802
0.22389346
0.22348358
0.22312088
0.22271937
0.2223795
0.22203311
0.22165698
0.22132128
0.22097307
0.22065662
0.22030279
0.21995254
0.21963847
0.21935
0.21907853
0.21875802
0.21844266
0.21816096
0.21791
0.21764967
0.21731658
0.21699575
0.21670698
0.21645294
0.21620175
0.21587425
0.21555983
0.21530004
0.21505386
0.21483637
0.21452016
0.21418308
0.2139039
0.21362276
0.21340531
0.21310669
0.21274026
0.21243408
0.21211663
0.21184747
0.21157289
0.2111932
0.210832
0.21049352
0.21016605
0.20990533
0.20956711
0.2091759
0.20882657
0.20848165
0.20817944
0.20789002
0.20752762
0.20713905
0.20678762
0.20644131
0.20612755
0.2058016
0.2053968
0.20498994
0.20459981
0.20421985
0.20386666
0.20347895
0.20302331
0.2025713
0.20211564
0.20166366
0.20122151
0.20073523
0.2002047
0.19967042
0.19911718
0.19856937
0.19799928
0.1973945
0.19676949
0.19611451
0.1954429
0.1947741
0.1941104
0.19350542
0.19283198
0.19235529
0.19169007
0.19106247
0.19048533
0.1898759
0.18924406
0.18863088
0.18794201
0.1872858
0.18650335
0.18576315
0.18494026
0.18417162
0.18329865
0.18241148
0.1815126
0.180562
0.17961067
0.17859899
0.17756948
0.176516
0.17545925
0.17441145
0.17332357
0.17230915
0.17127717
0.17030929
0.1692918
0.16830963
0.16745342
0.16651653
0.16575131
0.16486202
0.16421421
0.16357745
0.16303039
0.16262718
0.16220175
0.16202909
0.16157392
0.16155891
0.161113
0.16125546
0.16103454
0.16123067
0.16223018
0.16142325
0.16083167
0.16017598
0.15954815
0.1601542
0.15994424
0.16003326
0.16010742
0.1599921
0.16065285
0.16019101
0.15905637
0.15961915
0.15894721
0.15878588
0.15950562
0.15863341
0.1583834
0.15795423
0.1574432
0.15789463
0.15800008
0.15778746
0.15768877
0.15744606
0.15775117
0.1582232
0.15730065
0.15717031
0.15627599
0.15579809
0.15663664
0.15709524
0.1567162
0.15701945
0.15686613
0.15670699
0.15729609
0.15774107
0.15868625
0.1592717
0.15895407
0.15963945
0.16015638
0.16041012
0.16083784
0.16153596
0.16202033
0.16227442
0.16247207
0.16362146
0.16377811
0.16416843
0.16517933
0.16498141
0.16570133
0.16513272
0.16479424
0.16470362
0.1651368
0.16495062
0.16478297
0.1632804
0.1609621
0.16041173
0.1594962
0.15956193
0.15966022
0.15948959
0.15840104
0.15664616
0.15595555
0.15546109
0.15526453
0.15578154
0.15632562
0.15641777
0.15622391
0.15596649
0.15629348
0.15581834
0.15652658
0.15698718
0.15782647
0.15888356
0.15887217
0.15998851
0.1605014
0.15936764
0.15954813
0.16086985
0.16099647
0.16122074
0.16191448
0.16034132
0.15853608
0.15747981
0.15605354
0.15478039
0.15497775
0.15510048
0.15503158
0.15461355
0.1532628
0.15180865
0.15133499
0.15067719
0.15092334
0.15108685
0.15142341
0.15215553
0.15323131
0.15333392
0.15426339
0.15495482
0.15553206
0.15617274
0.15733333
0.15851761
0.15999971
0.1615922
0.16315812
0.16410814
0.16393432
0.16541211
0.1671104
0.16722865
0.16761099
0.1685351
0.16743174
0.16337413
0.15815818
0.1545978
0.15260969
0.15124078
0.15019692
0.14928883
0.14871226
0.1484006
0.14868088
0.14897455
0.15006347
0.15104674
0.15163435
0.15259133
0.1535765
0.1544553
0.15543605
0.15659255
0.15753056
0.15804633
0.15849541
0.15880664
0.15916361
0.1598552
0.16046895
0.16147992
0.16280754
0.16385992
0.16472326
0.16563348
0.16616756
0.16669135
0.16719414
0.16769992
0.16813187
0.1680662
0.16870269
0.16964084
0.1702727
0.17096011
0.17114955
0.17142972
0.17173116
0.1722158
0.17281684
0.17356214
0.17451909
0.17521591
0.17587726
0.17695606
0.178151
0.17926198
0.18057834
0.18190216
0.18301153
0.18397872
0.18506199
0.1858734
0.1872264
0.18793094
0.18821006
0.18924795
0.1892885
0.18874735
0.1873315
0.18579242
0.1850576
0.18490477
0.18515982
0.18548231
0.1855357
0.18525167
0.18497671
0.18504755
0.18451641
0.18456456
0.18546522
0.18560435
0.18540724
0.18644978
0.18731263
0.18846445
0.1900551
0.19108526
0.19108881
0.19054642
0.19043894
0.19035582
0.1913461
0.19250147
0.1929366
0.19400054
0.19514018
0.19603936
0.19721211
0.1970484
0.19704635
0.1971657
0.19654478
0.19699891
0.19602714
0.19468473
0.19438699
0.19266967
0.19234611
0.19337346
0.19259596
0.19357203
0.19393528
0.1929031
0.19340223
0.19403853
0.19232221
0.19140863
0.19155237
0.19014588
0.18990964
0.18941496
0.18936428
0.19015731
0.19072838
0.19200881
0.19281054
0.19386548
0.19508228
0.1964231
0.1980066
0.19909976
0.19994581
0.20029783
0.20071223
0.20089354
0.20049222
0.20058675
0.19995137
0.19898306
0.19944067
0.19852757
0.19653039
0.1950115
0.19336063
0.19266924
0.19156903
0.19030732
0.18963239
0.18878005
0.18742843
0.18768644
0.1886079
0.18888965
0.18891548
0.18926504
0.18931623
0.18957017
0.19045489
0.19079542
0.19059367
0.19051358
0.1906574
0.19164567
0.19277105
0.19352393
0.19412987
0.19468513
0.19489457
0.19519047
0.19599335
0.19694811
0.19768478
0.19853947
0.1995945
0.20050731
0.20181407
0.20255595
0.20330401
0.20402631
0.20496339
0.20588344
0.20608696
0.20575076
0.20450127
0.2041037
0.20424052
0.20322205
0.20235118
0.2011047
0.2002674
0.19997948
0.19870915
0.19755152
0.19633172
0.19383489
0.19320561
0.19364935
0.19417748
0.19439581
0.19421299
0.1938751
0.19392762
0.19425255
0.19430088
0.19404161
0.19392754
0.19405295
0.19510756
0.19638218
0.19738488
0.19830908
0.1990771
0.19983386
0.20046513
0.20165843
0.20266612
0.20300134
0.20379606
0.20344165
0.20225932
0.20142898
0.19932993
0.19516578
0.19178213
0.18888323
0.18512096
0.18340524
0.1840951
0.18405166
0.18284903
0.18275882
0.1820289
0.18228763
0.18300728
0.18376951
0.18390226
0.18282363
0.18271174
0.18353269
0.18435545
0.18576916
0.18702714
0.18793915
0.18873642
0.18964307
0.19073138
0.19207741
0.19387095
0.19517517
0.19584256
0.19645566
0.19734052
0.19835642
0.19914979
0.19962363
0.20039949
0.20131265
0.20205194
0.20259681
0.20306133
0.20347255
0.20312601
0.20286399
0.20277062
0.20287226
0.20389156
0.20470585
0.20514444
0.20630422
0.20690037
0.20744553
0.20813955
0.20775391
0.20716932
0.20654492
0.20614505
0.20635816
0.20615633
0.20551144
0.20526269
0.2043366
0.20473094
0.2060047
0.20722377
0.20742775
0.20707165
0.20654081
0.20656665
0.20691408
0.2068074
0.20614353
0.20541489
0.20410807
0.20281224
0.20109065
0.19928353
0.19754718
0.19509958
0.19402212
0.19298875
0.19123845
0.19100986
0.1913229
0.19204545
0.19351088
0.19523647
0.19515829
0.19502985
0.19537313
0.19505787
0.19514582
0.1955515
0.1952411
0.19472091
0.1934946
0.19260864
0.19290876
0.19360642
0.19399893
0.19507334
0.19576956
0.19672355
0.19791512
0.19874293
0.19962092
0.20022534
0.19992155
0.19961691
0.19978009
0.20050691
0.20088531
0.20058016
0.2008425
0.20114695
0.20185918
0.20177162
0.20112967
0.20073266
0.199642
0.20028664
0.20167054
0.2033043
0.20410214
0.20436786
0.20468001
0.20486405
0.20480807
0.2038181
0.20227662
0.20187844
0.20130032
0.2000856
0.20034464
0.19904798
0.19747417
0.19795641
0.19846214
0.19834279
0.19944543
0.20141754
0.2025974
0.20296149
0.20417024
0.2023325
0.19963388
0.19747116
0.1949159
0.19254652
0.19015747
0.18732852
0.18615814
0.18639864
0.18627614
0.18587443
0.18620874
0.18691969
0.18881883
0.19078596
0.19166976
0.19188789
0.19275421
0.19378813
0.195292
0.1970986
0.19739944
0.1976764
0.19777565
0.19904888
0.20048635
0.2007129
0.19923776
0.19744192
0.195446
0.19401301
