0.37
0.3193945
0.2812391
0.2553724
0.24317195
0.23942678
0.23906583
0.23906489
0.23869407
0.23911782
0.24022375
0.24155703
0.2428878
0.24410759
0.24517354
0.2460764
0.24682312
0.2474281
0.24790941
0.24828501
0.24857248
0.24878688
0.24894196
0.24904828
0.24911329
0.24914339
0.24914256
0.24911626
0.24906987
0.24900793
0.24893422
0.24885379
0.24876775
0.24867503
0.24857488
0.2484685
0.24836789
0.24826393
0.24814992
0.2480269
0.24789648
0.2477595
0.24761595
0.24746197
0.24729177
0.24710307
0.24689575
0.24668086
0.24646823
0.24625763
0.24604577
0.24582565
0.24559511
0.24537806
0.24517657
0.24498133
0.24478988
0.2445935
0.24439125
0.24418513
0.24397443
0.24375893
0.24353725
0.2433151
0.24309126
0.24285842
0.24265346
0.24250971
0.24231516
0.24209684
0.24187689
0.24168496
0.24154131
0.24145584
0.24146987
0.24146502
0.24141434
0.24130948
0.24115466
0.24097125
0.24075206
0.24060461
0.24036987
0.24000867
0.23958498
0.23912974
0.23858956
0.23805028
0.23752134
0.23697199
0.23655927
0.23606801
0.23565786
0.23516807
0.23472495
0.23429212
0.23386307
0.23348816
0.23311618
0.23273586
0.23236652
0.23200496
0.23163643
0.23131615
0.230962
0.23059618
0.23026748
0.22986707
0.22954008
0.22915423
0.22883011
0.2284842
0.22822341
0.22795336
0.22758383
0.22725566
0.22700557
0.22667612
0.2264518
0.22610286
0.22583844
0.22558288
0.22531344
0.2250616
0.22476563
0.2245131
0.22419581
0.2239812
0.22364533
0.22336072
0.22309545
0.22280002
0.2225738
0.2223499
0.22214401
0.22184499
0.22164848
0.2213603
0.22111008
0.2208664
0.22065613
0.22034429
0.22010516
0.21983355
0.2195929
0.21943122
0.21920975
0.21893984
0.21878296
0.21847902
0.21825475
0.21800059
0.217735
0.21745257
0.21723236
0.21701202
0.21681522
0.21662726
0.21644905
0.21622881
0.2160691
0.21594116
0.2156399
0.21546303
0.21524246
0.21514507
0.21501589
0.21470095
0.2145713
0.21441841
0.21416567
0.21409203
0.21378118
0.21357991
0.21350627
0.21321912
0.21306433
0.21296538
0.21264242
0.21251275
0.2123242
0.21222095
0.21213983
0.21188775
0.2118412
0.21174368
0.21161786
0.2116182
0.21141595
0.21121801
0.21116538
0.21095216
0.21094629
0.21088077
0.21055026
0.2105238
0.21039297
0.21017174
0.21022947
0.21009527
0.20967874
0.20960309
0.20943728
0.20905936
0.20900103
0.20890023
0.20847538
0.20821133
0.20804244
0.20756508
0.20744263
0.20718451
0.2066662
0.20645155
0.20624347
0.20573339
0.205577
0.20525639
0.20472534
0.20452286
0.20420067
0.20380703
0.20364237
0.20324191
0.20267472
0.20242094
0.20197812
0.20181733
0.20181924
0.20127662
0.20083202
0.2002107
0.19931243
0.19869317
0.19784413
0.1967743
0.19610897
0.19535469
0.19462776
0.1941461
0.1933891
0.19287236
0.19235058
0.19176532
0.19142136
0.19078386
0.19012713
0.18958294
0.18881825
0.18825981
0.18750417
0.18663706
0.18586181
0.18509932
0.18440223
0.18355443
0.18275222
0.18190604
0.1810994
0.18026969
0.1793721
0.1785572
0.17766505
0.17685623
0.17600726
0.17522866
0.17440793
0.17368738
0.17294905
0.17228328
0.1719876
0.1716061
0.17110416
0.17055409
0.17037068
0.1701677
0.16969703
0.16956943
0.16916846
0.16929078
0.16900352
0.16888525
0.16896832
0.16974035
0.17043239
0.17118217
0.17121224
0.17168014
0.17225708
0.17260315
0.17331943
0.17344171
0.17405227
0.17496012
0.17537783
0.17517471
0.17526105
0.17468603
0.17411278
0.17447479
0.17328526
0.17221352
0.17187667
0.17144114
0.17197448
0.17130242
0.17191957
0.17202905
0.17238747
0.1728489
0.17095481
0.17158046
0.17087086
0.17142715
0.1728416
0.17134139
0.17149034
0.17172152
0.16970077
0.17081675
0.170405
0.16895348
0.17026432
0.1698119
0.16982801
0.17069046
0.16920437
0.16984268
0.17054012
0.1699603
0.1707245
0.17061178
0.1694238
0.16966544
0.1694268
0.16992347
0.17033291
0.16857046
0.16969939
0.1704898
0.16937438
0.17103769
0.16969736
0.16863458
0.16975778
0.1692131
0.17091662
0.1721143
0.16966252
0.17016025
0.17068727
0.1684508
0.17049046
0.17164949
0.16861774
0.16841307
0.16998798
0.16739069
0.16883445
0.1704799
0.16781157
0.16604619
0.16862881
0.16827805
0.16843203
0.16952881
0.1670444
0.16680095
0.1683921
0.16689791
0.16902667
0.1704406
0.16707624
0.16569532
0.16756734
0.16589507
0.16791913
0.16980325
0.16740465
0.16575111
0.16772223
0.16670857
0.16750713
0.16810174
0.16561817
0.16515103
0.16690992
0.16669026
0.16777237
0.16760187
0.16510761
0.16535722
0.16740906
0.16851784
0.16857845
0.1672889
0.16432911
0.16538322
0.16678171
0.16724178
0.16952875
0.16946039
0.16589952
0.16393155
0.1651884
0.16490923
0.16617736
0.16702966
0.1641732
0.16515927
0.16693325
0.16501994
0.16791263
0.17058055
0.16769138
0.16342796
0.1661644
0.16807628
0.16478701
0.16566493
0.16803062
0.16589509
0.16193824
0.16525604
0.16800052
0.16509587
0.16355701
0.1645578
0.16292362
0.16080478
0.16270639
0.16529323
0.1635975
0.16167429
0.16104248
0.16094166
0.16241263
0.16547905
0.16549756
0.16203512
0.16145623
0.16110305
0.1627965
0.16709939
0.1682316
0.16449326
0.16191627
0.1605707
0.16054124
0.16331516
0.16710399
0.16665791
0.16486442
0.1645202
0.16334651
0.16213223
0.16354495
0.16536917
0.16618416
0.16441852
0.16318738
0.1621991
0.16180964
0.16241212
0.16297492
0.16377382
0.16430792
0.1648449
0.16376992
0.16337703
0.16272855
0.16304095
0.16380419
0.16292907
0.16370234
0.16358991
0.16433306
0.16452588
0.16141993
0.16128705
0.16142716
0.16029796
0.16245975
0.16291423
0.16074714
0.16148768
0.16003118
0.16087507
0.1624657
0.16100574
0.16161743
0.162947
0.16108117
0.16269553
0.16327612
0.16023451
0.15858664
0.16122663
0.16120304
0.1628188
0.16437972
0.16079216
0.15895419
0.16006124
0.15857863
0.16095965
0.16384098
0.16254374
0.16051617
0.15886143
0.1549441
0.15536296
0.15688796
0.15651585
0.15894055
0.16151974
0.15847789
0.15828915
0.15712945
0.1552683
0.15693521
0.15795363
0.15924132
0.16133802
0.15935591
0.1588951
0.15871911
0.15950759
0.16192497
0.16279434
0.16203831
0.1612749
0.15871981
0.15795921
0.1566989
0.15552162
0.15658997
0.1567532
0.1594991
0.16257775
0.1630536
0.16237268
0.15914957
0.15752333
0.15816927
0.15736045
0.15611587
0.15818454
0.15908332
0.16271885
0.16607907
0.1646519
0.16097179
0.15899572
0.1543118
0.15469083
0.15569629
0.15440036
0.15509772
0.15802981
0.15937302
0.15827651
0.15444928
0.15139124
0.1514259
0.15275118
0.15619907
0.16252808
0.16609243
0.16132258
0.15616083
0.1528896
0.1520507
0.1533908
0.1546116
0.15646501
0.15965475
0.16196439
0.16418341
0.16453825
0.16344692
0.16328286
0.16182363
0.1612867
0.16117105
0.159173
0.15731879
0.1578062
0.15883882
0.16184577
0.16479568
0.16494459
0.16496134
0.16152604
0.15652207
0.15469976
0.15278217
0.15161718
0.15229645
0.15376918
0.15641525
0.15882747
0.16090892
0.16008547
0.15858299
0.1583158
0.15781602
0.15756571
0.158875
0.15927674
0.16213523
0.16526899
0.16607703
0.16630499
0.16308153
0.1573175
0.15540768
0.15419815
0.15303943
0.15346782
0.1543016
0.15770343
0.161169
0.16338369
0.16194409
0.15666328
0.1526514
0.15105277
0.14978145
0.15048449
0.15114373
0.15295352
0.15495892
0.1569159
0.15781423
0.1565216
0.15526527
0.1541951
0.15339428
0.15345602
0.15417482
0.15618008
0.15884508
0.16066617
0.16153196
0.16151416
0.16055652
0.16120346
0.16134565
0.16107745
0.16193806
0.16292785
0.16541566
0.16758297
0.16862702
0.16945742
0.16937274
0.16961321
0.16997662
0.16867562
0.16848351
0.16888614
0.16922642
0.17142448
0.17249863
0.17434697
0.17675833
0.17671037
0.17623317
0.17591208
0.17477417
0.17466903
0.17427787
0.17456509
0.17433959
0.17270015
0.17110394
0.1702177
0.16940379
0.16963992
0.17019267
0.17081858
0.17131533
0.17124122
0.17118831
0.17145276
0.17060474
0.1696634
0.16969396
0.16995044
0.17124045
0.17200543
0.17191558
0.1722152
0.17068538
0.16881983
0.16718757
0.16473816
0.16289239
0.16240549
0.16260369
0.16357444
0.16432177
0.16473334
0.16509758
0.16524684
0.1651559
0.16463323
0.16376561
0.1633211
0.16366842
0.16478227
