0.37
0.3152567
0.27547917
0.25448233
0.24562818
0.2416086
0.23977992
0.23900782
0.23875412
0.23868175
0.23874028
0.23907618
0.23949975
0.23991199
0.24026683
0.24054624
0.24074773
0.24087705
0.24094376
0.24095729
0.2409271
0.2408623
0.24077027
0.2406569
0.24052767
0.24038617
0.240236
0.24007899
0.239917
0.23975222
0.23958753
0.23942284
0.23925821
0.23909356
0.23892812
0.23876177
0.23859383
0.23842402
0.23825152
0.23807658
0.23789802
0.23771434
0.23752508
0.23733856
0.23715948
0.23697881
0.23679708
0.2366111
0.23641792
0.23621865
0.23599915
0.23576567
0.23552553
0.23528078
0.23503152
0.23477641
0.23451398
0.23424271
0.23395863
0.23367645
0.23340337
0.23313512
0.2328659
0.23259562
0.23232198
0.2320444
0.23175855
0.23146147
0.23115006
0.23082107
0.23047704
0.2301649
0.22987424
0.22958586
0.22928382
0.22897202
0.22866145
0.22841015
0.22812599
0.22781484
0.22748666
0.22716342
0.22687238
0.2265837
0.22627658
0.22595161
0.2256546
0.22535802
0.22505699
0.22477229
0.2245239
0.22431126
0.22413498
0.22396797
0.22379588
0.22362699
0.22345047
0.22327596
0.22310264
0.22293083
0.22276141
0.22259784
0.2224437
0.22228248
0.22211626
0.22194494
0.22179899
0.22167765
0.22155192
0.22143137
0.22130466
0.2211774
0.22104101
0.22090778
0.22077273
0.22064224
0.22051519
0.22038396
0.22025487
0.22011167
0.21996562
0.21981898
0.21967438
0.21952413
0.21937062
0.21921726
0.21905439
0.2188988
0.21873194
0.21855098
0.21838549
0.2181995
0.21801186
0.21783999
0.21766205
0.2175041
0.21733864
0.217146
0.21697405
0.2167931
0.2165907
0.21641454
0.21619616
0.21597496
0.21581273
0.21560702
0.21546404
0.21529861
0.21510336
0.2149835
0.21480323
0.21468051
0.21455078
0.214359
0.21427187
0.21408927
0.21393164
0.2138223
0.21356234
0.21347722
0.21335597
0.21315077
0.21316148
0.21298109
0.21281262
0.21278617
0.21262278
0.21266432
0.21257894
0.2124043
0.21242192
0.21227625
0.21229944
0.2122634
0.2120669
0.21211289
0.21198756
0.21198155
0.21201716
0.21179385
0.21187128
0.21176785
0.21163225
0.21172433
0.21141368
0.21124595
0.2111413
0.21085735
0.2109247
0.21066955
0.21036172
0.21031734
0.20998539
0.20999111
0.20982666
0.20944768
0.20947385
0.20920774
0.2092394
0.20922542
0.20880601
0.20892878
0.20876935
0.20850156
0.20863482
0.20830853
0.20803443
0.20805854
0.2076969
0.20781364
0.20766626
0.20725918
0.20738311
0.20707346
0.20717482
0.20720509
0.20673335
0.20702559
0.20685484
0.20662223
0.20688465
0.2064875
0.20627618
0.20637223
0.20592615
0.20613343
0.20598964
0.20553863
0.20576334
0.20540954
0.20574684
0.2058967
0.2054204
0.20584871
0.20575091
0.20552388
0.20592879
0.20556562
0.20513609
0.20540386
0.20486194
0.2050647
0.20504631
0.20451047
0.20493595
0.20472567
0.20456521
0.2049967
0.20468898
0.20493096
0.20520197
0.20451419
0.20484342
0.2047532
0.20405598
0.20435171
0.20385008
0.2030607
0.20335843
0.20275363
0.20218423
0.20231356
0.20160605
0.20140608
0.20170528
0.20113255
0.20116368
0.20137075
0.20059031
0.20100945
0.20087455
0.20006332
0.20031156
0.19986409
0.19945262
0.1996147
0.19891474
0.19873537
0.19841366
0.19709155
0.19681016
0.19601999
0.19453204
0.19411129
0.192772
0.19197084
0.1913696
0.18991522
0.18907562
0.1883602
0.1868813
0.1863725
0.18512222
0.18397216
0.18331766
0.18182643
0.18128183
0.18034938
0.17926188
0.17877027
0.17770587
0.177294
0.17727192
0.17654671
0.17714441
0.17287987
0.17117503
0.16863985
0.16678649
0.16877498
0.17611535
0.17517342
0.16485104
0.16429256
0.16329812
0.162061
0.1688729
0.16968514
0.16051322
0.16047066
0.16037616
0.15781735
0.16308194
0.16483068
0.15779369
0.15571411
0.15590735
0.15524939
0.15824868
0.15858757
0.15318926
0.1519397
0.15108527
0.15119866
0.15432036
0.15297458
0.14814687
0.14842705
0.1479325
0.14877896
0.1504907
0.14846073
0.14635551
0.14451866
0.14361168
0.14690535
0.14437482
0.14142777
0.14340724
0.1403553
0.14403088
0.1421939
0.13841769
0.14182036
0.13464095
0.1414183
0.14648414
0.13747787
0.14232141
0.14510442
0.13193516
0.14331926
0.1541021
0.14324312
0.12864982
0.14276989
0.13506989
0.13099171
0.13507734
0.12603757
0.13729005
0.13484512
0.12440493
0.13243428
0.13193034
0.12347349
0.12770079
0.121377334
0.13213044
0.14073715
0.12924604
0.12444312
0.1401346
0.124608055
0.12730776
0.1374922
0.12740792
0.1255689
0.14562716
0.1283193
0.122175954
0.12501617
0.116679534
0.12148216
0.113856815
0.12739556
0.1380048
0.123235956
0.11345398
0.12763034
0.11103901
0.12549587
0.14223541
0.13143551
0.11127932
0.14728414
0.16383643
0.11703482
0.12420859
0.14340669
0.13359769
0.11253218
0.1450422
0.16986403
0.1204782
0.11704096
0.1315256
0.122469924
0.10948153
0.11936358
0.11053651
0.11456511
0.12135956
0.108887635
0.11032898
0.10949229
0.10624571
0.11631957
0.11353514
0.10295346
0.10743265
0.102071546
0.107282564
0.10503797
0.10478448
0.111138344
0.09956883
0.10851464
0.10876896
0.10004446
0.104037635
0.09851145
0.1035759
0.099407814
0.10830443
0.11865681
0.09620037
0.122641996
0.14402924
0.12855606
0.09772021
0.15174206
0.20060776
0.11930126
0.10567671
0.12303814
0.11205518
0.103850916
0.16619669
0.1936045
0.11075405
0.10820637
0.12599629
0.11418717
0.09622705
0.11348442
0.100576036
0.09931285
0.10870509
0.09601986
0.101920724
0.10770704
0.090839796
0.100589484
0.1012003
0.089710206
0.09937107
0.08997896
0.10690351
0.120626
0.1027652
0.09417112
0.11940722
0.091224425
0.10703272
0.12804832
0.11453364
0.09119884
0.13448335
0.1454121
0.09579957
0.11325292
0.13950182
0.12924752
0.097652785
0.12661244
0.23705044
0.17726591
0.09379085
0.11896595
0.1432261
0.1312384
0.09884689
0.10866516
0.13143125
0.095476955
0.09955011
0.11525109
0.10247898
0.08606621
0.10164117
0.08715753
0.09598552
0.10942801
0.09560259
0.08447146
0.08489444
0.08517464
0.09292506
0.08669094
0.081611976
0.08028418
0.08758358
0.08741827
0.08289918
0.086849935
0.0822416
0.09443069
0.08926468
0.0845598
0.09867692
0.077939495
0.09610107
0.10385389
0.085982345
0.14418511
0.22172205
0.11148237
0.0903278
0.1137079
0.10414768
0.08707669
0.12531616
0.16682085
0.10590762
0.09419825
0.097316384
0.08368169
0.0930366
0.08941152
0.083980925
0.08917087
0.07668471
0.09393481
0.08527761
0.08330543
0.09452487
0.07894383
0.08257138
0.0807807
0.08250051
0.08955211
0.07396333
0.10117627
0.09366484
0.0768531
0.09306095
0.08721887
0.07787329
0.090568
0.073284775
0.097876176
0.11495509
0.09625671
0.0873944
0.1273877
0.08591633
0.08863007
0.10681311
0.09158663
0.08606085
0.11498246
0.08366531
0.08938076
0.106729776
0.09227582
0.08321056
0.102293015
0.07888302
0.093400866
0.11015174
0.09257577
0.07817406
0.099862
0.07767472
0.08680935
0.102319576
0.08607107
0.07147038
0.0708677
0.074994326
0.08369122
0.07445311
0.06983504
0.0667031
0.08239311
0.08910797
0.067261316
0.1145419
0.11632918
0.06581053
0.08462953
0.08547722
0.06711412
0.092777535
0.07529853
0.08018032
0.093682215
0.07424355
0.08309247
0.08949693
0.06930694
0.07967843
0.07439545
0.08767137
0.111749195
0.06943323
0.10110362
0.12442895
0.10529074
0.07139731
0.16657998
0.20424396
0.084152214
0.09501142
0.1253447
0.11384437
0.07784534
0.1707735
0.36045405
0.36
0.36
0.36
0.36
0.36
0.36
0.36
0.36
0.36
0.36
0.36
0.36
0.36
0.36
0.36
0.36
0.36
0.36
0.36
0.36
0.36
0.36
0.36
0.36
0.36
0.36
0.36
0.36
0.36
0.36
0.36
0.36
0.36
0.36
0.36
0.36
0.36
0.36
0.36
0.36
0.36
0.36
0.36
0.36
0.36
0.36
0.36
0.36
0.36
0.36
0.36
0.36
0.36
0.36
0.36
0.36
0.36
0.36
0.36
0.36
0.36
0.36
0.36
0.36
0.36
0.36
0.36
0.36
0.36
0.36
0.36
0.36
0.36
0.36
0.36
0.36
0.36
0.36
0.36
0.36
0.36
0.36
0.36
0.36
0.36
0.36
0.36
0.36
0.36
0.36
0.36
0.36
0.36
0.36
0.36
0.36
0.36
0.36
0.36
0.36
0.36
0.36
0.36
0.36
0.36
0.36
0.36
0.36
0.36
0.36
0.36
0.36
0.36
0.36
0.36
0.36
0.36
0.36
0.36
0.36
0.36
0.36
0.36
0.36
0.36
0.36
0.36
