0.37
0.31081563
0.26978156
0.24975815
0.24235013
0.23965685
0.23892431
0.23898336
0.23872192
0.23914088
0.24045171
0.24208246
0.24374601
0.24532616
0.24675433
0.24800237
0.24906692
0.24994446
0.2506324
0.25113204
0.25145248
0.25160798
0.25162256
0.25152284
0.25134686
0.25113282
0.25091273
0.25070488
0.25051644
0.250336
0.25016755
0.24996041
0.2497026
0.24937332
0.24897492
0.24852389
0.24803518
0.2475165
0.2470046
0.24652995
0.2460912
0.24566592
0.24522872
0.24472755
0.24410759
0.2433884
0.2426485
0.2419723
0.24139181
0.24087268
0.24035555
0.23973338
0.23887998
0.23794837
0.23712587
0.23644274
0.23584628
0.23519808
0.2338698
0.23233785
0.23118421
0.23029342
0.22961944
0.22917081
0.22854403
0.22694455
0.22544691
0.22436617
0.22346899
0.22269821
0.22211446
0.22176628
0.2205673
0.21984442
0.21887568
0.2185614
0.2190549
0.21743146
0.21620807
0.21573333
0.21473506
0.21425433
0.21490356
0.21398786
0.211497
0.21098241
0.20998728
0.20873465
0.20941369
0.20958887
0.20638229
0.20585784
0.20495196
0.20402586
0.20525989
0.2044448
0.20182523
0.20140858
0.2002269
0.19943154
0.20106003
0.19967899
0.19651751
0.196195
0.19478828
0.19476144
0.1975208
0.19495083
0.1907477
0.19055578
0.1888665
0.18895294
0.1921975
0.18813047
0.18493254
0.18496622
0.1831113
0.18564847
0.18877208
0.1818027
0.18003467
0.1816725
0.17847031
0.17918423
0.1862473
0.18051302
0.1748857
0.17611726
0.17418376
0.17398813
0.17720251
0.17179161
0.17290735
0.17591864
0.17179592
0.16949646
0.17391573
0.16857973
0.16854042
0.17292437
0.17035657
0.16448516
0.16698612
0.16363285
0.16443534
0.16962455
0.16826293
0.16088486
0.1671895
0.16837117
0.15918645
0.16700923
0.17545956
0.17040847
0.15822919
0.16593386
0.17239241
0.1595318
0.15924141
0.17145538
0.17607032
0.1669208
0.15510829
0.17033218
0.17665312
0.15852082
0.15542652
0.16775942
0.17265056
0.16386622
0.15181988
0.16333519
0.16893053
0.1547557
0.15545623
0.1691678
0.17507866
0.1659359
0.1523438
0.15663442
0.1591799
0.15006556
0.15913522
0.16912119
0.16459689
0.1507382
0.15463322
0.1591965
0.14876515
0.15541893
0.17121445
0.17648683
0.16510211
0.14818934
0.16549708
0.1820428
0.16145827
0.14657757
0.15554932
0.16667324
0.16690603
0.15299973
0.14491063
0.1450083
0.14447202
0.14836633
0.15195362
0.15327108
0.14901204
0.14386971
0.14440301
0.14299768
0.145067
0.14796814
0.14400335
0.14187121
0.14061712
0.14488335
0.14566068
0.13767956
0.1485701
0.14383684
0.13548806
0.14356443
0.14389251
0.13360724
0.14836124
0.14748141
0.13155387
0.14507516
0.15572296
0.14466056
0.12921399
0.14342998
0.13695145
0.1269425
0.13470468
0.13599148
0.12524165
0.13588527
0.13616306
0.123734474
0.13249184
0.13644259
0.12462065
0.1270294
0.12647721
0.120233856
0.12724954
0.12831093
0.11920202
0.13177271
0.12884763
0.11817286
0.12594748
0.12598108
0.11646728
0.12310906
0.11548248
0.12382024
0.13252892
0.120555334
0.114134625
0.11644254
0.11259876
0.119304046
0.117726095
0.11172077
0.112461776
0.11156969
0.11788237
0.114358306
0.10968649
0.11049303
0.1106646
0.11928842
0.11565764
0.10863083
0.115476735
0.10561189
0.118916005
0.12728
0.11306714
0.11378526
0.14705737
0.11684607
0.1039475
0.12117884
0.1249794
0.10691636
0.11327268
0.13708653
0.10851073
0.11052743
0.12427068
0.1136034
0.101398595
0.11265382
0.10026621
0.109715514
0.120525524
0.10720169
0.10029028
0.12084452
0.10222266
0.09997276
0.118674606
0.122828625
0.103889555
0.09921233
0.1130012
0.09679029
0.103676945
0.115010284
0.103248924
0.09509104
0.10923256
0.09451522
0.10027422
0.11304058
0.10408227
0.090661585
0.09802458
0.08968983
0.09691076
0.11346709
0.11293001
0.09283364
0.09288478
0.0964529
0.08619783
0.09426046
0.104342364
0.09970498
0.08624247
0.09807314
0.0895639
0.08649901
0.09161254
0.08378657
0.08903312
0.0871488
0.08380845
0.094503425
0.09371405
0.080774195
0.102430105
0.106444575
0.07990102
0.09642599
0.11453818
0.1030635
0.07985381
0.111387454
0.13667503
0.088056356
0.081533976
0.095234014
0.087551534
0.07580722
0.08155639
0.07461718
0.084151894
0.09136291
0.07904178
0.072080225
0.07147974
0.073127836
0.079483815
0.08285763
0.07524066
0.07229408
0.07280521
0.07242287
0.0718937
0.069828406
0.06799005
0.067021295
0.06641458
0.06503701
0.06440582
0.06389208
0.06294881
0.06514252
0.06873582
0.06275163
0.06785066
0.06484493
0.059715316
0.060293864
0.05846657
0.05702861
0.05726234
0.055908337
0.056341246
0.054327182
0.05406353
0.053097043
0.05265497
0.051090553
0.053977896
0.053942095
0.04978387
0.054528803
0.051559545
0.04981876
0.054687295
0.049424734
0.054255378
0.05776882
0.04760365
0.05762296
0.06542874
0.05698088
0.048184656
0.050225783
0.045955673
0.05152106
0.054536767
0.04715914
0.05530145
0.061489068
0.0452297
0.052911676
0.063043684
0.05567791
0.045110803
0.05485441
0.055575695
0.042308237
0.054954402
0.06690849
0.059035778
0.042998396
0.06755365
0.08588969
0.052007314
0.043388657
0.051671915
0.05095845
0.04413595
0.046451654
0.051673967
0.044515986
0.041209318
0.041317694
0.03915235
0.0390492
0.038774937
0.037979007
0.03707009
0.03683967
0.0357402
0.03605426
0.034719307
0.03601418
0.0352424
0.03316282
0.032646015
0.0328111
0.03174679
0.033647653
0.03328863
0.030536614
0.031028029
0.029905405
0.032256
0.031721074
0.028508758
0.03148224
0.031507004
0.02798559
0.03253729
0.03295206
0.027057413
0.031666547
0.035441544
0.030947005
0.026371628
0.028727548
0.027864406
0.025704259
0.026162319
0.024935082
0.027582236
0.028156556
0.024226705
0.029091539
0.03153094
0.027200973
0.024591798
0.024886748
0.023358718
0.024205934
0.023618419
0.023194276
0.023017056
0.02259139
0.021942079
0.02296975
0.022381496
0.021323487
0.020862604
0.021418966
0.02083516
0.02080974
0.020354832
0.020092068
0.019670509
0.019972974
0.019506216
0.019446723
0.019044084
0.018953305
0.01851456
0.019029945
0.018669017
0.018020613
0.017671505
0.018537806
0.018072452
0.017233124
0.016888723
0.017914457
0.017452627
0.016462857
0.01614933
0.017039385
0.016532855
0.015879843
0.015502736
0.015982429
0.01556103
0.01523606
0.014836135
0.0151464855
0.014713766
0.014256482
0.0138713885
0.014352174
0.0138705885
0.013230044
0.012749214
0.013935127
0.013602748
0.012426629
0.012193475
0.012756253
0.012165168
0.012391515
0.012087837
0.011654997
0.011387841
0.011653491
0.011171084
0.011702528
0.011480958
0.010662265
0.010400997
0.011426125
0.010908465
0.010153799
0.009858698
0.010825311
0.010468936
0.009430416
0.009173933
0.0102308905
0.009700665
0.008799148
0.008554894
0.009526884
0.0090138465
0.008261272
0.008064814
0.008628871
0.008162285
0.007947964
0.0076742973
0.008017473
0.0077315615
0.007375157
0.007124153
0.0077289143
0.007369004
0.006970148
0.006722476
0.007385401
0.0070789307
0.0064997408
0.0062712883
0.0072183395
0.006909523
0.0060138865
0.005835309
0.006792498
0.006353255
0.005764808
0.005572383
0.0060663424
0.005702601
0.005505546
0.005299586
0.0055736345
0.0053035575
0.0051973625
0.004955916
0.0053573754
0.00512086
0.004786915
0.004581167
0.005294507
0.005039807
0.0043768464
0.0042051156
0.005221495
0.0049179667
0.0040053767
0.0038523667
0.0046469546
0.004204991
0.003842864
0.0036613357
0.0038749487
0.0035884436
0.0036371008
0.0034429503
0.0034688879
0.0032479
0.0033847345
0.0031461518
0.0033070347
0.0031335705
0.0029911282
0.0027999287
0.0032605112
0.0030464272
0.0027186337
0.0025587373
0.0031646122
0.00294706
0.0024625773
0.0023287556
0.0029896067
0.0027302618
0.002336342
0.002181753
0.0027757809
0.0025625257
0.0021093609
0.0019793937
0.0025293252
0.0022875206
0.002044221
0.0018689624
0.002259669
0.0020694362
0.0018522883
0.0017151483
0.0020368625
0.0018282982
0.0017630416
0.0015978039
0.0018496468
0.0016860577
0.0015595958
0.0014038989
0.0017561814
0.001586582
0.0013736507
0.0012230881
0.0017161785
0.0015662011
0.0011201464
0.0010094029
0.0017501233
0.0015480001
0.0009777211
0.0008786925
0.0016095238
0.0013820688
0.0008910656
0.00081542647
0.0012953703
0.0010681929
0.0009914308
0.0008657547
0.0010409555
0.0008903219
0.00092579535
0.00079013413
0.0009451254
0.00081814796
0.00086231413
0.00071736047
0.00089118024
0.00077267323
0.00076709787
0.00062933384
0.0008849042
0.000772036
0.0006435304
0.0005342467
0.0008677147
0.0007354164
0.0006034149
0.0004856488
0.00083092344
0.0007155933
0.000507391
0.0004168951
0.0007689761
0.0006369959
0.0005465123
0.00042546302
0.0006855477
0.0005748466
0.0004719838
0.00038049833
0.00063015043
0.0005148775
0.00047378876
0.0003614313
0.00056829164
0.0004705732
0.0004161168
0.00032443818
0.00052628445
0.00042981596
0.00040051193
0.00029181375
0.0004928588
0.0004078651
0.00033801398
0.0002463757
0.00047209233
0.00038366907
0.00031117102
0.00021511115
0.00045407872
0.0003731191
0.00024775695
0.00017129433
0.0004439027
0.00035999573
0.00022880909
0.00014468863
0.00041754704
0.00033281918
0.00019804087
0.00013824207
0.0003551584
0.00027030558
0.00028462362
0.00017458695
0.00028472295
0.00021449539
0.00026997554
0.00020199244
0.00021553134
0.00015046612
0.00040188522
0.00027851787
0.00015185388
0.00010669441
0.00040080503
0.00029566005
0.00012122854
8.119608e-05
0.00043618347
0.0003044478
0.000100556186
6.844131e-05
0.000409461
0.0002850718
8.668232e-05
