0.37
0.3042256
0.2614565
0.24365906
0.23936984
0.23959135
0.23937732
0.23891957
0.2396082
0.24077062
0.24204963
0.24327335
0.24436435
0.24529627
0.24606866
0.2466947
0.24719155
0.2475778
0.2478697
0.24808325
0.24823298
0.24833067
0.24838445
0.24840194
0.248389
0.24835119
0.2482922
0.24821426
0.24811943
0.2480092
0.24788503
0.24774864
0.247597
0.24743779
0.24728523
0.24713837
0.24698913
0.24683037
0.2466715
0.24651588
0.24636136
0.24620736
0.24604009
0.24586922
0.24570185
0.24553788
0.24539666
0.24529228
0.24520414
0.24511574
0.24502276
0.24492145
0.24481148
0.24475871
0.2447231
0.24465922
0.24463268
0.2446428
0.24461202
0.24456179
0.24448694
0.24441035
0.2443621
0.24427487
0.24414258
0.2439812
0.24378097
0.24358113
0.24334955
0.2430738
0.24277593
0.24245805
0.2421549
0.2418309
0.24148048
0.24111931
0.2407205
0.24032809
0.23993406
0.23957407
0.23941763
0.23927571
0.23903443
0.23878098
0.23848797
0.23811269
0.2376605
0.23704784
0.2363571
0.2358846
0.23540145
0.23724927
0.23292567
0.23065424
0.22884323
0.22733495
0.22611125
0.22516143
0.22437924
0.22387162
0.22344248
0.22302645
0.22259572
0.22215311
0.22178592
0.22144908
0.22108266
0.22073512
0.22037409
0.22000733
0.21968387
0.21947163
0.21929547
0.21911779
0.21891658
0.21871768
0.21851115
0.21831289
0.21811399
0.21792747
0.21771392
0.21754563
0.21736288
0.21719116
0.21703252
0.21689695
0.21678141
0.21666479
0.21656094
0.21645942
0.21633804
0.21621743
0.21609011
0.2159635
0.21579999
0.21565312
0.2155249
0.21539447
0.2152236
0.21506248
0.21493864
0.2148142
0.21461941
0.21447897
0.21432915
0.21420929
0.21394722
0.21379136
0.21357313
0.21347405
0.21326624
0.21309055
0.21293792
0.21283859
0.2127603
0.21248789
0.21239944
0.21215862
0.21203616
0.21182612
0.21177776
0.21181613
0.21175718
0.21179812
0.21159436
0.21149623
0.21138194
0.21123761
0.21123475
0.2109788
0.21088894
0.21080871
0.21061279
0.21061417
0.21035044
0.21016829
0.21007325
0.20981644
0.2098513
0.20964114
0.20948248
0.20946345
0.20928702
0.2092819
0.20912811
0.2089036
0.20882608
0.20855604
0.20863736
0.20847873
0.20829083
0.20832603
0.20819947
0.20818365
0.20809221
0.20781127
0.20772825
0.20751429
0.20766854
0.20761806
0.20737858
0.20746289
0.20737773
0.20731767
0.20730685
0.20703632
0.20702054
0.20683889
0.20688657
0.20690665
0.20665002
0.20672712
0.20664059
0.20651661
0.20657177
0.2062391
0.20610632
0.20589963
0.20571786
0.20561609
0.20537336
0.20525299
0.20509088
0.20480368
0.20464964
0.20429069
0.20393889
0.20366664
0.20326655
0.2031579
0.20269933
0.2023231
0.20205899
0.20162088
0.20142142
0.20100424
0.20055287
0.2002182
0.19966914
0.19938785
0.19872731
0.19807293
0.19757958
0.19678959
0.1963849
0.19553207
0.19485365
0.19427682
0.19334754
0.19305825
0.19213308
0.19171739
0.19118775
0.19022861
0.18996042
0.18904321
0.18888535
0.18821645
0.18703486
0.18701078
0.18584284
0.18596703
0.18518403
0.18395206
0.18387416
0.1826665
0.18308678
0.18205945
0.18129396
0.18101919
0.18014328
0.18073823
0.17921126
0.17936547
0.17854805
0.17872827
0.1786555
0.17622761
0.17631815
0.17453629
0.175956
0.1756584
0.1735442
0.1736285
0.1724225
0.17330788
0.17236628
0.1721695
0.17182718
0.17288418
0.17319475
0.16949892
0.17111404
0.1694488
0.16942935
0.17155132
0.16752014
0.16869792
0.1685493
0.1671935
0.16960154
0.16798073
0.16664205
0.16584033
0.16777094
0.16880186
0.1647583
0.16706227
0.16648063
0.16410293
0.16645783
0.16531612
0.16523457
0.16377698
0.1655449
0.16706695
0.16283098
0.16367674
0.1631551
0.16274978
0.16511118
0.16229141
0.16285373
0.16101457
0.1632646
0.16572632
0.1615847
0.1621759
0.16137835
0.16063592
0.16350885
0.15936656
0.1598418
0.15852274
0.16057712
0.1619492
0.15790199
0.15894686
0.1569027
0.16033769
0.16327569
0.15708038
0.15875968
0.15769199
0.15643224
0.15870054
0.15538238
0.15710418
0.15534279
0.1588864
0.16107945
0.15490235
0.15676856
0.15537795
0.15550193
0.15916045
0.15398963
0.15564685
0.1541328
0.15577434
0.1584654
0.15277717
0.155149
0.15370564
0.15378413
0.15766028
0.15319926
0.15381034
0.1521683
0.15627068
0.16037257
0.15318003
0.15325779
0.15239297
0.1530984
0.1583512
0.15413341
0.15280214
0.15132183
0.15496822
0.15732321
0.15199706
0.1532551
0.15118395
0.15540989
0.16072176
0.1526634
0.15152894
0.1508376
0.15296966
0.16271561
0.16296789
0.151503
0.1522002
0.1500502
0.14953649
0.15843648
0.15732247
0.14800674
0.1517558
0.1486059
0.14981052
0.15632826
0.15115057
0.14826305
0.14707883
0.15001847
0.15188465
0.14636928
0.14884509
0.14752537
0.15102828
0.15923259
0.15126611
0.14675769
0.1458054
0.1488947
0.15605374
0.15307309
0.14607264
0.14755541
0.1443166
0.14784461
0.15045474
0.14372666
0.14720434
0.14515382
0.14774807
0.16601612
0.17159013
0.15124685
0.14456683
0.14344402
0.14565536
0.1572091
0.15714504
0.14226604
0.14736183
0.14588346
0.14149705
0.15234625
0.15652628
0.1424355
0.14403367
0.14255446
0.14181453
0.15542226
0.15896496
0.14342877
0.14328253
0.14217843
0.14146133
0.15552229
0.1594828
0.14273706
0.1429074
0.14173424
0.14064091
0.15419129
0.15731697
0.14194115
0.14262447
0.14091085
0.14105333
0.15746917
0.16229653
0.14336409
0.14121126
0.14008808
0.14102775
0.15546659
0.15862328
0.14241461
0.14162831
0.13977015
0.1405055
0.1577239
0.16268587
0.1430005
0.1413141
0.14026079
0.1398218
0.15392199
0.15712737
0.14122035
0.14084418
0.13856462
0.14071651
0.15997535
0.16513014
0.1434268
0.14037909
0.13916177
0.13925424
0.15404151
0.15743476
0.14120531
0.13990225
0.13786624
0.14041129
0.1601647
0.16494252
0.1421523
0.14107268
0.13983081
0.13818152
0.15316696
0.15954678
0.14264892
0.13802753
0.13637166
0.1432123
0.16382068
0.1646626
0.14042963
0.14234392
0.141586
0.13698061
0.15183976
0.16719937
0.1528655
0.13730545
0.13662966
0.13627803
0.14029483
0.1484954
0.15829125
0.152771
0.1407521
0.13618541
0.1347257
0.1343165
0.13436526
0.13495715
0.13561969
0.13757432
0.14010745
0.14285712
0.14581642
0.14625762
0.14368846
0.14187409
0.14087825
0.14067791
0.14052318
0.14013796
0.14008397
0.14051993
0.14173077
0.14328595
0.14487128
0.14645062
0.14791821
0.14915483
0.15022819
0.15120403
0.15209877
0.15301804
0.15376493
0.15423544
0.15445311
0.1544302
0.1544553
0.1547042
0.15517135
0.1557221
0.15626663
0.15679352
0.15730542
0.15768994
0.158008
0.15835337
0.15873992
0.15912841
0.15953463
0.15994686
0.16033201
0.16066103
0.16095513
0.16133234
0.16179028
0.16218449
0.16249633
0.16276577
0.16299604
0.16327707
0.16361877
0.16393328
0.1641988
0.16448413
0.16475342
0.16502923
0.16530088
0.16554984
0.16578561
0.16597931
0.16609643
0.166219
0.1663498
0.1664287
0.16649881
0.16658074
0.16675557
0.16702688
0.1672966
0.1675528
0.1679027
0.16827327
0.16858017
0.16885103
0.1691263
0.16937149
0.16966705
0.16999866
0.17033373
0.17060244
0.17083031
0.17118527
0.17174438
0.17239662
0.17300105
0.17356065
0.17409381
0.17473897
0.1753495
0.17599533
0.17649893
0.17697415
0.17750382
0.17823872
0.17898996
0.17955899
0.18007413
0.18073061
0.18149464
0.1824441
0.18336004
0.18436667
0.18542828
0.1865329
0.1877645
0.18908483
0.19030567
0.19124673
0.19208802
0.19291781
0.1937235
0.19439915
0.19527115
0.19604488
0.19701919
0.19823503
0.19956903
0.2010391
0.20290895
0.20058514
0.19666342
0.19312498
0.19068317
0.1903972
0.18788733
0.18582106
0.18492132
0.18377216
