0.37
0.31484905
0.2746552
0.25371024
0.24513888
0.24138674
0.23975062
0.2390803
0.23883878
0.2387132
0.23866233
0.23866424
0.23869148
0.23872818
0.23876157
0.2387836
0.2387914
0.23878378
0.23876205
0.23872761
0.23868114
0.23862635
0.2385614
0.23848833
0.2384075
0.23832268
0.23823194
0.23813479
0.23804027
0.23794393
0.2378426
0.23773234
0.23760046
0.23744692
0.23727499
0.23708487
0.23686953
0.2366242
0.23639502
0.23614298
0.23590581
0.23565547
0.23538147
0.23508702
0.23477072
0.2344373
0.23408523
0.23371178
0.2333372
0.23295502
0.23257525
0.23219472
0.23180872
0.23142213
0.23103386
0.23065528
0.23030543
0.23006597
0.22989553
0.229707
0.22950447
0.22923948
0.22891141
0.22853927
0.22813357
0.2277199
0.22730888
0.22691327
0.22652881
0.22614987
0.22576588
0.22539549
0.22504438
0.22471787
0.22438993
0.2240729
0.22375406
0.22340879
0.22306094
0.2227359
0.22246195
0.22213611
0.22181
0.22153182
0.22127526
0.22094025
0.220432
0.21995236
0.21948534
0.2191894
0.21864092
0.21814598
0.2176872
0.21739052
0.21750519
0.21656395
0.21574326
0.21522796
0.21558204
0.21490021
0.21343394
0.21274602
0.21214916
0.21254738
0.21057215
0.20928949
0.20829476
0.20721409
0.20812719
0.20608623
0.20499232
0.20438938
0.20340402
0.20494486
0.20342794
0.20208885
0.20172167
0.20158936
0.20338422
0.2012479
0.19948298
0.19884545
0.19886771
0.20221944
0.20090991
0.19605453
0.19657668
0.19525087
0.19520304
0.2019021
0.20095481
0.1925434
0.19279805
0.19225384
0.1895964
0.1956748
0.19997045
0.1915281
0.18732183
0.18876427
0.18635036
0.1859584
0.19187605
0.18716921
0.18269852
0.1831378
0.181104
0.18591748
0.19137219
0.18306564
0.17870024
0.18042634
0.17773485
0.177821
0.18332504
0.17710568
0.17520411
0.1772783
0.17422076
0.17438415
0.17833178
0.17235844
0.1735606
0.17668357
0.17263556
0.1697163
0.1745362
0.16911587
0.16865769
0.17239003
0.16935809
0.16471107
0.16623212
0.16250421
0.16611077
0.17071891
0.16645025
0.15979369
0.16455899
0.1600791
0.1591009
0.1666648
0.16712636
0.15647753
0.1586235
0.16067128
0.15314828
0.16153371
0.16889161
0.16188362
0.14976913
0.16126429
0.16201434
0.14677691
0.15489627
0.17045103
0.17328453
0.15968804
0.14473163
0.16235572
0.16587971
0.14713326
0.15194105
0.17058186
0.17646895
0.16368881
0.14314622
0.15675046
0.1689758
0.15003853
0.14110023
0.15437563
0.16522552
0.16248468
0.1454013
0.14150117
0.1438841
0.13795723
0.14362739
0.15185261
0.15369208
0.14370508
0.13644078
0.1364649
0.1357789
0.13967206
0.14309067
0.14406794
0.13892587
0.13409726
0.13423051
0.13363425
0.13752367
0.13576372
0.13128744
0.13093951
0.13221395
0.13316384
0.12824112
0.12890859
0.12741639
0.13082594
0.12586313
0.12911603
0.12548321
0.13133632
0.13793185
0.12549435
0.14266288
0.17989548
0.18001422
0.17058226
0.13436495
0.12008617
0.1328494
0.128069
0.11512245
0.12896813
0.122047246
0.114491984
0.12639934
0.12810439
0.11353442
0.12446479
0.12650815
0.11109285
0.12663409
0.13826367
0.12489634
0.10832785
0.117921755
0.108900696
0.11060848
0.12631738
0.12939343
0.112308554
0.10506814
0.105551384
0.105742715
0.11458048
0.11382182
0.1030726
0.116911545
0.11292159
0.101440355
0.11087696
0.113072895
0.10127877
0.11116821
0.1104716
0.09868693
0.10731837
0.10972759
0.09872175
0.10905827
0.1072089
0.09614958
0.104379006
0.105505355
0.09471979
0.11020612
0.10736568
0.09269964
0.103899024
0.10921074
0.09592271
0.09493581
0.094667524
0.092319995
0.10128822
0.10092792
0.08986748
0.10363609
0.09916448
0.088558905
0.09846197
0.0996044
0.0875911
0.10149203
0.10016228
0.0857576
0.09693122
0.103049316
0.089077845
0.08764898
0.08733638
0.08480916
0.094007984
0.09323078
0.083268836
0.091345675
0.08486375
0.08764776
0.10327038
0.10169957
0.08280952
0.092415996
0.097882725
0.08011228
0.09915444
0.11906635
0.10783465
0.081062466
0.09708618
0.116954215
0.085729584
0.082642965
0.09648595
0.08841867
0.07552314
0.07916252
0.07387208
0.082232825
0.09518748
0.092893854
0.07439859
0.082824364
0.089404255
0.07135927
0.08373173
0.100972585
0.09097886
0.06923824
0.090994425
0.1113524
0.076726116
0.07004784
0.09102282
0.09763547
0.07916639
0.06717937
0.07894439
0.0682588
0.06827439
0.08492766
0.08770013
0.06998573
0.065827794
0.067492634
0.06505812
0.070361294
0.06806679
0.063937426
0.06333878
0.06565535
0.06812879
0.061925985
0.070659444
0.07373225
0.059295617
0.07889408
0.09705277
0.084734805
0.059570033
0.07658524
0.097168796
0.06766639
0.059830062
0.074568495
0.073895834
0.058081925
0.065800115
0.08061203
0.060061637
0.060119037
0.07567117
0.07344877
0.056836918
0.066050515
0.0822313
0.06156477
0.057222724
0.07058822
0.06863709
0.054342236
0.06391221
0.070316814
0.054035697
0.060101636
0.07062378
0.06444543
0.052344337
0.06321983
0.07078674
0.052542105
0.060145576
0.07949095
0.07765826
0.056561522
0.056030355
0.07048914
0.056497518
0.052219145
0.061746694
0.058952782
0.05003192
0.054410692
0.053316996
0.048690617
0.050862927
0.04864011
0.050398204
0.050833922
0.046895124
0.049369946
0.04847077
0.044711813
0.04725102
0.04469931
0.043811888
0.043567806
0.041629177
0.040702153
0.04077004
0.039308675
0.040055864
0.0382391
0.040820204
0.040208295
0.03665313
0.040240183
0.040722933
0.035186194
0.042119797
0.04727995
0.041724086
0.034229018
0.041507404
0.044447344
0.033466626
0.04375204
0.05553058
0.04977221
0.035061244
0.03799765
0.049561165
0.03975642
0.032241512
0.033877164
0.032059338
0.033699546
0.03424041
0.03112654
0.0353047
0.036705077
0.031741392
0.032029044
0.033864748
0.030236168
0.032171447
0.033441022
0.029716333
0.032075588
0.034347784
0.029817324
0.030099245
0.0311752
0.028359013
0.032222208
0.03476854
0.028544007
0.032465383
0.0379832
0.033963278
0.027898964
0.03520296
0.038543183
0.028361766
0.034312014
0.043191228
0.040497806
0.03125193
0.029300397
0.032503393
0.028987916
0.02737886
0.027538098
0.026416404
0.025980135
0.025649
0.025081597
0.025099097
0.024333036
0.023656912
0.023493169
0.022782482
0.023161154
0.021890968
0.023250535
0.023035653
0.02090299
0.020401852
0.021210495
0.020444041
0.020991275
0.020484807
0.019172156
0.01881536
0.020705206
0.02167639
0.01874931
0.021105327
0.023124471
0.019227654
0.019129636
0.020006917
0.017793844
0.020718642
0.022508778
0.018487193
0.018338177
0.019336808
0.01704801
0.020118047
0.02198277
0.017990997
0.017521648
0.018426627
0.016356608
0.019520164
0.021346878
0.017355157
0.016803412
0.017654153
0.015688263
0.019182075
0.021089964
0.016900871
0.016096257
0.016901957
0.015121384
0.018255405
0.019791218
0.015889997
0.015828587
0.016770668
0.014661407
0.017221771
0.018840173
0.015270307
0.015192203
0.016095743
0.014075358
0.016619224
0.018235888
0.0147119425
0.01462021
0.015450036
0.013488914
0.016344331
0.018070042
0.013691819
0.016631594
0.020518532
0.017686712
0.013348905
0.018417267
0.020967757
0.014982019
0.0140868025
0.01564509
0.013682651
0.013876251
0.014275868
0.0124008525
0.01510917
0.015806282
0.012610803
0.013887434
0.0155565515
0.012549597
0.012703978
0.013496062
0.0115377065
0.014261451
0.015937373
0.012374702
0.011830821
0.012531924
0.010900849
0.014036017
0.015681772
0.011993874
0.011192027
0.011918861
0.010392157
0.013237181
0.01467535
0.01120258
0.010838018
0.011640569
0.0099019045
0.012339052
0.013678126
0.01046084
0.010507224
0.011343308
0.009518137
0.01147393
0.012752337
0.009771649
0.010132486
0.010996973
0.009089731
0.010865682
0.012119936
0.009295618
0.009751588
0.010590697
0.008659452
0.01046509
0.011841798
0.0089995945
0.009127869
0.009850174
0.0081202295
0.010386898
0.011839003
0.008758662
0.008485462
0.009136512
0.007586383
0.010207543
0.011771452
