0.338843
0.30874828
0.2842916
0.2649319
0.25018835
0.24099746
0.23603873
0.2332068
0.23152195
0.23048584
0.22982916
0.22940011
0.22911017
0.22890645
0.22875658
0.22864056
0.22854578
0.22846441
0.22839145
0.22832386
0.22825974
0.22819756
0.22813685
0.2280771
0.22801816
0.22795987
0.2279023
0.22784531
0.22778869
0.22773221
0.22767545
0.2276177
0.2275626
0.22750963
0.22745816
0.2274106
0.22736472
0.22732072
0.22728197
0.22725381
0.22722857
0.22720036
0.22716743
0.22713087
0.22709586
0.2270559
0.22701074
0.22696102
0.22690618
0.22684802
0.22678985
0.22672933
0.22666675
0.22660276
0.22653776
0.22647135
0.22640191
0.22632588
0.22624135
0.2261473
0.22605379
0.22596312
0.22587882
0.22579437
0.22570539
0.22561206
0.22551629
0.22543769
0.22536613
0.22529311
0.22521794
0.22514224
0.22506438
0.22498035
0.22488537
0.2247751
0.2246578
0.22455624
0.22447234
0.2243951
0.22431466
0.22423534
0.22415607
0.22407737
0.22402334
0.22398375
0.2239295
0.22386216
0.22378582
0.22369553
0.22358787
0.22346175
0.22332205
0.22323571
0.22319496
0.22316384
0.22312973
0.22309665
0.22303973
0.22296174
0.22288369
0.22279873
0.22269967
0.22258501
0.22245932
0.22237562
0.2223242
0.22227883
0.22220944
0.22210439
0.22198898
0.221859
0.22170314
0.22153662
0.22134216
0.22114874
0.22096005
0.22074577
0.22052446
0.22034737
0.22022457
0.22014315
0.22010358
0.22005261
0.22003315
0.21995494
0.21983609
0.2196791
0.21943916
0.21914482
0.21894239
0.21867904
0.21848898
0.21833792
0.2183801
0.21821675
0.21806893
0.2179627
0.218078
0.21786454
0.2177673
0.2174844
0.21772961
0.21756321
0.21691762
0.21676366
0.21605353
0.21619163
0.2153298
0.21460722
0.21438819
0.21317753
0.21319412
0.21242246
0.21133305
0.21120162
0.21025382
0.21000153
0.20956469
0.20878454
0.20873925
0.20796725
0.20795543
0.20760155
0.20689854
0.2071635
0.20620692
0.20651272
0.20631784
0.20541102
0.20576704
0.20510173
0.20458472
0.2046475
0.20350468
0.20366669
0.20375216
0.20176814
0.20226271
0.20176543
0.20037898
0.20069769
0.20047729
0.19877134
0.19902408
0.19824731
0.19778684
0.19788295
0.19644135
0.19705047
0.19703107
0.19544046
0.19659075
0.197605
0.19463557
0.19509622
0.19636045
0.19513693
0.19283813
0.19476983
0.19495398
0.19185355
0.19306618
0.19440861
0.19315435
0.1909603
0.19245172
0.19318497
0.19070905
0.1912519
0.19256662
0.19123155
0.18939306
0.19040762
0.1896965
0.18854232
0.18932112
0.18852368
0.18775268
0.18825383
0.18687361
0.18818471
0.18931521
0.18756051
0.18591893
0.1872259
0.18619287
0.18621632
0.18731499
0.18596566
0.18450947
0.18509929
0.18400912
0.18504836
0.18595922
0.1841399
0.18299508
0.18277541
0.18310623
0.18422905
0.1838002
0.18195213
0.18261784
0.18180795
0.18204387
0.18440655
0.18433677
0.18145636
0.18158168
0.18142572
0.18077932
0.18279696
0.1834313
0.1808305
0.18031824
0.18007362
0.18054731
0.18302894
0.18327506
0.18035662
0.18015344
0.18001115
0.17988175
0.18226233
0.18286003
0.17995024
0.17945443
0.17932779
0.17957556
0.18206611
0.1823303
0.17931572
0.1794664
0.17924577
0.1788076
0.18138415
0.18203239
0.17886691
0.17870115
0.17859998
0.17850949
0.18089695
0.18072407
0.17789613
0.17989725
0.1793371
0.17707826
0.17954972
0.18067263
0.17726052
0.17627704
0.17596477
0.17710672
0.17932512
0.17743397
0.1754747
0.17564449
0.1756762
0.17804153
0.17824641
0.17485791
0.1761265
0.17533267
0.17400676
0.17755301
0.17883162
0.17447695
0.17273732
0.17254768
0.17377134
0.1775508
0.17760769
0.1730359
0.17362827
0.17350644
0.17221527
0.17547278
0.1766976
0.17240456
0.17177145
0.1714217
0.17200126
0.17623542
0.17682372
0.171885
0.17184718
0.17186041
0.17117377
0.17476135
0.17582773
0.17137562
0.17135768
0.17106731
0.17082882
0.17479815
0.17554769
0.17075102
0.17110614
0.17094238
0.17008285
0.1739227
0.1749868
0.17023095
0.1703536
0.17015134
0.1696352
0.17357743
0.17441997
0.1696857
0.17026947
0.17007475
0.16906592
0.17296101
0.17405938
0.16922359
0.16945119
0.16922091
0.16861281
0.17271896
0.17365423
0.16874729
0.16929246
0.16910979
0.16814211
0.17220224
0.17324127
0.16827947
0.1688171
0.16861814
0.16765568
0.1717983
0.17282018
0.16777559
0.16844642
0.16826913
0.167109
0.17129779
0.17235956
0.16720308
0.16796204
0.16778798
0.16652733
0.17071036
0.17177588
0.16658984
0.16740483
0.16722703
0.16581464
0.17002258
0.17104264
0.16573617
0.16670802
0.16644794
0.16486609
0.16906907
0.17011477
0.16471219
0.1655486
0.16523558
0.16379602
0.16812292
0.16896465
0.16372178
0.16546558
0.16507131
0.16293615
0.16728386
0.16850616
0.16291624
0.16408893
0.16419382
0.16199559
0.16610639
0.16739143
0.16194019
0.16330676
0.16317262
0.16108505
0.16541941
0.1665199
0.16096349
0.16268463
0.1624504
0.16012782
0.16461615
0.16594224
0.16016023
0.1617054
0.16204083
0.1591759
0.16325614
0.16485386
0.15909818
0.16017763
0.16020845
0.1580634
0.16268393
0.16405246
0.15803401
0.1595416
0.15961571
0.15713584
0.16174881
0.1633332
0.15719834
0.15842333
0.15874848
0.15615664
0.16062309
0.1622654
0.15615681
0.15739189
0.15743604
0.15518983
0.1600061
0.16154408
0.15521812
0.15666246
0.15681615
0.15427385
0.15906528
0.16076075
0.15436246
0.15579295
0.15622981
0.15331963
0.15784778
0.15965669
0.15330891
0.15445872
0.1544364
0.15234347
0.15750527
0.15899274
0.1524385
0.15428524
0.15443514
0.1516192
0.15660147
0.15847024
0.1518234
0.15366673
0.15532689
0.15065104
0.15853007
0.16623622
0.1604315
0.14983323
0.1569496
0.15909803
0.14935976
0.15353712
0.16301855
0.15921669
0.1482016
0.15112974
0.15277311
0.14649346
0.15465954
0.16462949
0.16059048
0.14832851
0.148207
0.14975493
0.14530355
0.15278907
0.16110355
0.15631436
0.14577286
0.14869921
0.1497798
0.14389731
0.15215093
0.16241096
0.15885286
0.14677353
0.14480263
0.1457088
0.14277682
0.1464772
0.15358707
0.15436217
0.14587209
0.14397489
0.14369677
0.14363846
0.1494038
0.15087664
0.14438674
0.14494586
0.14441161
0.14369702
0.15010934
0.15223743
0.14488696
0.14369504
0.14347695
0.14385836
0.15036906
0.15185323
0.14439505
0.14513566
0.14517456
0.14352809
0.14904231
0.15079238
0.14408249
0.14506634
0.14470638
0.14341187
0.14955263
0.15125504
0.14397503
0.14530684
0.14536859
0.1432875
0.14870277
0.15039499
0.14364594
0.1456224
0.1453716
0.14305086
0.14873634
0.15041944
0.14341386
0.14555575
0.14554398
0.14279237
0.14821847
0.15013441
0.14321274
0.14536248
0.14551574
0.14252113
0.14769368
0.14944443
0.14271405
0.14525977
0.14505285
0.14210361
0.14771381
0.14959937
0.14252663
0.14515379
0.14586918
0.14178713
0.14647064
0.14874251
0.14198656
0.14420082
0.14477096
0.14098054
0.14578909
0.14778921
0.1410718
0.14341712
0.1430398
0.140513
0.1463257
0.14774309
0.14082399
0.14426938
0.14440228
0.14033188
0.1456514
0.14805353
0.14088488
0.14501274
0.152496
0.14377367
0.14119776
0.14740296
0.1429247
0.14008434
0.14437346
0.13959251
0.14329709
0.15077642
0.14505538
0.13780582
0.14021346
0.13717386
0.14319661
0.15073693
0.14468801
0.13591698
0.14309762
0.14293908
0.13502565
0.14556535
0.15834208
0.15465602
0.13974354
0.13404164
0.13548066
0.13349353
0.13688216
0.14260817
0.14206795
0.13427946
0.13693719
0.13706434
0.13396491
0.1391964
0.14163484
0.13483186
0.13458861
0.1340095
0.13494603
0.14284176
0.14451855
0.13583033
0.13590364
0.13784064
0.13460176
0.13941883
0.14303544
0.13621366
0.13524294
0.13669175
0.13365053
0.13713585
0.13851123
0.13321234
0.13607779
0.13488393
0.13273838
0.13970578
0.14222896
0.13407089
0.13326436
0.13347274
0.13314603
0.13945363
0.14069201
0.13368501
0.1364136
0.13638818
0.13338165
0.13884091
0.140936
0.13393465
0.13580094
0.13600677
0.1333404
0.13868973
0.14046222
0.13370678
0.13663019
0.13650322
0.13329165
0.13888651
0.1409056
0.13381724
0.13646844
0.13726202
0.13320854
0.13792257
0.14032137
0.13351157
0.13573691
0.1361995
0.13264649
0.1375423
0.13946854
0.13277984
0.13564424
0.1355086
0.13228054
0.13786152
0.13974968
0.13271067
0.13599688
0.13720237
0.13223204
0.14241531
0.15310057
0.14609557
0.13216498
0.1387083
0.14448057
0.1345716
0.13343614
0.14216013
0.13869844
0.13074702
0.13783868
0.13786392
0.12983726
0.14054663
0.15451428
0.15021034
0.13403581
0.12946345
0.13190943
0.12840982
0.13712962
0.14697385
0.14089787
0.128483
0.13408108
0.13692941
0.12876849
0.13300732
0.14814726
0.15139958
0.13887312
0.12784985
0.13367894
0.13194008
0.1272732
0.13371724
0.13835531
0.13125204
0.12630394
0.1271758
0.12598218
0.12829216
0.13191883
0.1295565
0.12643962
0.12748547
0.1270119
0.13096142
0.13093129
0.12702557
0.12785809
0.12663844
0.12928288
0.12902707
0.12609087
0.12616992
0.12740284
0.13162942
0.12954873
0.12660998
0.12868334
0.12607469
0.13214184
0.1373995
0.12955578
0.12593924
0.12862726
0.124933384
0.13225365
0.14202644
0.13550548
0.124329515
0.13200407
0.1340015
0.124456644
0.12934686
0.14280537
0.1403589
0.12624052
0.12436502
0.12634695
0.12291646
0.13052575
0.13835035
0.13155577
0.123043284
0.12796432
0.12569977
0.121515125
0.12795582
0.13415311
0.12918155
0.12190539
0.126283
0.12511238
0.1218053
0.12822463
0.13106807
0.12345458
0.12279057
0.12296539
0.12288909
0.12788561
0.12644692
0.1234357
0.12545545
0.123562545
0.12648226
0.12700514
0.12301838
0.124266736
0.12202422
0.12871392
0.13570502
0.12776138
0.12057181
0.12199855
0.11982794
0.127427
0.13613968
0.1291843
0.11858486
