0.338843
0.30996218
0.2862425
0.2672143
0.2524601
0.24303673
0.23779897
0.23470365
0.23279102
0.23156545
0.23075478
0.23020196
0.22981498
0.22953483
0.22932547
0.22916587
0.22903728
0.22893277
0.22884327
0.22876441
0.22869334
0.22862765
0.22856581
0.2285079
0.22845218
0.2283978
0.22834522
0.22829385
0.2282426
0.22819053
0.22813834
0.22808993
0.22804393
0.22799712
0.22794771
0.22789648
0.2278493
0.22780547
0.22776043
0.22771183
0.22766517
0.22762299
0.22758265
0.22754082
0.22749673
0.22745056
0.22740215
0.2273511
0.22729698
0.22723866
0.2271795
0.22712544
0.22707368
0.22702765
0.22698678
0.22694242
0.2268862
0.22681679
0.22673802
0.22664826
0.22654708
0.22643608
0.2263336
0.22623664
0.22614828
0.22606243
0.22597687
0.22588742
0.22578922
0.22567922
0.22556247
0.22545154
0.22534108
0.22523084
0.22512046
0.22500789
0.22489104
0.22476687
0.22463435
0.22449565
0.22435065
0.22420222
0.22404774
0.22388183
0.22372755
0.22359462
0.22347496
0.22336131
0.22325693
0.22314893
0.22304335
0.22292437
0.22279055
0.2226495
0.22251886
0.22239566
0.22227745
0.22216432
0.22205056
0.22193408
0.22180693
0.22168922
0.22159602
0.22151159
0.22143064
0.22134109
0.22125535
0.22115995
0.22108895
0.2210507
0.22101454
0.22097316
0.22091955
0.2208573
0.22077449
0.22065616
0.22050089
0.2203124
0.22008431
0.21980947
0.21949859
0.21915369
0.21880557
0.21842015
0.21807237
0.2176953
0.21729876
0.2169024
0.21651894
0.2161625
0.21582343
0.21547534
0.2151286
0.21480346
0.21448737
0.21416362
0.21384242
0.2135452
0.2132474
0.21294113
0.2126407
0.21234496
0.21204893
0.2117438
0.21143244
0.21111445
0.21080072
0.21049593
0.21019249
0.20988545
0.2095736
0.20925395
0.20893173
0.20860797
0.20828766
0.20797385
0.20765974
0.20734185
0.20700872
0.20667765
0.20634153
0.20601055
0.20567492
0.20533769
0.20499271
0.20464893
0.20429805
0.20394816
0.20358926
0.2032236
0.20285249
0.2024823
0.20210111
0.20171013
0.20131387
0.20091599
0.20051248
0.20010318
0.19968708
0.19926436
0.19883764
0.19840488
0.19796768
0.19752425
0.19707319
0.1966154
0.19615321
0.19568747
0.19521356
0.19473195
0.19424479
0.19374521
0.19323184
0.19270523
0.19216646
0.19161786
0.19105591
0.19048278
0.18989828
0.18930541
0.1887039
0.18809333
0.18746851
0.18683062
0.18618228
0.1855099
0.18482372
0.18410818
0.18336911
0.18260501
0.18183836
0.18109588
0.18041107
0.17980814
0.1791711
0.1785681
0.17803976
0.1774954
0.17716907
0.1766929
0.1767983
0.1764754
0.17604537
0.1759107
0.17613079
0.17641634
0.17567709
0.17623273
0.17592074
0.17604516
0.17687918
0.1760065
0.17614456
0.17644265
0.17589276
0.17674026
0.17683159
0.17595999
0.17644581
0.17600456
0.17673302
0.17834857
0.17757054
0.17602442
0.17694147
0.17654577
0.17608862
0.17792276
0.1785672
0.17678125
0.17599693
0.17608446
0.17632306
0.17769143
0.17775369
0.17640732
0.17648868
0.17631091
0.17705704
0.17866015
0.17801058
0.17651673
0.17724967
0.17678337
0.17691435
0.17894684
0.1789776
0.17693394
0.17699198
0.17694794
0.17709494
0.17891319
0.1790468
0.17721677
0.17707749
0.17691252
0.17741928
0.17905211
0.17875671
0.17688468
0.17695007
0.17664021
0.17730036
0.17909363
0.17866926
0.17654932
0.17659989
0.1762571
0.17677605
0.17876787
0.17867821
0.17632
0.17598979
0.17583905
0.17609878
0.17785098
0.17790207
0.17576446
0.17526793
0.17504168
0.17530283
0.17675003
0.17666863
0.17468011
0.17422509
0.17394385
0.17441958
0.1758872
0.17553005
0.17338295
0.17306213
0.1726437
0.17344108
0.17541003
0.17505726
0.17233784
0.17220522
0.17194028
0.17191762
0.17392947
0.17413086
0.17160721
0.17132388
0.17107941
0.1711426
0.17297457
0.17287855
0.17058824
0.17051819
0.1701193
0.17060599
0.17247686
0.17187396
0.16960569
0.16984288
0.16924635
0.16968313
0.17177112
0.171077
0.1686101
0.16901731
0.16840677
0.1684794
0.1705426
0.17012648
0.16771868
0.16813959
0.1676376
0.16752365
0.16944563
0.1689422
0.16687252
0.16729729
0.1665615
0.16670094
0.16841654
0.16716371
0.16563839
0.16612417
0.16491517
0.16637051
0.16839094
0.165801
0.1634278
0.16394682
0.16251183
0.16395299
0.16644168
0.1642567
0.16101457
0.16227792
0.16161388
0.15976752
0.16149944
0.16282602
0.16036575
0.1585812
0.15875791
0.15831847
0.15915667
0.15986755
0.15888095
0.15857536
0.1583925
0.15784533
0.15931262
0.15907934
0.15725164
0.15764007
0.15654966
0.15745439
0.15926698
0.15683624
0.15544233
0.15608206
0.15478851
0.15711905
0.15984453
0.15691942
0.15356518
0.15463099
0.15357456
0.15270291
0.15544079
0.15668839
0.1536794
0.15216589
0.15274243
0.15161958
0.15394802
0.15677221
0.15403019
0.15093942
0.15218854
0.15125851
0.15001024
0.15228987
0.15338378
0.15048659
0.1493427
0.14931451
0.1496247
0.15173216
0.15173149
0.14944553
0.1502185
0.14982204
0.14905605
0.15107551
0.15137997
0.14883967
0.14955184
0.14926563
0.14816877
0.15004581
0.15059412
0.14787665
0.14819765
0.14806817
0.14719032
0.1490013
0.14949845
0.14701146
0.14748572
0.14737326
0.14633305
0.14804113
0.14866458
0.14613616
0.14658685
0.14678147
0.1453151
0.14699057
0.14830747
0.14538619
0.14469337
0.14623041
0.14423177
0.14396843
0.14686887
0.14599939
0.14307766
0.14436115
0.1440499
0.14220601
0.14422017
0.14594454
0.1429615
0.14091209
0.14109339
0.14036585
0.14108711
0.14248113
0.14148724
0.13987789
0.14036706
0.13963003
0.14103898
0.14283758
0.14030474
0.13906409
0.14020275
0.13870583
0.13916974
0.14143886
0.13957413
0.1378431
0.13845955
0.13745835
0.1390571
0.14126061
0.13863418
0.13652608
0.13713802
0.13608353
0.13749433
0.13996784
0.13770501
0.13527259
0.13613588
0.13510041
0.13494246
0.13825658
0.13943334
0.13567331
0.13434613
0.13559154
0.13431218
0.13519467
0.13748065
0.13540906
0.13362814
0.13445027
0.1332111
0.13407953
0.1362651
0.13415524
0.13229133
0.1329697
0.13189378
0.13306679
0.13535942
0.13314685
0.13107519
0.13181672
0.13075285
0.13152686
0.13379051
0.13207065
0.13003783
0.13079354
0.12977102
0.13028526
0.13234697
0.13074385
0.12898816
0.12963311
0.12862958
0.1298409
0.13190912
0.12954952
0.12783365
0.12847087
0.12742975
0.12883565
0.13094878
0.1284655
0.12655117
0.12706141
0.12608436
0.12745033
0.1294104
0.12698601
0.12523286
0.12562045
0.124820866
0.12577458
0.12672263
0.124555096
0.12391573
0.12381909
0.124155395
0.12526114
0.12412398
0.123873465
0.12423089
0.12368887
0.124780305
0.12470528
0.123311624
0.12354478
0.122562736
0.12377025
0.12533599
0.122747585
0.121748574
0.12257211
0.121182874
0.12264868
0.12530561
0.12291492
0.120356165
0.12122287
0.12016017
0.119878866
0.122419566
0.12237165
0.1194266
0.12011457
0.12070718
0.119078994
0.121256016
0.12438755
0.12174941
0.11847167
0.12033266
0.120414555
0.11776905
0.11959394
0.12340331
0.121177904
0.11689528
0.11831517
0.11959353
0.116995096
0.11691225
0.12061717
0.12045048
0.11683992
0.11737692
0.11905102
0.117256045
0.11722327
0.119316585
0.11768142
0.11640426
0.11740785
0.11616417
0.11653696
0.11820697
0.11633653
0.11560914
0.1165368
0.115413
0.1168227
0.11880942
0.116564624
0.115523145
0.11685414
0.11546151
0.11556662
0.117375806
0.115733966
0.114815325
0.11590947
0.11473329
0.115601666
0.11759257
0.11557742
0.11460093
0.115829855
0.11455672
0.114935964
0.116572715
0.11478503
0.11435485
0.11542946
0.11415757
0.1149765
0.11584308
0.114240974
0.1153966
0.1164429
0.1142719
0.11503124
0.116860285
0.11474934
0.114326075
0.115981385
0.114364155
0.1140132
0.11571377
0.11413264
0.11373749
0.11541526
0.11404639
0.11372247
0.11534599
0.11386703
0.11359352
0.115218125
0.113859855
0.11341939
0.114601344
0.11323775
0.11370027
0.11473102
0.11315905
0.11353806
0.1134346
0.11288268
0.114214025
0.113855936
0.11230129
0.11306204
0.112168275
0.1122007
0.113576725
0.11268552
0.112290636
0.11283188
0.112414986
0.11322058
0.11359047
0.11273393
0.113474436
0.11325495
0.11344359
0.115286805
0.11458414
0.11256004
0.113660924
0.11292027
0.112299435
0.11453043
0.11432738
0.11146208
0.112678446
0.11246908
0.11047717
0.112279296
0.11317216
0.11005451
0.10986965
0.11024651
0.108841
0.11012834
0.110713184
0.10838741
0.10904627
0.10908995
0.10800817
0.10936786
0.1096676
0.10800384
0.108968295
0.10875298
0.10826721
0.11028806
0.110403046
0.10791972
0.10895808
0.10864919
0.10739582
0.10912526
0.10985891
0.10740871
0.10759775
0.1075247
0.106749795
0.10813046
0.10909791
0.10742179
0.107133426
0.10728413
0.10728208
0.10856406
0.10981464
0.10938796
0.108894676
0.10918362
0.10893381
0.10913174
0.109752685
0.110247485
0.110567905
0.11090879
0.11137001
0.11158627
0.111463286
0.111408494
0.111610316
0.111982785
0.11232112
0.11251252
0.11277298
0.113309994
0.11391594
0.11408215
0.11353955
0.112965904
0.11287668
0.11295906
0.1128418
0.112832166
0.11317034
0.11363578
0.11388727
0.11383551
0.11351019
0.11308186
0.11280298
0.112747036
0.112550355
0.112321116
0.112484135
0.112814575
0.11273619
0.11240228
0.11221446
0.11204471
0.11183426
0.111490674
0.110970154
0.11042494
0.10992444
0.109568134
0.10929919
0.108948834
0.10859376
0.10826264
0.10796316
0.107519515
0.106855355
0.106381126
0.105691075
0.10495935
0.10506411
0.104821995
0.104534276
0.10449869
0.10433379
0.10427003
0.10427388
0.104030766
0.103843234
0.10362633
0.10350246
0.10306255
0.10249344
0.10178721
0.10131165
0.10092977
0.10059434
0.100302674
0.100225136
0.09987715
0.09954099
0.09920755
0.098749794
0.09832711
0.09824454
0.09773822
0.097516544
0.097453244
0.09724518
0.09751269
0.09780704
0.098061174
0.09842828
0.09870985
0.09866528
0.09855271
0.09856707
0.098585546
0.09861069
0.09869127
0.09864725
0.09847136
0.098304
0.098062016
0.097683184
0.097352654
0.09740425
0.0972214
0.097145766
0.097183794
0.09715145
0.09716121
0.0971335
0.096783586
0.096615896
0.09632152
0.09605653
0.09628573
0.096181065
0.09607268
0.09612574
0.09613606
0.09596219
0.09555097
0.09512769
0.09481256
0.09454084
0.09416089
0.09380435
0.093535244
0.09336375
0.09303742
0.09269945
0.0923287
0.09225791
0.09197517
0.0919194
0.09164902
0.091682926
0.091598615
0.091572344
0.0915492
0.09133224
0.09087085
0.09039958
0.09004719
0.089692906
0.089300536
0.08895213
0.08865427
0.088439584
0.08810322
0.08771853
0.08725871
0.08708285
0.08687684
0.08677369
0.08659716
0.08648937
0.08623787
0.08590184
0.08557895
0.085323215
