0.338843
0.31021595
0.28663024
0.26764005
0.25284946
0.24335663
0.23805441
0.23490444
0.23294733
0.23168729
0.23084925
0.23027495
0.22986968
0.22957504
0.22935383
0.22918226
0.2290467
0.22893387
0.22883728
0.22875178
0.22867343
0.2286017
0.22853544
0.22847435
0.22841538
0.22835638
0.22830106
0.22824684
0.22819208
0.22813682
0.2280808
0.22802372
0.22796494
0.22790639
0.22785193
0.22779775
0.22774258
0.22769164
0.22764266
0.22759123
0.2275373
0.22748101
0.22742307
0.22736324
0.22730161
0.22723654
0.2271575
0.22706966
0.22697793
0.22687991
0.22677343
0.22665724
0.22652979
0.22640038
0.22626989
0.22613929
0.2260095
0.22588447
0.22575992
0.2256286
0.22549117
0.22536172
0.22523761
0.22512025
0.22501533
0.22490959
0.22480448
0.22470246
0.22459267
0.22448343
0.2243803
0.2242807
0.22417971
0.2240717
0.22395751
0.22384883
0.22373977
0.22362824
0.22350936
0.22338003
0.22324365
0.2231201
0.2230084
0.22290005
0.22279061
0.22267552
0.22254324
0.22239393
0.22226171
0.22217186
0.22210574
0.22204217
0.22197042
0.2218883
0.22179501
0.2217063
0.22163057
0.22155404
0.22149771
0.2214588
0.22142678
0.22139417
0.22135106
0.22129387
0.22122121
0.22113298
0.22102915
0.22090977
0.22077686
0.22062941
0.22046703
0.22029102
0.22009876
0.21990968
0.21972515
0.2195328
0.2193182
0.21907653
0.21881625
0.21854185
0.21827108
0.21801682
0.21777855
0.2175551
0.21733527
0.21711041
0.2168796
0.21663803
0.21638383
0.2161194
0.21584442
0.21554953
0.21522988
0.21488419
0.21452178
0.21417506
0.21383473
0.21348454
0.213134
0.21278524
0.2124349
0.21207719
0.21171293
0.21134728
0.21097273
0.21058989
0.21019498
0.2097919
0.20938398
0.20897506
0.20856887
0.2081499
0.20772102
0.20728631
0.20683669
0.20638838
0.20592684
0.20545536
0.20498447
0.20449032
0.20398769
0.20346352
0.20292355
0.20238422
0.2018361
0.20125899
0.20070165
0.2001062
0.199517
0.19887856
0.19823445
0.19753696
0.1968412
0.19610687
0.19537316
0.19461392
0.19385602
0.19308846
0.1923206
0.19153619
0.19075136
0.18995704
0.18916005
0.18835562
0.18756759
0.18677962
0.18597484
0.18515481
0.1843444
0.18355335
0.1827559
0.18194279
0.18112151
0.18027277
0.179402
0.17852877
0.17766726
0.17682603
0.17604975
0.17533587
0.17463724
0.17393506
0.17328154
0.17268188
0.17211592
0.17155294
0.17098081
0.17041676
0.16989483
0.16941848
0.1689549
0.16849422
0.16805227
0.16763529
0.16724123
0.16684882
0.16646032
0.1660899
0.16573796
0.16539429
0.16505298
0.1647277
0.16441864
0.16411616
0.16382012
0.16353454
0.16326593
0.1630105
0.16277653
0.16256554
0.16237232
0.1621942
0.16202644
0.16187574
0.16173637
0.1616056
0.16148585
0.16136806
0.16125637
0.16115353
0.16105048
0.16095471
0.16085945
0.16077378
0.16069722
0.1606237
0.16054569
0.16047059
0.16039789
0.16033448
0.16027421
0.16021241
0.16014954
0.16008735
0.16002467
0.15996598
0.15990587
0.15984368
0.15978336
0.15972628
0.15967323
0.1596185
0.1595615
0.15950833
0.15946345
0.15941775
0.15937194
0.15932658
0.1592795
0.15923122
0.15918548
0.15914297
0.15909833
0.15905328
0.15900919
0.15896705
0.15892574
0.1588827
0.15884197
0.15880324
0.15877032
0.15873589
0.15870032
0.15866716
0.15863915
0.15860987
0.15858378
0.1585619
0.15854305
0.15852556
0.15851255
0.1585006
0.15848929
0.15847668
0.15846668
0.15846051
0.1584529
0.15844475
0.15843686
0.15843247
0.15842952
0.15842696
0.15842679
0.15842219
0.15841421
0.15841171
0.1584064
0.15840016
0.15839726
0.15839623
0.15839301
0.15838885
0.15839285
0.15839598
0.15839452
0.15839231
0.15839149
0.15839551
0.15840244
0.15840733
0.1584087
0.15841284
0.158417
0.158426
0.15843585
0.15844147
0.15844518
0.15845214
0.1584634
0.15847367
0.15848148
0.15848817
0.15849595
0.15850657
0.15851435
0.15852079
0.15852587
0.15852997
0.15853274
0.15853947
0.15854797
0.15855204
0.1585512
0.15855132
0.15855852
0.15856792
0.15857321
0.15857577
0.15858003
0.1585866
0.15858749
0.15858881
0.15859422
0.15859911
0.15860154
0.15859897
0.15859492
0.15859307
0.15859206
0.15858944
0.15858473
0.15857734
0.15857132
0.15856844
0.15856136
0.15855256
0.15854311
0.15853573
0.15853117
0.15852307
0.1585112
0.15849805
0.15848547
0.15846936
0.15845457
0.15844241
0.15842825
0.15841053
0.15839341
0.15837772
0.15835996
0.1583416
0.15832618
0.15831147
0.1582956
0.15827672
0.15825446
0.1582316
0.15820768
0.15818436
0.15815644
0.15812789
0.1581011
0.1580741
0.15803993
0.15800393
0.1579723
0.15793066
0.15788804
0.15784676
0.15780526
0.1577563
0.15771338
0.15767857
0.15762742
0.1575754
0.1575305
0.15748444
0.15743084
0.15737607
0.15733902
0.15727897
0.15723453
0.15721978
0.15717155
0.15715913
0.15709339
0.15713574
0.15701692
0.15697193
0.15700845
0.15692127
0.15707606
0.15704052
0.15702455
0.1572135
0.156568
0.1567594
0.1561702
0.15656072
0.15619041
0.1565199
0.15718913
0.15596215
0.15690137
0.15745902
0.15583707
0.15696377
0.15908027
0.15700153
0.15505713
0.15616478
0.15567614
0.15499438
0.15562141
0.1546748
0.15552732
0.15629557
0.1547618
0.15510061
0.15696925
0.15532616
0.15390322
0.15472929
0.15408202
0.15408109
0.15491639
0.15362749
0.15418032
0.15526319
0.15386082
0.15309726
0.15422252
0.15310045
0.15276814
0.15343104
0.15248828
0.15324977
0.15460634
0.15294148
0.15207945
0.15284114
0.1519
0.15203558
0.15307742
0.15176295
0.1514628
0.15219231
0.15119402
0.15143895
0.15263389
0.151258
0.15059364
0.15119424
0.1503381
0.15076643
0.1518643
0.15047587
0.14997143
0.15061666
0.14971259
0.14985979
0.15085451
0.14959024
0.14923038
0.14980364
0.14894053
0.1492863
0.1503954
0.14903557
0.14840728
0.14892326
0.14813389
0.14851926
0.14956416
0.14824665
0.1477206
0.14825712
0.1474529
0.14764309
0.14856909
0.14733346
0.14682195
0.14725775
0.14655001
0.14708225
0.14813825
0.14679179
0.14606887
0.1464745
0.14576198
0.14601928
0.14678422
0.14561489
0.14527734
0.1456802
0.14494182
0.14523065
0.14601631
0.14484464
0.14440525
0.1447328
0.14408636
0.14441052
0.14498726
0.14384797
0.14371645
0.14406906
0.14331563
0.14347395
0.144065
0.1430549
0.14282714
0.14306298
0.14246057
0.14269178
0.1429841
0.14204386
0.14211312
0.14218436
0.1417114
0.14184876
0.1416738
0.14129399
0.1411299
0.1411002
0.1409804
0.14065062
0.14044578
0.14006984
0.13993816
0.13952705
0.13943328
0.13919629
0.13897456
0.13870282
0.13825883
0.13804255
0.13779229
0.13803466
0.13820365
0.1374374
0.13722229
0.13727112
0.13673064
0.13718167
0.13803305
0.13713351
0.13610949
0.13644168
0.13628773
0.13573825
0.13600154
0.13607146
0.13530405
0.13507092
0.13499369
0.13471827
0.135151
0.13539024
0.13463423
0.13433772
0.13448481
0.1340314
0.13415273
0.13496898
0.1345138
0.13365012
0.13393147
0.13399935
0.13329352
0.13393863
0.13508248
0.13421668
0.1327989
0.13312764
0.13320212
0.13253503
0.13307473
0.1340247
0.13326047
0.13203178
0.13213298
0.1321177
0.13173816
0.13212566
0.13243294
0.13179389
0.13155685
0.13170464
0.13115856
0.13106994
0.13204189
0.13195771
0.13100047
0.13113287
0.13152967
0.13076591
0.13067186
0.13170487
0.13141592
0.13048437
0.1307663
0.13079804
0.13009475
0.13086627
0.1317738
0.13073824
0.1296944
0.1300505
0.12965758
0.12915957
0.12964796
0.12947151
0.12895235
0.12906851
0.12878722
0.12858364
0.12904951
0.12867728
0.12832485
0.12849133
0.12826829
0.12817265
0.12809467
0.12775105
0.12753402
0.12737875
0.12742855
0.12712644
0.12682015
0.12673435
0.12660329
0.12653841
0.12638381
0.126285
0.1260642
0.12597173
0.12577412
0.12553371
0.12528653
0.1253202
0.12524736
0.12486626
0.124776654
0.1245828
0.124481566
0.124292925
0.12416423
0.124072164
0.124065444
0.12401573
0.1237508
0.1238043
0.123702765
0.12391888
0.12409371
0.12377602
0.12388729
0.123837315
0.12363757
0.123828374
0.12379617
0.12381023
0.123983696
0.12413644
0.124196745
0.12405247
0.12414252
0.124132484
0.12413484
0.12416
0.124141775
0.124192156
0.12417088
0.124280505
0.1243145
0.124154516
0.12412871
0.12399948
0.123866744
0.123772666
0.123637155
0.12352195
0.12345944
0.123388454
0.12327663
0.123212084
0.123088606
0.122960575
0.12281971
0.122737646
0.122642666
0.12259803
0.122536905
0.12249374
0.12245129
0.12241778
0.1223715
0.122348614
0.12230505
0.12227285
0.122227944
0.122226074
0.12220776
0.1222177
0.122180305
0.12223634
0.122194014
0.12223091
0.12221269
0.122300215
0.12229321
0.122377075
0.12238066
0.12244033
0.12259799
0.12249848
0.12272148
0.12258076
0.12282493
0.12266692
0.12278999
0.122871675
0.12289456
0.12319034
0.12295264
0.12320674
0.12298909
0.123257786
0.1234093
0.123097934
0.123486735
0.12320558
0.1234751
0.12359173
0.12317771
0.12352538
0.123300485
0.12365052
0.12382695
0.12345242
0.12380524
0.123461775
0.123691835
0.12396505
0.12341367
0.123748444
0.123714864
0.12369563
0.12401565
0.12344978
0.12356704
0.12343288
0.12356828
0.12406911
0.12368745
0.12406642
0.12394293
0.123460345
0.12400211
0.12364123
0.12301485
0.12336552
0.1232689
0.12362479
0.12364474
0.123406306
0.12351813
0.1231989
0.12366258
0.123781115
0.12321506
0.1234922
0.12360032
0.12348943
0.12357641
0.123051405
0.12290086
0.12270893
0.12277375
0.12279793
0.12242137
0.122506544
0.12251163
0.122622825
0.12264723
0.12224184
0.12221757
0.12190629
0.12205444
0.12198991
0.12158489
0.12164783
0.121692576
0.12180914
0.1218368
0.12162623
0.1215912
0.12145983
0.1217175
0.1216252
0.12123207
0.12135564
0.12138549
0.12157248
0.12152208
0.121287845
0.12128877
0.12122952
0.12153261
0.121493734
0.12117365
0.12128008
0.121224396
0.121351875
0.12123016
0.12095165
0.120943055
0.120857775
0.12107414
0.120983355
0.12074804
0.12081015
0.12069055
0.12082894
0.120735705
0.120508365
0.1205241
0.1204285
0.12061463
0.12057703
0.12034935
0.12039538
0.12030265
0.120442666
0.12042725
0.12024592
0.1202836
0.12018926
0.12032588
0.120259516
0.120008096
0.12003262
0.11992394
0.120085806
0.12001723
0.11986303
0.11991293
0.11983391
0.12001286
0.1198729
0.11968795
0.11971715
0.11963364
0.1198448
0.119755864
0.1196061
0.11967936
0.11957924
0.11979379
0.11965318
0.119420566
0.11949037
0.11937973
0.11964212
0.119589835
0.11934682
0.11946902
0.119281724
0.1194685
0.11942975
0.11899579
0.11904544
0.11891794
