0.338843
0.31453225
0.29376218
0.2762827
0.26187453
0.2503334
0.24256283
0.23797014
0.2351238
0.23329253
0.23207621
0.23124433
0.2306595
0.23023678
0.22992271
0.22968304
0.22949481
0.22934279
0.22921652
0.22910815
0.22901301
0.22892839
0.22885351
0.22878264
0.22871423
0.22865158
0.2285936
0.22853543
0.22847779
0.22842167
0.22836417
0.2283053
0.2282484
0.22819853
0.22815229
0.22810599
0.22805724
0.22800615
0.22795044
0.22789462
0.22784318
0.22779125
0.2277325
0.22767255
0.22761434
0.22755812
0.2275051
0.22745049
0.22738776
0.22732346
0.2272635
0.2272239
0.2271959
0.22714905
0.22708218
0.22699472
0.22690028
0.22681586
0.22673629
0.22666588
0.22660851
0.22655942
0.2265177
0.22647832
0.22644001
0.22640617
0.22636491
0.22631417
0.22625956
0.22619776
0.22612579
0.22604796
0.22596607
0.22588207
0.2257871
0.22569264
0.22559074
0.22547922
0.22536142
0.22524053
0.22511382
0.22498056
0.22484158
0.22469448
0.22453727
0.22437318
0.22422746
0.22409537
0.2239637
0.2238242
0.22366415
0.22347817
0.22326109
0.22304022
0.2228854
0.22280255
0.22273748
0.22268665
0.22259116
0.22243643
0.22228214
0.22211297
0.22192577
0.22170597
0.22142178
0.22111352
0.22081824
0.22053549
0.22027193
0.21998712
0.2196752
0.21935631
0.21904172
0.2187178
0.21836726
0.21797916
0.21754052
0.21709715
0.21667023
0.21623881
0.21577954
0.21535021
0.21496464
0.21460627
0.2142634
0.21389703
0.21354042
0.21319509
0.21280292
0.21240628
0.21200107
0.2115873
0.21111892
0.21065547
0.21018536
0.20973729
0.20919317
0.20867762
0.20812692
0.20762973
0.20701337
0.20648704
0.20590103
0.20542192
0.20479113
0.20435143
0.2037307
0.20345609
0.20280297
0.20245045
0.20188093
0.20159502
0.20132467
0.20038308
0.2001184
0.1992655
0.19915089
0.19861437
0.19751008
0.19738442
0.19642593
0.196652
0.19629045
0.19521914
0.1955927
0.19472477
0.19445339
0.1945322
0.1935523
0.19446982
0.19456442
0.19266056
0.1929877
0.19271518
0.19155464
0.19268593
0.19293055
0.19066629
0.1911303
0.19150063
0.19030453
0.19059438
0.19224294
0.19058934
0.18957064
0.1902131
0.18940556
0.18925823
0.19050924
0.18929034
0.1886732
0.18898515
0.18815172
0.18874593
0.18954852
0.18744838
0.18733107
0.18750216
0.18652944
0.18797913
0.1890693
0.18653148
0.18597263
0.18660896
0.18570678
0.18651287
0.18825853
0.18627398
0.1853676
0.18610622
0.18524872
0.18522927
0.18666758
0.18515916
0.18473488
0.18527223
0.18440256
0.1860178
0.18784961
0.18530397
0.18386696
0.18479322
0.18384065
0.1835239
0.18479396
0.18333262
0.18346407
0.18426037
0.18318191
0.18374236
0.1856747
0.18373522
0.1827237
0.18371876
0.18273886
0.18256965
0.18393338
0.18236153
0.18258263
0.18376599
0.18265687
0.18204309
0.18346088
0.18213178
0.18225314
0.183351
0.1822132
0.18187304
0.18330121
0.18176301
0.18170258
0.18286005
0.1816755
0.18098132
0.18210495
0.18069431
0.18110181
0.18237986
0.18112089
0.17996943
0.18087414
0.17968254
0.1804489
0.1817759
0.18045248
0.1789621
0.17973891
0.17863362
0.1793
0.18072966
0.17957157
0.1776933
0.17857759
0.17771214
0.17697978
0.1788901
0.17957878
0.17743699
0.17610088
0.17613338
0.17580448
0.17670517
0.17746161
0.17656028
0.17525607
0.17525591
0.17474546
0.1749135
0.17573227
0.17564744
0.17416847
0.17328039
0.17303771
0.1728217
0.17379509
0.17483667
0.17390965
0.17210433
0.17170513
0.17150895
0.17169595
0.17232919
0.17280464
0.17201538
0.17092828
0.17058823
0.1702
0.16967294
0.16973552
0.17029186
0.17066243
0.17002875
0.16898999
0.16850817
0.16834357
0.16795737
0.16751364
0.16741088
0.16774622
0.16803841
0.16769862
0.16700692
0.16660656
0.16651301
0.16626382
0.16591404
0.16580674
0.16586807
0.16562898
0.16509275
0.16475244
0.16453831
0.16414465
0.16385373
0.1638167
0.16360086
0.16312106
0.16279909
0.162534
0.16206667
0.16180518
0.16173898
0.16118124
0.16066949
0.16035964
0.15988678
0.15994275
0.15923175
0.15835506
0.15794334
0.15816246
0.15868287
0.15681258
0.15666425
0.15580662
0.1575445
0.15892966
0.15525876
0.15477519
0.15418135
0.15525529
0.15783526
0.15544716
0.1538091
0.15474193
0.15350887
0.15499757
0.15544844
0.15263218
0.15345408
0.15220532
0.15250334
0.15729107
0.15856734
0.15314014
0.15139659
0.15219906
0.15124418
0.15325637
0.15371652
0.1506154
0.15167052
0.15056752
0.15004888
0.15442924
0.15586245
0.15076113
0.14924328
0.14967875
0.1492185
0.15181641
0.15230915
0.14870976
0.14993644
0.14928366
0.1480201
0.15152931
0.15273741
0.14826562
0.14770226
0.14748909
0.14775622
0.15155363
0.15203209
0.14769152
0.14869414
0.14863388
0.14717224
0.15024887
0.15142335
0.1472498
0.14732464
0.1471649
0.14672475
0.15009509
0.15054625
0.14666542
0.14823441
0.14786093
0.14603959
0.14924297
0.15050733
0.14618519
0.14630254
0.14642699
0.1454359
0.14850004
0.14927493
0.14541568
0.14675713
0.14645994
0.14492661
0.14814514
0.14915194
0.14496581
0.14597586
0.14630285
0.14436917
0.14709596
0.14833918
0.14431179
0.14487612
0.145067
0.1436228
0.14651175
0.14746486
0.1435325
0.14476816
0.14488433
0.14294703
0.14584547
0.14700775
0.14291176
0.14385211
0.14440683
0.14221272
0.14508222
0.146969
0.1426998
0.14266257
0.14521065
0.14175498
0.14330448
0.1477808
0.1446332
0.14047316
0.14266907
0.1409391
0.13999973
0.14463636
0.14643766
0.14124028
0.13950525
0.14152014
0.13930638
0.14177424
0.1458804
0.14255333
0.13863747
0.14064997
0.13877265
0.1382305
0.14305413
0.14484225
0.13966368
0.1376989
0.13920334
0.13740449
0.14039654
0.1442491
0.14053568
0.13681516
0.13839206
0.13650604
0.13747695
0.1424809
0.14258456
0.1372956
0.13723092
0.1380079
0.1363496
0.1385816
0.1398574
0.13624027
0.1360529
0.13572891
0.13559453
0.13892747
0.13927653
0.13565561
0.13710625
0.13685396
0.13507524
0.1380483
0.13914163
0.13504323
0.13600367
0.13668242
0.13454323
0.13743435
0.13963342
0.13545981
0.13448101
0.13544619
0.13391916
0.13584481
0.13667877
0.13347901
0.13470289
0.13420774
0.13293712
0.13572319
0.135522
0.1327073
0.13428336
0.13275751
0.13328694
0.13680808
0.13465174
0.13162059
0.13289157
0.13114981
0.13409378
0.13801356
0.13383265
0.13021407
0.13177156
0.12972271
0.13211809
0.13670494
0.13366698
0.12898235
0.13190381
0.13110475
0.12791461
0.13098489
0.13425969
0.13078123
0.12737404
0.12821922
0.12680435
0.12984985
0.13376734
0.1300956
0.12635717
0.1274964
0.12619299
0.1289603
0.13234194
0.12835391
0.12533858
0.12600139
0.12516028
0.12648584
0.1278252
0.12620747
0.12672664
0.12727767
0.1274094
0.1288997
0.1270962
0.12815893
0.12815182
0.12757795
0.12900178
0.1271858
0.12894863
0.12855846
0.12716882
0.12978126
0.12884165
0.12739009
0.12891571
0.12682219
0.1306188
0.13405427
0.12916112
0.12730297
0.13120781
0.1278609
0.12655683
0.13166219
0.1316243
0.12646656
0.12954874
0.13226773
0.12760437
0.12978628
0.13562669
0.13208237
0.12637377
0.13223656
0.13529193
0.1282334
0.12667452
0.1323162
0.13083671
0.12536412
0.12956718
0.13304572
0.1273262
0.12646724
0.13152593
0.12935904
0.12494261
0.1286417
0.12865031
0.12416092
0.12916948
0.13503075
0.13042864
0.12330883
0.12914227
0.1347703
0.12807012
0.12240071
0.1259855
0.12608828
0.1222929
0.12481161
0.12709983
0.12303005
0.12578285
0.13150953
0.12793532
0.12204496
0.12735698
0.13087825
0.124271296
0.1217777
0.12674785
0.12571357
0.12107413
0.12552725
0.12968282
0.12390254
0.12147926
0.12582868
0.124117516
0.12087545
0.123134784
0.12168401
0.12124563
0.12394152
0.12179954
0.12174347
0.12430749
0.12134722
0.1229876
0.12513009
0.12157236
0.12306421
0.12473396
0.12113037
0.12300675
0.122812204
0.12081449
0.12285754
0.12157793
0.1219621
0.12415259
0.12163597
0.12351417
0.12456612
0.1217644
0.123446316
0.1222145
0.12261046
0.12487944
0.12130195
0.12218023
0.1219561
0.1211249
0.12347871
0.1216522
0.12161157
0.12197927
0.12211963
0.124042094
0.12362957
0.12372418
0.12371344
0.12452618
0.12547049
0.12425299
0.12417237
0.12376959
0.124105334
0.124542154
0.12408337
0.12390671
0.12401937
0.124127746
0.12440995
0.12451641
0.12458212
0.12465712
0.12461854
0.124614716
0.124547146
0.12445058
0.12442884
0.124193825
0.12397569
0.12370173
0.12351383
0.12334307
0.123172
0.12273069
0.12281805
0.122685455
0.12287895
0.1226762
0.12274379
0.1228526
0.12319329
0.12320922
0.123203054
0.123263
0.12330571
0.123395234
0.12343639
0.12336062
0.12330509
0.12324047
0.1231067
0.12293366
0.12270373
0.12251259
0.1222336
0.12196083
0.12162726
0.12135386
0.12105947
0.12076821
0.12044339
0.120242685
0.12005976
0.11984171
0.119233005
0.11926626
0.119253114
0.11948671
0.11904574
0.11895312
0.118822806
0.11873041
0.11856983
0.118392155
0.11821559
0.11804821
0.11785853
0.1175801
0.117252715
0.11688055
0.1163466
0.11589959
0.1153851
0.114736825
0.11461552
0.11429514
0.11414582
0.11386462
0.11363205
0.11334156
0.11310837
0.11304781
0.11322577
0.11316976
0.11313837
0.11309336
0.11310876
0.11316926
0.11313956
0.11302306
0.112926476
0.11288393
0.112832144
0.11275688
0.1126823
0.11260297
0.11249171
0.112307094
0.11206451
0.11182019
0.11159659
0.11135245
0.11105396
0.11102085
0.11100772
0.11107934
0.110617675
0.110834315
0.11103173
0.11174426
0.111505724
0.11128995
0.11137385
0.111421466
0.111542985
0.11154221
0.1114696
0.11143284
0.111360714
0.11125124
0.11113637
0.11099522
0.11079376
0.1105584
0.11028226
0.10991654
0.10941638
0.10891263
0.108472355
0.10801832
0.10724127
0.106970556
0.10678447
0.10721242
0.107016645
0.106849596
0.10686099
0.1068977
0.10695073
0.10693949
0.10687027
0.10676805
0.10666119
0.10656939
0.10646953
0.10636372
0.106248476
0.1061312
0.10599697
0.105851576
0.10570322
0.105540104
0.105392635
0.105225794
0.10503534
0.10482627
0.104544654
0.103966124
0.10380022
0.103775635
0.10404864
0.10336857
0.10333426
0.103256874
0.103465036
0.1032266
0.103268236
0.104146644
0.106219836
0.107346
0.107087135
0.1059768
0.10493731
0.1041723
0.104216754
0.104419224
0.10472853
0.10487338
0.10495363
0.10498566
0.104968995
0.104969405
0.10492742
0.104796104
0.10463633
0.104426235
0.10417598
0.10388496
0.1034251
0.10309094
0.10277371
0.10237811
0.10198603
0.101758644
0.1013074
0.1012709
0.101753235
0.103644975
0.10490593
0.105030924
0.103746325
