0.338843
0.30727226
0.28193146
0.2621913
0.24749638
0.23861976
0.23401928
0.2315177
0.23011407
0.22930692
0.22883314
0.22855043
0.22837405
0.22825791
0.2281739
0.22810712
0.22804685
0.22799073
0.22794747
0.2279125
0.2278864
0.22786565
0.22784823
0.2278343
0.22781879
0.22780497
0.22779313
0.22778344
0.22777745
0.22776978
0.22775902
0.22774608
0.22773144
0.2277162
0.22769943
0.2276808
0.22765945
0.22763573
0.22761418
0.22759293
0.22757423
0.22755533
0.22753656
0.22751817
0.22749785
0.22748008
0.22747146
0.22746502
0.22745831
0.22745037
0.22744255
0.22743425
0.22742549
0.22741441
0.22740076
0.2273846
0.22736794
0.2273474
0.22732674
0.22730502
0.22727804
0.2272416
0.227201
0.22715348
0.22710271
0.2270561
0.22701074
0.22696507
0.2269128
0.22685218
0.22678295
0.22670512
0.22661784
0.2265224
0.2264243
0.22633305
0.22625007
0.22617687
0.22610882
0.22604243
0.2259779
0.22591108
0.22584368
0.22577947
0.2257102
0.2256336
0.22554253
0.22544621
0.22537023
0.22530563
0.22523694
0.22516078
0.22507872
0.2249907
0.22489685
0.22479826
0.22469544
0.22458889
0.22447991
0.2243665
0.22424863
0.22412366
0.22399156
0.22385316
0.22370787
0.22355248
0.22338513
0.22319148
0.22299895
0.22282276
0.22269613
0.22259173
0.22248924
0.22238651
0.22229123
0.22220823
0.22212999
0.22205062
0.22200388
0.22194667
0.22190428
0.22185613
0.22179711
0.22172748
0.22166987
0.22161193
0.22154109
0.22144368
0.22131172
0.221129
0.22089607
0.2206164
0.22029597
0.21994455
0.21957146
0.21922554
0.21896282
0.21877794
0.21862224
0.21845193
0.21829899
0.21814041
0.21799046
0.2178381
0.2176885
0.21753113
0.21736738
0.21717875
0.21697308
0.21678181
0.21660236
0.21642227
0.21623275
0.21604028
0.21584116
0.2156217
0.21538524
0.21514916
0.21492337
0.21468773
0.21442531
0.21415906
0.21389298
0.21360947
0.21331635
0.21302024
0.2127343
0.21241027
0.2120901
0.21174785
0.21136348
0.21096382
0.21051459
0.21002488
0.2094533
0.20882803
0.20810117
0.20727876
0.20642291
0.20551991
0.20452662
0.20349056
0.20242782
0.201353
0.2003624
0.1993259
0.19828828
0.19729337
0.19625342
0.19522607
0.19423634
0.19323906
0.19226833
0.19144015
0.19060047
0.18979159
0.18905434
0.18832982
0.1876003
0.18696553
0.18628144
0.18566014
0.18521516
0.18474947
0.18424183
0.18378022
0.18360068
0.18310618
0.18256131
0.18215731
0.1821368
0.18184781
0.18114726
0.18101172
0.18074788
0.18148495
0.18112358
0.18025014
0.18023127
0.1798786
0.18062003
0.18106325
0.18019626
0.1795875
0.17939158
0.17994803
0.18136285
0.18103284
0.17905146
0.17923503
0.17862281
0.1796986
0.1823282
0.18244638
0.17934033
0.17823362
0.17811972
0.1787098
0.18115458
0.18164246
0.17894597
0.1777291
0.17755957
0.17846833
0.18084793
0.18104765
0.17812096
0.17691004
0.1766852
0.17747666
0.17981754
0.1802518
0.17743881
0.17579913
0.17583252
0.17531891
0.17632611
0.17795065
0.17903738
0.1780565
0.17593007
0.17487794
0.17457557
0.17442024
0.17447121
0.1750957
0.1761231
0.17704783
0.17729048
0.17639692
0.17515357
0.17450404
0.17433506
0.17417268
0.17383623
0.17356633
0.17358963
0.17384957
0.17419225
0.17452726
0.17470941
0.17461549
0.17430018
0.17398095
0.17383845
0.17376515
0.17365858
0.17354846
0.17350753
0.17351331
0.1735107
0.17345507
0.1733609
0.17325829
0.17311935
0.17292675
0.17270681
0.17254226
0.17241047
0.17235173
0.1722727
0.17212564
0.17192657
0.17172153
0.17155899
0.17141451
0.17125219
0.17108922
0.17092744
0.17077117
0.17058526
0.17035405
0.170103
0.16986294
0.1696474
0.16945207
0.16924754
0.1690289
0.16880529
0.16858172
0.16834712
0.1680935
0.1678407
0.16760182
0.16737653
0.16715464
0.16691953
0.1666785
0.16642632
0.16617014
0.16591953
0.16567314
0.16543345
0.16518964
0.16494295
0.16469646
0.16444802
0.16420339
0.16396326
0.1637275
0.16349223
0.16326018
0.16303286
0.16280733
0.16258538
0.16236302
0.16214477
0.16192238
0.16170013
0.16148713
0.16127402
0.16106541
0.16086131
0.16066469
0.16046377
0.16026711
0.16007778
0.15989554
0.15971158
0.15953165
0.15936007
0.15918624
0.15901542
0.15883955
0.1586633
0.1584926
0.15831958
0.15814498
0.15797342
0.15780479
0.15763876
0.1574736
0.15730822
0.15714453
0.15697806
0.15681334
0.15664826
0.15648445
0.15632354
0.15616484
0.15601332
0.15585908
0.15570533
0.15555325
0.1553987
0.15525387
0.1551141
0.15497632
0.15483639
0.15469137
0.15453985
0.15439571
0.15425272
0.15411043
0.15398
0.15384848
0.15371078
0.15356463
0.15340847
0.15324707
0.15309078
0.1529365
0.15278263
0.15263304
0.15248582
0.15233621
0.15218066
0.15201965
0.15185834
0.15170191
0.15154529
0.15139635
0.15125427
0.15110753
0.15095893
0.15080567
0.15065049
0.15049335
0.15034047
0.15019983
0.15005791
0.14991064
0.14975336
0.14958987
0.1494332
0.14928609
0.14914218
0.14899692
0.14884138
0.14867812
0.14851014
0.14835349
0.14820156
0.14804378
0.14787896
0.1477097
0.14754298
0.14737695
0.14721072
0.14704284
0.14688046
0.14672607
0.14656854
0.1464012
0.14622632
0.14605169
0.14588879
0.14572726
0.14556399
0.1454007
0.14522842
0.14504795
0.1448645
0.14468364
0.14450845
0.14432895
0.14414297
0.14395738
0.14378913
0.14364238
0.14347364
0.14328888
0.14313573
0.14297128
0.14280495
0.14263248
0.14248484
0.14228012
0.14205588
0.14183003
0.14172207
0.14146821
0.1412086
0.14096491
0.1408507
0.1401891
0.13987179
0.14204104
0.1430034
0.13827792
0.13833195
0.13913287
0.140415
0.13654186
0.1365097
0.13788186
0.1420839
0.13748834
0.13687932
0.13733426
0.13686569
0.13962287
0.13555072
0.13925603
0.1357229
0.14033963
0.14800057
0.13964991
0.13508114
0.14196204
0.1349106
0.13719311
0.14624916
0.14046325
0.13191634
0.13446581
0.13111278
0.14041597
0.15030082
0.1420977
0.12968764
0.14105739
0.1431224
0.13025466
0.13511433
0.15543316
0.16402012
0.1514393
0.13042802
0.13165
0.13613354
0.12796545
0.13233939
0.15046132
0.15858895
0.14655542
0.12854716
0.13087572
0.13393123
0.12690802
0.13500494
0.15535259
0.16332653
0.15047966
0.12942144
0.13112141
0.13625605
0.12822817
0.1305398
0.14754163
0.15557085
0.14427514
0.12727173
0.13327755
0.13830036
0.12877211
0.12887911
0.14463268
0.15314166
0.1429936
0.12680918
0.13091075
0.13436814
0.12664308
0.13110068
0.14949578
0.15831332
0.14716765
0.12800068
0.12925282
0.13326375
0.12647371
0.13027163
0.14777248
0.1561438
0.14505282
0.12707096
0.1295534
0.13363126
0.12635848
0.12894984
0.14578949
0.15469766
0.1442057
0.1266613
0.12820037
0.1317086
0.12530771
0.12947318
0.14697333
0.15586314
0.14528158
0.12706123
0.12682697
0.12971678
0.12454704
0.13014834
0.14806917
0.15683712
0.14571026
0.12692511
0.12684797
0.13020174
0.12473831
0.12908469
0.14614017
0.15469323
0.14384252
0.12615794
0.12719722
0.13058545
0.1246756
0.12819928
0.14491297
0.15378459
0.14328252
0.12588726
0.12651844
0.12969281
0.124194376
0.12794161
0.14443569
0.15311281
0.14260834
0.12553667
0.12610771
0.12910831
0.123863935
0.12765148
0.14412266
0.15286289
0.14232962
0.12524898
0.12595794
0.12912865
0.12376736
0.12706666
0.14304219
0.1516233
0.14124615
0.12480227
0.12592918
0.12905534
0.12368588
0.12655394
0.14218347
0.15071881
0.1404467
0.12439346
0.12598212
0.12924781
0.12371098
0.12587483
0.14072193
0.14900662
0.13900991
0.12393605
0.12599161
0.12904131
0.12350589
0.12583528
0.14094067
0.14942399
0.1393795
0.12390469
0.12581664
0.1291045
0.12357791
0.12524141
0.13944995
0.14755552
0.13778153
0.12345359
0.1258819
0.12892021
0.12335292
0.1251941
0.13966116
0.14798085
0.13813606
0.12340881
0.12576047
0.12910116
0.1235211
0.12455599
0.13795865
0.14587729
0.13643986
0.123016976
0.12573522
0.12860027
0.12310263
0.12497881
0.13933562
0.14770812
0.1379932
0.12333072
0.12531798
0.12853968
0.12324929
0.12443866
0.13767152
0.14547724
0.1360685
0.12283015
0.12576973
0.1288711
0.12326277
0.12411767
0.13712496
0.14486705
0.13553165
0.122561365
0.1261783
0.12979251
0.12385706
0.12316055
0.13432245
0.14142907
0.13301764
0.12216585
0.12597525
0.128412
0.122793406
0.12488472
0.13940173
0.14809719
0.13863815
0.12365461
0.1243211
0.12704694
0.12260206
0.12504336
0.13893953
0.14688936
0.137234
0.12320512
0.12522972
0.12843712
0.123284735
0.12383349
0.13568677
0.14278093
0.13389638
0.12230969
0.12644643
0.12988408
0.12385549
0.12283044
0.1332522
0.13987912
0.13166751
0.12191568
0.12549925
0.12734321
0.12225101
0.12568691
0.14124992
0.15045646
0.14094889
0.12479373
0.12323989
0.12532328
0.12207358
0.12651077
0.14145505
0.1494362
0.1392895
0.12407475
0.124486655
0.12737383
0.12299974
0.12474917
0.13733333
0.14462866
0.13548277
0.122944035
0.12612885
0.12962091
0.124009326
0.12315123
0.13324155
0.13959911
0.1316008
0.12190648
0.12720248
0.13042238
0.12394093
0.12242344
0.13224836
0.13862523
0.13083352
0.12146307
0.12578571
0.12819403
0.12255068
0.12343876
0.13587578
0.14362189
0.13506137
0.1223363
0.124198586
0.1269894
0.12223855
0.12317965
0.13481942
0.14181474
0.13330221
0.12168227
0.12480307
0.12792364
0.12257731
0.12218769
0.132464
0.13894066
0.13102704
0.120986454
0.12538783
0.12860562
0.122803204
0.12145228
0.13076894
0.13685383
0.12939158
0.120639674
0.1247556
0.12688567
0.12157917
0.123055816
0.1358341
0.14382148
0.13536324
0.12217418
0.122755915
0.12511508
0.12115174
0.123314194
0.13574359
0.14303261
0.13428132
0.121688075
0.12329547
0.1260494
0.12155277
0.12227754
0.1332001
0.13983548
0.1316818
0.12085269
