0.338843
0.30323988
0.27489883
0.25354037
0.24101928
0.23491101
0.23175971
0.23008728
0.22918972
0.22870862
0.22845213
0.22831617
0.22824234
0.2281869
0.22819082
0.22822264
0.22826064
0.22829346
0.22831495
0.22832263
0.22831632
0.22829735
0.22826667
0.2282255
0.22817546
0.22811885
0.22805652
0.22798823
0.22791532
0.22783881
0.22775915
0.22767715
0.22759363
0.22750844
0.22742097
0.22733106
0.22723807
0.22714269
0.22704352
0.2269408
0.22683781
0.22673471
0.2266305
0.22652455
0.22641052
0.22627464
0.2261306
0.22598097
0.22582506
0.22566268
0.22549121
0.22533847
0.2251992
0.22504897
0.22489657
0.22473344
0.2245551
0.22438449
0.22422647
0.22407743
0.22393006
0.22377443
0.22360864
0.22343224
0.22324787
0.22307158
0.2228865
0.22270285
0.22252983
0.2223594
0.22219425
0.22203219
0.22186987
0.22171147
0.22156285
0.22141562
0.22126009
0.22112337
0.22097962
0.22084408
0.22070442
0.22056411
0.22042458
0.22028731
0.22014925
0.22002049
0.21989565
0.21977551
0.21964327
0.21951517
0.21938339
0.21925732
0.21913655
0.21900739
0.21888539
0.21875073
0.21860985
0.21845604
0.2182928
0.21812451
0.21797676
0.21783777
0.21768633
0.21751338
0.21736233
0.21719083
0.21697414
0.21680164
0.21657203
0.21634653
0.21610914
0.2159295
0.21571857
0.21552111
0.21540311
0.21513577
0.21490626
0.2145311
0.21419878
0.21387988
0.21337226
0.21291181
0.21247402
0.21169886
0.21116136
0.21071091
0.21008843
0.20960353
0.20929994
0.20875983
0.2086963
0.2085255
0.20803884
0.20800819
0.20801006
0.20762321
0.20759681
0.2074368
0.20699012
0.20690717
0.20669913
0.20618474
0.20601092
0.20564722
0.20516594
0.20497073
0.2045625
0.20428123
0.20407838
0.20360672
0.20325008
0.20311671
0.20278062
0.2027087
0.20252529
0.20226185
0.20216076
0.20191085
0.20178677
0.20164219
0.20132662
0.20123193
0.20108001
0.20094301
0.2008853
0.20058103
0.20025574
0.20008603
0.1996899
0.19947502
0.19917808
0.19861563
0.19818422
0.1977351
0.19706464
0.19661832
0.19603008
0.19528839
0.19476514
0.19405809
0.1934376
0.19286685
0.1920699
0.19127636
0.19066471
0.18991473
0.1894091
0.18875471
0.18790926
0.1874167
0.1866686
0.18623821
0.18568183
0.18486315
0.18437809
0.18365245
0.18353073
0.1831746
0.1822495
0.18224663
0.18189548
0.18100365
0.18099454
0.18050347
0.18042393
0.18023989
0.17991458
0.17995946
0.17960198
0.17956196
0.1795533
0.1795155
0.17943579
0.1793299
0.17972788
0.17983744
0.17968014
0.17980823
0.18485609
0.17840756
0.17712653
0.1755289
0.17582454
0.17845759
0.17940545
0.1754668
0.17166536
0.17143469
0.1700548
0.17158876
0.17253546
0.16900283
0.1659604
0.16478127
0.16391924
0.16359533
0.16315052
0.16234422
0.16133766
0.16005036
0.15867336
0.15754062
0.15659109
0.1554913
0.15485333
0.15420267
0.15342647
0.15264077
0.15190946
0.15121728
0.15053618
0.14970706
0.14895138
0.14821637
0.14741328
0.14650552
0.1454556
0.1444509
0.14340793
0.1422736
0.14106284
0.13991968
0.14252503
0.14148693
0.13909426
0.14146969
0.13673714
0.13774446
0.13510579
0.13461955
0.13845365
0.13985962
0.13263565
0.13958019
0.13341059
0.13741969
0.14640439
0.13746779
0.13153093
0.13906021
0.12924679
0.1432215
0.15752798
0.14958003
0.1303166
0.15400968
0.20341119
0.16413236
0.12844913
0.15006366
0.1690853
0.16370523
0.14142412
0.1286319
0.15035772
0.13993102
0.1267706
0.13587725
0.13621192
0.12532555
0.13639705
0.13807827
0.12283595
0.13787928
0.15437317
0.14846665
0.12834062
0.12639265
0.14544484
0.12979952
0.12267344
0.13569051
0.13892575
0.12629777
0.121100426
0.123132035
0.11970663
0.12324354
0.12457621
0.119163334
0.122654244
0.120192654
0.12148022
0.12794437
0.12098689
0.12063158
0.1287882
0.11752488
0.12932035
0.1447281
0.13762058
0.11931854
0.1303519
0.14365266
0.120468676
0.12619805
0.14153059
0.13427886
0.11733583
0.13892981
0.15445098
0.122501805
0.123673454
0.13905543
0.13269933
0.11625453
0.13158979
0.14056477
0.1162285
0.12580582
0.1426424
0.13615988
0.11646647
0.12321951
0.1324914
0.11446918
0.12547989
0.14152478
0.1343889
0.11488627
0.12454904
0.13545325
0.1143123
0.12299001
0.13806766
0.13024566
0.112494454
0.1312676
0.14539517
0.115783714
0.11972117
0.1381962
0.13608035
0.11660152
0.11236793
0.117322415
0.10840162
0.12324234
0.13598162
0.12536056
0.10726614
0.13494179
0.15246361
0.11395106
0.113678336
0.13177136
0.12725097
0.10899018
0.11820141
0.1271461
0.10760196
0.12139941
0.13971975
0.13229978
0.11034531
0.116775125
0.12831469
0.10781302
0.1185186
0.13437055
0.12535734
0.10607964
0.13032064
0.1499563
0.112008244
0.11283574
0.13660423
0.14194843
0.123046525
0.10385282
0.118526995
0.11253303
0.103400856
0.11340622
0.11363363
0.10259373
0.11578938
0.11587427
0.10066753
0.109058656
0.112169094
0.101361826
0.10798717
0.10705935
0.1007185
0.11082377
0.11133388
0.09970133
0.11815805
0.12026743
0.09892544
0.12560795
0.15041475
0.1418293
0.11144516
0.107211046
0.15549782
0.12654231
0.09956883
0.11403773
0.11842262
0.10409039
0.11230899
0.13027681
0.10239544
0.109697886
0.12876123
0.122147664
0.0998697
0.11739838
0.13409448
0.101373866
0.11145383
0.13233422
0.12456814
0.100835815
0.117592566
0.14256163
0.10608022
0.10224917
0.11333468
0.109254576
0.09786675
0.102850385
0.09638887
0.10400733
0.10538282
0.094864994
0.11427365
0.112786494
0.09317894
0.09768001
0.09380537
0.09677201
0.09333353
0.10311648
0.11305336
0.099501565
0.0996688
0.12021625
0.0958321
0.106129326
0.12477035
0.11335302
0.09218839
0.14441083
0.17661555
0.105301514
0.103328176
0.1280651
0.12239356
0.09631407
0.10962405
0.12828429
0.09483905
0.10815023
0.12828234
0.117501
0.092967786
0.12784529
0.15732165
0.100009464
0.10254546
0.12802643
0.12592946
0.0995022
0.09724723
0.10520554
0.08975187
0.11037551
0.12678626
0.112743
0.08976462
0.13544929
0.16629145
0.09874557
0.09849103
0.12470504
0.122271076
0.09655586
0.091361366
0.09820304
0.08614003
0.10397306
0.116894774
0.102399506
0.08621955
0.0955965
0.085820474
0.096458636
0.109139815
0.096370935
0.08388399
0.09454614
0.087575376
0.08808508
0.1055619
0.1058481
0.086441524
0.11692475
0.19657607
0.11872513
0.08516515
0.10886055
0.116022795
0.095336795
0.0850131
0.0867815
0.08469495
0.089703426
0.088156015
0.08327704
0.084326476
0.08323043
0.08304128
0.083441146
0.082597084
0.08534922
0.0837879
0.08291008
0.081208445
0.09135478
0.09521912
0.08080151
0.10535011
0.10286671
0.07978227
0.08731014
0.08266536
0.09422469
0.10949023
0.08031116
0.107936196
0.13187915
0.11565899
0.081480786
0.1491513
0.26261625
0.22021797
0.136828
0.078965746
0.11724879
0.15114826
0.14337195
0.10503502
0.08152984
0.12546027
0.10364753
0.078311965
0.08477698
0.08855883
0.08230915
0.076444834
0.075832374
0.08242601
0.08385051
0.076460555
0.0771207
0.08149185
0.08337792
0.07637524
0.077217534
0.07807481
0.079383135
0.074804775
0.0800724
0.07474682
0.0812869
0.076916195
0.08275449
0.09129265
0.07272035
0.08486531
0.08418704
0.07432663
0.07666805
0.07108543
0.07431229
0.072945565
0.07378028
0.07120481
0.07066298
0.07401802
0.071622685
0.07601958
0.07282486
0.07793209
0.084501065
0.06849328
0.07417834
0.0715862
0.06962117
0.06821232
0.07735376
0.079504915
0.06960243
0.08013513
0.0805795
0.06938058
0.07708589
0.06933586
0.08553984
0.089003235
0.06828312
0.07545522
0.06932984
0.08461262
0.08511129
0.06913077
0.078195944
0.07033265
0.082027316
0.08550553
0.06817164
0.072700396
0.06947164
0.078467436
0.0778678
0.067753844
0.08304933
0.08046106
0.06781703
0.07211042
0.06751687
0.06950857
0.067472465
0.06678021
0.06827477
0.06562118
0.06953458
0.06582723
0.07145325
0.068788126
0.06711706
0.06779139
0.06276424
0.06204092
0.061420362
0.06349031
0.060173664
0.06546443
0.06296572
0.059277575
0.058675736
0.06133292
0.059670214
0.058811586
0.05692256
0.06741622
0.07113422
0.06099051
0.060575176
0.060521506
0.06042903
0.06745321
0.061318904
0.05896936
0.058510106
0.060407244
0.06057632
0.0573856
0.05707558
0.059565037
0.05697748
0.06531237
0.06302973
0.05655871
0.056414276
0.058056146
0.056285143
0.058531918
0.05779643
0.055253524
0.05445561
0.05903748
0.057712596
0.05414748
0.053591963
0.057537477
0.05588218
0.054235805
0.05358802
