0.338843
0.30236915
0.2736516
0.2522982
0.23998706
0.23411255
0.23116836
0.22966607
0.22890283
0.22852577
0.2283488
0.22826897
0.22819617
0.22818466
0.22820763
0.22824351
0.22827949
0.22830872
0.22832787
0.22833584
0.22833253
0.22831884
0.22829528
0.22826299
0.22822392
0.22817945
0.22813012
0.22807613
0.22801767
0.22795545
0.22789036
0.22782238
0.22775216
0.22768012
0.22760594
0.22752991
0.22745098
0.22736989
0.22728474
0.2271975
0.2271106
0.22702543
0.22694331
0.2268619
0.22678089
0.22669889
0.22661534
0.22653097
0.22644642
0.22636122
0.22627185
0.22616915
0.22606261
0.22595124
0.22583535
0.22571452
0.22558855
0.22545844
0.22532278
0.2251804
0.22503059
0.22487204
0.2247069
0.22454426
0.22438425
0.22423324
0.22408593
0.22393747
0.22378506
0.22362573
0.22345924
0.22328612
0.22310668
0.22292145
0.22272861
0.22252761
0.22231866
0.2221083
0.22189543
0.22167878
0.22145896
0.22123502
0.22100806
0.22078072
0.2205506
0.2203271
0.22010435
0.21988702
0.21966921
0.21945314
0.21924956
0.21905519
0.21886177
0.218667
0.2184699
0.21826898
0.21806078
0.2178387
0.21760437
0.21739298
0.21718837
0.21699041
0.21680322
0.21663466
0.21647453
0.21633272
0.21622032
0.21613507
0.21607208
0.2160567
0.21607658
0.21611668
0.21615681
0.21619785
0.21623321
0.21621725
0.21618162
0.21609943
0.2159968
0.21583277
0.21564786
0.21547182
0.21529377
0.21514264
0.21491134
0.21467221
0.21445763
0.21422106
0.21401128
0.2138062
0.21352802
0.21328773
0.21303794
0.21276847
0.21252099
0.21217617
0.21181692
0.211499
0.21109818
0.21073006
0.2103777
0.20986375
0.20940594
0.20893389
0.20845181
0.2080895
0.20764805
0.20714211
0.20673043
0.20621717
0.20593007
0.20577723
0.20543419
0.2049882
0.20457157
0.20411488
0.20381217
0.20360018
0.20327958
0.2029916
0.20273627
0.20236729
0.20205714
0.20188585
0.20159084
0.20129514
0.2010986
0.20080361
0.200456
0.20019639
0.19986428
0.19954951
0.19928081
0.19898674
0.1985827
0.19821568
0.19783516
0.19742936
0.19700874
0.19658987
0.19610861
0.19556566
0.19505017
0.19453564
0.19391704
0.1933718
0.19269724
0.19201502
0.1913018
0.19055681
0.18971641
0.18892051
0.18817557
0.18749167
0.186801
0.18605253
0.18528236
0.18465838
0.18406408
0.183445
0.18284795
0.18225098
0.18161212
0.18097846
0.18030702
0.17963025
0.1790564
0.17832446
0.17785496
0.17732935
0.17662935
0.17631622
0.17586395
0.175331
0.17499319
0.17477193
0.17454378
0.17433004
0.17420095
0.17390384
0.17383353
0.173605
0.17349471
0.17351319
0.17347208
0.17352098
0.17347494
0.17386913
0.174074
0.17441356
0.17493656
0.17558073
0.17564426
0.17603377
0.17618698
0.17694318
0.1772488
0.17737381
0.17793182
0.17825404
0.1781822
0.17705756
0.17657702
0.17574798
0.17610152
0.17623554
0.17530113
0.17549667
0.1749078
0.17506304
0.17548324
0.1737449
0.17315377
0.17258303
0.17259203
0.17398417
0.17346635
0.17211436
0.17232804
0.17164211
0.17199817
0.17269914
0.17240022
0.1716199
0.17169565
0.17134106
0.17157432
0.17207362
0.17223716
0.17200243
0.17203403
0.1718968
0.17206351
0.1729932
0.17290103
0.1717613
0.17225128
0.17188735
0.17253271
0.17345576
0.17269658
0.17161351
0.17119868
0.17109928
0.17094359
0.17145205
0.17142974
0.17153475
0.17136844
0.17104006
0.17118278
0.17136177
0.17189015
0.17097211
0.1711582
0.17105776
0.17135127
0.17202917
0.17095113
0.16962016
0.16889836
0.16877533
0.16856095
0.16897358
0.16918278
0.1687216
0.16832866
0.16766292
0.16734432
0.16730337
0.16724865
0.16733007
0.16756228
0.16755337
0.16752084
0.16725084
0.16686004
0.16650702
0.16652058
0.16635059
0.16645147
0.16648531
0.16629837
0.16603386
0.16601917
0.16595775
0.16626401
0.1665754
0.16691217
0.16726077
0.16711634
0.16709381
0.1671267
0.167326
0.16762482
0.16813864
0.16836955
0.16820094
0.16792391
0.16795304
0.16777526
0.1680267
0.16826187
0.16832665
0.16867666
0.16831858
0.1674102
0.16634329
0.16587827
0.16550033
0.1652153
0.16501816
0.1649842
0.16508564
0.16478203
0.16412707
0.1633326
0.16307436
0.16273761
0.16268107
0.16263992
0.16307238
0.16368817
0.16428597
0.1639396
0.1638686
0.16382192
0.16413516
0.16452356
0.16492282
0.1657409
0.16653623
0.16745925
0.16770448
0.16763683
0.1674852
0.16781913
0.16834535
0.16873431
0.16961871
0.17041168
0.1714201
0.17195353
0.17246984
0.17232771
0.17188996
0.17158681
0.17128584
0.17166907
0.17204972
0.17267767
0.17287251
0.17339341
0.17347157
0.17352949
0.17311735
0.17330094
0.17378277
0.174388
0.17537342
0.17549416
0.17598118
0.17555769
0.17549545
0.17635618
0.17575943
0.17541434
0.17611276
0.1756226
0.17553717
0.17526703
0.1739857
0.17409907
0.17412876
0.17353128
0.1735787
0.17283377
0.17244904
0.17269413
0.17300725
0.17321786
0.173561
0.17396955
0.17468923
0.17479715
0.1744181
0.1741701
0.17448996
0.17504224
0.17521726
0.17594811
0.17671393
0.17745993
0.17852575
0.17820477
0.17849891
0.1785182
0.1793191
0.17977141
0.17880754
0.17913875
0.17875934
0.17921872
0.17984372
0.1795256
0.17873004
0.17915478
0.1790582
0.17910294
0.17706893
0.17372724
0.17182839
0.17045519
0.16996197
0.16931054
0.16891035
0.16898757
0.16919889
0.16949092
0.16952
0.16962497
0.16987701
0.17037721
0.17094398
0.17137273
0.17171179
0.17218065
0.17244455
0.17307574
0.17388357
0.1748549
0.17542037
0.17587695
0.1763127
0.17702807
0.17759372
0.17809695
0.17866822
0.17930624
0.17966057
0.17987111
0.17996225
0.18040477
0.18089294
0.18111543
0.18134713
0.18135655
0.18183106
0.18213719
0.1824199
0.18290158
0.18370922
0.18395588
0.18322031
0.18262573
0.18184298
0.18184489
0.18173309
0.18139476
0.18184564
0.18204932
0.1826559
0.18279421
0.18284065
0.18328002
0.18347096
0.18410893
0.18338971
0.18285815
0.18197922
0.18173787
0.1819891
0.181535
0.18122655
0.18178442
0.18204693
0.18264514
0.18183815
0.18057388
0.17969765
0.17955728
0.17983112
0.1796723
0.17991063
0.18026893
0.18103617
0.18204921
0.18272875
0.18336785
0.18404685
0.18482946
0.18584448
0.18672676
0.18723299
0.18785724
0.18753953
0.18691918
0.18580592
0.18480934
0.18407895
0.18333286
0.18324164
0.18345094
0.18284756
0.18242788
0.18170221
0.1811486
0.18061224
0.18040079
0.18023962
0.18007141
0.1805917
0.1811203
0.18203951
0.18269032
0.18307622
0.18345177
0.18404707
0.18503746
0.18590783
0.18682826
0.18723777
0.1880692
0.18801476
0.18865968
0.18782115
0.18710424
0.18684863
0.18481573
0.18379673
0.182109
0.1799442
0.1791848
0.17812349
0.17720878
0.177803
0.1776287
0.17809443
0.17809558
0.17726837
0.17723282
0.17641306
0.17703484
0.17761134
0.17778271
0.17915937
0.18011284
0.18085562
0.18203315
0.18225744
0.18255796
0.18328832
0.1839019
0.18540484
0.18059424
0.17467323
0.17028101
0.16644004
0.16494228
0.16304432
0.16156599
0.16107862
0.16001754
0.159524
0.15908593
0.15888965
0.15920384
0.15970823
0.1603583
0.16104263
0.16018517
0.1590433
0.15845802
0.1580334
0.1579528
0.15794364
0.15808038
0.15831473
0.15853922
0.15883239
0.15922542
0.15996635
0.16057593
0.16123189
0.16191919
0.16273192
0.16334867
0.1638751
0.16448532
0.16511156
0.16556965
0.16598076
0.16645591
0.16687806
0.1672013
0.16750246
0.16785955
0.16814834
0.16840121
0.16864008
0.1689144
0.169235
0.16954017
0.16983756
0.17018692
0.17053224
0.17092812
0.171312
0.1717117
0.17210326
0.17237692
0.17262273
0.17292064
0.17319474
0.17350037
0.17379579
0.17412715
0.174483
0.17491482
0.17524907
0.17569642
0.17622167
0.17668949
0.17702489
0.1772424
0.17757379
0.17804396
0.17844827
0.17877401
0.17917427
0.17972878
0.1800935
0.18060488
0.18117815
0.1816336
0.18216279
0.18252717
0.18278319
0.18290965
0.18282424
0.18279009
0.18290591
0.18290336
0.18306941
0.18344875
0.18387046
0.1842059
0.1847713
0.18538396
0.18606183
0.18682346
0.18728289
0.18743478
0.18729924
0.18721895
0.18685625
0.18634623
0.1867819
0.18747997
0.1886401
0.18993366
0.19068417
0.19155285
0.19241665
0.19300424
0.19329476
0.19353496
0.1882159
0.18073425
0.17543407
0.17169847
0.16961105
0.16845098
0.16713884
0.16574171
0.16451865
0.16336852
0.1624048
0.16177152
0.16131614
0.16092178
0.16062444
0.16078748
0.16114527
0.16180088
0.16231863
0.16245335
0.16277187
0.16318674
0.16359904
0.16423433
0.16486247
0.16547659
0.16581884
0.16642459
0.16702928
0.16758816
0.16832067
0.16893281
0.16956133
0.1703257
0.17109972
0.17169414
0.17251787
0.1732353
0.17381676
0.17421384
0.17470138
0.17509605
0.17547399
0.17583837
0.176234
0.17648248
0.17675439
0.17714293
0.17739762
0.17775197
0.17808655
0.17848103
0.17895636
0.17933398
0.17968397
0.18013388
0.18067823
0.18094288
0.18131983
0.18186545
0.1821407
0.18237577
0.18278809
0.18336363
0.183772
0.1842809
0.18497325
0.18554038
0.18608984
0.18661469
0.1869837
0.18740313
0.1876992
0.18782319
0.18798704
0.18849598
0.18838228
0.18886624
0.18962537
0.19037388
0.19075856
0.19139569
0.19210063
0.19224186
0.19213396
0.19151005
0.19048232
0.18896426
0.18834189
0.18874253
0.19010378
0.19197667
0.1922031
