0.338843
0.3064769
0.2799534
0.259113
0.24433848
0.2359912
0.23195842
0.23000944
0.2291122
0.22875261
0.22865668
0.22859439
0.22854872
0.22854035
0.22855335
0.22857517
0.22859807
0.22861743
0.22863108
0.22863796
0.22863816
0.22863162
0.22861864
0.22860041
0.22857675
0.22854763
0.22851518
0.22848113
0.22844404
0.22840306
0.22835796
0.22830968
0.2282611
0.22821154
0.22816063
0.22810757
0.22805218
0.2279939
0.22791465
0.2278575
0.22777945
0.22771771
0.22761542
0.22752075
0.22745387
0.22739387
0.22734043
0.22729023
0.22725904
0.22723384
0.2272097
0.22716999
0.22709799
0.22699805
0.2268672
0.2267153
0.2265376
0.22634059
0.22612154
0.22587934
0.22561206
0.22531365
0.22498992
0.22464658
0.22426282
0.22381686
0.22328348
0.22271648
0.22217928
0.22162254
0.22104199
0.22046293
0.21989349
0.21934259
0.21881345
0.2182968
0.21777518
0.21725526
0.21673454
0.2161947
0.21563382
0.21505255
0.2144561
0.21384989
0.2132729
0.21269917
0.21213302
0.21154508
0.21090432
0.21017891
0.20940118
0.20858796
0.20775217
0.20688564
0.20600808
0.20514199
0.20422915
0.2033392
0.20248507
0.20165963
0.20081295
0.19991161
0.19896857
0.19790307
0.19671483
0.19550206
0.19415966
0.1927791
0.19144323
0.19019896
0.18893754
0.18768816
0.18646999
0.18525203
0.1841003
0.18298273
0.18188937
0.18081866
0.17980066
0.17879677
0.1778285
0.17681748
0.17642713
0.17563814
0.17463918
0.17384195
0.17316167
0.17263739
0.17233193
0.17203948
0.1716925
0.17147833
0.17129226
0.1711238
0.17091218
0.17071885
0.17050388
0.17027758
0.17010574
0.17002392
0.16996473
0.1698551
0.16967462
0.16950065
0.16934083
0.16923611
0.16908838
0.16893587
0.16881238
0.16871451
0.16858332
0.16839801
0.16820692
0.168024
0.16781987
0.16757615
0.16733012
0.16705117
0.16677363
0.16646682
0.16612814
0.1657638
0.16539344
0.16499637
0.16459127
0.16416152
0.16372645
0.16330348
0.16287221
0.16245824
0.16203445
0.16162927
0.16122697
0.16084547
0.16047032
0.1601178
0.15975414
0.15939946
0.15900187
0.15860078
0.15820697
0.15783386
0.15745275
0.15707184
0.15668714
0.15628858
0.15588564
0.15548916
0.15507887
0.15464917
0.15422034
0.15378474
0.15335515
0.15293641
0.15252753
0.15211834
0.15170515
0.15130262
0.15090805
0.15051834
0.15011619
0.14974786
0.14938046
0.14899746
0.14862023
0.14819106
0.14782783
0.14748847
0.14715321
0.14683022
0.14646637
0.14615037
0.14583686
0.14553848
0.14523992
0.14496407
0.14470147
0.14442758
0.14419499
0.14397867
0.14382815
0.14360537
0.14338633
0.14309102
0.14297047
0.14192563
0.14132807
0.1502534
0.15315256
0.13975674
0.15959404
0.16469724
0.1496526
0.13666059
0.14082338
0.13688451
0.15212628
0.17954715
0.1775212
0.15144025
0.13202968
0.13740705
0.13385181
0.1422217
0.16384795
0.15876554
0.13533242
0.13577786
0.1448261
0.13324498
0.13962871
0.17858279
0.1864197
0.16146713
0.12910128
0.1346068
0.14572886
0.13692117
0.12339483
0.13639852
0.13258046
0.11942345
0.123866916
0.12340933
0.119947605
0.120792724
0.123215206
0.12666509
0.11908623
0.13501504
0.13622828
0.121261984
0.12387435
0.13135993
0.12085885
0.12630917
0.14067358
0.12588528
0.11577888
0.12581836
0.12631755
0.11426841
0.13596906
0.14633033
0.1330656
0.113841444
0.12432789
0.13521485
0.12579077
0.11156967
0.12001901
0.112004764
0.116766885
0.13243009
0.13602829
0.12056102
0.1094295
0.109560914
0.113036565
0.121292956
0.12705125
0.12110888
0.11057726
0.11432346
0.11051159
0.11958958
0.13369614
0.12996338
0.111551724
0.124157876
0.13732992
0.12750188
0.10916693
0.11724362
0.13401157
0.13358404
0.114264295
0.108935855
0.11102151
0.10722182
0.11515844
0.12143735
0.11605814
0.10687675
0.112922594
0.10750533
0.11596309
0.12932923
0.12362871
0.10612019
0.13226344
0.15119854
0.14045799
0.11348836
0.10740561
0.123414114
0.12696314
0.110592395
0.10607439
0.10712458
0.10590902
0.11577684
0.117886536
0.10674201
0.107714094
0.10534876
0.10830414
0.12139273
0.12143498
0.105828516
0.11547517
0.118917204
0.1040054
0.12124614
0.1378374
0.12850878
0.10637255
0.1214577
0.13551567
0.12219203
0.10454788
0.11915992
0.13923581
0.13850813
0.11727347
0.10303787
0.10558607
0.10162923
0.104887225
0.10870829
0.108949445
0.105098434
0.102058746
0.10235311
0.104950614
0.11065095
0.10868513
0.10157999
0.106084585
0.10153921
0.11529665
0.12929618
0.11769642
0.1006819
0.10575459
0.09859749
0.10757031
0.11313854
0.10069548
0.097889535
0.09845554
0.096829124
0.10532543
0.10285816
0.09511149
0.0946589
0.10087768
0.111296326
0.105189666
0.09326484
0.09468662
0.09421187
0.10065066
0.10197595
0.09416775
0.09859
0.096239895
0.09735238
0.105124295
0.0965316
0.09758669
0.100118555
0.09300427
0.099001326
0.09742061
0.09278742
0.09236001
0.10033215
0.10798081
0.0973449
0.094087645
0.0966066
0.0917362
0.09889749
0.09821314
0.0916467
0.10757809
0.10750304
0.09160151
0.09530931
0.09241358
0.093285024
0.09060674
0.103557415
0.114748195
0.099378444
0.09516399
0.11274738
0.09312552
0.098698884
0.11411331
0.104028784
0.08855804
0.093499735
0.08698769
0.09717953
0.10336948
0.090208344
0.08821259
0.089185506
0.086811796
0.093697816
0.09050799
0.08553601
0.08518991
0.08498126
0.08358955
0.08299208
0.085228525
0.0884687
0.08255717
0.08464052
0.08258207
0.087464996
0.10002978
0.092201024
0.08086675
0.08717128
0.07940251
0.082960434
0.08039618
0.07891973
0.07730453
0.088284105
0.092935376
0.077907115
0.097011484
0.11487987
0.08136306
0.08814218
0.10869123
0.09905778
0.07603454
0.13078476
0.19741987
0.2058847
0.16798636
0.100625664
0.07620092
0.08993917
0.0891851
0.07543352
0.092170276
0.10726399
0.079397745
0.082097195
0.10222495
0.101868495
0.08185285
0.08060268
0.09355164
0.077802315
0.08647631
0.10542118
0.10357418
0.08339337
0.08317239
0.096865565
0.080960914
0.086141415
0.10374264
0.1032559
0.08598468
0.08016971
0.08493961
0.077786125
0.09150491
0.10646011
0.10147663
0.08141445
0.083981715
0.09950603
0.08139014
0.08109552
0.09526103
0.09734921
0.087958924
0.07804523
0.08971914
0.0895294
0.0778978
0.086767256
0.093206026
0.08793394
0.07762454
0.08666199
0.094645716
0.077295385
0.0894833
0.10699261
0.10062204
0.08050986
0.09520382
0.1350853
0.1256511
0.08824372
0.08042288
0.096521206
0.10460872
0.09615415
0.08093997
0.08512137
0.09335842
0.079737276
0.08921482
0.10680454
0.10585231
0.087221086
0.07972665
0.086010665
0.07790342
0.08601837
0.09930049
0.097183846
0.082081094
0.07736899
0.08070165
0.07522175
0.079723194
0.08203464
0.076553285
0.074112326
0.073800035
0.075061485
0.07837662
0.07419974
0.073238544
0.072991475
0.07269791
0.07409161
0.07042126
0.07710863
0.075145505
0.071763486
0.07914375
0.07438966
0.0713557
0.07295256
0.069704056
0.070089474
0.0686038
0.068384714
