0.338843
0.29769558
0.26620612
0.24426524
0.23332143
0.22943555
0.22846884
0.22866715
0.22852156
0.2282227
0.22840099
0.2288313
0.22934252
0.2298454
0.23029582
0.23067693
0.23098536
0.23122497
0.23140241
0.2315251
0.23160246
0.2316421
0.2316511
0.23163553
0.23159994
0.23154639
0.23147899
0.23140109
0.23131356
0.23121879
0.23111723
0.23101054
0.23090008
0.2307858
0.23066764
0.23054792
0.23042722
0.23030709
0.23018989
0.23007627
0.2299674
0.22986223
0.22976044
0.22966117
0.2295634
0.22946762
0.22937226
0.22927833
0.22918178
0.22908574
0.22899039
0.22889295
0.2287931
0.22869176
0.22858685
0.22847939
0.22838458
0.22830518
0.22823565
0.22817531
0.22811726
0.22805765
0.22799172
0.2279237
0.22785029
0.2277704
0.22768529
0.22759965
0.2275104
0.22741346
0.22731295
0.22721575
0.22713113
0.22704539
0.22695461
0.22685082
0.22673397
0.22660807
0.22648704
0.22638333
0.22627401
0.22615321
0.2260204
0.22589117
0.2257677
0.22564732
0.22553022
0.22544636
0.22538722
0.22534171
0.22530943
0.22526433
0.2252058
0.2251357
0.225037
0.22490591
0.22475578
0.22459017
0.2244177
0.2242341
0.22403318
0.2238429
0.22364675
0.2233875
0.22311054
0.22286373
0.22267157
0.22244151
0.22215466
0.22184876
0.22149971
0.22115858
0.2207491
0.22027989
0.21988676
0.21949624
0.21915779
0.21880734
0.2184133
0.21810074
0.21774952
0.21741962
0.21717338
0.2168072
0.21646169
0.21618979
0.21587513
0.21567859
0.21544914
0.21509567
0.21485819
0.21456802
0.2142444
0.21404012
0.21369238
0.21328397
0.21298406
0.2125837
0.21225631
0.21204235
0.2116182
0.21129397
0.21102825
0.21067335
0.2105011
0.21020779
0.20993084
0.20982324
0.20956074
0.20940481
0.20917255
0.20889473
0.20872813
0.20835033
0.20826748
0.20795135
0.2076889
0.20750694
0.20718016
0.20717
0.2069492
0.20680027
0.20673683
0.20641358
0.20638756
0.2062146
0.20581537
0.20562133
0.20536649
0.20533697
0.20531362
0.20487243
0.20486516
0.20484398
0.20456055
0.20457011
0.20428942
0.20410135
0.20408604
0.20384687
0.20393541
0.20388573
0.20371316
0.20362848
0.20344335
0.20319033
0.20303297
0.20286873
0.20264271
0.2022616
0.20220912
0.2019835
0.20182064
0.20177937
0.20137306
0.20131852
0.20115356
0.2009502
0.20107305
0.2007776
0.2006864
0.20069326
0.20045
0.20053491
0.20035733
0.20020075
0.20008849
0.20006193
0.20019577
0.20007181
0.20006208
0.19997543
0.19998299
0.20007454
0.19985224
0.19984983
0.19974437
0.19959243
0.19965991
0.1993633
0.1992592
0.19910187
0.19888346
0.19889729
0.19848572
0.198347
0.19816415
0.19784403
0.19782284
0.19741674
0.19724894
0.19697729
0.19689342
0.19682474
0.1963976
0.1962946
0.19597462
0.195991
0.19590771
0.19552493
0.19547698
0.19511697
0.19519208
0.19505112
0.19451635
0.19435412
0.19375063
0.19343527
0.19303225
0.19255881
0.1927439
0.19237217
0.19173487
0.19140123
0.19102949
0.19081058
0.19041385
0.1902773
0.18988697
0.18966193
0.18956752
0.18907529
0.18930022
0.18904963
0.18846698
0.18835038
0.18785112
0.18704757
0.18663669
0.18614647
0.18535227
0.1846443
0.18413384
0.18315345
0.1825234
0.18195035
0.18127364
0.1808757
0.18027669
0.18010877
0.17988458
0.1795643
0.17933884
0.17907704
0.1786221
0.17815618
0.17763601
0.17736764
0.17705704
0.17708997
0.17704397
0.1770278
0.17694326
0.17658524
0.1763825
0.17595226
0.17570223
0.17572363
0.17596066
0.17578039
0.17598209
0.17584194
0.17580177
0.17577827
0.17560312
0.17548583
0.1757218
0.17596988
0.17576393
0.17598936
0.17585792
0.17587107
0.17570339
0.17639862
0.17614463
0.17656203
0.17634653
0.17621279
0.17633726
0.17622046
0.17643037
0.1759633
0.17662059
0.1752513
0.17543906
0.17495285
0.17386357
0.1753294
0.1748894
0.17383231
0.17382859
0.1711975
0.17217243
0.17224415
0.16966024
0.17032954
0.17069034
0.1695486
0.1693391
0.1668465
0.1655948
0.16525726
0.16511895
0.16687065
0.16777958
0.16729863
0.16613007
0.16384363
0.16334483
0.16359615
0.16319136
0.16522633
0.16651678
0.16491412
0.16256404
0.16107818
0.16122639
0.16131757
0.1619526
0.1629839
0.16381164
0.16242449
0.16096902
0.16060942
0.15976368
0.16040128
0.1623101
0.16424224
0.16609217
0.16519327
0.1635077
0.16226663
0.16113372
0.1610099
0.1616268
0.16255014
0.16322204
0.16367047
0.16348806
0.16372935
0.16395433
0.16415903
0.20975518
0.18229999
0.1592119
0.16232526
0.16119201
0.15852456
0.1624796
0.17275026
0.17416473
0.16474673
0.1590943
0.15799394
0.15718351
0.1581615
0.16182764
0.16717891
0.16655976
0.16193031
0.15958525
0.1574985
0.15810439
0.1594976
0.16135973
0.16442448
0.16496982
0.16269065
0.16033483
0.15897006
0.15860462
0.15872209
0.1597054
0.16142152
0.16307469
0.16408749
0.16271244
0.16126077
0.15994962
0.15945807
0.15982717
0.16051084
0.16085827
0.16272454
0.16355672
0.16269927
0.16211778
0.1608555
0.1617164
0.16271609
0.16271949
0.16468385
0.16585387
0.1660146
0.16545203
0.1630067
0.16258097
0.16179505
0.16234045
0.164499
0.16557859
0.1673233
0.1659079
0.16307415
0.16225244
0.16065553
0.15972371
0.16051173
0.16130139
0.16323082
0.16461447
0.16644353
0.16527173
0.16201922
0.16087708
0.16048038
0.15987295
0.16086747
0.16225874
0.16344228
0.1651218
0.1653711
0.165492
0.16482998
0.16306645
0.16421255
0.16484489
0.16431415
0.16585004
0.16646574
0.16681395
0.16818008
0.16670261
0.16606657
0.16692194
0.16507097
0.16720238
0.16867648
0.16801482
0.17025976
0.17078829
0.16876857
0.16957705
0.16853203
0.1682205
0.16970658
0.16946384
0.17144372
0.17319196
0.17262915
0.17219143
0.16932334
0.16749246
0.1674965
0.16705486
0.16566326
0.1671137
0.16747124
0.16840671
0.17094187
0.17141114
0.17104252
0.16839865
0.1653967
0.16500777
0.16453367
0.16283828
0.1639855
0.16491576
0.16532981
0.16778596
0.16940047
0.16971011
0.16722889
0.1624163
0.16074674
0.16007373
0.15837578
0.15912233
0.16012743
0.16033085
0.16209249
0.16357085
0.16532937
0.16614647
0.16447
0.16333547
0.16295902
0.16206197
0.16247194
0.16425905
0.16588122
0.16828132
0.16990776
0.17151955
0.1719147
0.1706371
0.1711395
0.17122905
0.17107266
0.17245182
0.17284836
0.17479369
0.17627308
0.17624556
0.17770943
0.17679633
0.17689852
0.17760144
0.17715731
0.17825715
0.17928791
0.18023114
0.18289998
0.18438184
0.18639006
0.18538749
0.18484892
0.18420368
0.18319365
0.18334942
0.18315077
0.18374045
0.18592179
0.18748817
0.18933803
0.18713278
0.18357979
0.18033211
0.17862678
0.17847463
0.17774929
0.17853235
0.17932117
0.18062434
0.18262184
0.18394858
0.18520838
0.18671833
0.18755952
0.18881528
0.18925439
0.18981358
0.18917456
0.18891032
0.18980218
0.1900649
0.19121596
0.19175366
0.19188178
0.19115454
0.1902945
0.190281
0.18972701
0.19013876
0.19031976
0.191516
0.19322142
0.194046
0.19531952
0.19566104
0.19576882
0.19495533
0.19435853
0.19510949
0.19551994
0.19675519
0.19739892
0.19856481
0.19126084
0.1808028
0.17293018
0.16661021
0.16304411
0.16057594
0.1599056
0.15960345
0.15994315
0.15984775
0.15924309
0.15944073
0.16015357
0.16126616
0.16258754
0.1639582
0.1652709
0.16661558
0.16702391
0.16730237
0.16779059
0.16868128
0.17041168
0.1718497
0.17415513
0.17632118
0.17806362
0.17881344
0.17929855
0.18009476
0.18086968
0.18144107
0.18246433
0.18413079
0.18610007
0.18817076
0.18909664
0.18992846
0.19083203
0.19220053
0.19319859
0.19441086
0.19624811
0.19737755
0.19746628
0.19752415
0.19782217
0.19829452
0.19918527
0.20034815
0.20183188
0.20344794
0.20429556
0.20421968
0.20400603
0.2044022
0.20499815
0.20556983
0.20647517
0.20642243
0.20620994
0.20595536
0.20613846
0.20580874
0.20637037
0.2069227
0.20780659
0.20941423
0.20939325
0.20903505
0.20828138
0.20780239
0.20892994
0.21022749
0.2114883
0.20930126
0.20559298
0.20171383
0.19906622
0.19754873
0.19650456
0.19589752
0.19548757
0.19558443
0.19628152
0.19721305
0.19880007
0.20021875
0.20188574
0.2038072
0.2053745
0.20641881
0.20668328
0.20781192
0.20900008
0.20992088
0.21114278
0.21215783
0.195391
0.1751245
0.16420814
0.15795055
