0.338843
0.29018578
0.25596714
0.23887748
0.23227908
0.22966176
0.22873883
0.22856185
0.22847557
0.22846201
0.22848804
0.22852571
0.22855878
0.2285802
0.22858645
0.2285769
0.22855225
0.22851574
0.22846894
0.2284142
0.22835208
0.22828346
0.22821005
0.22813123
0.22805178
0.22797188
0.22789043
0.2278075
0.22772118
0.22763295
0.22754428
0.22745602
0.22736892
0.22728278
0.22719526
0.22710665
0.22701705
0.22692764
0.22683807
0.22674723
0.22665456
0.22656034
0.22646415
0.22635332
0.22623603
0.22611381
0.22598772
0.22585805
0.22572432
0.22558661
0.22544508
0.22530016
0.22515225
0.22500053
0.22484426
0.22468455
0.22451998
0.22435024
0.22417508
0.22399504
0.22381116
0.22362186
0.22342472
0.22321853
0.22300094
0.22277124
0.22252928
0.22227938
0.2220333
0.2217848
0.22163168
0.22149469
0.22134493
0.22119617
0.221048
0.2209024
0.22075735
0.22061281
0.22046314
0.22031403
0.22015554
0.22005488
0.21993728
0.21981664
0.21968922
0.2195819
0.21948053
0.21936259
0.2192311
0.21911697
0.2189987
0.21886955
0.21874057
0.21858932
0.21844369
0.21827269
0.21810687
0.21791491
0.21772859
0.21752112
0.21728258
0.21709344
0.21698065
0.2167833
0.21657963
0.21632712
0.21600597
0.21572019
0.21540612
0.21509658
0.21474303
0.21441813
0.21403144
0.21374887
0.2134704
0.21317072
0.21283753
0.21257198
0.2123522
0.21212795
0.21193495
0.21170278
0.21158753
0.21136191
0.21128047
0.2110505
0.21101823
0.21082044
0.21062264
0.21048097
0.2101609
0.20998894
0.2095336
0.20924947
0.2088707
0.20851637
0.20830233
0.20809035
0.20800197
0.20786239
0.20785338
0.20775306
0.20786798
0.2078607
0.20762613
0.2076206
0.20731129
0.20729013
0.20714906
0.2067629
0.20681
0.20658356
0.20678966
0.206808
0.20661774
0.20671505
0.20645803
0.2065391
0.20653878
0.20622972
0.20628619
0.20593993
0.20594315
0.20600104
0.20553666
0.2056733
0.20547388
0.20495212
0.20507003
0.20481431
0.2046985
0.20485258
0.20469052
0.20491402
0.20498033
0.20486076
0.20509993
0.20489287
0.20495018
0.20502709
0.20459598
0.20449743
0.20441124
0.20414579
0.20417678
0.20383494
0.20362695
0.20367646
0.20349376
0.20367093
0.203559
0.20347576
0.2036202
0.20365486
0.2038887
0.20382267
0.20384821
0.20390072
0.20369773
0.20372316
0.20359701
0.20331486
0.20346668
0.20314574
0.20311446
0.20315951
0.20283815
0.20274772
0.20267947
0.20242593
0.20250846
0.20228414
0.20205723
0.20219329
0.2018719
0.20195968
0.20205186
0.20176263
0.20176642
0.2017703
0.20165971
0.20176798
0.20162657
0.201386
0.20146774
0.20117392
0.20092691
0.2008155
0.20051609
0.20019506
0.2003421
0.20003484
0.20006485
0.20014548
0.19995005
0.19990243
0.2000335
0.19983165
0.19986565
0.19989496
0.19974847
0.19973782
0.19987656
0.19978912
0.1998755
0.19989379
0.19983293
0.19994484
0.19992265
0.19996038
0.20005435
0.19998321
0.19998163
0.200029
0.19999307
0.20004545
0.19992387
0.20012607
0.19993372
0.20015045
0.20029415
0.20021027
0.20018528
0.19992106
0.19979675
0.19973792
0.19944702
0.19923425
0.19900194
0.19854014
0.19833897
0.19806932
0.19766122
0.197412
0.1969481
0.19652465
0.19612443
0.19557881
0.19510211
0.19460686
0.19385523
0.19344212
0.1927241
0.19199438
0.19119902
0.19042794
0.19011512
0.18957554
0.18868172
0.18793447
0.18750273
0.186796
0.1863434
0.18605417
0.18586147
0.18558194
0.18591963
0.18576649
0.18578576
0.18536624
0.18544406
0.1847668
0.18425786
0.1847989
0.18470328
0.18471561
0.18467872
0.18559045
0.185974
0.18545824
0.18538429
0.18603665
0.18667829
0.18585701
0.18553866
0.1834266
0.18240838
0.17970417
0.17935942
0.17837034
0.17862354
0.17871174
0.1766595
0.17735335
0.17590167
0.17590772
0.17728315
0.17485891
0.17778723
0.18029694
0.17591889
0.17888488
0.17881441
0.17622773
0.17844108
0.17927468
0.17358765
0.17508295
0.17511491
0.17195973
0.17517214
0.17751406
0.17149355
0.17285101
0.1737332
0.1720474
0.17207898
0.17707384
0.17639323
0.17123337
0.1700385
0.16741443
0.1699872
0.1728698
0.17526357
0.1756641
0.17596434
0.17297977
0.17104143
0.17327756
0.17221655
0.17170492
0.17406714
0.17262518
0.17303394
0.17025028
0.166398
0.1678701
0.16822368
0.16692701
0.17367205
0.17342573
0.16982019
0.16847841
0.16760534
0.16899812
0.17007647
0.17166781
0.17129244
0.17192279
0.17290415
0.17444392
0.1768696
0.17469755
0.17057537
0.16757385
0.16738851
0.16717564
0.16817673
0.16906129
0.1697893
0.17083448
0.17047533
0.16950129
0.17006262
0.17042638
0.17095864
0.17276816
0.17287889
0.17359076
0.17372051
0.17562546
0.17579146
0.17611314
0.17425203
0.174506
0.17412975
0.17623818
0.17854822
0.17931889
0.1727325
0.16493265
0.16209951
0.16239198
0.1623366
0.16326739
0.16519876
0.16662715
0.16829817
0.16949102
0.16621678
0.16100466
0.15971035
0.15953018
0.15980835
0.16189921
0.16385102
0.16260691
0.1623719
0.1625001
0.16296914
0.16390894
0.16670091
0.17043523
0.17019281
0.16827922
0.16753522
0.1665075
0.16673067
0.16679561
0.16810077
0.16916159
0.16929953
0.1672347
0.1653279
0.16400518
0.16348517
0.1637085
0.16501544
0.16636303
0.16725798
0.16684665
0.16617662
0.1656781
0.16577034
0.1665552
0.16798505
0.16919954
0.17017992
0.17013243
0.16937877
0.16811329
0.16942164
0.17024863
0.17234401
0.17221856
0.17354912
0.17338803
0.17563677
0.1772162
0.17709386
0.17460103
0.17199154
0.16958845
0.16690513
0.16677673
0.16767342
0.17011869
0.17231214
0.17216238
0.17067264
0.16707759
0.16267271
0.15886118
0.15775208
0.15841167
0.15895581
0.15908405
0.15904732
0.15900914
0.15982392
0.16058768
0.16075335
0.16009665
0.15995765
0.15995073
0.1614751
0.1625322
0.16403104
0.16654535
0.16885047
0.16992089
0.16855712
0.16691138
0.16621651
0.16578417
0.16546626
0.16553973
0.16690415
0.16804133
0.16892861
0.16883902
0.16754207
0.1659009
0.1645881
0.16386433
0.1636865
0.16421483
0.16470473
0.16486646
0.16498333
0.16528165
0.16557902
0.1650283
0.16381358
0.16240461
0.16182047
0.16223842
0.1631846
0.16401765
0.16561681
0.16715677
0.16854388
0.1681637
0.16665873
0.16584767
0.16516733
0.16475572
0.1656217
0.16692129
0.16826582
0.16947931
0.17036214
0.1705124
0.168718
0.16680399
0.16387159
0.16186002
0.16149423
0.16302884
0.1643118
0.16543514
0.16621943
0.16679674
0.16678198
0.16662584
0.16583845
0.16579679
0.16618256
0.16798218
0.17029242
0.17234921
0.17409858
0.1742617
0.17431813
0.17338973
0.17320669
0.17282791
0.17235027
0.17240499
0.17306677
0.17395724
0.17525062
0.17685206
0.17785689
0.17842825
0.17841995
0.17787579
0.17685695
0.17607386
0.17623487
0.17659795
0.17650874
0.17627479
0.17641988
0.17683299
0.17703539
0.17639677
0.17617008
0.1761123
0.17679647
0.17810473
0.1796785
0.18088599
0.18133362
0.18255933
0.18311428
0.1834578
0.18338418
0.1831216
0.18304855
0.18423404
0.18463089
0.18467276
0.18514289
0.18620312
0.18708509
0.18785474
0.18896934
0.18905772
0.18936975
0.1897775
0.19022895
0.1896685
0.1898538
0.19020118
0.19120339
0.19167347
0.19140801
0.19182785
0.19234832
0.19199777
0.19006409
0.18997222
0.19003786
0.19103722
0.19125473
0.19185373
0.19204344
0.19152847
0.19049104
0.1870634
0.1865624
0.18661638
0.1870927
0.18878634
0.18939899
0.19002852
0.19026886
0.18634748
0.1810351
0.17472553
0.17017718
0.16900247
0.16762096
0.16993769
0.17117935
0.17189498
0.17292877
0.17384376
0.17479289
0.17573816
0.17586544
0.17616327
0.17736822
0.17885806
0.18061174
0.18065292
0.18229088
0.1837825
0.18549204
0.18547274
0.18566942
0.18565217
0.18626028
0.1874124
0.18790163
0.18771587
0.18751913
0.18783492
0.18780847
0.18830886
0.18977289
0.1914038
0.19271475
0.19406347
0.19549206
0.19624095
0.19657272
0.19711483
