0.338843
0.294706
0.2619988
0.2407671
0.23136215
0.2288117
0.22889109
0.22891515
0.22850503
0.22899567
0.23043598
0.23221233
0.23401241
0.23568618
0.23717104
0.238451
0.2395336
0.24043675
0.2411829
0.24179487
0.24229395
0.24269949
0.24302754
0.24329214
0.24350576
0.24367729
0.24381492
0.2439251
0.24401271
0.24408188
0.24413581
0.24417606
0.24420457
0.2442229
0.24423203
0.24423419
0.24423012
0.24422011
0.2442036
0.24417968
0.24414651
0.2441012
0.24403547
0.24396
0.24387069
0.24375634
0.24361256
0.24343903
0.24323525
0.24300583
0.24275231
0.24248022
0.24219206
0.24189374
0.24159399
0.24130014
0.24101466
0.24072184
0.2404331
0.24014565
0.23992029
0.23963411
0.2393158
0.23896933
0.23858884
0.23818392
0.23769462
0.23722331
0.23676239
0.2362685
0.23586743
0.23545633
0.23501152
0.23464511
0.23425387
0.23390599
0.233561
0.23326056
0.23296598
0.23263805
0.23230165
0.23196335
0.2316029
0.2312899
0.23096605
0.23056364
0.23024093
0.22991005
0.2295494
0.22927277
0.22898614
0.2286328
0.22828162
0.22794843
0.22747818
0.22703326
0.22662278
0.2261435
0.22566162
0.22529319
0.22486535
0.224391
0.22401848
0.22365683
0.22321658
0.22290996
0.22283264
0.22257453
0.22222485
0.22189957
0.22151838
0.22109704
0.22075947
0.22044429
0.22009626
0.21981724
0.21959043
0.21931888
0.21902889
0.21880582
0.21852046
0.2182305
0.21799797
0.21772847
0.21742854
0.2172216
0.21698841
0.21673594
0.21655132
0.21634132
0.21608187
0.21584253
0.21564446
0.2154108
0.21521278
0.21500285
0.21474391
0.2145185
0.21433426
0.21413165
0.21397887
0.21382752
0.21365112
0.2134677
0.21329725
0.2131043
0.2129003
0.21269491
0.21249416
0.21231994
0.21218023
0.21204513
0.21193248
0.21181898
0.2116889
0.21155125
0.21141103
0.21122351
0.2110116
0.21079545
0.21057923
0.21039116
0.21020834
0.21003364
0.2098668
0.20969012
0.20950608
0.20933805
0.20917255
0.20900397
0.2088453
0.20868453
0.20851672
0.20835799
0.20820783
0.20805603
0.20790127
0.20775594
0.20761146
0.20746568
0.20731881
0.20716682
0.2070096
0.20685393
0.20670155
0.20655167
0.20640266
0.20625106
0.2060939
0.20594102
0.20578754
0.20563133
0.20547475
0.2053168
0.2051559
0.20499288
0.20482928
0.20466605
0.2045043
0.2043371
0.20416825
0.20400126
0.203833
0.20366204
0.20348874
0.20330878
0.20312622
0.20293945
0.20274696
0.20255153
0.2023537
0.20215099
0.20194261
0.20173173
0.20151839
0.20130338
0.20108387
0.20086256
0.20063542
0.20040587
0.20017073
0.19992916
0.19967973
0.19942299
0.19916154
0.19889873
0.19863641
0.19836734
0.19809252
0.19781429
0.19752632
0.19723053
0.19692598
0.19661412
0.19629592
0.19596985
0.19563647
0.19529167
0.19493467
0.19456299
0.19417818
0.193781
0.19337186
0.19294953
0.1925117
0.1920562
0.19158691
0.1911061
0.19061325
0.19009936
0.18955924
0.18899819
0.18841283
0.18780355
0.1871701
0.1865202
0.18584372
0.18514186
0.1844184
0.18366778
0.18289585
0.18211363
0.18131214
0.18049268
0.17971972
0.17892355
0.17824504
0.1776037
0.17697285
0.17653184
0.17600031
0.17569724
0.17528488
0.17493379
0.17455365
0.1743941
0.17444819
0.17445093
0.17454816
0.17479825
0.17508005
0.17540686
0.17537163
0.17599307
0.17638956
0.17708941
0.17723483
0.1780969
0.17859238
0.17899436
0.17945892
0.1791968
0.17968023
0.17952555
0.17992403
0.17998388
0.17970322
0.17990121
0.17985038
0.1802982
0.18023139
0.18037954
0.18000938
0.1797363
0.17998944
0.17919931
0.17987905
0.17967321
0.17942707
0.17967388
0.17876491
0.17927274
0.17852764
0.1789541
0.17936671
0.17769995
0.17810223
0.17788036
0.1765026
0.17762166
0.17703013
0.17532061
0.17557132
0.17457089
0.1752272
0.17560565
0.17482112
0.1745045
0.1742898
0.17423867
0.17450333
0.17484085
0.17532782
0.17521863
0.17526953
0.17601496
0.1756451
0.17693399
0.17722872
0.17759567
0.17771357
0.1767825
0.17741567
0.17675242
0.17782731
0.17854239
0.17586221
0.17621107
0.17508574
0.17447306
0.17616414
0.1755864
0.17452544
0.17419325
0.17225908
0.17332076
0.1735948
0.17289512
0.17295045
0.17107679
0.17169788
0.17221935
0.17130065
0.1728819
0.17354214
0.1734471
0.172069
0.16818888
0.1682314
0.16865712
0.16752833
0.17019069
0.17271112
0.17011577
0.16658728
0.16459057
0.16406085
0.1634324
0.16353077
0.16453552
0.16577396
0.1653751
0.16357295
0.16276297
0.16292179
0.16278715
0.16350435
0.16441436
0.16446584
0.16361381
0.16331378
0.16360544
0.1636686
0.16416645
0.16485038
0.16525194
0.16528672
0.16556515
0.16552062
0.16529429
0.16594616
0.16667013
0.16713412
0.16757175
0.16809012
0.16809636
0.16851786
0.16875082
0.17004782
0.1710528
0.17184924
0.17227371
0.17220001
0.17289561
0.17355621
0.17415349
0.1749536
0.17494616
0.17458569
0.17303748
0.17202781
0.17140745
0.17144808
0.17114119
0.17106812
0.16952741
0.16721562
0.16572061
0.16495816
0.16451567
0.16490392
0.16528232
0.16492085
0.16448143
0.16409317
0.16275781
0.1641093
0.1646997
0.16515996
0.1669385
0.16614042
0.1645914
0.16670749
0.16681914
0.16872302
0.17214718
0.172084
0.17000616
0.16756135
0.16512984
0.16449134
0.16337259
0.16404144
0.16440555
0.16600065
0.16810489
0.16788691
0.16555439
0.16396569
0.1631901
0.16282168
0.16282992
0.16326475
0.16358759
0.16420312
0.1653337
0.16604844
0.16611528
0.16599937
0.16586742
0.16684216
0.16756286
0.16946267
0.17145953
0.17307623
0.17353764
0.17328118
0.17296842
0.17422707
0.17509061
0.1753345
0.17680547
0.17840667
0.18000674
0.1780464
0.17535837
0.17274727
0.1731661
0.17293882
0.1720358
0.17306885
0.17390509
0.17530362
0.17449988
0.17330463
0.17229713
0.17246872
0.1728759
0.17244487
0.17488815
0.17665279
0.17832923
0.17704563
0.17356251
0.17132725
0.17044939
0.17019518
0.17011213
0.17049783
0.17135501
0.17196462
0.17273685
0.1737716
0.17425379
0.17486703
0.17508186
0.17577018
0.17732361
0.17881791
0.18040782
0.18189946
0.1833871
0.18420783
0.18488634
0.1856355
0.18625273
0.1873526
0.188918
0.18999587
0.19056122
0.19056219
0.19180998
0.19281702
0.19214877
0.19298512
0.19289915
0.18610872
0.17635404
0.16999598
0.16653104
0.16266362
0.16169932
0.19941895
0.1544865
0.15169722
0.14791684
0.15420593
0.14884362
0.14799961
0.15134452
0.14739658
0.14179663
0.14542232
0.15026699
0.14372057
0.13795106
0.13858703
0.13179155
0.14328754
0.13071026
0.13993546
0.12839523
0.14984035
0.1468657
0.12776004
0.1319323
0.124669045
0.12576687
0.12785445
0.12816928
0.121339634
0.12066356
0.12423534
0.1282199
0.117219046
0.12041309
0.11583367
0.11900066
0.117039606
0.11580266
0.11461944
0.112944864
0.11101836
0.112363555
0.1101392
0.10927329
0.10972116
0.10849617
0.11107608
0.11472782
0.10374571
0.118787296
0.12714791
0.108517095
0.10684662
0.12222708
0.1052666
0.11113757
0.121664576
0.109946154
0.097427644
0.105826974
0.09697785
0.10169018
0.1244655
0.12987784
0.10901499
0.092416115
0.09984899
0.096767016
0.09322326
0.10427012
0.105301626
0.09321175
0.0950995
0.09279418
0.0913522
0.09814737
0.090508305
0.0886764
0.08945488
0.08629985
0.08974982
0.08638881
0.08472391
0.08284333
0.08384281
0.08350416
0.079936445
0.07957258
0.078475825
0.07643883
0.0773692
0.07488527
0.078125045
0.07983723
0.07410208
0.076411
0.07435157
0.07308958
0.08246814
0.0748208
0.07056421
0.07062517
0.07175375
0.08059314
0.075568624
0.067980185
0.072058916
0.0676558
0.07496422
0.07626542
0.06525126
0.07471387
0.07097741
0.06671719
0.076576166
0.07257405
0.06208043
0.07283273
0.07321044
0.06102105
0.068694055
0.06706702
0.059788376
0.06936813
0.06561932
0.06362352
0.077414446
