0.338843
0.29378033
0.26092798
0.24189071
0.23341963
0.23006134
0.22884636
0.22857864
0.22852217
0.22849739
0.2285124
0.22855079
0.22859678
0.22863647
0.22866602
0.22868627
0.22869726
0.22869816
0.22868942
0.22867283
0.22864982
0.22862156
0.22858837
0.22855085
0.22850972
0.2284654
0.228418
0.22836776
0.22831486
0.22825903
0.22820066
0.22813947
0.22807659
0.22801057
0.22794223
0.2278705
0.22779599
0.22772063
0.22764526
0.2275685
0.22749062
0.22740325
0.22730353
0.22719344
0.22707346
0.22694746
0.22681674
0.22668152
0.2265402
0.226395
0.22624408
0.22608729
0.22592495
0.22575726
0.22558337
0.22540313
0.22521654
0.2250249
0.2248298
0.22463056
0.22442421
0.22421023
0.22398731
0.22375643
0.22352661
0.22329503
0.22306004
0.22282201
0.22257933
0.22233346
0.22208862
0.22185117
0.22163165
0.22142443
0.22122493
0.22102275
0.22081706
0.22060795
0.22039737
0.22018534
0.21997279
0.2197603
0.21954812
0.21933502
0.2191181
0.2189007
0.21869147
0.21848993
0.21828513
0.21807945
0.21787025
0.21766166
0.21745202
0.21723928
0.21702115
0.21679957
0.21657026
0.21633373
0.21616405
0.2160769
0.21595313
0.21581656
0.21566413
0.21549885
0.21532303
0.21513721
0.21509378
0.21499245
0.21484795
0.21467769
0.21451713
0.21441005
0.21438149
0.21446022
0.2145674
0.21456312
0.21447238
0.21446997
0.21432276
0.2141003
0.21392652
0.21356907
0.21341065
0.21320288
0.21272123
0.21257214
0.21244879
0.21210782
0.21199316
0.21190935
0.21157646
0.2115518
0.2113905
0.21120684
0.21115522
0.21090627
0.2108266
0.21098892
0.21100152
0.21136832
0.21148762
0.21139362
0.21148494
0.21125413
0.21114345
0.21096285
0.21075962
0.21066427
0.21039836
0.2103001
0.21009651
0.20999016
0.20994993
0.20974661
0.20974122
0.20960237
0.20946486
0.20936005
0.20924418
0.2091633
0.20902662
0.20905791
0.20896271
0.20897189
0.20899123
0.20888515
0.20902322
0.20891383
0.20896615
0.20905924
0.20893766
0.20884126
0.20879363
0.20852673
0.20846574
0.20822892
0.20787242
0.20781624
0.20749359
0.20740879
0.20741723
0.20714752
0.2068125
0.20690595
0.20648912
0.20642178
0.20646718
0.2061654
0.20581889
0.20601128
0.2056048
0.20553309
0.20566513
0.20542917
0.20504332
0.20519246
0.20492268
0.20482221
0.2050265
0.20488323
0.20449057
0.20453638
0.20439108
0.20428586
0.2044506
0.20433229
0.20398197
0.20400587
0.20392546
0.20386171
0.20406039
0.203909
0.20356534
0.2035966
0.20313026
0.20295072
0.20315173
0.20266326
0.20202208
0.20178346
0.20132002
0.20111074
0.20095375
0.2005918
0.20034344
0.20037712
0.2000319
0.19994213
0.19986501
0.19955736
0.19948266
0.19937128
0.19918996
0.19923364
0.19909513
0.19896078
0.19908322
0.19891684
0.1988979
0.19880483
0.198591
0.19859041
0.1982883
0.19821373
0.19804798
0.19774227
0.19775103
0.19747837
0.19731054
0.19705774
0.19666444
0.19642673
0.19590017
0.19567789
0.19520041
0.19451386
0.194165
0.19358978
0.19325447
0.19210611
0.21520245
0.19477235
0.18723236
0.18599436
0.18482801
0.18442987
0.18370984
0.1844319
0.18616946
0.18786718
0.19013359
0.19069779
0.1885586
0.18680789
0.18501103
0.18407609
0.18369904
0.18273628
0.18209122
0.18229456
0.18215558
0.1823663
0.18204093
0.1820157
0.18158713
0.18096617
0.18084219
0.18038818
0.18031844
0.18015355
0.17999166
0.17976092
0.1796427
0.1795801
0.17920573
0.17940487
0.17906173
0.17933562
0.17916559
0.17926681
0.17953654
0.17944755
0.1799622
0.17975152
0.18034096
0.18037046
0.18006092
0.17999397
0.17960341
0.1796511
0.17942944
0.17939742
0.17906511
0.17861171
0.17811637
0.17715266
0.17666627
0.17602456
0.17489752
0.1740437
0.17792526
0.17479777
0.17473978
0.17528231
0.17500618
0.1726217
0.17231616
0.17154321
0.17299896
0.17083211
0.17178735
0.1746017
0.17546262
0.1716077
0.16990791
0.16965929
0.1694196
0.1704665
0.16990262
0.16985077
0.16862059
0.1673126
0.16664329
0.16593307
0.16758633
0.16703883
0.16494653
0.1587877
0.15574077
0.15596038
0.15644987
0.15631227
0.15525192
0.15279658
0.15103261
0.15882619
0.15862587
0.1582664
0.17733811
0.15523635
0.15976271
0.1641124
0.14795807
0.19621272
0.2681187
0.17775148
0.15040216
0.16497478
0.1585151
0.14606537
0.17107768
0.17179759
0.14068766
0.15772445
0.1737498
0.16495201
0.14006001
0.15804884
0.17087606
0.13852152
0.15105654
0.16976584
0.1633647
0.13997556
0.14407094
0.15277769
0.1335274
0.14918314
0.16403182
0.1561453
0.13313164
0.1497981
0.16149448
0.13410807
0.1456883
0.16509509
0.1551275
0.13115346
0.12733303
0.12823553
0.13013023
0.13588786
0.13414082
0.12915337
0.12929584
0.12607807
0.12877867
0.1321576
0.12488591
0.12893112
0.12520838
0.13710451
0.1471073
0.12862958
0.14744994
0.20152017
0.14358443
0.13365096
0.15366286
0.14446692
0.12565266
0.13961366
0.12614284
0.13409956
0.14282231
0.12599725
0.13842587
0.1776542
0.13230962
0.12641217
0.14679973
0.13605705
0.117629245
0.12619406
0.12103154
0.12636778
0.13203488
0.12014807
0.1223551
0.11832523
0.11933543
0.13725674
0.13703535
0.11606184
0.13552436
0.13728915
0.112095214
0.12975311
0.13141409
0.11610244
0.13267705
0.124442086
0.11465936
0.12420137
0.11111145
0.12108838
0.115430824
0.12100973
0.1322612
0.114414975
0.13310693
0.17862973
0.12258594
0.12890422
0.15327764
0.1384988
0.11053927
0.17022447
0.18835495
0.114641875
0.1342205
0.16395909
0.15278949
0.1168452
0.14792213
0.27060857
0.18165779
0.10884673
0.13503243
0.15370277
0.13492842
0.105992496
0.14036468
0.15639153
0.11353755
0.12861614
0.1535789
0.14348733
0.10867423
0.117
0.13377275
0.103515014
0.12264318
0.14820743
0.13642718
0.103603445
0.12678349
0.1456908
0.099320814
0.1254493
0.15693156
0.14851508
0.11082161
0.10360191
0.11317093
0.094938874
0.11910227
0.13545561
0.11811455
0.09661857
0.11349146
0.099893026
0.10901437
0.13819721
0.14088193
0.10768429
0.092998214
0.09622499
0.0949465
0.10843021
0.10424666
0.09012763
0.093680255
0.092715904
0.106537655
0.10054224
0.09397306
0.10279503
0.08997492
0.101399474
0.09820667
0.09398772
0.09943704
0.09214614
0.10427365
0.09506152
0.0952555
0.091486424
0.102689914
0.11311184
0.09097202
0.1590637
0.25189662
0.20602265
0.1065911
0.1178862
0.15494016
0.14065549
0.09733512
0.14089175
0.18507652
0.09799552
0.12260983
0.15872729
0.14690334
0.10668402
0.11959654
0.14882974
0.09515542
0.11694981
0.14576568
0.12481402
0.08899059
0.14549407
0.15875667
0.096295476
0.13203906
0.16553381
0.15153354
0.10192264
0.114071555
0.23993447
0.14827438
0.08406735
0.114859864
0.12109385
0.0913015
0.09573558
0.10562886
0.080169275
0.09743886
0.11414688
0.101357155
0.080627665
0.08985881
0.0822269
0.10763285
0.12663887
0.10278705
0.0904396
0.12849282
0.088954456
0.11873622
0.1468307
0.12557429
0.07987149
0.18775755
0.25433996
0.18697827
0.09607405
0.11674962
0.15452482
0.14316906
0.09429517
0.1047411
0.15357752
0.08701556
0.10316245
0.13365744
0.11578784
0.07826095
0.16749458
0.19552417
0.08269777
0.11492165
0.15353136
0.1420418
0.094668426
0.094099395
0.13063803
0.081415825
0.1009244
0.13172534
0.12081781
0.08040044
0.12081917
0.1644775
0.08098523
0.104324974
0.15118693
0.16092904
0.13213737
0.08066547
0.1628753
0.28384873
0.17603725
0.07260854
0.122665845
0.1633906
0.1577355
0.11552676
0.07552973
0.10515795
0.081978336
0.08018662
0.10699501
0.11975105
0.1053626
0.07166039
0.13846429
0.15194803
0.07446777
0.118499406
0.15053523
0.13731885
0.08880963
0.08678999
0.12986289
0.07597233
0.09535742
0.136866
0.14274637
0.10956386
0.06717511
0.10285387
0.0838473
0.073483326
0.10275668
0.10692444
0.07636997
0.10739641
0.15945555
0.07696283
0.09923579
0.14211228
0.14617144
