0.338843
0.28921038
0.25476906
0.23789644
0.23157603
0.22919706
0.22845848
0.22842848
0.22826847
0.22859627
0.22946116
0.23049615
0.23152134
0.23245151
0.23325527
0.23392792
0.23447311
0.23490113
0.23522842
0.23547469
0.23565361
0.23577744
0.23586002
0.23590374
0.23591644
0.23590349
0.23587117
0.23582192
0.2357554
0.23567426
0.23558475
0.23548679
0.23538399
0.23527433
0.2351632
0.23505072
0.2349351
0.23481552
0.23468955
0.23455504
0.23441291
0.23426348
0.23410717
0.23394705
0.23378246
0.23361172
0.2334335
0.23324344
0.2330374
0.23281287
0.23256835
0.23230717
0.23203216
0.23173445
0.23141044
0.2310594
0.23068868
0.23031825
0.2299388
0.22955623
0.22912382
0.22864932
0.22814102
0.22761524
0.22711109
0.22665071
0.22622344
0.22579299
0.22532153
0.22477642
0.22416416
0.22351567
0.2228254
0.22218163
0.22159879
0.22110642
0.22054146
0.2197705
0.21895467
0.2181207
0.21745181
0.21681693
0.21591666
0.21508083
0.21431659
0.2136611
0.21307911
0.21241724
0.21188001
0.21139346
0.21080019
0.21035786
0.20976417
0.20924136
0.20891121
0.2083601
0.20847583
0.20752546
0.20718077
0.20661692
0.20639485
0.20585099
0.20554122
0.20579888
0.20677303
0.20522243
0.20454523
0.20409454
0.2045176
0.20566048
0.20283692
0.20306407
0.20259681
0.20292132
0.20582636
0.20216922
0.20156184
0.20117353
0.20130578
0.20323907
0.20041937
0.20009588
0.19965039
0.20048414
0.20264122
0.19884536
0.19887108
0.19836855
0.19901398
0.20296308
0.19852278
0.1975045
0.19708735
0.19767475
0.20054203
0.19643857
0.19592163
0.19536579
0.19734368
0.20102058
0.19479087
0.1944239
0.19388938
0.19454113
0.19901305
0.19358017
0.19264837
0.19207175
0.19390869
0.19832481
0.19135846
0.19102503
0.19051242
0.19001882
0.19313069
0.18835077
0.19022585
0.19081806
0.18696952
0.20433648
0.23463377
0.24533798
0.22993669
0.20339485
0.18488154
0.18958354
0.1941065
0.19048011
0.18243279
0.1990084
0.22136734
0.2214725
0.20173071
0.18125047
0.18491763
0.18971425
0.18633279
0.17926769
0.19791315
0.21094835
0.20268789
0.18335323
0.17895824
0.18619226
0.18845811
0.18235625
0.17643036
0.17751367
0.17611893
0.17896226
0.18177745
0.1825772
0.18001786
0.17669725
0.17905599
0.17706917
0.17914335
0.17905043
0.17834114
0.17873195
0.17904893
0.18185654
0.17907387
0.18786724
0.19274701
0.1809043
0.21314391
0.30198175
0.3220078
0.30024287
0.23031743
0.17939375
0.19214164
0.20583752
0.19774304
0.17692852
0.23867474
0.3305785
0.3305785
0.3305785
0.3305785
0.3305785
0.3305785
0.3305785
0.3305785
0.3305785
0.3305785
0.3305785
0.3305785
0.3305785
0.3305785
0.3305785
0.3305785
0.3305785
0.3305785
0.3305785
0.3305785
0.3305785
0.3305785
0.3305785
0.3305785
0.3305785
0.3305785
0.3305785
0.3305785
0.3305785
0.3305785
0.3305785
0.3305785
0.3305785
0.3305785
0.3305785
0.3305785
0.3305785
0.3305785
0.3305785
0.3305785
0.3305785
0.3305785
0.3305785
0.3305785
0.3305785
0.3305785
0.3305785
0.3305785
0.3305785
0.3305785
0.3305785
0.3305785
0.3305785
0.3305785
0.3305785
0.3305785
0.3305785
0.3305785
0.3305785
0.3305785
0.3305785
0.3305785
0.3305785
0.3305785
0.3305785
0.3305785
0.3305785
0.3305785
0.3305785
0.3305785
0.3305785
0.3305785
0.3305785
0.3305785
0.3305785
0.3305785
0.3305785
0.3305785
0.3305785
0.3305785
0.3305785
0.3305785
0.3305785
0.3305785
0.3305785
0.3305785
0.3305785
0.3305785
0.3305785
0.3305785
0.3305785
0.3305785
0.3305785
0.3305785
0.3305785
0.3305785
0.3305785
0.3305785
0.3305785
0.3305785
0.3305785
0.3305785
0.3305785
0.3305785
0.3305785
0.3305785
0.3305785
0.3305785
0.3305785
0.3305785
0.3305785
0.3305785
0.3305785
0.3305785
0.3305785
0.3305785
0.3305785
0.3305785
0.3305785
0.3305785
0.3305785
0.3305785
0.3305785
0.3305785
0.3305785
0.3305785
0.3305785
0.3305785
0.3305785
0.3305785
0.3305785
0.3305785
0.3305785
0.3305785
0.3305785
0.3305785
0.3305785
0.3305785
0.3305785
0.3305785
0.3305785
0.3305785
0.3305785
0.3305785
0.3305785
0.3305785
0.3305785
0.3305785
0.3305785
0.3305785
0.3305785
0.3305785
0.3305785
0.3305785
0.3305785
0.3305785
0.3305785
0.3305785
0.3305785
0.3305785
0.3305785
0.3305785
0.3305785
0.3305785
0.3305785
0.3305785
0.3305785
0.3305785
0.3305785
0.3305785
0.3305785
0.3305785
0.3305785
0.3305785
0.3305785
0.3305785
0.3305785
0.3305785
0.3305785
0.3305785
0.3305785
0.3305785
0.3305785
0.3305785
0.3305785
0.3305785
0.3305785
0.3305785
0.3305785
0.3305785
0.3305785
0.3305785
0.3305785
0.3305785
0.3305785
0.3305785
0.3305785
0.3305785
0.3305785
0.3305785
0.3305785
0.3305785
0.3305785
0.3305785
0.3305785
0.3305785
0.3305785
0.3305785
0.3305785
0.3305785
0.3305785
0.3305785
0.3305785
0.3305785
0.3305785
0.3305785
0.3305785
0.3305785
0.3305785
0.3305785
0.3305785
0.3305785
0.3305785
0.3305785
0.3305785
0.3305785
0.3305785
0.3305785
0.3305785
0.3305785
0.3305785
0.3305785
0.3305785
0.3305785
0.3305785
0.3305785
0.3305785
0.3305785
0.3305785
0.3305785
0.3305785
0.3305785
0.3305785
0.3305785
0.3305785
0.3305785
0.3305785
0.3305785
0.3305785
0.3305785
0.3305785
0.3305785
0.3305785
0.3305785
0.3305785
0.3305785
0.3305785
0.3305785
0.3305785
0.3305785
0.3305785
0.3305785
0.3305785
0.3305785
0.3305785
0.3305785
0.3305785
0.3305785
0.3305785
0.3305785
0.3305785
0.3305785
0.3305785
0.3305785
0.3305785
0.3305785
0.3305785
0.3305785
0.3305785
0.3305785
0.3305785
0.3305785
0.3305785
0.3305785
0.3305785
0.3305785
0.3305785
0.3305785
0.3305785
0.3305785
0.3305785
0.3305785
0.3305785
0.3305785
0.3305785
0.3305785
0.3305785
0.3305785
0.3305785
0.3305785
0.3305785
0.3305785
0.3305785
0.3305785
0.3305785
0.3305785
0.3305785
0.3305785
0.3305785
0.3305785
0.3305785
0.3305785
0.3305785
0.3305785
0.3305785
0.3305785
0.3305785
0.3305785
0.3305785
0.3305785
0.3305785
0.3305785
0.3305785
0.3305785
0.3305785
0.3305785
0.3305785
0.3305785
0.3305785
0.3305785
0.3305785
0.3305785
0.3305785
0.3305785
0.3305785
0.3305785
0.3305785
0.3305785
0.3305785
0.3305785
0.3305785
0.3305785
0.3305785
0.3305785
0.3305785
0.3305785
0.3305785
0.3305785
0.3305785
0.3305785
0.3305785
0.3305785
0.3305785
0.3305785
0.3305785
0.3305785
0.3305785
0.3305785
0.3305785
0.3305785
0.3305785
0.3305785
0.3305785
0.3305785
0.3305785
0.3305785
0.3305785
0.3305785
0.3305785
0.3305785
0.3305785
0.3305785
0.3305785
0.3305785
0.3305785
0.3305785
0.3305785
0.3305785
0.3305785
0.3305785
0.3305785
0.3305785
0.3305785
0.3305785
0.3305785
0.3305785
0.3305785
0.3305785
0.3305785
0.3305785
0.3305785
0.3305785
0.3305785
0.3305785
0.3305785
0.3305785
0.3305785
0.3305785
0.3305785
0.3305785
0.3305785
0.3305785
0.3305785
0.3305785
0.3305785
0.3305785
0.3305785
0.3305785
0.3305785
0.3305785
0.3305785
0.3305785
0.3305785
0.3305785
