0.338843
0.2966259
0.26458818
0.24273755
0.23235573
0.22912885
0.2287853
0.22878535
0.2285176
0.2286852
0.22913289
0.22967374
0.23021147
0.2306979
0.23111296
0.23145185
0.23171793
0.23191838
0.23206069
0.23215386
0.23220755
0.2322277
0.23221916
0.23218787
0.23213786
0.2320726
0.23199815
0.2319195
0.23183571
0.2317453
0.23164904
0.23154765
0.2314444
0.23134404
0.23124222
0.23113988
0.23103377
0.23092769
0.23082253
0.23071775
0.23060937
0.23050179
0.23039362
0.23028594
0.2301752
0.23006351
0.22995096
0.2298366
0.22972137
0.22960529
0.22948757
0.22936821
0.22924656
0.2291219
0.22899619
0.22886764
0.22873919
0.22861338
0.22848591
0.22834721
0.22819437
0.2280403
0.22790572
0.22779594
0.22766416
0.22754289
0.22741306
0.22726892
0.22713882
0.22700116
0.22684607
0.22668548
0.22653681
0.22638056
0.22621714
0.22605313
0.2258862
0.22571616
0.22554952
0.22545205
0.22531497
0.22516872
0.22500159
0.22483508
0.22465992
0.22449197
0.22433093
0.22418126
0.2240252
0.2238516
0.223751
0.22372955
0.22368014
0.22359219
0.22350612
0.22340368
0.22329931
0.223134
0.22300945
0.22285138
0.22271186
0.22258514
0.22243714
0.22225747
0.22203992
0.22182855
0.22165295
0.22147368
0.22130789
0.22111814
0.22084619
0.22058623
0.22040235
0.22018021
0.2199637
0.21963854
0.219371
0.21903259
0.21872927
0.21838999
0.21796359
0.2176458
0.21723728
0.21691148
0.21668628
0.21645449
0.21609165
0.21555455
0.2151483
0.21460725
0.21419679
0.21382311
0.21350947
0.21334429
0.21295848
0.21260479
0.21206518
0.21160121
0.21107283
0.21063933
0.21042874
0.21009873
0.20972207
0.20931181
0.20907004
0.20900978
0.20881811
0.20887946
0.20888917
0.20853753
0.208452
0.20814176
0.20826015
0.20779948
0.20688102
0.20650263
0.20607337
0.20625524
0.20617579
0.20525572
0.20509534
0.204986
0.20414202
0.20505005
0.20479149
0.20331225
0.20319094
0.20231065
0.20133911
0.20150733
0.20076622
0.19849452
0.19800141
0.19774173
0.19617185
0.19525014
0.19525447
0.19434099
0.1940927
0.19326143
0.19250362
0.19165245
0.18960105
0.18988554
0.18781681
0.1861437
0.18606402
0.18368372
0.18329768
0.18312174
0.18046743
0.17981957
0.17870775
0.17747056
0.17735347
0.17440018
0.1745792
0.17364073
0.17040703
0.17050776
0.17406979
0.16760503
0.16789936
0.16842422
0.16485028
0.16361049
0.162855
0.16098706
0.16026351
0.16020194
0.15880641
0.15683588
0.1573734
0.155911
0.15466888
0.15596975
0.1554789
0.15320069
0.15172721
0.15040864
0.14853697
0.1473806
0.14594139
0.14454593
0.14316839
0.14133412
0.14026563
0.14014398
0.14039646
0.13822365
0.13516814
0.13363123
0.13362572
0.13361815
0.13095301
0.12946114
0.129203
0.1305762
0.1302971
0.124695234
0.124783106
0.123618625
0.12553875
0.12587346
0.120828
0.12065703
0.11718067
0.12189235
0.12405172
0.115098864
0.117225885
0.114002466
0.11594079
0.124290794
0.1239377
0.11430185
0.116109535
0.11533227
0.11177832
0.11694096
0.116223305
0.10851212
0.11562951
0.1155224
0.105341695
0.11166686
0.114391044
0.10507958
0.105121285
0.10353312
0.104961105
0.113758855
0.11147071
0.10057427
0.11359163
0.114884526
0.098420314
0.114237815
0.13267715
0.12678264
0.10462352
0.09781294
0.10301377
0.095667124
0.10520581
0.11472248
0.10482493
0.09477474
0.09877284
0.092349984
0.1002122
0.11663232
0.11766995
0.10012864
0.089726254
0.09034076
0.088944815
0.092107154
0.09430986
0.08883155
0.08873106
0.08621432
0.0948932
0.10442649
0.09281243
0.0901268
0.1021559
0.088884234
0.091936454
0.10709438
0.10538923
0.08750875
0.09169093
0.11471575
0.0989312
0.081150405
0.0913038
0.09704766
0.08506067
0.07811396
0.07734224
0.079848826
0.08706161
0.083162814
0.07851818
0.079618484
0.07502897
0.079430364
0.08081331
0.07462478
0.08597243
0.078397855
0.07939593
0.09112441
0.08125032
0.07557587
0.082652405
0.07425199
0.08335305
0.09514362
0.08330844
0.07145423
0.076628454
0.069335096
0.07857935
0.092366025
0.08885299
0.07284198
0.08710252
0.09417231
0.07137098
0.08719259
0.11120177
0.10305822
0.07649045
0.07261521
0.08003457
0.0682225
0.07913753
0.08888098
0.077290736
0.06583373
0.07006915
0.0642865
0.072469704
0.085087754
0.07950896
0.06313276
0.08008314
0.08805504
0.06248488
0.078434505
0.09961001
0.09166346
0.067172065
0.0711149
0.07901849
0.063218825
0.07417817
0.08891768
0.07845832
0.0611959
0.08337765
0.09870306
0.07254376
0.06240253
0.078179196
0.08259316
0.068274125
0.058637403
0.061076973
0.05638498
0.06042264
0.06461751
0.057468336
0.05618771
0.05480069
0.057439048
0.05847168
0.05387363
0.061982185
0.06103216
0.052753553
0.05631269
0.05301573
0.056313083
0.054284535
0.054129288
0.055275783
0.05024208
0.062287565
0.05765834
0.052231874
0.061115727
0.05718906
0.050429594
0.05357431
0.050754905
0.04948126
0.04849362
0.050950825
0.04955536
0.047268756
0.047447357
0.04657465
0.04571488
0.045674827
0.044807795
0.0435429
0.043946475
0.041989923
0.04141357
0.040999237
0.039691947
0.039882924
0.038550157
0.037901234
0.037578143
0.041346714
0.044739284
0.038922243
0.048859105
0.047547184
0.03932071
0.04516672
0.041312646
0.037726276
0.037395213
0.03978884
0.03795949
0.039965343
0.039883055
0.03649773
0.035466917
0.039497253
0.036483135
0.037904847
0.037984192
0.035183303
0.033937674
0.03644122
0.033909854
0.03490952
0.032166068
0.042626284
0.04317781
0.03170118
0.053517517
0.052205883
0.031337466
0.054926787
0.06750539
0.049523525
0.031035978
0.06008536
0.082655
0.047414165
0.034492597
0.049822263
0.053550575
0.044999707
0.03424938
0.046840932
0.06021894
0.04264569
0.03187774
0.035051193
0.031652857
0.034283947
0.035936106
0.02992744
0.03546203
0.03749489
0.029602185
0.03466458
0.040673975
0.028903149
0.03689669
0.044464942
0.038621634
0.029441966
0.041308902
0.054029144
0.038616445
0.028528348
0.03175556
0.028535381
0.031078238
0.032752648
0.026969168
0.033356547
0.03586774
0.027501874
0.031474184
0.03654986
0.028101487
0.027537104
0.029298797
0.024962796
0.03444891
0.04019578
0.029269027
0.02518808
0.026502749
0.023575976
0.02637888
0.02364578
0.026456188
0.027892536
0.022058882
0.031605303
0.029228024
0.022109006
0.022811731
0.022745784
0.0217239
0.024044814
0.022670178
0.02111272
0.020624029
0.023224829
0.021928104
0.020855429
0.02034754
0.021023622
0.020008424
0.021983556
0.021469323
0.019229973
0.018641992
0.024526995
0.024240136
0.018032504
0.029633567
0.034254175
0.024597002
0.017800668
0.018863061
0.017104086
0.016874755
0.01733913
0.016225656
0.01617081
0.0167793
0.015450776
0.015250795
0.016419498
0.014764531
0.02267942
0.019390224
0.017823476
0.025972694
0.020969981
0.014963751
0.015229248
0.015588127
0.014254636
0.017153786
0.014503881
0.016127381
0.014176395
0.023440577
0.02669776
0.015824867
0.018953996
0.0224804
0.01520738
0.018135056
0.021899898
0.014032876
0.017771296
0.020644689
0.014050979
0.01832452
0.022567308
0.0142899705
0.016446931
0.019041518
0.013121195
0.018751748
0.023430742
0.014549794
0.014920545
0.017104361
0.012093037
0.020858165
0.026470352
0.013320458
0.021200133
0.030334447
0.025434185
0.013150331
0.02416153
0.037934344
0.020818094
0.015092929
0.02123957
0.01732703
0.012709405
0.012742904
0.013100349
