0.338843
0.28969416
0.25506353
0.23795529
0.23156929
0.22922279
0.22856234
0.2285949
0.22838865
0.22875762
0.22986752
0.23126799
0.23270386
0.23405305
0.23525837
0.2363078
0.23720257
0.23794724
0.2385518
0.2390174
0.23934199
0.23952955
0.23959146
0.2395438
0.23940651
0.23920476
0.23896365
0.2387109
0.23846461
0.2382244
0.23799118
0.23775929
0.2375099
0.2372268
0.23689404
0.23650594
0.2360722
0.23561737
0.23513632
0.23463717
0.23413558
0.23365267
0.23319596
0.23275256
0.23230667
0.23181742
0.23118038
0.23051043
0.22987401
0.22928147
0.22878341
0.22831728
0.22687434
0.22530621
0.22411525
0.22319086
0.22249594
0.22213829
0.22203979
0.22174743
0.22077979
0.21990006
0.21949348
0.21900767
0.21842745
0.2177676
0.21723703
0.21655206
0.21576628
0.2150908
0.21449356
0.21394435
0.21344434
0.2128367
0.212061
0.21137835
0.21093647
0.20973799
0.20954965
0.20844817
0.20934586
0.20956422
0.2062291
0.20666352
0.20620051
0.2049108
0.20603123
0.20857565
0.20441687
0.20246904
0.20243011
0.20109656
0.20097849
0.20280148
0.20000866
0.19851387
0.19795229
0.19702521
0.19632147
0.19662327
0.19434735
0.192476
0.19198214
0.19027065
0.19155371
0.19034864
0.18730608
0.18681873
0.1845427
0.18419838
0.18203883
0.18248896
0.18074541
0.18402426
0.18695033
0.17851962
0.18480979
0.18841895
0.18298079
0.17354552
0.18320552
0.19863087
0.19636776
0.18050738
0.16873993
0.17310095
0.17853777
0.1778207
0.16892448
0.16595547
0.16582756
0.16436765
0.16891447
0.17293513
0.17408802
0.1705593
0.16570252
0.16350187
0.16252956
0.16317566
0.1672517
0.16841127
0.1620691
0.15864636
0.1580834
0.1599723
0.1636476
0.16080455
0.15543824
0.1582056
0.15500835
0.16210954
0.16546799
0.1540309
0.15806599
0.15659118
0.15172924
0.16184273
0.16223553
0.14987199
0.16606069
0.16771841
0.15087263
0.15475394
0.16786061
0.16623393
0.14971367
0.15685403
0.16059192
0.14591235
0.16248305
0.1767424
0.16761686
0.14648446
0.15730482
0.16699106
0.15104869
0.14333056
0.15318507
0.16260536
0.15929796
0.14389977
0.15246135
0.15578449
0.14128274
0.1552462
0.1691705
0.16155234
0.14206904
0.14998527
0.15765272
0.13993369
0.14792939
0.16856973
0.17580403
0.16142263
0.13877717
0.15805244
0.17612696
0.15943904
0.13651977
0.15059707
0.17464976
0.18346307
0.16992706
0.1440587
0.13726868
0.1435905
0.13434182
0.14116552
0.15684892
0.16260277
0.15016231
0.13580042
0.13281807
0.13176785
0.13627231
0.14642565
0.15409943
0.14958891
0.13552397
0.13295491
0.13267311
0.13485049
0.14367934
0.14804429
0.13923109
0.13002571
0.13387123
0.1290286
0.13628045
0.15104054
0.15182711
0.13475615
0.12856914
0.1295055
0.12821884
0.13560438
0.13896519
0.13020477
0.12678465
0.1253996
0.13274528
0.1390292
0.12928125
0.123731345
0.122746386
0.12969345
0.13513093
0.12516303
0.12183262
0.120241486
0.12578145
0.13213888
0.12246235
0.119222134
0.117505915
0.12372838
0.12842958
0.117572494
0.1195296
0.117674135
0.11565489
0.12631524
0.1263951
0.11263108
0.12790735
0.13027075
0.11091332
0.12998533
0.14929488
0.13896191
0.113120645
0.122977346
0.13586529
0.11326663
0.116374046
0.13710274
0.13964525
0.1186915
0.10873121
0.11526773
0.1056089
0.11969198
0.13276705
0.121216096
0.103589766
0.13117085
0.13917062
0.109460026
0.11285672
0.13614255
0.14092731
0.12023444
0.10105213
0.11286993
0.10513777
0.100582354
0.11086691
0.118570656
0.112673245
0.10014192
0.10104358
0.09996481
0.10477041
0.11322598
0.10680863
0.098526224
0.10010642
0.09623393
0.09946694
0.10152363
0.09733825
0.09666863
0.09469994
0.09670733
0.09779022
0.09677159
0.09560107
0.09537416
0.09643585
0.09477029
0.092053555
0.09248381
0.09466527
0.093836434
0.09073219
0.089398585
0.088320054
0.09513473
0.08955046
0.09983076
0.120591156
0.090001106
0.094096005
0.1084326
0.095186636
0.0843376
0.099200845
0.08455894
0.08987324
0.101781584
0.08959094
0.08239268
0.09173845
0.07950886
0.09446763
0.10786724
0.09365482
0.078121156
0.08581613
0.077414475
0.08813567
0.110004894
0.11258832
0.088366754
0.081367224
0.10819812
0.08875101
0.07659896
0.09140035
0.094621904
0.07920712
0.08217669
0.08337549
0.07580361
0.0768211
0.076231726
0.0760937
0.07987064
0.079173625
0.07543454
0.074247815
0.07356599
0.07414105
0.07335531
0.07890286
0.080264874
0.071252234
0.08033283
0.07239127
0.07467385
0.08112077
0.06931384
0.08093831
0.08047989
0.067536466
0.075575456
0.07337746
0.06792337
0.07162205
0.0672441
0.06749359
0.06561562
0.06520808
0.06462689
0.064611405
0.063257605
0.061913818
0.061629005
0.060580708
0.05909647
0.061894227
0.057410594
0.06493256
0.06471375
0.054938745
0.057792634
0.05371401
0.059396543
0.06016613
0.052573342
0.05923851
0.05553213
0.054569412
0.060855765
0.056001917
0.052946933
0.05396409
0.051374935
0.050401326
0.050369952
0.049429335
0.04912128
0.04912285
0.04811997
0.047791515
0.047195166
0.046259776
0.046457816
0.045045454
0.045677688
0.04401849
0.044415314
0.043041907
0.04299929
0.04209974
0.041887503
0.041225437
0.04099185
0.040308528
0.04032055
0.03938236
0.039724413
0.038540345
0.03914986
0.037722286
0.038341038
0.03694165
0.03738865
0.036143582
0.036537796
0.03531318
0.035087414
0.036667034
0.03493795
0.039137762
0.038978744
0.033693124
0.033211388
0.033338428
0.032297652
0.031821594
0.03222958
0.030878682
0.030910863
0.030201443
0.029527819
0.029795313
0.028705714
0.029063294
0.028056694
0.028112764
0.027558181
0.027240722
0.02721448
0.026502308
0.026985547
0.025836872
0.026767852
0.025359027
0.025315106
0.025962498
0.024708051
0.024215724
0.02656838
0.025086517
0.026758589
0.024508687
0.030318681
0.035064235
0.027613763
0.02329925
0.024798375
0.02245987
0.022010177
0.023218412
0.021583216
0.026792437
0.026933108
0.021182336
0.037080236
0.038400296
0.020760959
0.038118966
0.049536787
0.039816737
0.021481233
0.044923555
0.06739795
0.027277896
0.025687825
0.036147576
0.031902034
0.021129198
0.032777805
0.04103653
0.021081371
0.034740683
0.050251093
0.041900888
0.023207992
0.036241066
0.052801955
0.025714895
0.027211197
0.03728375
0.033148415
0.022382494
0.032448344
0.048397217
0.027756717
0.024168646
0.03014866
0.02585187
0.020832617
0.020891638
0.021348068
0.020117547
0.024056973
0.02359848
0.019045074
0.018612778
0.017919695
0.020351755
0.018057497
0.018467743
0.01815253
0.01656016
0.015978219
0.01875661
0.017701613
0.015558556
0.015103372
0.01709576
0.016043577
0.015312111
0.014821377
0.015368362
0.014514616
0.015572551
0.014980309
0.014012349
0.013410139
0.016224671
0.0153036015
0.013116089
0.012752578
0.016487343
0.01564344
0.012238966
0.012073159
0.011915003
0.013290537
0.011888357
0.013727944
0.013390557
0.010988123
0.010670036
0.013404943
0.01203386
0.010788515
0.010457753
0.011135966
0.010347021
0.011240784
0.010678066
0.01002995
0.009536455
0.011491794
0.010758689
0.009419608
0.00901647
0.011615828
0.010853879
0.008882416
0.008543751
0.011968959
0.011122688
0.008326373
0.008054227
0.012506963
0.011511061
0.007722959
0.0075244554
0.0076323543
0.0072863116
0.0066134846
0.0075591365
0.0060853353
0.010668707
0.010891526
0.005841966
0.015495551
0.025073187
0.008623356
0.0091296565
0.014177755
0.010276185
0.005056231
0.009662003
0.008372326
0.0058204397
0.0056557194
0.007333397
0.0057478636
