0.338843
0.2879701
0.2530637
0.23644221
0.23060936
0.22875638
0.22851966
0.2283719
0.22865531
0.22953387
0.2305929
0.23162852
0.23254769
0.23331599
0.23392896
0.23439717
0.23473682
0.23496537
0.23510078
0.23515849
0.23515254
0.23509401
0.23499282
0.23485738
0.23469308
0.23450547
0.23429929
0.23407756
0.23385282
0.23363471
0.23343012
0.23322912
0.23302618
0.23282039
0.23261237
0.23240212
0.23219028
0.23197708
0.23177752
0.23158617
0.23138836
0.23118755
0.23098849
0.23079088
0.23059508
0.23040156
0.23020844
0.23000875
0.22980842
0.22960672
0.22940275
0.22919607
0.22898518
0.22876969
0.22854824
0.2283208
0.22809714
0.22787766
0.22765656
0.22744337
0.22725596
0.22707804
0.22693154
0.2268206
0.22675821
0.22666036
0.22652972
0.22637483
0.22620597
0.22603773
0.22587238
0.22571614
0.22557922
0.22544743
0.2253107
0.225168
0.22503115
0.22491372
0.22482462
0.22476041
0.22471642
0.22466893
0.22459958
0.2245046
0.22438669
0.22432564
0.22429365
0.22418725
0.2240128
0.22380404
0.22360475
0.22341795
0.22321397
0.2229937
0.22270001
0.2223441
0.22197837
0.2216299
0.22121702
0.22075059
0.22036253
0.22000779
0.2197052
0.21943395
0.21912467
0.21880357
0.21852438
0.21827486
0.21803717
0.21781436
0.21757713
0.21733344
0.21712229
0.21694057
0.21677482
0.21661587
0.21644424
0.21625908
0.2160817
0.21590889
0.21574621
0.21559715
0.21544422
0.21528217
0.2151232
0.21496618
0.21481158
0.21466511
0.21452773
0.21438293
0.21420595
0.21402127
0.21384275
0.21366948
0.21351127
0.2132787
0.21301296
0.21277043
0.21257526
0.21231703
0.21195816
0.21169087
0.21135278
0.21115218
0.21081015
0.21030308
0.2100172
0.20960318
0.20939764
0.20916334
0.20868339
0.20841254
0.20814577
0.20788926
0.20779794
0.20750979
0.20745066
0.20728542
0.20715337
0.2071447
0.20691906
0.20684503
0.20665368
0.20658705
0.20642577
0.20635013
0.20625177
0.20616375
0.20600328
0.20605437
0.20596743
0.20600636
0.20601793
0.20588736
0.20589612
0.20575243
0.2058017
0.2055114
0.20558795
0.20533583
0.20532438
0.20527087
0.20492564
0.20495418
0.2046965
0.20459194
0.20461889
0.20423704
0.2043407
0.20409158
0.20407018
0.20413524
0.20383258
0.20395982
0.20381702
0.2038094
0.20390667
0.20381936
0.20405196
0.20395485
0.2042152
0.2042761
0.20440546
0.20463772
0.20447484
0.20475134
0.20472199
0.20463224
0.20482142
0.20442677
0.20447646
0.20450947
0.20404299
0.20410591
0.20398256
0.20335561
0.20355597
0.20317453
0.20271076
0.2028106
0.202494
0.20230302
0.20252934
0.20228337
0.20239723
0.20269203
0.20253502
0.20272817
0.20293371
0.20309888
0.20354666
0.20360225
0.20382297
0.20426607
0.20428349
0.20475446
0.20501617
0.20507611
0.20556907
0.20554592
0.20598315
0.20607707
0.20616345
0.20639122
0.20634726
0.20654902
0.20624459
0.20645036
0.20625521
0.2058894
0.20577098
0.20483859
0.20458856
0.2037421
0.20291165
0.20255092
0.20124327
0.20072825
0.20006126
0.19866185
0.19818996
0.19720486
0.19578952
0.19527349
0.19380306
0.19307831
0.19225042
0.19087844
0.19043267
0.18927386
0.18843287
0.1877621
0.18617827
0.18567516
0.18431075
0.18374622
0.18288703
0.18143953
0.18097052
0.17934567
0.178666
0.17715701
0.17673294
0.17557459
0.17559096
0.17495187
0.1746368
0.17529206
0.17547713
0.17553656
0.17573129
0.17566104
0.17655182
0.17682442
0.17613079
0.17619912
0.1751818
0.17585061
0.17605472
0.17530677
0.1753133
0.1748513
0.17540915
0.17510828
0.17546554
0.17508383
0.1725878
0.173297
0.17334329
0.17417918
0.17457786
0.17235571
0.17182676
0.17151661
0.17187977
0.17262442
0.17224236
0.17230347
0.17195658
0.1726922
0.17335016
0.17267884
0.17369682
0.17407684
0.17456555
0.17317013
0.17137048
0.17070416
0.17039104
0.17081468
0.17110431
0.1713715
0.1705284
0.16908818
0.16903894
0.16905077
0.16917717
0.17055087
0.17172869
0.17121993
0.16922083
0.16843359
0.16809008
0.1679083
0.16916862
0.17155714
0.17242077
0.17051245
0.16892676
0.16937493
0.16935314
0.17045139
0.17171112
0.1729443
0.17145687
0.16917697
0.16738589
0.16633812
0.16759267
0.1694255
0.17048706
0.16916639
0.1660376
0.16514234
0.16517581
0.16632093
0.16817194
0.1672494
0.16531253
0.16638786
0.16673519
0.168284
0.17142206
0.16973925
0.167404
0.16592604
0.16643924
0.16784504
0.16996086
0.16978851
0.16686904
0.16546448
0.16518585
0.16710316
0.16918257
0.17050862
0.16956194
0.16781731
0.16735867
0.16778158
0.16863808
0.17034942
0.17169069
0.16942231
0.16577235
0.16371065
0.16391504
0.16489808
0.16636764
0.1674275
0.16853918
0.16943824
0.16662274
0.1636572
0.1627061
0.16309129
0.16386251
0.164584
0.16514917
0.16603963
0.16418545
0.16325648
0.1628831
0.16283275
0.16446899
0.16674675
0.16914916
0.17064981
0.16730212
0.16269231
0.16218543
0.16226812
0.16463704
0.1677409
0.17241962
0.17082003
0.16517615
0.16343118
0.1621526
0.16184053
0.16265397
0.16630588
0.1699353
0.16697156
0.16213068
0.1613951
0.16141936
0.16346166
0.16599046
0.16988958
0.16883324
0.16429693
0.16301274
0.16277207
0.1643386
0.1665224
0.16894223
0.16886455
0.16692762
0.16615495
0.16692717
0.16936934
0.17103526
0.17510076
0.17599064
0.17278922
0.17159599
0.16828763
0.16853046
0.16898224
0.17036162
0.17214218
0.17339562
0.1747757
0.17068654
0.16433477
0.16265722
0.16140264
0.16210476
0.16433454
0.1657715
0.16893971
0.17009434
0.16715716
0.16243969
0.15994072
0.1601856
0.1615471
0.16357805
0.16548412
0.1668727
0.1680489
0.16911004
0.1696991
0.16909316
0.16783899
0.16667533
0.16804464
0.17036209
0.17299487
0.175646
0.1779572
0.17957722
0.17773105
0.1743991
0.17193095
0.17063943
0.17003474
0.17107615
0.17351781
0.17681082
0.17961575
0.18198542
0.1753611
0.16747591
0.16338904
0.16094919
0.16080992
0.16212925
0.16325682
0.16446239
0.16522118
0.16601308
0.16656029
0.1675146
0.16763045
0.16801864
0.16803043
0.16902235
0.17161766
0.17387185
0.17660439
0.17892477
0.17991191
0.18103756
0.18057352
0.18095368
0.18102409
0.18303269
0.185357
0.18794061
0.18962526
0.19026619
0.1862227
0.18139485
0.17929707
0.17633483
0.17502572
0.17476165
0.17456712
0.17572647
0.17691152
0.17837864
0.17981458
0.18124308
0.18309501
0.18355252
0.18354069
0.18365195
0.18243366
0.1831345
0.1845448
0.18483509
0.18721189
0.18868613
0.18993495
0.18836567
0.18759155
0.18782401
0.18559901
0.18527064
0.18539546
0.18436325
0.18413886
0.1850467
0.18632922
0.18621846
0.18749867
0.18643308
0.18535292
0.182501
0.18216342
0.1833793
0.18391535
0.18644245
0.18880635
0.1907979
0.18276036
0.17147152
0.16613595
0.16245988
0.16113254
0.16242419
0.16511273
0.16748048
0.16920708
0.17125212
0.17350052
0.17407385
0.17320465
0.1721095
0.17136195
0.17108096
0.17265537
0.17568013
0.17868218
0.18146837
0.1838148
0.18566489
0.1872875
0.18907502
0.19156606
0.19389577
0.1964117
0.18774725
0.17498897
0.1672166
0.16333656
0.16276121
0.16272724
0.16280688
0.16265504
0.16276217
0.16269863
0.16247466
0.16368593
0.1653551
