0.338843
0.29729167
0.26554802
0.24362084
0.2328906
0.22931364
0.22869985
0.22867604
0.22851233
0.22861783
0.22885588
0.2291329
0.22939937
0.22963142
0.22981928
0.22996117
0.2300591
0.23011847
0.2301439
0.23013896
0.23010775
0.23005329
0.22997881
0.22988965
0.22978841
0.22967698
0.2295581
0.22943231
0.22929981
0.22916275
0.22903062
0.22889526
0.22875361
0.22860508
0.22845137
0.22829309
0.22813031
0.22796169
0.22779156
0.22761391
0.22742508
0.2272237
0.22700652
0.22681658
0.22661975
0.22641043
0.2261919
0.22596397
0.22572388
0.22546923
0.22520138
0.22493656
0.22465317
0.22434926
0.22412078
0.22385058
0.22355494
0.22324306
0.22292107
0.22260673
0.22229378
0.22197194
0.22164555
0.22132945
0.22104584
0.22077455
0.22049198
0.22020449
0.21993123
0.21965235
0.21936885
0.21910352
0.21885973
0.21868815
0.21850684
0.21833839
0.2181849
0.2180447
0.21788557
0.21770671
0.21752536
0.21745294
0.21740937
0.21732217
0.21719341
0.21706617
0.21692346
0.21677554
0.21662468
0.2164658
0.21634868
0.2161644
0.21590036
0.21560618
0.21536404
0.21513611
0.2148694
0.2146034
0.21426938
0.21394011
0.21360666
0.21332175
0.21316195
0.21295294
0.21266468
0.21239683
0.21210214
0.21186489
0.21130188
0.21107826
0.21070243
0.21049592
0.21033318
0.20999959
0.20998828
0.20981328
0.20993617
0.20995699
0.20948398
0.20950286
0.20923129
0.2088366
0.2088434
0.208331
0.20833915
0.20827357
0.20772997
0.2078055
0.2074553
0.20726565
0.2072885
0.20682852
0.20701072
0.20711389
0.20649299
0.20666738
0.20701452
0.20637287
0.20650916
0.20701887
0.20652997
0.20596169
0.20638663
0.20589791
0.20602135
0.20644917
0.20605734
0.20552589
0.20583801
0.20522566
0.20566335
0.20573808
0.20504573
0.20536399
0.20534664
0.20469753
0.20494895
0.20453039
0.20422246
0.20439875
0.20389357
0.2041221
0.20411104
0.20358378
0.20385024
0.20349985
0.20393479
0.20403412
0.2036761
0.2041247
0.20387794
0.20446223
0.20467639
0.20416059
0.20463045
0.2043756
0.20420294
0.20452784
0.20394868
0.20436992
0.20442975
0.20371997
0.20422547
0.20407188
0.20325403
0.20356658
0.20318307
0.20318627
0.20353372
0.20289902
0.20362209
0.2038286
0.20304002
0.20378092
0.20382991
0.2027223
0.20330738
0.20332599
0.20220122
0.20262615
0.20276637
0.20157604
0.20243901
0.2028334
0.20174174
0.20172355
0.20238689
0.20139076
0.20125803
0.20190619
0.2011349
0.20040555
0.20102301
0.20024063
0.20070755
0.20133029
0.20051765
0.20052215
0.201093
0.20022061
0.2010394
0.20142257
0.2002858
0.2004796
0.20080301
0.1995827
0.20033161
0.20059797
0.19923538
0.19886532
0.19907324
0.19778877
0.19810966
0.19815022
0.1969768
0.19714895
0.197128
0.19625802
0.19680841
0.19637206
0.19571513
0.19572714
0.19486062
0.19500062
0.19463125
0.19365108
0.1938531
0.19280191
0.19306983
0.19255884
0.19212514
0.19195986
0.19093964
0.19086497
0.18999077
0.19021583
0.18940985
0.18945901
0.18882251
0.18824159
0.18765846
0.1873232
0.1870353
0.1857899
0.18596922
0.18454032
0.18452637
0.18325807
0.18278459
0.18206881
0.1813754
0.18096483
0.17983769
0.17914325
0.17859505
0.17825702
0.17783305
0.17760283
0.17773817
0.17753258
0.17795761
0.17827134
0.17831826
0.178548
0.17848863
0.17834952
0.17865711
0.1784334
0.178152
0.17794274
0.17827283
0.17887045
0.1791663
0.17958362
0.17932452
0.17991422
0.1793798
0.17954545
0.178548
0.17865096
0.17882384
0.17926651
0.18047957
0.18045828
0.1804005
0.17862178
0.17764829
0.17629793
0.17617008
0.1759592
0.17522009
0.17544101
0.17455024
0.17474885
0.1739945
0.17348462
0.17331393
0.17322344
0.17253467
0.17106111
0.16973406
0.16850214
0.16878639
0.16842213
0.16901913
0.16922548
0.16931282
0.1688428
0.16839643
0.1685335
0.16866578
0.16894114
0.16934901
0.16985741
0.16897285
0.16801499
0.16653793
0.16646229
0.16686194
0.16690166
0.16748466
0.16847332
0.16883904
0.16868013
0.16826367
0.16795538
0.16789898
0.16804013
0.16805379
0.16781291
0.16750409
0.16744116
0.16730817
0.16739556
0.16769923
0.16814299
0.16834384
0.16862968
0.16849719
0.16818666
0.16751489
0.16675149
0.16650432
0.16616751
0.16647962
0.16707419
0.1670096
0.16614495
0.16505562
0.16425394
0.1640059
0.16425495
0.16419582
0.16424505
0.16384943
0.16319887
0.16341579
0.16299981
0.1627363
0.16318025
0.16413426
0.16472732
0.16567759
0.16520877
0.16318804
0.16228084
0.16212216
0.16203111
0.16268359
0.1641514
0.16503063
0.16499391
0.16453414
0.16459501
0.16484118
0.16551061
0.16614306
0.16719872
0.16828202
0.16911359
0.17015567
0.1689148
0.16626632
0.16481209
0.1644129
0.16413581
0.16538808
0.16637309
0.16728018
0.16762845
0.16698128
0.16604778
0.16521941
0.16559607
0.16585247
0.16615383
0.1669764
0.16770048
0.16888759
0.17057067
0.1716801
0.17167707
0.1712014
0.17090765
0.17142075
0.17208385
0.1725626
0.17281438
0.17363247
0.1750987
0.17660752
0.17673498
0.1759371
0.17519687
0.17390549
0.1724897
0.17209324
0.1721573
0.17148815
0.17183055
0.17191231
0.17018902
0.16908774
0.167763
0.16690412
0.16727766
0.1677695
0.16797325
0.16828434
0.16945565
0.17041539
0.17105886
0.17097339
0.17111383
0.1720412
0.17281853
0.17335428
0.17491914
0.1762521
0.17810406
0.1794438
0.17978008
0.1799858
0.17947632
0.17918277
0.17929488
0.1779142
0.17666374
0.17571925
0.17445678
0.17466052
0.17523918
0.17514803
0.17457886
0.17484073
0.17466903
0.17437439
0.17440327
0.17488798
0.17605111
0.17734365
0.17872241
0.17975579
0.1810574
0.18234335
0.18247539
0.18253574
0.18228436
0.18192543
0.18223526
0.18199052
0.18161206
0.18227285
0.18243854
0.18402094
0.18540509
0.18628635
0.18556693
0.18466653
0.18327798
0.18313158
0.18402222
0.18397799
0.1835638
0.18449882
0.18521127
0.18556286
0.187223
0.1880526
0.18772551
0.18748567
0.18747061
0.18713191
0.18821362
0.189053
0.18962355
0.18998155
0.18963742
0.18974662
0.19059353
0.19117354
0.19180153
0.1919252
0.1916044
0.19151115
0.1897182
0.18807757
0.18917531
0.18880482
0.18804413
0.18874493
0.18807739
0.1876696
0.1879488
0.18735391
0.1867986
0.18711694
0.18704183
0.18711181
0.18748678
0.18776633
0.1886636
0.18950424
0.19062881
0.19279222
0.19493595
0.19671693
0.19826461
0.19924809
0.19087204
0.17855656
0.16989926
0.16544528
0.16322385
0.16207568
0.16090053
0.16013071
0.15964295
0.15927842
0.1588603
0.15891887
0.15924454
0.1602663
0.1611763
0.16141535
0.1604632
0.15982
0.15967336
0.15995042
0.1605498
0.16220991
0.16426986
0.1664079
0.16846955
0.17082088
0.17332439
0.17577493
0.17822945
0.18109454
0.18304422
0.18375872
0.18481687
0.1857645
0.18736391
0.18986449
0.19249795
0.19472308
0.19625574
0.19670612
0.196537
0.19646905
0.19710389
0.19735472
0.19846253
0.19932622
0.2013575
0.2026597
0.20400673
0.20525989
0.20659432
0.2066247
0.19874766
0.1893381
0.18034245
0.17598493
0.17412455
0.17199124
0.17028318
0.16915351
0.16862299
0.16775101
0.16699286
0.16724265
0.16705257
0.16680902
0.16673402
0.16818441
0.1699243
0.17140651
0.17284305
0.17428166
0.1765553
0.1793203
0.18169844
0.1837738
0.18474053
0.18584427
0.18705459
0.18884371
0.19126646
0.19381581
0.1961033
0.19770907
0.19832934
0.19850358
