0.338843
0.29726878
0.26525348
0.24308957
0.2324101
0.22900999
0.22854804
0.22847258
0.2281675
0.22824495
0.22852413
0.22887088
0.22921509
0.229523
0.2297802
0.22998376
0.23013505
0.23024441
0.23031904
0.2303598
0.23037888
0.23037869
0.23036091
0.23032744
0.2302884
0.23023187
0.23016019
0.23008202
0.23000038
0.22991155
0.2298141
0.22970892
0.22959822
0.22948475
0.2293713
0.22925597
0.22913672
0.22901098
0.22888127
0.22875363
0.22861655
0.22846851
0.22830789
0.22812898
0.2279377
0.22772418
0.22748637
0.22723173
0.22695862
0.226686
0.22641835
0.22614688
0.22586827
0.22557576
0.22526222
0.2249408
0.22462511
0.22428818
0.22393179
0.22357579
0.22324897
0.22297175
0.2227346
0.22251102
0.22228324
0.22205372
0.22184637
0.22168066
0.22155915
0.2214678
0.221229
0.2208286
0.22046855
0.22015288
0.21987751
0.21966635
0.21947631
0.2190774
0.21856685
0.21813345
0.2177696
0.21747349
0.21717219
0.21671729
0.21615955
0.21564496
0.21518785
0.21479297
0.21442547
0.21395087
0.21328755
0.21261601
0.2120703
0.2116109
0.21100862
0.2101786
0.20955995
0.20889288
0.20850961
0.2079314
0.20723344
0.20655079
0.20609868
0.20547868
0.20468627
0.20416583
0.20379484
0.20351805
0.20232397
0.20220691
0.20129697
0.20030074
0.20129782
0.19993207
0.19847935
0.19824328
0.19770177
0.19830108
0.19749977
0.19655716
0.19638768
0.19620034
0.19728734
0.1965901
0.19553836
0.19542874
0.19502223
0.1959837
0.19561891
0.19412242
0.1939305
0.19325076
0.19370854
0.19454929
0.19233477
0.19112784
0.19054167
0.19050106
0.1921768
0.1906967
0.18827033
0.18795176
0.18747549
0.18913771
0.18771093
0.18540664
0.18535967
0.18399617
0.18514207
0.18460445
0.18189381
0.18158542
0.18034609
0.18068844
0.17886822
0.1792449
0.17821105
0.1774996
0.17883015
0.175239
0.17718281
0.17922251
0.17419496
0.17670071
0.183486
0.17777202
0.17114392
0.1758181
0.17661797
0.17048009
0.17364784
0.17485692
0.16932057
0.17571473
0.18187344
0.17699473
0.16748986
0.17772305
0.1829838
0.17224684
0.16653027
0.17411065
0.17530799
0.16735366
0.16723108
0.16919172
0.165262
0.17148167
0.17692219
0.17039669
0.16326995
0.16684768
0.16312553
0.16436598
0.1713026
0.17011139
0.16144773
0.16680825
0.16887167
0.1609781
0.16657835
0.1748041
0.16947466
0.15867954
0.16765776
0.17187187
0.16032678
0.15939055
0.17107275
0.17512946
0.1660616
0.15515931
0.16556466
0.16833803
0.15610239
0.15681018
0.16972253
0.17516497
0.16634588
0.1526664
0.15658589
0.16051707
0.15171053
0.15473081
0.16696729
0.1713495
0.16204947
0.15037546
0.15306392
0.15426391
0.14904015
0.15618075
0.16697592
0.16753289
0.15599439
0.14699599
0.1512789
0.1499582
0.14560941
0.15036689
0.15589689
0.15373428
0.14540993
0.1503847
0.15124476
0.14436296
0.15210359
0.16060312
0.15456763
0.14153734
0.14694077
0.15121333
0.14036743
0.14186679
0.15385714
0.15773833
0.14715509
0.13487557
0.14441575
0.14843035
0.13537821
0.13733774
0.15108038
0.15376836
0.14158148
0.13143758
0.13596195
0.13165025
0.13162376
0.14018686
0.1413829
0.13041122
0.12913896
0.1295246
0.12664133
0.13094008
0.13055027
0.12477898
0.1274415
0.12348533
0.12857336
0.13372701
0.12561777
0.12082303
0.1215127
0.118654855
0.12218785
0.12089134
0.11715092
0.1165791
0.117872015
0.11904525
0.114079006
0.11421385
0.111719325
0.113354325
0.11022627
0.11132213
0.108803846
0.113735765
0.1172737
0.10739059
0.1206979
0.14857897
0.1263958
0.10367808
0.116624996
0.12466385
0.11242594
0.102176994
0.11306438
0.104836255
0.098496065
0.10695876
0.10763599
0.09658827
0.10994426
0.112352006
0.09466726
0.10985102
0.1270212
0.11767906
0.09587261
0.10581963
0.12278301
0.09933594
0.093786076
0.10507994
0.101735614
0.08932593
0.107150644
0.112150386
0.089394495
0.09713851
0.11177219
0.1038305
0.08663674
0.104596846
0.11738792
0.091914155
0.089703016
0.10119337
0.094380006
0.082802065
0.088837676
0.08318472
0.08180464
0.09200085
0.09283388
0.08031221
0.08288381
0.08392736
0.07759694
0.082671575
0.08279445
0.07760392
0.07594429
0.075214446
0.074613966
0.07373417
0.07244011
0.070603006
0.06931684
0.068038255
0.06647307
0.06479999
0.06310919
0.061086357
0.059337437
0.0576304
0.056055635
0.055667557
0.054631136
0.054565944
0.05213883
0.053859904
0.053601358
0.050140817
0.051988818
0.048744276
0.051464107
0.053471737
0.048537888
0.0498502
0.049964447
0.046376873
0.04774259
0.04622499
0.04742057
0.045657717
0.046911366
0.046614368
0.04434552
0.043853298
0.044509403
0.04322238
0.045545787
0.045374732
0.04201962
0.04205576
0.04113303
0.040585272
0.040507548
0.03933425
0.038716666
0.039287843
0.037785124
0.038936924
0.038329583
0.03598649
0.035433177
0.036407366
0.034989458
0.035702955
0.03468462
0.035137024
0.03529975
0.0333569
0.03300924
0.03281676
0.032056812
0.032305453
0.03110849
0.032928906
0.032206766
0.030001117
0.029616753
0.030019466
0.029026052
0.030078368
0.029733742
0.027890105
0.02748511
0.02785017
0.026842587
0.028559538
0.028219793
0.0256428
0.027448604
0.02695583
0.024657877
0.026345413
0.024945088
0.022925332
0.02272742
0.022425542
0.022238422
0.021972854
0.021410208
0.020950614
0.020774495
0.020241966
0.019736145
0.019675165
0.018935964
0.018476978
0.018096967
0.0175301
0.0171139
0.017123207
0.016449591
0.016013127
0.016003435
0.015296532
0.014781948
0.015248367
0.014404918
0.0149016315
0.014499942
0.013367516
0.012990935
0.0136805065
0.01306649
0.013058053
0.012813587
0.012350499
0.011949082
0.01297021
0.012577246
0.0116265435
0.0113951
0.0120926155
0.01153197
0.01153158
0.011303397
0.011025129
0.010677199
0.0113362055
0.010962473
0.01050793
0.010290203
0.010575027
0.0101856
0.010500544
0.010224785
0.009890023
0.009624858
0.010213847
0.009872561
0.009515186
0.009254095
0.009826369
0.009476043
0.009141495
0.008917984
0.009380727
0.009027599
0.008863111
0.008606958
0.00900004
0.008713755
0.008465761
0.008215535
0.008705377
0.008379068
0.008142695
0.007896587
0.008383032
0.008085679
0.0077903452
0.007558104
0.008082749
0.007762795
0.007490325
0.0072469357
0.0077861063
0.0074964534
0.0071284184
0.0069221137
0.007483884
0.0071529225
0.0068867714
0.0066682845
0.007143237
0.006843224
0.0066105444
0.006390194
0.0068390965
0.0065409145
0.0063474467
0.00611331
0.006599116
0.0063137286
0.006039375
0.0058243503
0.006322351
0.006018227
0.005783063
0.005567151
0.006057486
