0.338843
0.28872782
0.25383294
0.23699737
0.23101296
0.22904688
0.22869956
0.22860283
0.22857119
0.22859935
0.22865568
0.22872071
0.22878577
0.22884531
0.2288953
0.22893453
0.2289615
0.22897652
0.2289796
0.22897138
0.22895294
0.22892492
0.22888747
0.2288439
0.2287949
0.22874017
0.22868173
0.22861423
0.228536
0.228451
0.22836114
0.22826433
0.22816062
0.22805528
0.22795244
0.22784644
0.22772227
0.22757742
0.2274111
0.22722667
0.22703223
0.22682573
0.22660376
0.22636357
0.22610396
0.2258267
0.22556171
0.22530673
0.22504036
0.22478132
0.2245109
0.22421694
0.2238979
0.22355333
0.22325216
0.22293305
0.22260234
0.22228035
0.2219825
0.2217082
0.2214482
0.22117718
0.22088541
0.22057615
0.22026585
0.21995257
0.21962155
0.21923587
0.21876034
0.21828099
0.21784097
0.21744439
0.21707742
0.21672012
0.21635489
0.21601664
0.21577299
0.21548016
0.21513137
0.21478015
0.21444595
0.21412906
0.21384262
0.21357344
0.21329708
0.21302155
0.2127492
0.21246107
0.21215704
0.21177907
0.21136756
0.2109434
0.21052831
0.2101248
0.20960471
0.20913312
0.20869917
0.20839621
0.20804062
0.20745705
0.20709018
0.20664196
0.2061867
0.20583491
0.20552807
0.20487213
0.20485975
0.20441271
0.20417611
0.2036524
0.20339583
0.20319213
0.20207177
0.20381835
0.20360355
0.20075363
0.20162703
0.20124419
0.19927499
0.2002501
0.20001544
0.19840963
0.19928618
0.19868782
0.1976232
0.19805504
0.19743103
0.19692554
0.19638783
0.19668895
0.19694172
0.19497836
0.19514352
0.19430256
0.19476278
0.19611892
0.19328883
0.19314136
0.19292548
0.19195855
0.1946532
0.19376178
0.19067685
0.19160014
0.19017962
0.18971448
0.19229229
0.18989383
0.18722047
0.18936637
0.1882159
0.18540108
0.18827574
0.18772127
0.18445176
0.18701218
0.1886782
0.1850504
0.18369365
0.18708967
0.18464516
0.18216562
0.1842012
0.18319137
0.18079458
0.18199532
0.18120754
0.1804508
0.18347444
0.18408665
0.17951642
0.17933215
0.1797073
0.17799158
0.17985497
0.1812134
0.17733632
0.17712793
0.17718947
0.17593962
0.17825423
0.17978366
0.1760724
0.17893972
0.17457138
0.17450747
0.17765115
0.17523699
0.17249686
0.17207336
0.17087425
0.1717492
0.17346682
0.17171471
0.16997854
0.16982174
0.16972911
0.17176206
0.17052813
0.16923423
0.16902053
0.16934328
0.1706581
0.16752523
0.16788995
0.16601607
0.16801754
0.17059107
0.16412431
0.16752812
0.16882326
0.16206236
0.17214325
0.18248
0.17449643
0.160109
0.17079729
0.17642437
0.16233058
0.16197193
0.17146413
0.16687359
0.15690514
0.16231593
0.15984982
0.15700138
0.16507454
0.16702439
0.1572976
0.15811226
0.15779923
0.15539798
0.16185598
0.16367781
0.15616807
0.15787448
0.15689594
0.15591376
0.16360554
0.16331056
0.1537755
0.16188566
0.16203122
0.15234831
0.16488805
0.17607825
0.16806427
0.15393907
0.16468601
0.16687529
0.15373413
0.15708363
0.1678613
0.16163664
0.14868428
0.16072685
0.1634803
0.15006469
0.155198
0.1677097
0.16265762
0.14834347
0.15514667
0.1579642
0.14758445
0.15590341
0.16828236
0.16169152
0.14666788
0.153371
0.15658598
0.14581703
0.15277147
0.16592906
0.16277921
0.14752918
0.14983794
0.15212198
0.14417021
0.15448238
0.16573359
0.15737061
0.14258209
0.15542977
0.16120963
0.14616501
0.14528942
0.16246796
0.16940929
0.15579358
0.1407568
0.15054668
0.1495352
0.14069422
0.14877108
0.15654823
0.14755765
0.14064649
0.13965294
0.1377288
0.14195438
0.14483374
0.14129479
0.13910057
0.13778806
0.1387834
0.14113702
0.1358407
0.13998407
0.13777615
0.13955621
0.14307958
0.1348834
0.14102143
0.146993
0.134194
0.14071909
0.15312764
0.1437336
0.13033721
0.13808422
0.13413782
0.1302466
0.13425526
0.12945798
0.13264881
0.13685377
0.12629528
0.13634072
0.14703956
0.13562931
0.12319145
0.13092062
0.12516454
0.12581933
0.13255703
0.124687195
0.12382892
0.13149007
0.12210936
0.1281373
0.13673364
0.12571749
0.11955479
0.1304873
0.12109355
0.11908648
0.1303376
0.12891068
0.115469426
0.12778252
0.1315421
0.11572573
0.12654412
0.14200452
0.1324949
0.11314105
0.12845844
0.1377145
0.11774703
0.1159926
0.1278465
0.120541126
0.11032924
0.11501806
0.10896606
0.11728188
0.1251069
0.11403244
0.10814083
0.11203957
0.10626021
0.11327168
0.11863232
0.10860952
0.109292015
0.11004797
0.10310705
0.111370265
0.1148127
0.1039168
0.10693969
0.105719924
0.10039596
0.10711386
0.10650151
0.09933718
0.100400016
0.09759291
0.10085064
0.09916321
0.097644374
0.099039696
0.09477451
0.10026651
0.10011238
0.093873605
0.09533504
0.091067016
0.098071665
0.10053617
0.090213
0.09552271
0.0945147
0.08781937
0.09528253
0.09593159
0.08854625
0.09101891
0.0873309
0.09070344
0.09407929
0.08465786
0.09061959
0.09087172
0.08351716
0.09095588
0.09263677
0.08494844
0.09043186
0.08623809
0.08259375
0.08640511
0.08079764
0.08315421
0.08113599
0.08433767
0.08602282
0.07741398
0.08892069
0.08885932
0.0766194
0.08980456
0.09930792
0.08592048
0.08256042
0.097250715
0.0847628
0.075302556
0.08512671
0.08662121
0.07651644
0.079483114
0.07835678
0.07308002
0.07990724
0.08095721
0.071721494
0.080501445
0.08058612
0.06977525
0.07846216
0.08000902
0.069165275
0.07834576
0.08001596
0.06819032
0.079191
0.08480779
0.07056672
0.067196295
0.07011407
0.06400366
0.068952516
0.06977831
0.0646394
0.06713274
0.06443584
0.06319356
0.06672287
0.06299582
0.060914893
0.060987208
0.059037372
0.058141723
0.057485655
0.056480702
0.05513299
0.054605726
0.053483296
0.05400546
0.051775776
0.054334577
0.053799763
0.051541947
0.050760906
0.04877084
0.048902187
0.04782458
0.04701037
0.047279216
0.046305858
0.04583242
0.04470691
0.045638394
0.044192
0.04511312
0.043771658
0.044310026
0.044541515
0.041929528
0.045124788
0.04359833
0.0422246
0.042425632
0.04023787
0.042267736
0.0418
0.04062982
0.03983729
0.038675133
0.038167574
0.03764469
0.036765944
0.036394976
0.035915717
0.03502144
0.034410954
0.03382508
0.033096753
0.032182787
0.03171489
0.030801427
0.029933847
0.02951227
0.028522875
0.027812678
0.027278146
0.026574427
0.026022635
0.025426762
0.024804775
0.024147179
0.023489175
0.023155635
0.022196097
0.021788249
0.021060113
0.0203637
0.020621222
0.019818665
0.019880997
0.019121936
0.018796235
0.018347794
0.018209718
