0.338843
0.28625327
0.2505969
0.23444104
0.22949502
0.22852321
0.22844006
0.22866574
0.22939445
0.23027019
0.23112904
0.23189923
0.2325528
0.23308365
0.2334985
0.23381017
0.23403479
0.23418683
0.23428579
0.23433849
0.23434992
0.23432839
0.23428078
0.2342129
0.23412895
0.23403199
0.23392451
0.23381051
0.23369321
0.23357446
0.2334605
0.23335592
0.23332024
0.23324892
0.23315316
0.23303202
0.23288654
0.23271291
0.23251583
0.23229726
0.23205775
0.23180297
0.23156533
0.23135024
0.23113953
0.23093057
0.2307108
0.23048103
0.23025748
0.23002619
0.2297781
0.22949517
0.22918035
0.22883703
0.22847411
0.22810102
0.22771491
0.22732268
0.22693025
0.22654216
0.22615476
0.22577108
0.22538921
0.22500113
0.22460958
0.2242193
0.22386926
0.22356291
0.22327346
0.22298267
0.22265142
0.22230853
0.22197028
0.22164324
0.22132298
0.22100595
0.2206594
0.22030282
0.21988755
0.21941963
0.21891318
0.21841179
0.21791224
0.21744865
0.21699753
0.21651952
0.21600766
0.21545309
0.21492313
0.2143377
0.2137344
0.2131524
0.2125297
0.21197729
0.21152784
0.21121697
0.2106193
0.2100934
0.20936722
0.20899929
0.20832358
0.20797488
0.20742348
0.20731887
0.20640491
0.20651215
0.20569594
0.20803075
0.20903836
0.20549539
0.20593119
0.206633
0.20589364
0.20479375
0.20661634
0.2099601
0.20628302
0.20454526
0.20506875
0.20427342
0.20281506
0.20592725
0.2084065
0.20390685
0.20117381
0.20245995
0.2012182
0.20114592
0.20382725
0.2007726
0.20119482
0.20228642
0.20123261
0.20101164
0.20547955
0.20315701
0.20051995
0.20119502
0.19994734
0.20077556
0.20409405
0.19984436
0.19853316
0.1990377
0.19748946
0.20069225
0.20224656
0.19722243
0.19797449
0.19787121
0.19624647
0.20007385
0.20111817
0.19566126
0.19683695
0.19641021
0.1945944
0.19727314
0.196008
0.19417349
0.19459456
0.19325268
0.19602932
0.19550435
0.19193526
0.19231941
0.1913955
0.1927252
0.1912411
0.19137666
0.19014858
0.19552247
0.19925435
0.19172622
0.19190791
0.19508049
0.19274282
0.18773532
0.19261995
0.19036569
0.18843175
0.1900387
0.18661976
0.19486533
0.20480889
0.1999563
0.18879916
0.19036856
0.19490932
0.19316404
0.18595928
0.19375324
0.21188338
0.21169269
0.20005822
0.18817501
0.19090629
0.19159646
0.18650246
0.18620244
0.19615604
0.19060619
0.1839568
0.18937442
0.19122006
0.18699005
0.18274714
0.19108576
0.18599291
0.18267977
0.18569347
0.18218076
0.18097016
0.18090174
0.1823875
0.18611862
0.18265276
0.18150683
0.1818371
0.1819803
0.1839525
0.1796997
0.18657444
0.18435186
0.18021335
0.18365943
0.1787887
0.18795101
0.19317536
0.18056627
0.18788373
0.19777218
0.19185394
0.17793821
0.19493271
0.21229291
0.20928141
0.19199027
0.1781923
0.18608712
0.19476388
0.18893966
0.1752149
0.19339305
0.21170606
0.20863102
0.19052921
0.17574194
0.18658571
0.19361904
0.18683122
0.17327969
0.19070102
0.20440151
0.19835459
0.18088366
0.17161492
0.18132633
0.18599613
0.17783582
0.17064306
0.17366733
0.16967338
0.1804636
0.19513069
0.19611321
0.18018526
0.17039289
0.17215809
0.17128673
0.17790328
0.17722647
0.16938706
0.17099126
0.17025234
0.17672047
0.17522834
0.16979717
0.17125233
0.17215505
0.17926271
0.175745
0.17037968
0.17650947
0.16918686
0.18391524
0.19527775
0.18416253
0.1678278
0.18710414
0.19391915
0.1813129
0.16619466
0.17543834
0.17949739
0.16758302
0.16936255
0.16796046
0.16707791
0.1795115
0.18118505
0.1664236
0.17193958
0.17274952
0.16368246
0.1730975
0.17472619
0.16358705
0.17689572
0.17484958
0.1625881
0.17262399
0.17556006
0.16359007
0.17436159
0.17324081
0.16248766
0.17247422
0.17396311
0.16179848
0.17819223
0.185322
0.17387605
0.1611091
0.17180204
0.18117626
0.17404516
0.16031377
0.16538231
0.16006652
0.16754
0.17715538
0.17318736
0.15954661
0.16339576
0.15871677
0.16568044
0.17384954
0.169156
0.15992658
0.16733845
0.1582132
0.17835997
0.19336244
0.18054998
0.15715788
0.19050777
0.22009426
0.21316738
0.18155664
0.15597405
0.1720124
0.18793857
0.17777906
0.1557314
0.17613494
0.187264
0.1654738
0.1542898
0.16658175
0.17146273
0.15806898
0.15297581
0.15222383
0.15655741
0.17114413
0.17329831
0.15574229
0.15942329
0.16025652
0.15295841
0.16479656
0.1744305
0.16648096
0.1544101
0.16009457
0.15559642
0.16924441
0.18277746
0.16784573
0.15642826
0.16222958
0.15341567
0.1666999
0.17229064
0.15768692
0.16378437
0.16529681
0.1521912
0.16272876
0.16537605
0.15073237
0.16580853
0.16399425
0.14894645
0.16111031
0.16335808
0.14870758
0.16730542
0.1659862
0.14823727
0.16647013
0.17696927
0.15928149
0.15266812
0.15576357
0.14865702
0.15739393
0.16328004
0.15252134
0.1491901
0.14702953
0.16125819
0.17007855
0.15338199
0.15530917
0.16121864
0.14786321
0.16197407
0.16967762
0.1518462
0.15713817
0.16083676
0.14590272
0.16362706
0.17336297
0.15473981
0.15113248
0.15156409
0.14722675
0.16101103
0.16014907
0.14426559
0.15311277
0.1438739
0.15917318
0.17310815
0.15597247
0.14815687
0.1692468
0.15117761
0.14915058
0.17153366
0.17184259
0.14733247
0.1497045
0.15121776
0.14097363
0.15240814
0.15491407
0.14119013
0.15954109
0.15639196
0.14115494
0.1552296
0.1581824
0.14151621
0.16010469
0.15892321
0.14018941
0.1583778
0.16765396
0.14800186
0.14830154
0.15352243
0.13982202
0.14906254
0.14963405
0.13835812
0.14017281
0.1388148
0.1481401
0.14442289
0.13827698
0.13817784
0.14468028
0.14996885
0.13576747
0.156978
0.15329587
0.13443646
