0.338843
0.2902157
0.25544623
0.23802204
0.23143281
0.22897749
0.22826692
0.22829646
0.22805786
0.22840409
0.22950171
0.23085427
0.23221204
0.2334569
0.23454058
0.2354513
0.2361951
0.23678733
0.23724651
0.23759517
0.23785356
0.23803875
0.23816426
0.23824055
0.23827653
0.23828197
0.2382638
0.2382257
0.23817071
0.23810194
0.23802043
0.23793106
0.23784089
0.23773405
0.23761748
0.23749855
0.2373702
0.23723076
0.23708312
0.23697223
0.23686591
0.23674622
0.23662706
0.23651288
0.23642176
0.23634641
0.23627406
0.23619658
0.2361124
0.23602207
0.23593262
0.23584358
0.23575453
0.2356708
0.23558792
0.2355038
0.23541535
0.23531945
0.23522924
0.23519288
0.23511797
0.234994
0.23483464
0.2346406
0.23443168
0.23418319
0.23390806
0.23361814
0.23332639
0.23297441
0.23260182
0.23221807
0.23180732
0.23144822
0.23094997
0.23040873
0.22996025
0.22950508
0.22912377
0.22873247
0.2282916
0.22792248
0.22759442
0.22725058
0.2269515
0.22656429
0.22612332
0.22578871
0.2254311
0.22507297
0.22478276
0.22448024
0.2242209
0.2239743
0.2236646
0.22338149
0.2230947
0.22274078
0.22250628
0.22229668
0.22204602
0.22189686
0.22161165
0.22123691
0.22099157
0.2207004
0.22049724
0.22027819
0.219922
0.21967179
0.21943393
0.21915248
0.21897908
0.21870048
0.21838278
0.21816914
0.21786383
0.21767662
0.21749163
0.21716699
0.21699037
0.21678273
0.21653958
0.21643291
0.21614924
0.21592882
0.21575098
0.2155178
0.21545176
0.2152462
0.21491784
0.21477278
0.21450673
0.21435641
0.21419565
0.21392107
0.21381426
0.21363305
0.21350656
0.21341813
0.21315672
0.21306665
0.21287419
0.21274287
0.2126629
0.21241264
0.21231434
0.21211913
0.21194884
0.21190256
0.21160349
0.21148404
0.21130884
0.211154
0.21115552
0.210887
0.21082735
0.21070257
0.21059527
0.21064511
0.21043369
0.21048717
0.21041925
0.21026991
0.21029657
0.20994323
0.20986141
0.20965496
0.20940137
0.20936236
0.2091746
0.2091892
0.20898207
0.20902431
0.2089018
0.20886649
0.20890468
0.20861077
0.20886748
0.20872411
0.20839572
0.20848627
0.2081571
0.20811938
0.20811753
0.20783141
0.20788212
0.2076541
0.2077172
0.20761447
0.20741692
0.20748897
0.20717904
0.20727365
0.2071588
0.20710935
0.20726329
0.20696577
0.20718716
0.20714417
0.20677456
0.20686296
0.20652366
0.20642263
0.20638023
0.20604828
0.20608787
0.20581199
0.20581199
0.2058527
0.20554122
0.20566462
0.20540385
0.20549451
0.20556578
0.20530173
0.20543846
0.20516445
0.20524904
0.20522428
0.2050772
0.20517968
0.20485303
0.2048753
0.20467764
0.20438504
0.204354
0.20393105
0.20392685
0.20356315
0.20357233
0.20353821
0.20301495
0.20318675
0.20277235
0.20277692
0.2028544
0.20224763
0.2022642
0.20199843
0.20170628
0.20178899
0.2013578
0.20130683
0.20109913
0.20088297
0.2009993
0.2006495
0.20075026
0.20055488
0.20064457
0.20074116
0.20034677
0.20060278
0.20027699
0.20025997
0.20039298
0.1998038
0.19993055
0.19963764
0.19937958
0.19966939
0.19923548
0.1991669
0.19925484
0.19895595
0.19933963
0.19922295
0.19901963
0.1992778
0.19913708
0.19948205
0.19950499
0.19932356
0.19960816
0.19933586
0.19947538
0.19945474
0.19913092
0.19923192
0.19887353
0.19878787
0.1986706
0.19837037
0.19848207
0.19814712
0.19816045
0.1980272
0.1978126
0.19784176
0.19768451
0.19773692
0.19760776
0.19752975
0.19746941
0.19747038
0.19744028
0.19726792
0.19731462
0.1970242
0.19697401
0.19672783
0.19663079
0.19639184
0.19634329
0.19621257
0.19573104
0.19567524
0.19508465
0.19511333
0.19468068
0.19402523
0.19380789
0.19343112
0.19340709
0.19281517
0.19250642
0.19207907
0.19198607
0.19146863
0.19114593
0.19086348
0.19040161
0.19006604
0.1895628
0.18925232
0.18846361
0.18871191
0.18815136
0.18729974
0.18647975
0.18623999
0.18552938
0.18555006
0.18544948
0.18461937
0.18396354
0.18353388
0.18315007
0.18275632
0.18287157
0.18212245
0.18198921
0.18191734
0.18086821
0.18035695
0.18004921
0.18033716
0.18065576
0.18078117
0.18053652
0.18004264
0.17911567
0.17856199
0.17828642
0.17868194
0.17973302
0.1796073
0.18001604
0.17843285
0.17838742
0.17739044
0.17531948
0.175622
0.17481525
0.17544274
0.17521691
0.17614155
0.17709452
0.17696954
0.1781059
0.17702703
0.1763891
0.17629062
0.1757189
0.17545697
0.17640688
0.17607993
0.17620352
0.17532617
0.17522886
0.17510678
0.17601918
0.17626733
0.17562455
0.17423354
0.17419808
0.1739039
0.17352492
0.17384121
0.172653
0.17435956
0.17371958
0.17422378
0.17402297
0.17516735
0.17744063
0.1765954
0.17483512
0.1743464
0.17210643
0.17273279
0.17352413
0.17271537
0.17367752
0.17473643
0.1735184
0.17328814
0.17361061
0.17145722
0.17068502
0.1706603
0.17048363
0.17181727
0.17204522
0.1699119
0.17166047
0.17247084
0.17095357
0.17548236
0.1777736
0.17307797
0.17239419
0.17410065
0.17271088
0.17063744
0.17333801
0.17435068
0.17177956
0.16982982
0.16872291
0.1701469
0.170699
0.17277712
0.1764407
0.17147769
0.16815986
0.16826107
0.16938616
0.17193295
0.17388877
0.16987205
0.16746622
0.16747205
0.16780087
0.17251083
0.17487393
0.16852309
0.16644333
0.16892998
0.16771804
0.16895778
0.17238022
0.1709865
0.16651072
0.16832241
0.1692474
0.16993302
0.1706348
0.17029648
0.16755337
0.16618198
0.16585873
0.16686705
0.17060612
0.17195907
0.16631018
0.16561697
0.16660635
0.16616125
0.17185323
0.17501456
0.16810496
0.1635808
0.16582248
0.16557267
0.16650015
0.16912314
0.16566323
0.16413927
0.1632349
0.16740574
0.1709634
0.1673001
0.16437879
0.16478838
0.16361266
0.16687521
0.17014642
0.16744202
0.16523077
0.16479672
0.1641079
0.1673739
0.16988039
0.16811445
0.16392909
0.16367878
0.16350375
0.16588634
0.17048055
0.16834004
0.16310002
0.16384007
0.16223806
0.16368952
0.17076938
0.17118959
0.16352776
0.16277778
0.16196044
0.16248909
0.16881678
0.17028378
0.16364346
0.1622863
0.1626823
0.16339192
0.16907884
0.17236905
0.1664304
0.16180113
0.16142373
0.16152242
0.16416839
0.16513157
0.16223964
0.16094902
0.16028619
0.16216044
0.1679404
0.16780744
0.16181108
0.16157351
0.16071178
0.16089015
0.16869947
0.17232428
0.16422868
0.16030033
0.16131142
0.1613123
0.16489176
0.16757847
0.16563554
0.16161673
0.15974514
