0.2899
0.04869451
0.06770524
0.09497482
0.060872514
0.028387086
0.028824024
0.0407303
0.0388343
0.028867729
0.022710452
0.027314961
0.03174627
0.02941761
0.025126955
0.02193053
0.024801554
0.027543157
0.025837481
0.023365209
0.021543287
0.021477228
0.022443512
0.021403411
0.019812135
0.020635141
0.021436594
0.02077651
0.019481497
0.019593291
0.020367224
0.02000244
0.019209648
0.019365652
0.019720294
0.019281475
0.018963022
0.019462058
0.019442784
0.019025961
0.019050548
0.019306159
0.019181607
0.018894423
0.019394053
0.01943337
0.019414606
0.018995307
0.019404305
0.01964437
0.019262934
0.019155195
0.01882646
0.018859133
0.018907558
0.018910749
0.018932663
0.018777132
0.019042509
0.01888138
0.019013362
0.018899158
0.01909818
0.01910808
0.01875677
0.019398076
0.019308686
0.018820358
0.018970719
0.019099327
0.018786442
0.019602858
0.019977828
0.019050406
0.019576814
0.020267202
0.019570736
0.019369142
0.019570423
0.01917205
0.01950846
0.019602908
0.01891319
0.019523269
0.020094719
0.019202521
0.01889716
0.019222384
0.018765667
0.019319983
0.019836359
0.0190774
0.018859627
0.019152038
0.018759431
0.01914316
0.019516038
0.018920565
0.018893624
0.019214636
0.018836755
0.018889965
0.019124638
0.018822836
0.018859567
0.019016642
0.01881426
0.018782644
0.018880999
0.018794568
0.018686341
0.018812222
0.01868663
0.018772624
0.018803047
0.01858746
0.01864587
0.018574445
0.018814338
0.018785838
0.018585652
0.018685885
0.018628769
0.01865196
0.018618653
0.018676639
0.018665617
0.018589806
0.0186478
0.01855579
0.01874811
0.018776856
0.018540496
0.018678037
0.018668177
0.018511401
0.018541908
0.018537173
0.018497312
0.0185412
0.018507326
0.0186214
0.01860409
0.018518664
0.018585367
0.018492477
0.01862995
0.018671295
0.0185069
0.01854602
0.01856315
0.01844608
0.018577779
0.018525787
0.018600715
0.018563977
0.018506484
0.018504987
0.018476477
0.018441873
0.018533176
0.018503478
0.018472621
0.018447356
0.018469198
0.01843873
0.018471682
0.018454654
0.018442823
0.01841384
0.01843389
0.01841162
0.018408813
0.018384704
0.01842632
0.018396279
0.0183873
0.01836964
0.018372426
0.018352909
0.018352682
0.018329475
0.018345028
0.018320987
0.018310618
0.0182841
0.018308809
0.018278806
0.0182721
0.018243564
0.018259235
0.018225247
0.018225284
0.018191358
0.018195173
0.01815801
0.018167404
0.018127965
0.018115642
0.01807726
0.018071713
0.01802601
0.01802104
0.017975854
0.017941453
0.017883513
0.017888526
0.01782418
0.017765636
0.017691849
0.017667167
0.017570876
0.017531892
0.017436823
0.01736917
0.01726717
0.017252706
0.01714717
0.017060088
0.016969437
0.016920062
0.016785778
0.01677768
0.016715037
0.016620448
0.016498147
0.016556444
0.016448328
0.016327834
0.016331902
0.016297527
0.016222334
0.016073177
0.016363151
0.016159894
0.016097726
0.016052958
0.01587406
0.015755171
0.016062729
0.015908701
0.01580413
0.015684087
0.015717419
0.015622631
0.015597944
0.015543343
0.015458778
0.015414293
0.0152529245
0.015269783
0.015136875
0.015024687
0.015202408
0.014921826
0.015327687
0.015222383
0.015093395
0.015092927
0.014895516
0.014788918
0.014898487
0.014747053
0.014798862
0.014744221
0.014771159
0.014714755
0.014673344
0.014561635
0.014660577
0.014542474
0.014494062
0.014496475
0.014437332
0.014477351
0.014270213
0.014667821
0.014490125
0.014488314
0.014362759
0.014576472
0.014269789
0.014750809
0.014937404
0.014214148
0.014454868
0.014350335
0.014109715
0.014250522
0.014063931
0.013955799
0.014150395
0.014007664
0.014087119
0.014081708
0.013889712
0.01386826
0.013936725
0.01376994
0.014038026
0.013948177
0.013697634
0.013795052
0.013596069
0.01352222
0.014197241
0.014032179
0.013842837
0.013825201
0.013704579
0.01363388
0.013663035
0.013544763
0.013765647
0.013643271
0.01358096
0.013529447
0.013591663
0.013419878
0.013666052
0.01353331
0.013431951
0.013360393
0.013477656
0.013374187
0.013483331
0.013415872
0.0133387735
0.013325348
0.013341454
0.013257462
0.013306049
0.013288717
0.013095752
0.013023704
0.013348167
0.013243392
0.013053589
0.012975036
0.01326928
0.013135905
0.013075988
0.012983911
0.013107788
0.01293204
0.01311997
0.012993261
0.012967481
0.012864664
0.012994987
0.012907212
0.012818103
0.012731996
0.012977886
0.012869187
0.012753862
0.0127506675
0.012716549
0.012639198
0.012730166
0.0126632005
0.012674606
0.012577619
0.012656161
0.0125902435
0.012605664
0.012521819
0.012419869
0.012332638
0.012705635
0.012509715
0.01244757
0.012355555
0.012476791
0.012390514
0.0122571485
0.012194201
