0.28945065
0.043103013
0.07803569
0.10327395
0.06522081
0.02951985
0.027342752
0.039194893
0.04182407
0.03204155
0.022290185
0.022653446
0.026902443
0.02660034
0.023190761
0.020782975
0.022913227
0.024867034
0.024133613
0.022258176
0.020456923
0.022054495
0.02339612
0.022311466
0.021729523
0.020589707
0.021430457
0.022361433
0.021608138
0.021096505
0.020541826
0.021244854
0.021773323
0.020801142
0.020824175
0.020825127
0.020812763
0.020759342
0.020201942
0.020629777
0.02085042
0.020586831
0.020520382
0.020375578
0.02068962
0.020331183
0.02037628
0.020352283
0.020762248
0.02057163
0.020254215
0.020495493
0.0201872
0.02110078
0.021103226
0.020334683
0.020602701
0.020285377
0.020537553
0.020589987
0.020168511
0.0205285
0.020398563
0.020549228
0.02051031
0.020081753
0.02016102
0.020076605
0.020059584
0.020123852
0.020030946
0.02013541
0.019988025
0.020518536
0.020470567
0.02015656
0.020057663
0.020036466
0.020029336
0.020079745
0.019863453
0.020432668
0.020495456
0.019767055
0.020723654
0.021285826
0.020368855
0.020150961
0.020368373
0.01997076
0.020025887
0.0201441
0.019887747
0.01966399
0.019804804
0.019749096
0.019460931
0.019447168
0.019585943
0.019453108
0.019573605
0.01954128
0.01943863
0.019356882
0.019508103
0.019391391
0.019235404
0.019208925
0.019217843
0.019145848
0.019226586
0.019105606
0.019141711
0.019082963
0.019047068
0.019011296
0.018868834
0.018775105
0.019170398
0.01899686
0.018728929
0.018617548
0.018571323
0.01841574
0.018335553
0.018100075
0.018086307
0.018000051
0.017564151
0.017792128
0.017483145
0.017122522
0.016850164
0.01645629
0.016199475
0.016005801
0.0162232
0.016144251
0.015680581
0.016553255
0.016500963
0.01568777
0.015623368
0.016519835
0.015337476
0.016254375
0.01650436
0.015695939
0.015694829
0.015873032
0.015300892
0.014852413
0.015439008
0.014648403
0.014810597
0.014585209
0.014345817
0.015158832
0.0154360905
0.014471091
0.015118395
0.015736138
0.014895822
0.014803536
0.014776394
0.0145672755
0.01469211
0.014131777
0.014660818
0.015251546
0.014343579
0.014147289
0.014604799
0.014044293
0.01410325
0.014163022
0.013753813
0.013896838
0.013731316
0.013812794
0.0136172725
0.013617004
0.013641168
0.013322909
0.013642065
0.01363761
0.013421431
0.013215738
0.013395735
0.013258348
0.013103746
0.01317928
0.013082963
0.012988632
0.012974639
0.012918514
0.012727447
0.012577824
0.01289286
0.012825091
0.012558696
0.012500879
0.012641069
0.012472227
0.012340703
0.012295487
0.0126130255
0.012344823
0.012948155
0.012747028
0.012502298
0.012424052
0.012498339
0.012212325
0.01248426
0.012588342
0.011978234
0.013073652
0.013117668
0.0118675195
0.012810606
0.013314742
0.012273043
0.012362477
0.012955519
0.012764226
0.011967417
0.012127541
0.012652759
0.011818704
0.012180719
0.0127172535
0.012438943
0.011976087
0.011702898
0.01202093
0.011768046
0.011469178
0.011623717
0.011629536
0.011345692
0.011613364
0.01186381
0.0115678385
0.011464884
0.011367035
0.011859524
0.011539553
0.011419426
0.011500624
0.01192727
0.011602744
0.011356902
0.011235383
0.011217407
0.011145317
0.011517651
0.011507265
0.011214611
0.011286144
0.011328216
0.01095159
0.011481593
0.011641964
0.0108682485
0.011179782
0.01109425
0.011025148
0.010826777
0.011220567
0.011390932
0.010963355
0.011015549
0.0108745685
0.011139565
0.01109513
0.010690629
0.011143467
0.01097329
0.010674504
0.01072152
0.010558109
0.010544275
0.010672734
0.010690709
0.010405808
0.010646053
0.010846476
0.010546801
0.010483206
0.010586895
0.010685514
0.010348176
0.010270596
0.0103212325
0.010379464
0.01011676
0.010370176
0.010205717
0.010315838
0.010097128
0.010202247
0.010187343
0.009853135
0.009931716
0.009846896
0.009797048
0.009561543
0.00972406
0.009676202
0.009582606
0.009442563
0.009880349
0.009919775
0.009453493
0.009864427
0.009694809
0.009538256
0.009716708
0.009916343
0.009566301
0.009661427
0.009500378
0.00956365
0.009281454
0.009450949
0.009384856
0.009096509
0.008998804
0.009595722
0.00932346
0.009113494
0.009087156
0.009096062
0.008984466
0.008995436
0.008890178
0.008843123
0.008705567
0.008937712
0.008725807
0.008965446
0.008858631
0.008555581
0.008437798
0.00875597
0.008491916
0.008691463
0.008550613
0.008321174
0.008176808
0.0085217105
0.008339842
0.008356641
0.008309378
0.008126054
0.007977943
0.00847332
0.008285052
0.008063581
0.007977302
0.008157215
0.007972469
0.008105713
0.00801133
0.007887837
0.007780189
0.008079038
0.008027151
0.007831196
0.007754496
0.00796539
0.007789304
0.007821645
0.007729536
0.007699026
0.0076036355
0.00794452
0.007946373
0.0077087046
0.007832321
0.0074601774
0.0074807145
0.0076967254
0.007538902
0.0075436956
0.0074346308
0.007497491
0.007496042
0.0073611937
0.0073262486
0.0073673115
0.0073362975
0.0073129064
0.0071717133
0.0072422433
0.007013377
0.007499516
0.0074374354
0.007117866
0.0071372297
0.0071918373
0.007024009
0.0070676827
0.006953463
0.006914275
