0.28754094
0.043293666
0.07010612
0.058081523
0.025904894
0.031558193
0.036808107
0.027541036
0.022674074
0.025844997
0.026567668
0.023264142
0.022145398
0.022976844
0.022839045
0.022013118
0.02148374
0.022345705
0.021729471
0.021397643
0.021622492
0.021322856
0.021254793
0.021389658
0.021212777
0.021292841
0.021300009
0.021162786
0.021202818
0.021135494
0.021057246
0.021101588
0.021015273
0.021116665
0.021024635
0.021138689
0.021147022
0.020936074
0.021063305
0.020941747
0.021050503
0.021075016
0.020875348
0.021396974
0.021347152
0.020907542
0.020999953
0.02103068
0.020825597
0.02139858
0.02139678
0.020802058
0.021286666
0.02140118
0.020922208
0.020989591
0.02119311
0.020819714
0.021057175
0.021278277
0.020820325
0.020932136
0.021180421
0.020833055
0.020831503
0.02103261
0.020765012
0.020726578
0.020822195
0.02062085
0.02083046
0.020860286
0.02055399
0.021017238
0.021098236
0.020780796
0.020576706
0.0209203
0.02100424
0.020554153
0.020582894
0.020766068
0.020557353
0.020514516
0.020544069
0.020610653
0.02031777
0.021137044
0.020994604
0.020227442
0.02035913
0.020365322
0.020192077
0.020155987
0.019962246
0.019858556
0.019818453
0.019626817
0.019623494
0.019095005
0.019668298
0.019602574
0.01874548
0.01859339
0.017955033
0.018266989
0.017916536
0.017168676
0.016666234
0.016557248
0.016183296
0.016202098
0.016383866
0.016307997
0.016134769
0.016148632
0.015831525
0.015813358
0.015675401
0.015462595
0.0154084675
0.01512047
0.0152759105
0.0151283
0.0146924285
0.014632081
0.014503818
0.0143462
0.0142407715
0.014113155
0.014016363
0.013835035
0.013698882
0.013734691
0.01351998
0.013536078
0.013365507
0.0133738
0.013186708
0.013311605
0.013286677
0.0128914425
0.0132573275
0.01291769
0.013136121
0.013320901
0.012872133
0.012884359
0.012868971
0.012780026
0.012445654
0.012369603
0.012648173
0.01240408
0.012707997
0.012761354
0.012272834
0.012175848
0.012456208
0.012262508
0.0123642385
0.012357041
0.012210394
0.0120521225
0.0122152865
0.012132369
0.012010127
0.011816663
0.012079817
0.011900508
0.011696212
0.011609219
0.011640803
0.011519734
0.0115797715
0.011488902
0.011350128
0.011264053
0.011551128
0.0114237815
0.011225156
0.011068714
0.011525393
0.011309101
0.01119954
0.011138585
0.011149521
0.011027326
0.011241947
0.011209555
0.010947011
0.010917291
0.011073589
0.010981429
0.010939223
0.010901519
0.01087078
0.010773785
0.010961006
0.010855443
0.010802411
0.01068157
0.0109799765
0.010829632
0.010755564
0.010730763
0.010694708
0.010653804
0.01072948
0.010713103
0.010563583
0.010528688
0.01062566
0.010544823
0.010561939
0.01049606
0.010554966
0.010440975
0.010522395
0.010400742
0.010568317
0.0104818605
0.010388874
0.010293687
0.01053017
0.010425847
0.010330035
0.010257478
0.010437629
0.0103052845
0.010283403
0.010190555
0.010322796
0.010227018
0.010223676
0.010153518
0.010189762
0.010123038
0.010113761
0.010067843
0.010123999
0.010095983
0.010019017
0.0099588465
0.010213892
0.01015349
0.009928674
0.009915486
0.010024886
0.009964823
0.009947681
0.009938613
0.009862425
0.009863995
0.009898999
0.00985827
0.009826501
0.009801663
0.0098460615
0.009862241
0.009728499
0.009818561
0.009704668
0.0097481655
0.009792052
0.0099661825
0.009609347
0.009740953
0.0095930835
0.0098245265
0.009505465
0.010014262
0.0097130155
0.009592353
0.009636199
0.009655389
0.00987858
0.009516179
0.009672993
0.009654387
0.009472297
0.009585534
0.009340367
0.010366042
0.010941627
0.010677504
0.009835451
0.009810467
0.00987839
0.009733782
0.009401239
0.01056089
0.01094339
0.009642181
0.010068526
0.009960572
0.009743624
0.0098511
0.009851151
0.00988115
0.009410664
0.0103522185
0.010521661
0.009452202
0.00991985
0.009924647
0.00957223
0.0096371
0.009638749
0.009603658
0.009250493
0.009338646
0.009273831
0.009161822
0.009569667
0.009517878
0.009350325
0.009138484
0.009796799
0.009828139
0.009371972
0.009291209
0.009107396
0.009120654
0.009046077
0.009060733
0.009022276
0.009017065
0.009179824
0.008993763
0.008948161
0.008979605
0.008964944
0.008970971
0.009037264
0.008910907
0.008855642
0.008968837
0.008892345
0.008865067
0.008922588
0.008918262
0.008741015
0.008885371
0.008874365
0.008764764
0.008886022
0.008910053
0.008852712
0.008640084
0.008956969
0.009094593
0.008854173
0.008742404
0.008786905
0.0087198885
0.008813242
0.00867202
0.008639762
0.008646889
0.008841958
0.008620451
0.00963702
0.009958592
0.008903193
0.009883444
0.01043539
0.009833422
0.0103518395
0.010163605
0.008912141
0.009438461
0.00960099
0.009580026
0.0092356475
0.009199314
0.009360152
0.008643184
0.009621252
0.0104511045
0.009194112
0.009069111
0.009607841
0.008619943
0.009244218
0.009606353
0.008629025
0.009589331
0.010656337
0.009453953
0.008808722
0.009008081
0.008967291
0.008648404
0.008739095
0.008813012
0.008391642
0.008545984
0.008269635
0.008412296
0.008412685
0.008257519
0.008335597
0.008253006
0.008209404
0.008302965
0.008258311
0.008295856
0.008198456
0.008252041
0.008058006
0.008311092
0.008134643
0.008188909
0.008142628
0.008123969
0.008011588
0.008193006
0.007888525
0.008401597
0.008450289
0.007994596
0.008124154
0.008389045
0.008144073
0.007802407
0.008021287
0.007956815
0.0077945865
0.007921643
0.007823685
0.007705517
0.007735414
0.0077142194
0.007859112
0.0075352327
0.008148744
0.008044465
0.007877394
0.007922986
0.0077144033
0.0076255477
0.007649962
0.0076526566
0.0075272205
0.0076404647
0.007552868
0.007693358
0.00743842
0.0081686815
0.008316458
0.007963407
0.007890479
0.007653995
0.007869034
0.007905185
0.007399308
0.007728969
0.00783717
0.0076095653
0.0073988736
0.007685969
0.007653968
0.007635998
0.007742684
0.007476728
0.0076114195
0.0074421098
0.00759925
0.007539075
0.007532421
0.007293839
0.007880566
0.0077608973
0.007404823
0.0074911527
0.0074434928
0.0072419993
0.0076139956
0.007532993
0.0072887414
0.0072096637
0.0072505283
0.0071962005
0.0074281725
0.0072978917
0.0074594747
0.007365521
0.007359388
0.007266497
0.007201906
0.0070077437
0.0076029724
0.0075715906
0.0071056024
0.0070940736
0.007216954
0.0070884004
0.007296901
0.007227137
0.006970937
0.0069453125
0.006925829
0.0068599996
0.006969617
0.006822491
0.007005816
0.0068384544
0.007014368
0.0068530533
0.006881636
0.006710412
0.006998092
0.0067776353
0.0069784685
0.0068319836
0.0068843067
0.0068810736
0.006691636
0.0067170933
0.0065604076
0.0064738323
0.007061642
0.0069758613
0.006729132
0.0068650744
0.006629655
0.006765526
0.006591826
0.006897921
0.0069703087
0.0066395854
0.0066903085
0.006752319
0.0065929177
0.006497778
0.006829472
0.0064805574
0.007040733
0.0073918067
0.0065133236
0.0069842204
0.0071116462
0.0066328533
0.0067273467
0.006581765
0.007077105
0.0068239807
0.007110447
0.006822141
0.0063798553
0.0068233856
0.0064841113
0.0070075435
0.007341761
0.0066465028
0.0066884067
0.007002674
0.006712565
0.006340811
0.0065494343
0.0062276996
0.006321509
0.006310005
0.0063600354
0.006325808
0.006341466
0.0061550452
0.006411905
