0.2871018
0.13633563
0.0705111
0.027602358
0.04409462
0.041501004
0.021635314
0.039122965
0.04936343
0.040991757
0.031445127
0.0265745
0.025622612
0.029640367
0.03077282
0.025129834
0.021365449
0.024736539
0.026787812
0.024688609
0.020760763
0.023524478
0.026987074
0.026547326
0.022809798
0.020735236
0.022648918
0.023425274
0.024155298
0.022032961
0.020984491
0.021186179
0.021389984
0.022359846
0.021237276
0.020334264
0.02075257
0.020853372
0.022488346
0.020954661
0.022140399
0.022330364
0.01981701
0.021690255
0.021449516
0.020730393
0.02065398
0.019488914
0.019692449
0.019614676
0.019564709
0.019544592
0.019282443
0.01983737
0.019528367
0.019878684
0.019338593
0.020851498
0.020930419
0.018873518
0.023418074
0.026626537
0.023571009
0.021140302
0.021939449
0.020677397
0.018825509
0.020695256
0.020618297
0.01849003
0.021881914
0.024265593
0.021536117
0.018459758
0.02015292
0.020312484
0.018715085
0.01962245
0.019460367
0.017615406
0.019678736
0.020794963
0.01812244
0.017126417
0.017993663
0.016731495
0.017629014
0.018619077
0.016896894
0.016690778
0.017521622
0.016138155
0.016745383
0.017553462
0.015859783
0.016488345
0.017528402
0.016083566
0.01588193
0.016564222
0.015526727
0.015881775
0.016441016
0.015182033
0.016071182
0.0168749
0.015329213
0.01512326
0.015561324
0.014465674
0.015730476
0.016580096
0.0147279315
0.014979419
0.015948497
0.01466703
0.01407322
0.014283672
0.013692413
0.013910326
0.013732306
0.013638314
0.013105921
0.013916415
0.014085355
0.013012146
0.013534048
0.013373904
0.013417617
0.013533217
0.012749985
0.013097215
0.0131097585
0.013102862
0.01274291
0.012697906
0.012591903
0.012455765
0.012406769
0.012194014
0.01207599
0.012139353
0.0120247705
0.011835749
0.01187628
0.011823569
0.011725266
0.011691202
0.0114652915
0.012296627
0.0123831155
0.011689479
0.011655024
0.011449094
0.011332952
0.011255033
0.011160738
0.010984037
0.011060454
0.010946232
0.0108642755
0.010806107
0.010690567
0.010777487
0.010530782
0.010487585
0.010418897
0.010457243
0.010546085
0.010366189
0.010785979
0.010552163
0.010247372
0.009979354
0.010879929
0.011114488
0.009998228
0.010534952
0.010292583
0.0105288895
0.010873479
0.009796425
0.010869692
0.011402733
0.010287742
0.011076721
0.011343631
0.009529881
0.011469225
0.013495743
0.011488671
0.009688482
0.010309145
0.009720407
0.010039564
0.010600831
0.009503947
0.01010894
0.010896738
0.00976875
0.0101466635
0.010579027
0.009262099
0.010307018
0.011619014
0.010178507
0.009393935
0.009980109
0.009201907
0.009715204
0.010472338
0.009299791
0.009526162
0.010087749
0.009036761
0.009857533
0.010754559
0.009302707
0.0091879815
0.009950354
0.008938901
0.009466474
0.010374028
0.009104378
0.009033532
0.009706969
0.00872881
0.009309531
0.010093458
0.008833066
0.009036019
0.009758028
0.008640082
0.009112358
0.010003546
0.008744734
0.008764873
0.009458509
0.008444759
0.008966562
0.0098244585
0.008574079
0.008601234
0.00924025
0.00825715
0.0088368645
0.009704333
0.008460998
0.008403947
0.00905588
0.008155805
0.008589434
0.009423819
0.0083371
0.0082717845
0.009010437
0.008269722
0.00807845
0.008807271
0.008119293
0.008026486
0.008701645
0.0075952983
0.009102961
0.010013859
0.008277894
0.007961281
0.008841656
0.007848396
0.007531006
0.00774975
0.0072154566
0.008357166
0.008864201
0.007324641
0.008244718
0.009355032
0.00830898
0.0071915947
0.007918209
0.008326456
0.007493198
0.007473542
0.007522475
0.0073428936
0.007467447
0.0068692905
0.0071070082
0.007185401
0.0068247705
0.00682557
0.0070199645
0.0068684886
0.006587545
0.006617462
0.006500557
0.0065929894
0.006490202
0.0063311844
0.006482152
0.006321235
0.0061049764
0.0060621873
0.0060222284
0.0060906056
0.005867844
0.005902192
0.005995208
0.0060729566
0.005956354
0.005789947
0.00570702
0.005733516
0.005752582
0.005721791
0.0054976256
0.0056707184
0.0055263904
0.0056295
0.0054661087
0.005390289
0.0054569063
0.0053365403
0.0053780004
0.0051701632
0.0051827184
0.005254008
0.0051613753
0.005191203
0.0050410875
0.0050283684
0.0051515666
0.0049906694
0.0052735084
0.00499507
0.005973509
0.006220113
0.0052971803
0.0055364794
0.00540575
0.0057232254
0.006079461
0.004814552
0.0062568807
0.0069942214
0.006010005
0.005199305
0.006158207
0.0059951395
0.0058853705
0.0058427867
0.00529328
0.0050671143
0.0058350377
0.0057676123
0.005240701
0.00505278
0.005258666
0.005274722
0.00515597
0.0048483894
0.0052769934
0.005184013
0.0053951168
0.0054589934
0.004545977
0.004592375
0.004802535
0.00450062
0.0047172387
0.0046042586
0.004666363
0.0045366674
0.0046302616
0.004488293
0.0047105514
0.0046248925
0.0043983734
0.0046299263
0.004718749
0.0043355916
0.0046950076
0.004968692
0.0047855317
0.004375813
0.0046812813
0.0048739775
0.0046143266
0.004610566
0.0045673735
0.004451459
0.0045277015
0.0047859782
0.0043777633
0.005415591
0.005587969
0.005768314
0.0056594075
0.005303481
0.004724825
0.004501538
0.004682426
0.0049579577
0.004654217
0.0048644445
0.0047081984
0.005239694
0.005209593
0.004370117
0.004247201
0.0045939884
0.0045088646
0.0048095635
0.004458561
0.0048165037
0.004819076
0.0045982846
0.0044236598
0.0045751487
0.004292209
0.004770412
0.004738201
0.004317085
0.0041870507
0.0045756027
0.004502995
0.004482619
0.0044679767
0.004300145
0.004181603
0.004511559
0.004404385
0.004168119
0.0040535163
0.0043462813
0.004219352
0.0043064198
0.004263889
0.0040880796
0.0040169437
0.0042558257
0.0041087647
0.0042428034
0.0041089854
0.0041551352
0.0040710904
0.004121492
0.0040077567
0.004129758
0.0040040645
0.0041193203
0.0040288125
0.004006672
0.0038849164
0.004171211
0.004073259
0.003937289
0.003871005
0.0040783104
0.003978882
0.0039459937
0.0038732868
0.0040075066
0.0039085764
0.0039648875
0.0038938362
0.0039307363
0.0038515169
0.0039588446
0.0038958471
0.0038545437
0.003777488
0.0039830343
0.003906184
0.003793516
0.0037357947
0.0039600926
0.0038784223
0.0037510265
0.00367698
0.0039596367
0.0038722344
0.0037031937
0.0036374081
0.00391366
0.0038028907
0.0037339265
0.0036571808
0.0038592666
0.0037760788
0.003673544
0.0036002325
0.0038488277
0.003751003
0.0036750927
0.0036179947
0.0037554891
0.0036681301
0.0036925485
0.003627003
0.003693806
0.0036545445
0.0036210788
0.0035817747
0.0037435654
0.0036186427
0.0037229739
0.0036632314
