0.28929746
0.06972276
0.049481932
0.03329813
0.031870004
0.025283197
0.025908709
0.02584798
0.022715032
0.022750376
0.022988925
0.02211135
0.021289492
0.02183295
0.021636201
0.020673452
0.021598272
0.021638334
0.020635353
0.021680469
0.022550866
0.02143585
0.020579262
0.021644065
0.022086576
0.020723617
0.02108833
0.02153629
0.021341318
0.020661699
0.020920098
0.021394566
0.020554634
0.020821214
0.021135336
0.02084809
0.020369219
0.02112694
0.021216685
0.02048832
0.02062273
0.020822996
0.020680895
0.020265404
0.020900339
0.020697095
0.020362359
0.02041548
0.02047576
0.020308385
0.02062718
0.02063302
0.020263707
0.020331115
0.020352488
0.020211391
0.020556884
0.02052284
0.020239787
0.02024395
0.020352976
0.02019395
0.020388821
0.020425051
0.02011377
0.020157946
0.020181505
0.02001611
0.020548182
0.020574857
0.019955711
0.02101379
0.021755451
0.020963287
0.02027342
0.020451216
0.020473886
0.020429576
0.020200446
0.01985053
0.0202517
0.02010275
0.019740932
0.019686742
0.020011544
0.019932447
0.019768955
0.019750133
0.019702261
0.019655779
0.019720703
0.019669129
0.019727938
0.019641059
0.019741604
0.019724473
0.019584822
0.019569693
0.019654669
0.019581785
0.019646538
0.019608513
0.019557273
0.019515617
0.019545728
0.019496432
0.019524349
0.019478327
0.019448968
0.019396065
0.019426184
0.01936458
0.01932086
0.01924952
0.01925814
0.019165874
0.018992504
0.018869331
0.018885009
0.018647032
0.018400611
0.0183241
0.017759098
0.017836593
0.017508905
0.016617848
0.017022127
0.01670178
0.016942741
0.016838843
0.016985063
0.016167112
0.016910307
0.01671276
0.01622009
0.01612536
0.016001267
0.015702644
0.015432708
0.015485191
0.015286709
0.015138537
0.015010263
0.0151805645
0.015064468
0.014828887
0.015006016
0.0146373315
0.014916816
0.014948201
0.014568814
0.015301746
0.015621468
0.01515763
0.014640034
0.014902853
0.015054889
0.0144752795
0.014393985
0.01454633
0.014365982
0.014168218
0.01415338
0.01416088
0.013911366
0.013952687
0.013938862
0.013628877
0.014556847
0.014678004
0.014067273
0.013843308
0.013673802
0.013713464
0.013525166
0.01341219
0.013436251
0.01342631
0.013214196
0.013264768
0.013253763
0.013334438
0.0132213235
0.013016167
0.0132769495
0.013089907
0.013317198
0.013094905
0.013413216
0.013330668
0.013191223
0.013049095
0.012719552
0.012646851
0.012966012
0.012859016
0.013091489
0.012917207
0.012787066
0.012721662
0.012690809
0.0126594715
0.012586142
0.012565763
0.012616358
0.012601815
0.012683399
0.012775074
0.012353235
0.012478384
0.012414932
0.012298591
0.012289991
0.012205206
0.012351596
0.012287055
0.012286688
0.01240991
0.012639658
0.012298676
0.012658265
0.012797408
0.012205611
0.012207004
0.0121717295
0.012104015
0.012055963
0.011965224
0.0122027695
0.012077723
0.012072307
0.012052361
0.011939451
0.011956747
0.011778653
0.012155539
0.012153509
0.012033246
0.011925496
0.012058917
0.011967757
0.011829025
0.011807536
0.011756599
0.011664345
0.012025637
0.011908184
0.011604138
0.011535841
0.011826568
0.011661553
0.011830039
0.011696755
0.011599809
0.01145827
0.011842097
0.01175867
0.011556289
0.011461818
0.011595129
0.011572625
0.011529597
0.011497018
0.011447002
0.011452015
0.011390944
0.011343683
0.011468299
0.011429814
0.011262515
0.011250532
0.01137801
0.01125206
0.011306102
0.01128161
0.011257502
0.011152844
0.011291708
0.011226381
0.011194523
0.011137086
0.011238088
0.011137094
0.011158623
0.011110492
0.011110735
0.010996257
0.011128168
0.011083677
0.010964389
0.010924186
0.011015129
0.010976235
0.010964832
0.010927577
0.0109456405
0.010933891
0.010860632
0.010879387
0.01084284
0.010748617
0.011071662
0.01108475
0.010714035
0.010988787
0.010595098
0.01054677
0.010815255
0.010632706
0.010744866
0.01065524
0.01068937
0.010698251
0.0105383685
0.010756862
0.010546719
0.01084238
0.010993235
0.010503102
0.010798901
0.0108113205
0.010612565
0.010814154
0.010623652
0.010570109
0.010837198
0.010567295
0.010556157
0.010923363
0.010438074
0.011402224
0.011794649
0.011226975
0.010992757
0.011118782
0.011188947
0.010945994
0.010554834
0.01101054
0.011089385
0.0109477
0.010611952
0.010609995
0.010523092
0.010786143
0.010424615
0.010980464
0.010761728
0.01108859
0.0111170225
0.01045726
0.010586694
0.01063818
0.010556991
0.010369104
0.010282257
0.010595164
0.010546637
0.010737079
0.0105142845
0.010446954
0.010349412
0.010596431
0.010360087
0.010556619
0.010370236
0.0105264895
0.01022177
0.010515771
0.010405728
0.01030323
0.010251421
0.010464895
0.010390276
0.0101283975
0.010124468
0.010406044
0.010232183
0.010382717
0.0103103025
0.010150512
0.010082536
0.010362667
0.010358398
0.010135475
0.010126435
0.010472148
0.010418768
0.010011505
0.010045448
0.01018183
0.010018545
0.010373014
0.0101634115
0.010276371
0.01015102
0.010252961
0.010077416
0.010344951
0.010235116
0.010067139
0.010067977
0.010169691
0.0101452395
0.010070278
0.010036749
0.010107581
0.010036498
0.010033596
0.010000979
0.010083879
0.010030065
0.010116338
0.009983673
0.010334839
0.010297698
0.009940513
0.01018348
0.009835672
0.010018215
0.00977634
0.010139276
0.0099215945
0.010282415
0.010458465
0.00989314
0.010011735
0.010039351
0.009825185
0.010056402
0.009945348
0.0101813665
0.0100873485
0.010206285
0.010135195
0.010262101
0.010317915
0.0100094825
0.01021342
0.00996196
0.010012197
0.009941926
0.009990779
0.009713744
0.01025039
0.009974127
0.010011331
0.01003158
0.009789982
0.009772995
0.009883999
0.009777069
0.010081595
0.010014214
0.009982682
0.009996574
0.009811508
