0.28828642
0.048649002
0.05877768
0.03761552
0.024629435
0.02665852
0.025451468
0.024306694
0.02328744
0.022738663
0.023382336
0.022776732
0.021539742
0.022306764
0.022223758
0.021170745
0.022249343
0.02247245
0.021411816
0.021321604
0.021812418
0.021113029
0.021170905
0.021343196
0.021028094
0.020856783
0.020789033
0.02065063
0.020458134
0.020400338
0.020146035
0.020316554
0.020228878
0.019900857
0.020246617
0.020153657
0.019869164
0.019946458
0.019857036
0.019694267
0.019640446
0.0196501
0.019641235
0.019497754
0.019450644
0.019647673
0.019446472
0.019645678
0.019607708
0.019234741
0.019767206
0.019189095
0.019538885
0.019507425
0.019355798
0.019458748
0.019211287
0.019413559
0.019186506
0.0193192
0.01931644
0.019193456
0.019044952
0.01924987
0.018982051
0.019435577
0.019375753
0.018819248
0.018922059
0.018782787
0.018806698
0.018710677
0.018892841
0.018828625
0.018637681
0.018700799
0.018502915
0.019048145
0.019030824
0.018418165
0.018867144
0.018931009
0.018377282
0.018751085
0.01909182
0.018409071
0.018515507
0.018872894
0.018402217
0.018232426
0.018412849
0.018120581
0.01841412
0.018607073
0.018105326
0.017963365
0.01812075
0.017717203
0.01790636
0.01796434
0.017593568
0.017361138
0.017579786
0.017164817
0.017174998
0.01710186
0.016819919
0.016685411
0.016632264
0.016441224
0.016912574
0.017073214
0.016335202
0.016360814
0.016303485
0.015942857
0.015792912
0.015511341
0.015293106
0.015003294
0.014803785
0.0145178335
0.013980241
0.0140115945
0.013676658
0.013219699
0.01308333
0.012993646
0.012599933
0.012418266
0.012478623
0.012046133
0.011903376
0.011895725
0.011844923
0.011891768
0.011755827
0.011264905
0.011183499
0.011143104
0.010952797
0.011089164
0.010882653
0.010658257
0.010513194
0.0108322315
0.0107258735
0.010286222
0.010477889
0.010413208
0.010280454
0.010579117
0.010464725
0.010199686
0.0102229575
0.010000188
0.010059244
0.009968392
0.009889436
0.009704126
0.010057501
0.009821888
0.0100431675
0.010199535
0.009838925
0.00972329
0.009684701
0.009599409
0.00946284
0.009521122
0.009389852
0.00952422
0.009442768
0.009229126
0.009641622
0.009138878
0.009391125
0.009315989
0.008985012
0.0093709035
0.009562849
0.009100802
0.009288321
0.009334401
0.009121382
0.0091239335
0.009128452
0.009297466
0.008773529
0.009572674
0.009507982
0.008768131
0.008829549
0.008711569
0.008881248
0.008579773
0.008578437
0.008514848
0.008489606
0.008265504
0.008556863
0.008344225
0.008708533
0.008724004
0.00802673
0.008345604
0.008017339
0.0082051
0.008013801
0.008130596
0.008013218
0.008085999
0.007898214
0.0077770036
0.0076637566
0.0079786
0.007840339
0.0074997344
0.007717785
0.0076283957
0.007385064
0.0074757026
0.0074978564
0.007600771
0.0072867847
0.0075742207
0.0076747253
0.0071399882
0.008323263
0.008115278
0.007968928
0.0075909602
0.0077943006
0.0077697877
0.0073823202
0.0071379836
0.00784881
0.0076109804
0.0073665655
0.0071269698
0.0071249385
0.006778429
0.0076909177
0.0075307055
0.0067111216
0.006750703
0.006895961
0.006804561
0.006878355
0.0067834915
0.0066728904
0.0067856573
0.006572982
0.006415538
0.007040407
0.0068958127
0.0065192305
0.0065377676
0.006408043
0.006347287
0.006627008
0.0064301477
0.0063791214
0.0063261925
0.006212398
0.0060634725
0.0064921677
0.0068494286
0.0059631714
0.0064805318
0.006563149
0.0062282677
0.0062171854
0.006274453
0.006000899
0.006382253
0.0062113833
0.00647386
0.0064876825
0.005972995
0.0064033694
0.0059035183
0.006135628
0.006289774
0.0057854173
0.005631925
0.005857887
0.0057232804
0.005751113
0.005818034
0.0056522856
0.005687233
0.0055766124
0.0057576275
0.0055919997
0.005619669
0.00565614
0.0054129586
0.0056403503
0.005556565
0.0054725986
0.0055314894
0.0053668083
0.005439203
0.005273513
0.0053505353
0.005264465
0.0053286594
0.0055581094
0.005255369
0.005264862
0.00533912
0.005219688
0.0051666433
0.0051821596
0.0053338683
0.0052435156
0.0051597557
0.004995627
0.0054061227
0.00525111
0.0052849096
0.0051547815
0.005215528
0.0052809366
0.004970109
0.0051629413
0.0050684335
0.00515951
0.0051691537
0.0049656467
0.005179304
0.004884891
0.0054488997
0.005214136
0.005059596
0.005156367
0.005125776
0.0048953793
0.0050562844
0.0051312493
0.0048992718
0.0050630565
0.0049441378
0.004901742
0.0048603467
0.00529383
0.0047249347
0.005328017
0.0058875345
0.0053454973
0.0052871727
0.005300877
0.005236981
0.00512795
0.005077258
0.0047946675
0.0046733725
0.0050380304
0.0053908452
0.0048441156
0.005253835
0.0057004355
0.0061339997
0.005488971
0.005253541
0.0051471298
0.0055812714
0.0055482374
0.0048923693
0.0047594476
0.00521973
0.004981255
0.0057725697
0.0056975684
0.004810449
0.0048156376
0.0048828893
0.004587443
0.0054934565
0.005406383
0.004768636
0.0049182028
0.0047716554
0.0046610944
0.00495408
0.004736323
0.005286226
0.005175388
0.005128683
0.005074619
0.0052668713
0.00494162
0.0047472958
0.0047945324
0.0047858157
0.0047038915
0.0048898025
0.0048378767
0.0047050286
0.004867581
