0.28790858
0.06543379
0.06139053
0.03390281
0.027414674
0.027037026
0.021905338
0.026294788
0.024772882
0.021245299
0.022833606
0.022150954
0.021401763
0.0217529
0.021364639
0.021172425
0.021217098
0.020873317
0.0210585
0.02092676
0.020672688
0.020919435
0.020656433
0.020697871
0.020845285
0.020452557
0.021105072
0.021181107
0.02066185
0.020537823
0.020724611
0.020264305
0.020835519
0.020851372
0.020220038
0.021352813
0.021836644
0.021043137
0.020387726
0.020840826
0.021375254
0.020520335
0.02034818
0.02069417
0.02071116
0.020035336
0.021297852
0.02230698
0.021239514
0.020638017
0.020393781
0.020577334
0.020942762
0.020067653
0.02035086
0.020730726
0.020475345
0.020287516
0.019611612
0.020666994
0.021125624
0.02001712
0.020158319
0.020261874
0.019832829
0.019895105
0.019591725
0.019227872
0.019326149
0.019237032
0.018841727
0.019136794
0.018950492
0.018817255
0.018781414
0.018520935
0.018363891
0.01834505
0.018005492
0.01798383
0.01782436
0.017334932
0.017166605
0.016977195
0.016637594
0.016898243
0.016856052
0.016099917
0.016902471
0.016973997
0.016115697
0.016000787
0.015888007
0.015879653
0.015744034
0.01552813
0.015544723
0.015292692
0.015231346
0.0150078
0.015356424
0.015372801
0.015021798
0.014801075
0.014946039
0.014677957
0.014572029
0.014549767
0.014129457
0.014357485
0.01442422
0.014003617
0.0141645
0.014130679
0.013872355
0.013578057
0.014170639
0.014004449
0.0142478235
0.01347633
0.014418905
0.0146905305
0.014014997
0.013862806
0.013169822
0.01385204
0.0138827665
0.0152151575
0.014674266
0.013997321
0.014021908
0.013121729
0.012801989
0.013378206
0.013402375
0.013172962
0.0129062245
0.012805113
0.012655596
0.012744658
0.012664136
0.013012604
0.012933381
0.01251179
0.012429866
0.0124544455
0.0121919485
0.012803773
0.012829701
0.012174014
0.012227327
0.012256633
0.011983745
0.01227017
0.01234943
0.01199957
0.011780188
0.012113753
0.011925769
0.012115221
0.012020853
0.011628191
0.011630024
0.0113805095
0.011312989
0.011306178
0.011231626
0.011097026
0.011403516
0.01108274
0.01213098
0.012685309
0.0112201795
0.012447215
0.014201549
0.013198339
0.012281052
0.012530379
0.012235604
0.012049527
0.011660576
0.011218131
0.011319362
0.010958079
0.01086684
0.010813379
0.010632455
0.010334129
0.010522097
0.010363924
0.01043386
0.010428548
0.010155902
0.010201771
0.010037362
0.010217011
0.010061366
0.010008645
0.00980617
0.010088596
0.009903294
0.01004047
0.010147017
0.009780555
0.009802051
0.0094620725
0.009970355
0.010024312
0.009574797
0.009501608
0.009451471
0.009283978
0.009225795
0.009114022
0.009093898
0.008972846
0.009160818
0.009064071
0.00893572
0.009078085
0.008728985
0.008983062
0.008719929
0.0092362305
0.009528235
0.009075395
0.0088019315
0.009101015
0.008892178
0.0088799745
0.009085073
0.00870418
0.008483209
0.008904729
0.008732953
0.008351329
0.008415349
0.008502792
0.00829699
0.008544094
0.008594834
0.008264319
0.008161851
0.008352715
0.008085259
0.008275737
0.0082888445
0.008167001
0.0079584345
0.00832248
0.008120716
0.008069316
0.008008086
0.008020018
0.0077542155
0.008399402
0.008319344
0.0077121533
0.0077342936
0.007866089
0.007680048
0.008156738
0.008234368
0.007507468
0.007630367
0.007626785
0.0074529517
0.008139408
0.008050307
0.0076447837
0.007626779
0.0075831353
0.007427482
0.007787851
0.0078071565
0.007599289
0.007501887
0.0074555636
0.0073619117
0.0075189504
0.0074110287
0.0076178345
0.0074199657
0.007521791
0.007519096
0.007269206
0.007256422
0.0074575157
0.007339491
0.007225326
0.0071900976
0.007334204
0.007216944
0.0072811246
0.0071980706
0.0072242464
0.007151773
0.0072980337
0.0072319545
0.00710929
0.0070697987
0.007146422
0.00701057
0.0073333755
0.0072515025
0.0070026726
0.0070122182
0.0071517625
0.007031787
0.007192346
0.0072071147
0.0069553205
0.007000688
0.0070257303
0.006927634
0.0071716425
0.0071985223
0.006901746
0.0070705153
0.0068179206
0.0068813586
0.0072149616
0.00668538
0.0075943004
0.007479536
0.0074541173
0.0075608995
0.0074372347
0.0071971137
0.007266458
0.0070230328
0.007216075
0.0068747965
0.0072356686
0.00698809
0.0069077667
0.007016972
0.0067278557
0.006926659
0.006768093
0.0067839692
0.00687086
0.0067495513
0.0068013943
0.0066769854
0.0068747844
0.006574802
0.0075772908
0.007749062
0.0074393265
0.0073302113
0.007331237
0.006941803
0.0070447195
0.007168262
0.006570041
0.0077804886
0.008693778
0.0082063675
0.0072657256
0.007274511
0.0074933525
0.0069816015
0.007601816
0.007760731
0.006974131
0.006922317
0.007164141
0.006951492
0.006718096
0.006693343
0.0067111165
0.0068263602
0.0068072304
0.0065202527
0.007067436
0.007071724
0.0065785497
0.006650558
0.006515529
0.0064714067
0.006427539
0.0064957156
0.0063622445
0.0062827407
0.0066196173
0.0063379374
0.006854719
0.006580735
0.0066822753
0.006781906
0.0062125754
0.007501123
0.0072755814
0.00650878
0.0065817586
0.0066229776
0.0064912024
0.0063554677
0.006463196
0.006316433
0.006253145
0.006321486
0.0061561186
0.006068194
0.006317087
0.0061198715
0.0064578005
0.006655702
0.0061204755
0.006449836
0.006454239
0.006261833
0.00615751
0.006776603
0.0064393044
0.0062782723
0.006527619
0.0063016806
0.0060277716
0.0067257485
0.0069428547
0.005935678
0.006797062
0.007539445
0.006803848
0.006475331
0.0063255616
0.006543171
0.0064164153
0.0059917835
0.006133247
0.006098973
0.005929113
0.0058950386
0.005904308
0.0057613677
0.005947363
0.005850001
0.006190187
0.0058673173
0.0064256093
0.0064477455
0.0058047157
0.0058700093
0.005850852
0.006087282
0.0060659484
0.0059432704
0.0059394985
0.0059480094
0.005640534
0.0059680785
0.0058729965
0.0059218
0.0060571437
0.0060452316
0.0058795535
0.00570935
0.005655371
0.0055194297
0.005537348
0.005392387
