0.2889298
0.07551811
0.057588857
0.026358822
0.04033177
0.037376225
0.024325019
0.028077781
0.0318836
0.026772559
0.02341451
0.02409862
0.025065377
0.024701169
0.021905683
0.024365166
0.025923803
0.023519263
0.021852339
0.023392975
0.024155265
0.021864325
0.021843115
0.022798954
0.021766974
0.020930076
0.021684492
0.021511814
0.02034716
0.021278685
0.020995608
0.020201746
0.020687426
0.020460056
0.020083627
0.02015572
0.02001808
0.019897709
0.019755341
0.01979181
0.019486008
0.019485882
0.019159934
0.019679233
0.019466659
0.019055719
0.01922421
0.018450558
0.018806493
0.018418
0.018211775
0.018121043
0.017558245
0.017352559
0.01730976
0.017194556
0.017478837
0.017259734
0.01668319
0.01730573
0.017034212
0.016513208
0.016554886
0.016323566
0.01632758
0.015800253
0.016613545
0.01614851
0.015944356
0.01583934
0.01584424
0.015621004
0.015193996
0.015039633
0.014601435
0.014235459
0.014405023
0.014259309
0.01363683
0.015403022
0.015341896
0.01434091
0.013932402
0.0132490555
0.013468032
0.012838204
0.012626264
0.01257448
0.012439887
0.012641077
0.0122571215
0.012292199
0.012247515
0.011768526
0.01309631
0.0131771015
0.011891584
0.012086816
0.012305954
0.011976979
0.011366217
0.011856911
0.011327435
0.011754103
0.0113868965
0.01144487
0.011403804
0.010759628
0.010725896
0.010439847
0.010294754
0.0105172945
0.010146707
0.010675184
0.010551187
0.01028419
0.009882647
0.010129136
0.009672276
0.010056143
0.009670905
0.010016155
0.010023444
0.00951659
0.009764797
0.009105076
0.0094342
0.009378243
0.009011868
0.009316082
0.008888815
0.009129962
0.009128599
0.008755511
0.008842877
0.008651785
0.008576684
0.008355948
0.008728191
0.008212595
0.009773594
0.010494027
0.009016775
0.008450814
0.0092162555
0.008769105
0.008223748
0.008230963
0.008718684
0.008231257
0.008362568
0.00846805
0.007955876
0.007826784
0.007912693
0.007652583
0.008020321
0.0077278637
0.00802368
0.0077227596
0.0077275205
0.0077434084
0.0074294037
0.007363292
0.007462688
0.0072539006
0.0074315257
0.0072467513
0.007408917
0.007331775
0.0070706443
0.0070840605
0.0069566965
0.006886054
0.006836062
0.006711871
0.0068715443
0.0067376234
0.0066701383
0.0064756596
0.0068678497
0.0066441386
0.0067627714
0.006774679
0.00639102
0.006295013
0.006525586
0.006255278
0.0067084674
0.0067493706
0.00604053
0.006027434
0.0064729745
0.006136095
0.00650801
0.0064754426
0.0059262794
0.0059591443
0.005971337
0.0057604597
0.0060311467
0.005675031
0.0066060945
0.0067548803
0.0058760946
0.00606652
0.006019751
0.006116621
0.0059577986
0.005904404
0.0057582543
0.0056286934
0.005462343
0.005630221
0.0054552965
0.0057207732
0.0055008554
0.005660715
0.0054039457
0.0057755746
0.0056297835
0.0052738898
0.0053045265
0.00515652
0.00521577
0.0051422566
0.0049241115
0.00568884
0.005486163
0.0054680384
0.0051855654
0.0052963807
0.005102228
0.0051691416
0.0049307556
0.005752317
0.005947622
0.005227923
0.005549666
0.005144033
0.0055857697
0.00538883
0.005235046
0.0054186224
0.0049044243
0.005218871
0.0051015425
0.00499088
0.004937069
0.0047612987
0.005136928
0.0046409764
0.006213116
0.0063112206
0.0054201162
0.0053437105
0.0056110867
0.00545006
0.004806261
0.004942211
0.0049379505
0.004542781
0.00543516
0.005600614
0.005155103
0.0048021916
0.0050436235
0.0049188435
0.0046218615
0.0050055734
0.004934017
0.0048010554
0.004571637
0.0049217106
0.004866813
0.0047669685
0.004554974
0.0049182526
0.004587038
0.0050036167
0.004732425
0.004873878
0.0047631054
0.004434654
0.004385839
0.004659008
0.0045027384
0.0045047775
0.0044088624
0.0044649746
0.0043002963
0.004616713
0.004401444
0.004436227
0.0043148785
0.004434817
0.004331399
0.004305949
0.0041989964
0.004339107
0.0042374264
0.0042279987
0.004091336
0.004396125
0.0042575607
0.004125619
0.0040500164
0.004261896
0.0041521564
0.0040919855
0.0040244367
0.0041065984
0.003977649
0.0041058823
0.003988062
0.004046671
0.003936422
0.0040081614
0.0038672911
0.0040830593
0.0039373618
0.0039389133
0.0038227781
0.0040187235
0.0039455513
0.0037872822
0.0036958165
0.004022459
0.003888581
0.0037488297
0.0036504592
0.0039471965
0.0038192587
0.003720748
0.003626625
0.003877248
0.0037731964
0.0036237112
0.0035042197
0.003973247
0.0038515783
0.0035115231
0.0034290385
0.0038557716
0.0036876842
0.003545791
0.0034630336
0.0036525342
0.003498505
0.0036442585
0.0035927147
0.0034694755
0.0034444013
0.0034733869
0.0033846358
0.0035699347
0.003453058
0.0034561353
0.0033916782
0.003435472
0.0033738676
0.0033292572
0.0033050906
0.0033728657
0.0032897051
0.003432676
0.0033575175
0.003379063
0.0033662587
0.0033801955
0.0031937954
0.0033998576
0.003120811
0.0033908149
0.0031246766
0.003586376
0.003328136
0.0033332817
0.0032388277
0.0032763984
0.003158915
0.0032728824
0.0031587023
0.003315715
0.003387511
0.0031633284
0.0031888105
0.003111953
0.0031304427
0.0030483585
0.0030407838
0.0028577726
0.0035588278
0.003531076
0.0028785225
0.0031804766
0.0029457686
0.0030445028
0.0028339426
0.003089113
0.0029
0.0031484673
0.0029548733
0.0030542873
0.0030024622
0.0028534725
0.0028821891
0.002815595
0.0027908806
0.0026889865
0.0027339633
0.002826824
0.0026737892
0.0027321957
0.0025056945
0.0030011497
0.0026390094
0.002992265
0.0029209247
0.0027892094
0.0029524614
0.0026009397
0.002795875
0.00258461
0.0027963237
0.00284651
0.0024568264
0.002720018
0.0026286272
0.0025377728
0.0024877626
0.0026901849
0.0025908046
0.0026512549
0.0026048878
0.0024746475
0.0027672946
0.002521013
0.0028549575
0.002918313
0.0030411556
0.0028869417
0.002627225
0.0025866658
0.0024918476
0.002351611
0.0026074052
0.0024077592
0.0032973718
0.0032333843
0.002896691
0.0028726922
0.0025483065
0.0024791716
0.0025716007
0.002397793
0.0027923814
0.002637956
0.0027657924
0.0028785265
0.002363221
0.0022283674
0.002499595
0.0023407636
0.0025609902
0.002480657
0.0026292354
0.002317746
0.0028098223
0.0025306612
0.002467028
0.0022369372
0.0026854947
0.00268586
0.0022837052
0.0023552754
0.0023074916
0.002346565
0.0022215708
