0.28746945
0.043323804
0.075387836
0.062749885
0.027081966
0.030967766
0.0339003
0.024083173
0.025152246
0.02730377
0.025457656
0.023621118
0.02226153
0.02346591
0.023756897
0.021472445
0.021898368
0.022901086
0.021475712
0.021088183
0.021698805
0.020799426
0.021841595
0.022788009
0.02158223
0.0208818
0.021492891
0.021077892
0.020922562
0.021100009
0.020763362
0.020968026
0.020824017
0.020578908
0.020573502
0.02035671
0.02127085
0.020848671
0.0210381
0.020573556
0.020931423
0.02080693
0.019978067
0.020014517
0.019922828
0.0199745
0.019803444
0.019929264
0.019764358
0.019683572
0.019452835
0.019358622
0.019783633
0.019654362
0.019530948
0.019217478
0.019282985
0.019095859
0.019060055
0.018891368
0.018940715
0.018585986
0.018516386
0.018238021
0.017826946
0.01775695
0.017365735
0.016876688
0.016908541
0.016449556
0.015991887
0.01596612
0.01555074
0.015223228
0.015967123
0.015582189
0.015546783
0.01494382
0.015515444
0.01444526
0.016808555
0.017060598
0.014322641
0.017009849
0.01916915
0.017580248
0.0149798095
0.0152680995
0.016942007
0.016434753
0.015367945
0.014673517
0.014525919
0.014660404
0.014055044
0.014336343
0.014392897
0.013569072
0.013109502
0.013376939
0.013175187
0.012674379
0.012608734
0.012546738
0.012255311
0.012036665
0.012381439
0.012104874
0.011897039
0.0118156
0.011657704
0.011466078
0.01119759
0.011130524
0.010996919
0.011011235
0.010730334
0.011158916
0.011137705
0.010487959
0.010592461
0.010535464
0.010087069
0.01018601
0.009815341
0.010215426
0.009772447
0.011610071
0.01176216
0.010467836
0.010279267
0.010082419
0.010803374
0.01016254
0.009678247
0.009733192
0.009405144
0.00924297
0.009331793
0.009112182
0.009422981
0.009126767
0.009245577
0.00917538
0.008980987
0.008828093
0.009065086
0.008909562
0.00887347
0.008745122
0.0086594075
0.00862613
0.008602553
0.00857675
0.008419211
0.008681568
0.008592747
0.008375314
0.008233237
0.008371682
0.008162064
0.008361012
0.008233041
0.008143635
0.008155211
0.008042154
0.008130864
0.007854688
0.008177132
0.007994495
0.007760422
0.008180211
0.007732501
0.007972072
0.007881015
0.00768397
0.007717906
0.00757389
0.0075382427
0.0074482583
0.007645178
0.007356696
0.007444061
0.0073784865
0.007582502
0.0072503164
0.007915511
0.007882694
0.007312219
0.007529086
0.0074038715
0.0071356264
0.007260401
0.0070005157
0.0074087293
0.007183999
0.0072054826
0.007323247
0.0069946535
0.0074326284
0.0074026342
0.006844599
0.0069213803
0.006728036
0.0069935094
0.006769266
0.007085725
0.0072356327
0.0065231347
0.0073217503
0.0072656646
0.0067252633
0.0069042654
0.0068390877
0.0066211033
0.006699916
0.006638871
0.0064739385
0.0064233653
0.006262774
0.006748684
0.0063995016
0.0065017254
0.0066564255
0.006163943
0.0065663108
0.006396732
0.0065331724
0.006436246
0.00660474
0.0064273737
0.006211262
0.00629938
0.0060990355
0.0059943185
0.0062674675
0.006024689
0.0062385406
0.006286131
0.0058327927
0.005886909
0.0060383393
0.006079994
0.0057915244
0.00581593
0.006027473
0.0057756566
0.0064039915
0.006463371
0.0058429763
0.0060036406
0.0059010475
0.006082017
0.0056910603
0.006638247
0.0067098346
0.00612349
0.0067027374
0.006803874
0.005638063
0.006165843
0.005899699
0.006022924
0.006077627
0.0058565475
0.0058128126
0.0060025356
0.005606027
0.005997474
0.005964048
0.005726954
0.005819148
0.0055975975
0.0055771195
0.0056418367
0.005608591
0.005512722
0.005536618
0.005520525
0.005302314
0.005647218
0.0054281447
0.005511567
0.005538316
0.005294014
0.0054591405
0.005158925
0.0053204168
0.005084587
0.0053729764
0.0053688684
0.005036131
0.005132201
0.0050324723
0.005027293
0.0049204496
0.0049309605
0.0050919917
0.004710456
0.00551541
0.0053298012
0.005145185
0.005263282
0.004938318
0.004827032
0.0049813637
0.00470878
0.0051682373
0.0051436727
0.0047833147
0.0046836357
0.0049846508
0.0048368047
0.0045615598
0.004684704
0.0045394087
0.0044884267
0.004556624
0.004343914
0.0046170703
0.0043993765
0.004587716
0.004425561
0.004635832
0.0044182953
0.0047610137
0.00445178
0.004612023
0.0043892446
0.004560793
0.0043744934
0.004630767
0.005057517
0.004111573
0.0052440464
0.0056159594
0.0044589895
0.0046067457
0.0047311075
0.004336907
0.0043707783
0.0042467033
0.0047018216
0.004357524
0.0044911117
0.004598422
0.004433169
0.00407697
0.005136553
0.0050816108
0.0038593116
0.0054224557
0.006196644
0.0046007424
0.0046803863
0.005255395
0.004516155
0.0043566437
0.0044510886
0.004460141
0.0041302755
0.003965201
0.0044266623
0.0041341707
0.004078867
0.0041155093
0.0039055527
0.003876851
0.0039765113
0.0038605211
0.003840062
0.0038730118
0.003614001
0.0036898248
0.0037198302
0.0034966161
0.003819475
0.0036893717
0.0038262578
0.0037571823
0.0037508924
0.003490382
0.0040968377
0.003797603
0.003697776
0.0037202185
0.0034210773
0.0033736776
0.003845062
0.0036387031
0.003914868
0.0038800938
0.0035359848
0.0037718501
0.0035705848
0.0035376244
0.0034779878
0.0034411505
0.0033516278
0.00350585
0.0035053268
0.0032607408
0.0034191385
0.0031342723
0.0036913299
0.0033131
0.0038917928
0.004103916
0.0031780405
