0.2903085
0.08418151
0.05379902
0.034629118
0.032297783
0.028631859
0.02571541
0.027091501
0.026178285
0.023346052
0.024883727
0.025594106
0.023140267
0.023140578
0.023853699
0.022499144
0.022518383
0.022911772
0.021890355
0.021982426
0.022378976
0.021747584
0.020990476
0.021098075
0.021080628
0.020443344
0.0205616
0.020615209
0.020422338
0.02023442
0.0205512
0.020590702
0.0209809
0.020140486
0.021389732
0.02146011
0.022181058
0.022203868
0.021062354
0.021100221
0.020022154
0.02119798
0.02170597
0.020713167
0.021643603
0.021098947
0.019837698
0.019845871
0.019936634
0.019893462
0.020202776
0.019881796
0.019824995
0.019871721
0.019907726
0.019689715
0.019985305
0.019942733
0.019500101
0.019514265
0.019530406
0.019403897
0.019405974
0.019469386
0.019349078
0.019406192
0.019354332
0.019338943
0.019217527
0.019613227
0.019609453
0.019324621
0.01933652
0.01917919
0.018996198
0.019059045
0.018755553
0.018687874
0.018652713
0.018622814
0.018321335
0.01829932
0.018068701
0.018013878
0.017567651
0.0169395
0.0167146
0.016889142
0.016520958
0.016294576
0.016376862
0.016108403
0.016259167
0.01629111
0.016015304
0.015574142
0.015781842
0.0154264495
0.015475694
0.015292968
0.015061629
0.015683912
0.0148292845
0.015268773
0.015650125
0.0153186545
0.014424353
0.014898795
0.014907292
0.0143689485
0.014816868
0.015097543
0.015138764
0.01421496
0.015801983
0.01661743
0.01499669
0.01567492
0.014925834
0.014552568
0.015138857
0.014147051
0.014025387
0.014290743
0.014094883
0.013871156
0.013934319
0.013864937
0.013712897
0.0136447465
0.0134917395
0.013362072
0.013797328
0.013417152
0.014524338
0.014074798
0.014024201
0.014426061
0.013088417
0.0147140995
0.014974383
0.0138932355
0.014295362
0.01320004
0.0135390265
0.0141946515
0.013293092
0.013824857
0.013323409
0.012525885
0.012493037
0.01280462
0.01248122
0.013192877
0.013560149
0.012219563
0.013857265
0.01453387
0.013113716
0.013812013
0.014984734
0.013468452
0.013488048
0.014279321
0.013062027
0.012499689
0.012709995
0.0117237745
0.0133620845
0.014709872
0.013210756
0.012241951
0.0121461125
0.011861884
0.012182322
0.012223062
0.011774722
0.011653618
0.011772372
0.011329723
0.011743608
0.011540134
0.011991589
0.012077597
0.011205544
0.012558292
0.013845439
0.013113554
0.013054867
0.013292064
0.012231544
0.011981475
0.0121885715
0.011361201
0.01159168
0.012120816
0.011357728
0.011776432
0.01219933
0.0112959705
0.011580755
0.012048319
0.011396613
0.011346365
0.011587958
0.01119364
0.010996806
0.011020039
0.011139988
0.0109690465
0.010965911
0.0108730495
0.011011214
0.011077255
0.010693777
0.010460605
0.010660374
0.010672387
0.010983328
0.010773079
0.010683757
0.010553062
0.010484162
0.010193692
0.010401898
0.010310172
0.010400984
0.010359378
0.010341822
0.010195551
0.010455377
0.010156151
0.010395118
0.010300019
0.010139017
0.010043328
0.010240661
0.010294933
0.00989329
0.009773067
0.010162915
0.01002273
0.010247699
0.009944081
0.010003981
0.009781345
0.010545769
0.0102066025
0.009799405
0.009750748
0.010058158
0.009993655
0.009747433
0.009796929
0.009808835
0.009755735
0.009671595
0.009568822
0.009840494
0.009840433
0.009419259
0.009402323
0.009406739
0.009353079
0.009923761
0.009586651
0.009600398
0.009580171
0.009365271
0.009716886
0.009634826
0.009270961
0.009227362
0.009258536
0.009222636
0.00918508
0.009166311
0.009351694
0.009023092
0.009847855
0.009590617
0.009467585
0.00940154
0.0094689885
0.009410877
0.00951483
0.009568049
0.00943419
0.0092805065
0.009176608
0.00915645
0.008923187
0.008957702
0.008827065
0.008756737
0.009114057
0.008896518
0.009276873
0.009371235
0.0089068925
0.009011828
0.009018452
0.008838375
0.009299963
0.008906254
0.009392529
0.0095858425
0.009567277
0.009364119
0.008812787
0.009637444
0.00903935
0.009148508
0.009358995
0.008955702
0.008921345
0.008933688
0.00880433
0.008794592
0.008813926
0.008614466
0.0085111195
0.008793373
0.008677208
0.008663009
0.008605625
0.0086719245
0.008541546
0.008553856
0.008482833
0.008325968
0.008764611
0.008488915
0.0090322085
0.009102242
0.0085137235
0.008616316
0.0084853005
0.008513997
0.008726734
0.00856204
0.008496564
0.008410265
0.008422177
0.0082983915
0.008733433
0.0085334815
0.00844186
0.008371191
0.008264579
0.008139579
0.008534903
0.00835099
0.008425102
0.008331586
0.008301283
0.008264213
0.008107526
0.008067152
0.008596606
0.0085660275
0.008188228
0.008120614
0.008143543
0.008119409
0.008110333
0.008009189
0.008226972
0.008115922
0.008046654
0.007922617
0.008023491
0.007859428
0.008149103
0.007987651
0.0079610245
0.007897516
0.007900093
0.007915726
0.00788997
0.007878273
0.007839973
0.0077783912
0.007860332
0.0078070057
0.0077538486
0.007790394
0.0075983857
0.0075586564
0.007612627
0.007571638
0.007499954
