0.29043105
0.060543757
0.05928142
0.035362866
0.029592335
0.029554619
0.025120968
0.026770353
0.026614035
0.023189
0.025130352
0.026214337
0.023734609
0.022903034
0.023679726
0.022775933
0.022429576
0.022693267
0.022041293
0.022105044
0.022183744
0.02132417
0.022273934
0.022677876
0.02179362
0.020889392
0.021298021
0.021362586
0.02122379
0.020130867
0.02175568
0.023118896
0.02122239
0.020359129
0.020378448
0.020721843
0.020956961
0.020127265
0.019887915
0.020058095
0.019789053
0.019444851
0.019650102
0.01947173
0.019095749
0.019101534
0.018920192
0.018658683
0.018998908
0.018974274
0.018354377
0.018184809
0.018289454
0.017893948
0.017815195
0.01781664
0.01785621
0.017606666
0.01805942
0.01790653
0.017897008
0.017649636
0.017690102
0.017774059
0.017545784
0.017666629
0.017489398
0.017794093
0.017741608
0.01734147
0.017491568
0.017298251
0.017985113
0.017987795
0.017255379
0.017390072
0.017370949
0.017218323
0.017294088
0.017387433
0.017239818
0.017156197
0.017232016
0.01715863
0.017095178
0.017112654
0.017091317
0.016996438
0.017004497
0.016965985
0.016958443
0.01691329
0.016833715
0.017165156
0.016906368
0.017442068
0.017694185
0.01681108
0.018424815
0.019797772
0.018032286
0.016778452
0.01717454
0.016793607
0.017234026
0.017569588
0.016791577
0.017328508
0.017810047
0.016932284
0.016894922
0.017387407
0.016729347
0.016968913
0.017374473
0.016683359
0.016973028
0.017462019
0.016703237
0.016711265
0.017072149
0.016496865
0.01691545
0.01744912
0.016663304
0.016538173
0.016873907
0.016354868
0.01673676
0.017168613
0.016423123
0.016454034
0.01683717
0.016271316
0.016476749
0.016824927
0.016182795
0.016437925
0.01684474
0.016215548
0.016187986
0.016552607
0.015970249
0.016344285
0.016794235
0.016153965
0.016039556
0.01633579
0.015963506
0.015935963
0.016133146
0.015836677
0.0158963
0.01612657
0.01566836
0.015919311
0.016236879
0.015692776
0.015890105
0.016496211
0.016247347
0.015476723
0.01576926
0.016003259
0.01563269
0.015316047
0.01579878
0.015646918
0.015377727
0.01513423
0.015038547
0.014980034
0.015366812
0.015010278
0.015798463
0.01543586
0.014685344
0.014565877
0.014619087
0.014301851
0.015189927
0.015244213
0.013828698
0.013893128
0.014136016
0.013765748
0.014135172
0.013880412
0.014237043
0.014162935
0.013221332
0.013062428
0.013346964
0.01305244
0.013576065
0.013487891
0.012904446
0.012667943
0.012664306
0.012415257
0.013144468
0.0129605085
0.0122757
0.012267936
0.012164079
0.011920418
0.011862957
0.011763318
0.011929984
0.011586532
0.012015186
0.011672579
0.011591169
0.011441064
0.011260588
0.0110458555
0.011320557
0.010914492
0.011654462
0.011696602
0.010582201
0.011010014
0.01078589
0.010756522
0.010720593
0.010764767
0.010231334
0.010781482
0.010694586
0.010199043
0.010038743
0.010402766
0.009894343
0.010083471
0.010091507
0.010245266
0.009650205
0.0103731
0.0106706275
0.009525708
0.009916011
0.00986853
0.009799904
0.0091350125
0.009520861
0.009170478
0.009357692
0.009517564
0.009037533
0.009470966
0.009636153
0.009141177
0.008896582
0.00898064
0.008859395
0.008701023
0.008833155
0.008870908
0.008549157
0.008743794
0.008888663
0.008548767
0.0081460355
0.009570892
0.009109039
0.008251109
0.00900975
0.008521078
0.008368873
0.0086003365
0.007845476
0.008732814
0.008433023
0.008251601
0.008687113
0.008036756
0.008356991
0.00818238
0.008105565
0.008297243
0.007968304
0.0078865215
0.007653913
0.008246206
0.0076239924
0.008251588
0.008301742
0.007719332
0.00798254
0.007881817
0.007366404
0.008518856
0.008812799
0.00730831
0.009058203
0.010056951
0.008603101
0.008797692
0.009104967
0.007811653
0.009042085
0.009470548
0.0074727777
0.008380325
0.009562809
0.007882323
0.0075682253
0.008245652
0.007432683
0.0077489056
0.008151416
0.0072262795
0.007983875
0.008903847
0.007598804
0.007309161
0.007988327
0.0071939807
0.007428825
0.007991777
0.0068729348
0.008193093
0.0090692565
0.0074610724
0.0073703118
0.007730866
0.0071788877
0.0072850497
0.007262815
0.0069139698
0.006940609
0.0070291646
0.0068087303
0.0067776996
0.0071141594
0.006487783
0.0072007948
0.0069736317
0.006718116
0.0068248217
0.006681496
0.006420879
0.0070739896
0.0071173473
0.006609121
0.006617324
0.0066552274
0.006548876
0.0061823395
0.0072495877
0.0074872435
0.006593827
0.0068471134
0.007107778
0.006456118
0.0068067084
0.0072161034
0.007085676
0.00659925
0.0066623115
0.006430496
0.006637664
0.0062512136
0.006445668
0.0065884404
0.0063735433
0.0061866925
0.0061091185
0.006522309
0.006427673
0.0061351084
0.0062563936
0.006144423
0.0059845075
0.0058167353
0.0066046007
0.0067411787
0.0059901443
0.0062950873
0.0065027704
0.0057064984
0.006990312
0.007837319
0.0064975
0.006148229
0.00706655
0.0061395857
0.0058614793
0.0061805756
0.005720236
0.006301522
0.006463
0.006074019
0.0057537314
0.005822208
0.005657705
0.005788807
0.005882831
0.0055903974
0.0059893797
0.0059973076
0.0058572986
0.005554382
0.0062338305
0.006094375
0.0057560815
0.0061496967
0.0059872377
0.005911125
0.006188189
0.005652988
0.005883001
0.005680775
0.005501041
0.0055365185
0.005304564
0.005360342
0.0055687646
0.0053297896
0.0060986704
0.0063266107
0.0057781185
0.0054400135
0.0059718206
0.0058600083
0.005520033
0.005508419
0.005695703
0.0055186464
0.005354631
0.005246984
0.005696072
0.005502617
0.005330617
0.005244337
0.0055187144
0.0053727836
0.0053927624
0.0054263114
0.0051177735
0.0050648255
0.00539517
0.0051260483
0.0055795726
0.0055093574
0.004928334
0.0048484965
0.0057145483
0.0056296936
0.00491775
0.0049575
0.0051077455
0.0049112695
0.005591081
0.005689481
0.004863597
0.005079729
0.0051868227
0.004767057
0.005420754
0.0055427267
0.005176812
0.00500253
0.005358245
0.0053515914
0.004690262
0.004854101
0.004746065
0.004793258
0.0050227265
0.004635575
0.005345101
0.00569782
