0.2900736
0.07075717
0.04998563
0.030828545
0.03388389
0.028881432
0.025971204
0.027461415
0.024685094
0.023728967
0.024511494
0.02309622
0.023138724
0.023534946
0.022091845
0.023862755
0.025058823
0.023773113
0.021921145
0.022804433
0.024063589
0.023173338
0.021516657
0.021779478
0.022425637
0.021846578
0.020937743
0.020710861
0.020906216
0.020469971
0.020012029
0.020089379
0.020014988
0.01974387
0.020055475
0.019426709
0.020887876
0.021762548
0.019873856
0.019460551
0.020141007
0.019473612
0.018646946
0.018653212
0.01832951
0.018299952
0.018326513
0.018018188
0.017873717
0.017998407
0.017911015
0.017912054
0.017713282
0.017745359
0.017649684
0.017421288
0.018458933
0.018348983
0.017238924
0.018025182
0.017883793
0.0173071
0.017300854
0.01739628
0.017220397
0.017094642
0.01711865
0.016958626
0.016859362
0.016945763
0.016647061
0.01740636
0.017129155
0.016798573
0.016856505
0.016659802
0.016555661
0.016668484
0.016533384
0.016622752
0.016469713
0.016631009
0.016464682
0.016352974
0.016275458
0.016272878
0.016178377
0.016207514
0.016118037
0.015999084
0.015885908
0.015964145
0.015847368
0.015696587
0.015560712
0.015682949
0.015513372
0.015421167
0.015308277
0.015297406
0.015215908
0.015033525
0.014957447
0.0148592265
0.014742228
0.014549165
0.014360685
0.014398579
0.013976532
0.014247206
0.013791166
0.013606754
0.013338022
0.01317766
0.012932162
0.012693892
0.01257516
0.012582511
0.012214602
0.012209182
0.011930299
0.0118787885
0.011825929
0.011554646
0.012254253
0.01200971
0.011518661
0.011464897
0.011449061
0.011278515
0.011063901
0.011096065
0.010822226
0.011145546
0.010986934
0.010670205
0.0105773285
0.010779674
0.010576741
0.010724696
0.010725361
0.010211169
0.010414423
0.010152221
0.010566157
0.01036585
0.010137715
0.010073083
0.009987068
0.009783392
0.010244834
0.010223039
0.0095774755
0.00984513
0.009572374
0.009716971
0.0096258465
0.009705105
0.009408093
0.009704188
0.009574816
0.009315769
0.0093478365
0.0092477985
0.009085034
0.009311492
0.009048359
0.009376346
0.009296919
0.008805044
0.008704587
0.009513731
0.009503225
0.0086487485
0.009076022
0.008988719
0.00873763
0.008796627
0.008602555
0.008789561
0.008445463
0.008715671
0.008702331
0.008356585
0.008476753
0.008354534
0.008234522
0.008183642
0.008153663
0.008124467
0.00797598
0.008065379
0.0078309355
0.008429028
0.008422448
0.0077190585
0.0079882555
0.007945713
0.0076747253
0.0077124094
0.007861924
0.007601841
0.007471349
0.0075591155
0.00757807
0.0073567345
0.0080932155
0.008214822
0.007649695
0.0075313984
0.0077624195
0.007379198
0.007333631
0.0074806474
0.007238131
0.007335946
0.0070451605
0.0073318635
0.007230134
0.0072037517
0.0072856974
0.0073317257
0.007062902
0.0073951967
0.0073287147
0.0067984094
0.006842878
0.007012392
0.0070614237
0.0070751444
0.0072013624
0.0071307537
0.0069688396
0.0068335324
0.0068130237
0.006729257
0.006817168
0.006721744
0.0066695996
0.00660067
0.0066775917
0.006555936
0.0066299164
0.0065110573
0.0065377397
0.00637125
0.0064372323
0.0062568584
0.0068442933
0.006789036
0.006371343
0.0063388273
0.006330637
0.006384904
0.0061297514
0.006291485
0.0061567784
0.006209686
0.0061707124
0.0061230343
0.0061258343
0.006020186
0.005914092
0.006171348
0.0061287
0.0058295387
0.0060421578
0.0059536234
0.0057772356
0.006092028
0.0060776616
0.0061048106
0.0061117006
0.0056938813
0.0059276633
0.005578947
0.00627753
0.006352184
0.005830171
0.0059341006
0.00586598
0.005751968
0.00583655
0.0055655413
0.005971983
0.0058932416
0.005567388
0.0055842227
0.0053960476
0.005385482
0.0053753774
0.00527156
0.0054018083
0.0053729876
0.00542557
0.0053613805
0.005440666
0.0054009412
0.00536936
0.005466797
0.0052709556
0.0052060653
0.0052871755
0.0051116683
0.005207898
0.0052153724
0.004961084
0.005086617
0.005014704
0.004869779
0.005064064
0.004759289
0.0050636535
0.0049999612
0.004792925
0.004939218
0.0047044274
0.0050127064
0.0049587223
0.004660228
0.004745889
0.0046249772
0.0047698445
0.0046521164
0.0046506296
0.004581912
0.004495551
0.0045209876
0.004432686
0.004617225
0.0043020877
0.0051234956
0.0053158137
0.0048078573
0.0045867045
0.00469543
0.004547538
0.0047632107
0.004533267
0.0049622445
0.0049708276
0.0043888423
0.004360007
0.0042754156
0.0041567823
0.0046800678
0.0048594265
0.004685295
0.0044683507
0.0044362084
0.0045162723
0.0043845377
0.0042684353
0.00441632
0.0042348565
0.004741221
0.0047426317
0.003961438
0.0046167
0.004705519
0.004354559
0.004356902
0.004294118
0.004342823
0.004101811
0.0043087304
0.0040910332
0.0041741873
0.004318503
0.004049138
0.0041146446
0.0038672716
0.004149115
0.00395541
0.0042887065
0.004337407
0.0038783357
0.0040235254
0.0040072594
0.0037425274
0.004061769
0.003906268
0.004239058
0.004649482
0.0039631412
0.0039649145
0.0041554286
0.0038279637
0.004055069
0.0041759578
0.0040449155
0.0037245853
0.0044227755
0.0043167477
0.003619872
0.0036346118
0.003768092
0.0036375585
0.0037809499
0.0037060808
0.0036838066
0.0037928717
0.0035654304
0.004114281
0.0041645807
0.0035919389
0.003723316
0.0037973293
0.0036395576
0.0035054274
0.0037067018
0.003450439
0.003700367
0.0035087839
0.0035957552
0.0034027116
0.0037442017
0.0036972289
0.0034230694
0.0036957152
0.003295943
0.0040307394
0.004044616
0.0034066008
0.0035124167
0.0035850413
0.003323477
0.0038251083
0.0039143893
0.0033326047
0.0033652356
0.0034974867
0.0031781197
0.0037846856
0.004062867
0.0033809282
0.0034424532
0.003905521
0.0034658052
0.0032685164
0.0035819255
0.003274367
0.003163959
0.0032070111
0.0032888476
0.0031451203
0.0034418683
0.0034270268
0.0034056462
0.0031699073
