0.28811282
0.059306145
0.068662435
0.03521126
0.029633144
0.029942462
0.02227199
0.028117657
0.030808553
0.024328245
0.021481732
0.022681579
0.021671295
0.02146438
0.022108732
0.021405598
0.021317458
0.02183277
0.021574706
0.020951016
0.020837246
0.02084131
0.020529993
0.02097986
0.02070246
0.02125146
0.020802034
0.020553874
0.020627985
0.020308336
0.020052927
0.020207755
0.01999434
0.020167187
0.019969149
0.019501636
0.019182034
0.019641882
0.019472996
0.01902725
0.018888513
0.018585399
0.018384377
0.0187272
0.018582381
0.018181333
0.01807815
0.018143458
0.017965084
0.018015755
0.017837685
0.017678166
0.017403854
0.017678821
0.01743804
0.017211275
0.01706898
0.017078303
0.01677478
0.017642913
0.017888399
0.016723335
0.017281542
0.01796546
0.01699549
0.016755287
0.01699242
0.017004734
0.016433893
0.016279226
0.016507618
0.015837057
0.017201534
0.017894497
0.016414745
0.016222617
0.01713178
0.01614014
0.016164133
0.01647082
0.015855407
0.01612098
0.016318792
0.015692724
0.01577615
0.01589395
0.015690273
0.015468009
0.015669905
0.015391354
0.015313439
0.01523342
0.015198099
0.015104818
0.015236143
0.015227262
0.014990003
0.015097772
0.014933403
0.01488106
0.014726418
0.015094933
0.015142457
0.014826339
0.014683644
0.015091288
0.014818705
0.014532887
0.014551062
0.0145985605
0.014488359
0.014702263
0.014669095
0.014256214
0.014191162
0.014772835
0.014688912
0.014205556
0.014184039
0.014425532
0.014170081
0.014507699
0.0145956995
0.014078652
0.014096931
0.0142534515
0.014049344
0.014280197
0.014370146
0.013947822
0.014065228
0.01415052
0.013810687
0.014557485
0.0144765675
0.013887398
0.013901248
0.014060848
0.013882011
0.014122083
0.0142213255
0.013871116
0.0138055375
0.014023001
0.013781787
0.014114608
0.014276211
0.013958755
0.013797436
0.013967077
0.014010263
0.013645556
0.013713094
0.01358549
0.014118168
0.014324538
0.013841376
0.013650221
0.014205496
0.014232895
0.01353657
0.014317253
0.015129213
0.014834206
0.013891764
0.013748785
0.0139792375
0.013568848
0.013645378
0.013628385
0.013467508
0.01381876
0.013653864
0.013856553
0.013937158
0.013809142
0.013667206
0.013376959
0.013460833
0.013310015
0.014073123
0.014128037
0.013914549
0.0136816725
0.013508245
0.013381886
0.0137954345
0.013759424
0.01417995
0.014071781
0.013259753
0.013498331
0.013278771
0.014006483
0.013933522
0.013590668
0.01355252
0.013268572
0.013224485
0.0135052055
0.013319985
0.013984044
0.013910173
0.013175552
0.013142566
0.013640408
0.013488818
0.013250552
0.013222829
0.013586425
0.013522059
0.0131750135
0.0130809285
0.013594612
0.013498458
0.013035387
0.013012859
0.013483037
0.013360615
0.01308236
0.013030625
0.013221304
0.013107434
0.013165017
0.0131565975
0.01299274
0.012918692
0.013184887
0.0130646555
0.012985077
0.012920778
0.012984462
0.012919108
0.012900381
0.012816679
0.01294748
0.012811131
0.012819194
0.012836121
0.012615909
0.012512442
0.012912929
0.012844779
0.012310739
0.012201647
0.013327885
0.013249506
0.012180026
0.013491449
0.014376678
0.012944727
0.012640064
0.013066098
0.012582399
0.012425315
0.01320858
0.012820006
0.011990138
0.01270742
0.013365001
0.012604526
0.012692857
0.013138023
0.013069495
0.012569564
0.011784707
0.012288425
0.012805842
0.012076479
0.011923127
0.012356233
0.012417335
0.011845392
0.011505677
0.011439838
0.011415551
0.011263661
0.01166701
0.01163498
0.011495646
0.01128934
0.011355423
0.011177726
0.011533518
0.011557677
0.011174965
0.010869998
0.011324525
0.011357513
0.011348982
0.011268598
0.010995085
0.010866138
0.011096147
0.011047485
0.011039354
0.01088937
0.0109169455
0.010729845
0.0110237375
0.0109579265
0.010738111
0.010768398
0.010760452
0.010676098
0.010649228
0.010501468
0.010787952
0.010685553
0.010589001
0.010556668
0.010471217
0.010421625
0.010469071
0.010431881
0.01038744
0.010345227
0.0103324605
0.010230839
0.010429517
0.010353553
0.0102365175
0.010222647
0.010185114
0.010125848
0.010194564
0.010147564
0.01009162
0.010020837
0.010097099
0.009993649
0.010074783
0.009978971
0.009947755
0.009902615
0.009863493
0.009793936
0.009871823
0.0097602
0.009886322
0.009811601
0.009647273
0.0095107015
0.010069814
0.009901038
0.00943445
0.010445415
0.009554902
0.0093959635
0.0124712335
0.012144513
0.009451907
0.011802592
0.011575096
0.010872363
0.010771145
0.010073423
0.010481999
0.010825224
0.010264814
0.010093552
0.009983475
0.009880837
0.009645754
0.00936455
0.0097024245
0.009445172
0.009665318
0.0099209435
0.009689376
0.009099413
0.009698411
0.009941534
0.009698685
0.009417587
0.008936002
0.008914079
0.008820802
0.008746203
0.00883767
0.008885234
0.008670427
0.008859419
0.008532186
0.008476877
0.008555887
0.008616234
0.008483041
0.008254339
0.008413141
0.00827436
0.008100475
0.008297196
0.008204921
0.008760873
0.008560326
0.008242163
0.008079306
0.008370972
0.0081748655
0.0081920875
0.0081234565
0.008053481
0.007926822
0.00823489
0.008111087
0.0078789005
0.007820682
0.00791813
0.0078055672
0.007907116
0.007781835
0.00789286
0.007802402
0.007701115
0.007685617
0.007644217
0.007550379
0.007669829
0.00756784
0.0075833793
0.0074796565
0.00766496
0.0076394267
0.0073291287
0.0072406344
0.0077156373
0.007589583
0.007254377
0.007189156
0.007580603
0.0075121336
0.0071339332
0.007143524
0.0073170294
0.007204797
0.0073096305
0.0072763716
0.0071190153
0.0070926896
0.0072281286
0.007128605
0.007080411
0.006995134
0.0071727945
0.0068804356
0.0074039376
0.007306685
0.0067736716
0.0067151873
0.007057894
0.006807437
0.0070952964
0.00706904
0.0067173303
0.006542021
0.0072976877
0.0071007772
0.0065849093
0.0065610236
0.00682612
0.0066797123
0.0066950493
0.006570147
0.0068147443
0.0067798677
0.0066096545
0.006590821
0.0065792953
0.006359944
0.006781924
0.006621722
0.0065798177
0.0064740325
0.006481413
0.0064505353
0.006600087
0.0066115237
0.0063308775
0.006438274
0.0066155195
0.006363346
0.0065318174
0.0063540977
0.0061579323
0.0060805627
0.007078068
0.0068388716
0.0062600593
0.0062520294
0.0063692927
0.00594854
0.0068058893
0.0067034834
0.0060407803
0.0060209637
0.0064414158
0.0061609466
0.006912124
0.006752347
0.006431433
0.0065121464
0.0060239607
0.0059014
0.0062240264
0.006095045
0.0062329867
0.006312994
0.0060256547
0.005738543
0.0063466267
0.0058554485
0.0067332326
0.0070507377
0.0058163893
0.007777177
0.008463681
0.005808275
0.0077655413
0.008446003
0.0059218328
0.008406907
0.010761219
0.007833785
0.0058979974
0.0068298294
0.005965752
0.0065808515
0.007192968
0.0063366145
0.006086383
0.006103531
0.0063914866
