0.28828642
0.07930411
0.07005002
0.02876163
0.041240647
0.0397675
0.02365768
0.026712844
0.030475816
0.027939461
0.022335341
0.025931997
0.03136323
0.02767382
0.022820586
0.022611482
0.023880705
0.024413541
0.022841105
0.02079113
0.024947478
0.026689492
0.02378486
0.022967076
0.021941058
0.020995216
0.021901572
0.021637313
0.020683788
0.021224251
0.020875888
0.021600867
0.021891704
0.020706875
0.021134594
0.021046111
0.020655245
0.021128237
0.020897595
0.020266362
0.020393915
0.020240238
0.020212961
0.02029276
0.019981747
0.021285476
0.021335052
0.019876845
0.021572893
0.022649055
0.021157593
0.020249153
0.020708827
0.020685121
0.02016556
0.019541666
0.02020204
0.02015964
0.019118486
0.020295456
0.02126889
0.02057565
0.019748552
0.018853145
0.018973073
0.019040002
0.018929165
0.01889661
0.018597731
0.018967252
0.018886643
0.01859089
0.018288264
0.018280782
0.017900823
0.0182471
0.018165262
0.017720377
0.017588422
0.017504336
0.017291645
0.016988704
0.016701868
0.016361073
0.016368255
0.016057815
0.016220817
0.015624435
0.016108727
0.015980873
0.015255104
0.015208024
0.014956082
0.014683027
0.014663617
0.014777422
0.014443724
0.014926027
0.014878462
0.0147012705
0.014371619
0.014339987
0.014597595
0.014303531
0.014421319
0.01421719
0.014398494
0.013695531
0.015443004
0.015010715
0.013748524
0.013831551
0.013687059
0.013469327
0.013872066
0.013711075
0.013719186
0.013573644
0.01350635
0.013417316
0.013389513
0.0133766355
0.013155442
0.013080285
0.013158063
0.012962264
0.01307458
0.012960486
0.012994781
0.012872952
0.012756617
0.012635407
0.012835838
0.01258978
0.012663751
0.012564265
0.012360127
0.012255262
0.012427756
0.0122914715
0.012025915
0.011974136
0.0119757205
0.011858921
0.011917326
0.011818784
0.011698847
0.01160628
0.011624788
0.0115057705
0.0114796
0.011343733
0.01142906
0.011327309
0.011218124
0.011115804
0.011287759
0.011124979
0.0110348435
0.010990153
0.011505737
0.011137609
0.011112736
0.011038702
0.010947731
0.011054401
0.011082652
0.010882075
0.011022344
0.010691362
0.010841745
0.01064391
0.010679538
0.010463011
0.01057881
0.010329124
0.010827658
0.0105184205
0.010530378
0.010548133
0.010227709
0.01042489
0.010138798
0.010506692
0.009992677
0.010768962
0.010759125
0.010118377
0.010427977
0.010056776
0.010105387
0.009912435
0.009990803
0.010233594
0.009688866
0.010205758
0.010444715
0.009804933
0.009817298
0.009816881
0.009536676
0.009577924
0.0095171565
0.0094316555
0.009293683
0.009449143
0.009385671
0.009127167
0.009553083
0.0093433475
0.009106808
0.009033788
0.008971318
0.009110483
0.008806893
0.009287649
0.008938556
0.009133678
0.009129557
0.008894018
0.0088284835
0.008876966
0.008718501
0.008600661
0.008773322
0.008494724
0.009065611
0.009458034
0.008345188
0.008847285
0.008683057
0.008305541
0.008418714
0.008373093
0.008287928
0.007965893
0.008025753
0.00785927
0.007896957
0.007757202
0.008054093
0.0076353303
0.00809752
0.008064699
0.007656937
0.008031237
0.008167844
0.0076029957
0.008159877
0.008003393
0.008713349
0.008831993
0.007568095
0.008204792
0.008351411
0.008112963
0.0076554217
0.007957448
0.007729173
0.0078090173
0.007367591
0.008225985
0.008348783
0.007462792
0.0075811446
0.0075847893
0.0074180462
0.007644711
0.0077219587
0.0072335694
0.0072880164
0.0074319937
0.0071688644
0.007548049
0.007501776
0.007250967
0.0071852007
0.0071522878
0.0070247427
0.0070664273
0.0069306255
0.0071375812
0.0069547296
0.007128892
0.0068533323
0.0071128323
0.0070669823
0.0069224015
0.006981189
0.006665826
0.0068756365
0.006606744
0.0068147634
0.006551128
0.006728715
0.0064357123
0.0073293224
0.007361576
0.0064076907
0.00713375
0.007026179
0.0066800476
0.0067754188
0.0064149215
0.006784638
0.0063604773
0.0074640163
0.0077334396
0.0066536423
0.0072386446
0.007314866
0.0066125267
0.0066946824
0.0067977733
0.0062620253
0.006896738
0.0069089495
0.0066209673
0.006380795
0.006665789
0.0063147894
0.006342202
0.0063787024
0.0061125853
0.0060252696
0.006656199
0.0060588196
0.007879497
0.008560589
0.0067144074
0.007835027
0.008262642
0.0071216696
0.007588579
0.008025398
0.007122344
0.0067665987
0.00678218
0.006950742
0.006266389
0.0070031886
0.0073556914
0.006056993
0.008042621
0.009365977
0.0075458586
0.0071287956
0.007903774
0.0070289127
0.006917278
0.007353274
0.006654333
0.006720999
0.007087434
0.0067824163
0.006460232
0.00632259
0.0064849914
0.006579248
0.0061633014
0.00616676
0.0061470345
0.0059354915
0.0058634444
0.0061554885
0.0059885965
0.006279496
0.0064874417
0.006120035
0.00621329
0.0061514475
0.0061049364
0.0061258674
