0.28804132
0.04359367
0.07200229
0.060445458
0.025940428
0.032228358
0.03819563
0.027564554
0.021217557
0.022848858
0.021413684
0.021581924
0.02197312
0.02088788
0.02229012
0.02297681
0.021471
0.02111978
0.021977773
0.021565804
0.020604983
0.021817723
0.02196672
0.020707302
0.021546071
0.022522992
0.021761864
0.02068437
0.021249078
0.02207113
0.021725947
0.020698488
0.021292413
0.022149405
0.021899402
0.021208987
0.020556927
0.02107569
0.021307753
0.020810725
0.020349706
0.020700425
0.020567076
0.020413546
0.0204483
0.0204773
0.020419965
0.02027707
0.020319534
0.020177793
0.020700684
0.020655347
0.020502552
0.020358264
0.02033017
0.0203078
0.020427398
0.020095518
0.020806476
0.021056622
0.020258136
0.020673642
0.020724647
0.020345965
0.020567877
0.020172527
0.02021349
0.020356057
0.02010102
0.01993525
0.020058105
0.020015465
0.019841583
0.019751351
0.019999487
0.019843623
0.019648122
0.019615335
0.01968137
0.019546317
0.019640855
0.019548498
0.019451225
0.019383317
0.019317016
0.019176135
0.019272482
0.019146236
0.01905596
0.018895196
0.01897266
0.018869467
0.018726537
0.01857567
0.018127823
0.018079014
0.017699435
0.018566137
0.017966734
0.020880476
0.02205719
0.018076537
0.020680526
0.024166657
0.020149283
0.017136903
0.017233772
0.016503908
0.01612473
0.016027523
0.016296685
0.015564218
0.016267376
0.015811259
0.018736688
0.019421838
0.015912386
0.018893115
0.019315628
0.015929895
0.020670105
0.025002474
0.021116326
0.016310148
0.018655198
0.020451445
0.018015167
0.015658097
0.01600373
0.015558186
0.016259037
0.01666885
0.015229438
0.016312474
0.017046507
0.016787801
0.016553001
0.015120006
0.015282415
0.015790122
0.015335943
0.015262776
0.014671743
0.015187539
0.014870644
0.014801604
0.014785198
0.014587599
0.014402042
0.0141142085
0.014011187
0.01454528
0.01423727
0.01419123
0.014240709
0.013501
0.013441618
0.013493814
0.01360366
0.013454995
0.013422012
0.013482084
0.013159216
0.013308187
0.013439587
0.013213988
0.012936636
0.01345035
0.013425351
0.013882168
0.013811257
0.013188139
0.012877088
0.01296099
0.013337568
0.013508331
0.0132518
0.013071307
0.012968488
0.013026019
0.012978405
0.012887526
0.013009566
0.012866863
0.012853202
0.012728757
0.012611191
0.012822588
0.012890535
0.012835068
0.01256713
0.012462475
0.012854413
0.0126538575
0.013341159
0.013461853
0.012586777
0.013373128
0.013540164
0.0132388165
0.012940933
0.013353911
0.0130221695
0.012593508
0.012684374
0.012568168
0.012511556
0.012840752
0.01291171
0.012959103
0.0127676325
0.012622272
0.01246745
0.012657466
0.01271787
0.012505119
0.012453813
0.012763915
0.012551161
0.01245875
0.012456964
0.012497529
0.012453709
0.012471882
0.012448128
0.0123521285
0.012278457
0.012575942
0.012496043
0.012355196
0.012281611
0.012509809
0.0124504855
0.012315865
0.012247104
0.012450772
0.012395718
0.01241302
0.012366764
0.012234059
0.012217298
0.01247406
0.012370363
0.012253984
0.012223594
0.01238098
0.012319893
0.012264502
0.012256193
0.0122245895
0.012159474
0.012349696
0.012253199
0.012234003
0.012172319
0.012293566
0.012262516
0.012163418
0.012106515
0.0122725135
0.012170245
0.0122766495
0.012226942
0.012131419
0.012106459
0.012243715
0.012212408
0.012066446
0.012023326
0.012309042
0.012258253
0.012042423
0.012107842
0.012144561
0.012112846
0.012170096
0.012224115
0.012041635
0.012085669
0.012074157
0.0119999
0.012189075
0.012176983
0.0120230345
0.012041145
0.011971597
0.011895511
0.012131746
0.0120169865
0.011938342
0.0119147785
0.011824398
0.011732685
0.012027402
0.011935457
0.011679624
0.011637648
0.011855106
0.011751965
0.011654225
0.011641096
0.011575438
0.011586123
0.011488405
0.01143964
0.011863357
0.011591218
0.011787616
0.01165304
0.011501336
0.011498292
0.011459272
0.011144583
0.011060824
0.011563825
0.011471082
0.011160861
0.011513736
0.011094066
0.011910464
0.011967611
0.011271226
0.011311325
0.01158474
0.01108921
0.011916402
0.012470783
0.011010033
0.012563203
0.013776836
0.011984023
0.011528821
0.011887397
0.011573106
0.0114183575
0.011233042
0.01152918
0.011024329
0.011588818
0.011510193
0.01082321
0.010831848
0.010858983
0.010801122
0.010834695
0.010677162
0.011544734
0.011731696
0.010794513
0.011937085
0.01307493
0.011793303
0.010769802
0.011116907
0.010859296
0.010884513
0.010885492
0.01084052
0.010871523
0.01088962
0.010634062
0.011255237
0.011216186
0.011444137
0.010978286
0.011256942
0.011339101
0.010801922
0.010535411
0.011703211
0.011793288
0.011260952
0.011311929
0.010920404
0.011155333
0.010799742
0.011443283
0.011385895
0.01058925
0.010528121
0.011014529
0.010746735
0.0113914935
0.011748212
0.010585134
0.012694071
0.013697158
0.012434408
0.011537135
0.012249316
0.012123932
0.011557589
0.011822396
0.011393922
0.011254464
0.011492942
0.0110621145
0.010847124
0.011195325
0.011011378
0.0105983475
0.010866041
0.010796677
0.010638277
0.010669529
0.010708623
0.010580418
0.01055281
0.010635977
0.010588486
0.010518361
0.010522611
0.010633546
0.010379034
0.010625884
0.010390327
0.010860775
0.010731623
0.0108153075
0.010893037
0.010328018
0.010699562
0.010444827
0.010880552
0.011016899
0.010376464
0.010671665
0.010621707
0.010325569
0.01044888
0.010258167
0.010660816
0.010491301
0.010721575
0.010852002
0.010263532
0.010646761
0.010392597
0.010935304
0.011128188
0.010340466
0.011035528
0.011160943
0.010516905
0.010725846
0.010724987
0.010605261
0.010570001
0.010454536
0.01052359
0.010437372
0.010272528
0.010525875
0.010285263
0.010401375
0.010491888
0.010272908
0.010249984
0.0103457915
0.010198294
0.010355521
0.010245528
0.010411597
0.01025217
0.010381128
0.010206818
0.010455665
0.010364401
0.0102735255
0.010241338
0.010295979
0.010234407
0.0102350395
0.010190227
0.010255139
0.010186841
0.0102452785
0.010144762
0.010332194
0.01029358
0.010131265
0.010135741
0.010193058
0.0101343645
0.010211967
0.010182287
0.010111712
0.010089687
0.010148557
0.010087918
0.010175354
0.0101312185
0.010097852
0.01007704
0.010112816
0.010071344
0.010109719
0.010082549
0.010076184
0.010087461
0.010018619
0.0100021055
0.010075205
0.010028121
0.0100516
0.010017592
0.010034471
0.009984236
0.010059353
0.010019249
0.0099979015
0.009970146
0.010012332
0.009973166
0.010009668
0.009984002
0.009957463
0.009933438
0.009984388
0.0099447705
0.009953499
0.00992276
0.009948655
0.009908075
0.0099424785
0.009899867
0.00993023
0.0098746745
0.009929763
0.009881627
0.00990735
0.0098516755
0.009919345
0.009871713
0.009863243
0.009817664
0.009896867
0.009851707
0.009824787
0.009783898
0.009860718
0.009801886
0.0098248795
0.009782563
0.009789532
0.009738464
0.009828142
0.00977268
0.009756674
0.009706593
0.009804282
0.009735096
0.009750943
0.009701391
0.009749979
0.0096916845
0.009740687
0.009698085
0.00969276
0.009650226
0.009717069
0.009684094
0.009665041
0.009651282
0.009653469
0.009620063
0.009654936
0.009622736
