0.28778604
0.06222023
0.052424233
0.031854976
0.03350301
0.02724524
0.024578778
0.026149904
0.024470089
0.022280755
0.0231425
0.024111705
0.021944175
0.021908829
0.022716723
0.021900281
0.021238387
0.021951811
0.021890678
0.021162776
0.021287898
0.021431847
0.020896748
0.021019736
0.021227768
0.020812994
0.020862242
0.020987162
0.020716287
0.020439297
0.020653203
0.02033714
0.021022571
0.021152968
0.020564115
0.0206343
0.02054605
0.020495862
0.020528201
0.020092553
0.021045303
0.021166017
0.020162066
0.020411672
0.020825556
0.02028993
0.019932251
0.02008774
0.01985079
0.019906508
0.019875089
0.019850457
0.019753106
0.019804984
0.019743279
0.019659786
0.019684516
0.019543119
0.019683013
0.019456206
0.019507132
0.01943998
0.019481584
0.01936936
0.01925919
0.019377895
0.019195948
0.01898352
0.0196931
0.019243522
0.019514196
0.019693527
0.018507533
0.01969356
0.020259699
0.018897483
0.02025765
0.021737034
0.020281104
0.018665908
0.018977381
0.019238925
0.018535886
0.018674374
0.018640077
0.01798239
0.019157017
0.018253801
0.018573944
0.018796982
0.01791603
0.017949918
0.017886618
0.017389208
0.016859777
0.017319722
0.01652732
0.016467545
0.017522365
0.016503181
0.017761916
0.01812488
0.015801052
0.01958063
0.020272233
0.017502585
0.018393831
0.018982273
0.017466497
0.015356526
0.016558073
0.018577194
0.017165871
0.014613078
0.017259546
0.020624338
0.018316874
0.015772188
0.014722909
0.0150030805
0.015411886
0.014787159
0.01414936
0.014275502
0.013987016
0.013529689
0.013683627
0.013421197
0.013668251
0.013323039
0.013126299
0.0128078535
0.012778346
0.012803786
0.012304175
0.012366426
0.012409464
0.012253553
0.0119716
0.011596669
0.012122378
0.011788233
0.011677127
0.011722113
0.011664127
0.011322024
0.011207494
0.011342504
0.011064087
0.011471401
0.011492948
0.010638897
0.011431511
0.011262157
0.010734309
0.010847361
0.010616846
0.010738928
0.010345418
0.010401368
0.0102997115
0.01054674
0.010356467
0.0102322865
0.010032403
0.009983716
0.010103405
0.009947515
0.010134647
0.009990655
0.00998154
0.009682856
0.009694319
0.009386655
0.010102283
0.009804517
0.009931549
0.009996268
0.009609208
0.009543747
0.009075552
0.008964186
0.00906347
0.008848335
0.009258758
0.009105385
0.009423527
0.008887544
0.009502156
0.009507258
0.00855665
0.008620671
0.0089667225
0.008718147
0.008465177
0.008404059
0.0087135015
0.008299436
0.008854936
0.008840548
0.008115313
0.00803263
0.008471166
0.008318196
0.0080102375
0.007806495
0.008350505
0.0080787325
0.0081490725
0.0080483565
0.007757899
0.007643979
0.008000567
0.007818874
0.0077040805
0.007584667
0.0077785193
0.0076612993
0.007471198
0.0074050673
0.0075100563
0.007423311
0.007251829
0.007134512
0.007308489
0.007164107
0.0071207024
0.006991517
0.0070819645
0.0069126044
0.0069455095
0.0068929098
0.006656453
0.006929927
0.0065338886
0.0064334758
0.0072528566
0.0065674726
0.007904901
0.008295492
0.0064571663
0.008837564
0.010302833
0.008010193
0.0067569143
0.00752998
0.0075842277
0.0066826004
0.0073597524
0.008135534
0.00735799
0.00671306
0.0073910276
0.006943974
0.006704317
0.0063565727
0.0065683885
0.0068320804
0.0062683485
0.0068440535
0.007238587
0.0067501925
0.0062472983
0.0066346205
0.0065643433
0.0066803563
0.0065331855
0.006832255
0.006663893
0.006100668
0.0061912127
0.0060253255
0.0058521614
0.0060162754
0.006095299
0.006115909
0.005848158
0.0057975166
0.0059795505
0.005753266
0.0061775357
0.0061736163
0.0060308403
0.0060854764
0.005974276
0.0057913526
0.006133003
0.0063236947
0.0058440347
0.006037911
0.0062145893
0.0054296595
0.0060543953
0.005946465
0.005777801
0.005797734
0.0059199445
0.005637596
0.006055122
0.0061828545
0.0055279494
0.0057049706
0.0057022884
0.0054766065
0.0055441135
0.005581184
0.0053968946
0.005403943
0.0055500143
0.005136908
0.0060212943
0.006078757
0.005387481
0.0054762377
0.0057066754
0.005239319
0.0056121144
0.005619897
0.005361732
0.005156824
0.0056557283
0.005335264
0.0055019953
0.005563075
0.005264943
0.0051075327
0.0053730854
0.0053191236
0.005033802
0.0049908296
0.005269186
0.0050210482
0.005460324
0.005403139
0.0049965014
0.004877643
0.0055022817
0.0052056233
0.0051320107
0.0051596505
0.0049557197
0.004872191
0.005276838
0.005232422
0.0047841333
0.0047910023
0.005276071
0.0050610634
0.0049899127
0.0051099616
0.0047797775
0.005408652
0.0049628
0.005458633
0.005766845
0.0050287656
0.005149423
0.0051298817
0.0048731924
0.005165282
0.0047014747
0.005835043
0.0055904486
0.00483721
0.0054514445
0.0051863627
0.00488174
0.0053580906
0.0048860232
0.00518362
0.005393325
0.004970861
0.00495672
0.004975516
0.0047403034
0.004888863
0.004669502
0.0051468364
0.005367898
0.0046613025
0.0053518373
