0.2888379
0.10262063
0.05876397
0.027667329
0.03793973
0.03267652
0.022480542
0.031404443
0.03150437
0.023735559
0.026020832
0.028571228
0.026607046
0.025335377
0.023098582
0.023433207
0.0245511
0.022725098
0.022419067
0.023162546
0.022864623
0.022183472
0.021774927
0.02211137
0.021461898
0.022183856
0.022466669
0.021495566
0.021695152
0.021402935
0.021459097
0.021653116
0.020825217
0.021690918
0.022113472
0.021919386
0.021106131
0.02260416
0.022500888
0.020863645
0.02117231
0.021241935
0.020522544
0.021782607
0.02234652
0.021176556
0.02098099
0.021298973
0.021147555
0.020480333
0.021506982
0.021266827
0.0203719
0.020585993
0.020524723
0.02014603
0.020928433
0.020682348
0.020130428
0.020159801
0.02007666
0.019854186
0.020076333
0.019825267
0.019536039
0.019348606
0.01931741
0.019088587
0.018895179
0.018709896
0.018421562
0.018162483
0.017972207
0.017563155
0.017545091
0.017343385
0.016746143
0.016730074
0.016478486
0.016333923
0.016092716
0.015737832
0.01539576
0.015341796
0.015080708
0.015373985
0.015149358
0.015264607
0.014999751
0.014856558
0.014857113
0.014570825
0.014421721
0.0149828745
0.01483694
0.014290315
0.014210288
0.014372379
0.014104371
0.014652349
0.014755063
0.013979522
0.014264636
0.014162104
0.014042807
0.013788871
0.014155206
0.013875141
0.014090988
0.0142398
0.013547328
0.01409185
0.014431636
0.014301032
0.013762114
0.014177695
0.014619161
0.014033881
0.014199585
0.01429006
0.013893857
0.014084331
0.013600922
0.0134425545
0.013622758
0.013447881
0.013127788
0.013657662
0.013823775
0.013511254
0.013302572
0.013071307
0.013013919
0.013201792
0.013096889
0.013336909
0.013181356
0.013185178
0.012972731
0.0131902
0.0131632285
0.012931469
0.012907427
0.012869969
0.0127040045
0.0129705025
0.0128995
0.012755009
0.012639995
0.012750964
0.012541965
0.012852955
0.012926347
0.012634843
0.01253051
0.012557081
0.0123933805
0.012414313
0.012395131
0.012330587
0.012201573
0.012378395
0.012292237
0.012255858
0.012041501
0.01237927
0.012115143
0.012026553
0.011877373
0.012118551
0.012157836
0.011722219
0.011649072
0.011694103
0.011660174
0.011416614
0.0111569865
0.011480874
0.011338155
0.010841212
0.011029206
0.011215404
0.010713636
0.011152004
0.010652903
0.010549103
0.010853876
0.010944023
0.010062911
0.010012122
0.010097311
0.01011641
0.009779914
0.0095450105
0.010454969
0.010089047
0.011486299
0.010491356
0.011770472
0.011864166
0.010890496
0.010649123
0.011040457
0.010387381
0.01045308
0.009246111
0.013189896
0.014760374
0.011618555
0.012300883
0.011973351
0.010020686
0.011118094
0.013232206
0.010941529
0.0105078295
0.010690558
0.010156398
0.009880293
0.010447196
0.010089149
0.009385503
0.009547765
0.009446464
0.009046244
0.009165953
0.008984842
0.009113624
0.008981542
0.009026148
0.008645485
0.009231542
0.009385222
0.008788631
0.009016303
0.008890774
0.008955864
0.009072916
0.008641512
0.008905879
0.008851795
0.008137868
0.0080772005
0.0085369935
0.008389738
0.008570128
0.008485111
0.007989266
0.008273895
0.008157205
0.007898794
0.007856302
0.007774674
0.0076556313
0.008281938
0.007947772
0.007815561
0.007641697
0.007737238
0.0075206063
0.007939191
0.00788938
0.007438747
0.0076048956
0.0073286616
0.0073897946
0.0072330288
0.0074388436
0.0071587195
0.0077922926
0.007538723
0.007259591
0.007390605
0.0070916903
0.007144548
0.00704927
0.00708732
0.0068381713
0.00711716
0.006901188
0.0074117184
0.0074425167
0.0069506657
0.0070702494
0.0069475477
0.0069046994
0.0069018044
0.006640325
0.006818009
0.0065132133
0.007007852
0.006752742
0.006836275
0.0068351827
0.006578304
0.006482918
0.0066126473
0.006460218
0.006595677
0.0065006786
0.0065704547
0.0064801513
0.006421186
0.006343413
0.006359156
0.0062738373
0.0063762465
0.0062914393
0.0063076145
0.006240374
0.0063050524
0.006213887
0.006244097
0.00616834
0.006140878
0.006059186
0.006177882
0.0061032786
0.0060177664
0.00590743
0.006214606
0.006173032
0.005869769
0.005890917
0.005894091
0.0057879277
0.006237254
0.006050549
0.005957779
0.0059798695
0.0057839733
0.0059944293
0.0057309307
0.006256386
0.006369202
0.005776873
0.005990973
0.006065858
0.005709111
0.005952144
0.005764019
0.005759876
0.00588456
0.005591436
0.006162887
0.006224768
0.0056138746
0.0057920865
0.005701542
0.0055513172
0.0056325295
0.005441601
0.005594025
0.005679698
0.0052661938
0.00561301
0.005398165
0.0054595894
0.00561391
0.0052814395
0.0053688805
0.0052055693
0.005159641
0.005222363
0.005049475
0.0050106836
0.005094756
0.005088323
0.004940607
0.0049292077
0.004860449
0.0049832766
0.005151667
0.0046991184
0.0057219085
0.0059053567
0.005239783
0.0048963446
0.0056342245
0.005948357
0.005097549
0.005307228
0.0050366577
0.00531501
0.005054521
0.0046871663
0.0050051603
0.0048993
0.005003297
0.0047912127
0.005642177
0.005962622
0.0047721313
0.0064906958
0.007989577
0.006584356
0.0053837015
0.0056842617
0.0055120327
0.0050972095
0.0052957856
0.0051605566
0.0048543275
0.005089914
0.0049439934
0.0048636417
0.004955266
0.004532455
0.005427018
0.0055410764
0.0050407895
0.004727326
0.005154451
0.0049611595
0.004900915
0.004822774
0.0046746978
0.0045606857
0.004860649
0.004628085
0.004551174
0.0044767507
0.0045613707
0.0044159885
0.004884044
0.0048137126
0.004328825
0.0043454375
0.0043270066
0.0041360655
0.004828379
0.004782843
0.00408241
0.004200706
0.0041546547
0.0041217473
0.004044721
0.0042875013
0.0040600286
0.004578415
0.004521353
0.004287331
