0.28904215
0.049633875
0.060941815
0.042043358
0.025089173
0.027175093
0.026094615
0.02481708
0.02369619
0.024094477
0.023957714
0.02250866
0.023167705
0.023036642
0.022102743
0.022601858
0.022528738
0.02188365
0.022122353
0.022103926
0.021490233
0.02215297
0.022186508
0.02111957
0.021908024
0.022436505
0.021711966
0.02100961
0.020577662
0.021080412
0.020949438
0.020025602
0.020763287
0.021273978
0.020812059
0.019822162
0.020070625
0.02010975
0.020583205
0.020192
0.01964235
0.019226892
0.02005375
0.02015852
0.019295638
0.019382656
0.019320259
0.019395962
0.019287715
0.018802041
0.019021016
0.019122459
0.018851465
0.018890528
0.018810416
0.019291718
0.018907245
0.019059708
0.018991275
0.018720957
0.018671172
0.018695854
0.018493585
0.018926164
0.018912366
0.018585203
0.018532762
0.018643126
0.018430622
0.018588929
0.018621137
0.018280873
0.018257506
0.018388204
0.018201865
0.018779108
0.018739313
0.018064758
0.018103376
0.01817366
0.018056804
0.017870849
0.018086769
0.01799862
0.01848817
0.018378826
0.017773947
0.01769369
0.017899228
0.017696576
0.018027654
0.018182684
0.017322838
0.017417438
0.01738783
0.017280819
0.01652123
0.01739644
0.016920311
0.017717317
0.017463379
0.01624331
0.016117454
0.016439209
0.015880378
0.016311564
0.016523868
0.015554313
0.016838932
0.017925194
0.016473517
0.016590597
0.017574921
0.016390955
0.015085481
0.015357775
0.015224808
0.01545962
0.015482447
0.01489853
0.014924566
0.015087172
0.015082159
0.0151413595
0.014585673
0.0145959705
0.014661721
0.01430337
0.014105622
0.014053803
0.013965483
0.013761885
0.014135403
0.014084067
0.014268721
0.013995881
0.01358075
0.013906556
0.013903682
0.01342838
0.013414721
0.013125144
0.01319395
0.013263036
0.013082634
0.013588745
0.01361389
0.012926098
0.013170272
0.012892081
0.013165438
0.01316689
0.012624036
0.013354349
0.012977532
0.01287125
0.013025959
0.012412886
0.012410496
0.012236002
0.012631127
0.012426152
0.012865151
0.013052429
0.012774673
0.012671086
0.012484729
0.012506473
0.0120011335
0.012047836
0.012120079
0.011835251
0.012775273
0.012859247
0.0121287005
0.012237904
0.012245121
0.0118910195
0.012305935
0.011660665
0.013021772
0.013807468
0.012528266
0.012554479
0.013518606
0.0129207745
0.011970981
0.0127827795
0.012956104
0.01208089
0.012096527
0.012323767
0.011873007
0.011611451
0.01178439
0.011750775
0.011536059
0.011664384
0.011574988
0.011516721
0.011425833
0.011649042
0.011692668
0.011390004
0.011811147
0.011696763
0.011487198
0.0115237115
0.011659632
0.01135088
0.011537965
0.011540382
0.011460709
0.011361095
0.011259981
0.011192385
0.011371844
0.011186775
0.011609018
0.0116275465
0.010965387
0.011086576
0.01096717
0.010878973
0.011164765
0.011073527
0.011309437
0.010928634
0.011432345
0.011747171
0.010855936
0.0111940475
0.01094887
0.011371096
0.011684298
0.0109123215
0.011090799
0.011393716
0.010931086
0.011065945
0.0110270595
0.0104630655
0.0116478875
0.012081881
0.0105339745
0.012033108
0.013615859
0.012529786
0.010728727
0.011616148
0.012938149
0.012338382
0.011249367
0.010713365
0.011506426
0.011136862
0.010227651
0.010545317
0.010482158
0.010275688
0.01006103
0.010375071
0.010176509
0.01005929
0.0102891065
0.009986951
0.0098118475
0.010260686
0.009787737
0.010107743
0.01019799
0.009611282
0.009631418
0.0097208945
0.009392757
0.009891361
0.0097194305
0.0098259775
0.009598366
0.009560804
0.009577536
0.009384147
0.009378656
0.009266985
0.0091628255
0.009457798
0.009309411
0.00952383
0.009493771
0.009238478
0.009211895
0.009151372
0.008990946
0.009442754
0.009331734
0.009088644
0.009018915
0.008922865
0.008830597
0.009162636
0.00895496
0.008882248
0.0088057555
0.008901837
0.0088341
0.009017282
0.009069615
0.008562633
0.008779602
0.008688954
0.0085697435
0.00844542
0.008752214
0.008701392
0.008463874
0.008470049
0.008412517
0.008281769
0.008310314
0.008326462
0.008211989
0.008226436
0.008057987
0.008154492
0.008042943
0.008062891
0.008009583
0.007844266
0.008225319
0.007956786
0.008437607
0.008540079
0.007910185
0.008259405
0.008022566
0.0084758485
0.008326925
0.007898121
0.0080768615
0.007873748
0.007900911
0.007846871
0.00786532
0.007826331
0.007675287
0.0077921166
0.0076662265
0.007895981
0.0078011137
0.0077412277
0.007658275
0.0075384825
0.0074843466
0.0077750836
0.007566487
0.007760608
0.00781003
0.0076890304
0.007711962
0.007573931
0.007830077
0.0076598967
0.0077670044
0.007706651
0.007765244
0.0074771047
0.007813727
0.007464867
0.008350688
0.008454044
0.007482913
0.007695338
