0.28634608
0.052456666
0.06681779
0.03995428
0.022439187
0.025445515
0.022506237
0.024197383
0.023698717
0.02170449
0.021936579
0.021820674
0.021319805
0.020970462
0.021302288
0.020669276
0.020959241
0.021146873
0.020148994
0.021929711
0.022465562
0.020737005
0.02055046
0.021369265
0.020670263
0.020324793
0.020525483
0.020355295
0.0203186
0.019969344
0.020477109
0.020643888
0.019904187
0.020011818
0.02017732
0.019704958
0.019858522
0.019989641
0.01976457
0.019512774
0.019799167
0.01950719
0.019649586
0.019575948
0.01956273
0.01955234
0.019384796
0.019351153
0.019453373
0.019388862
0.01927287
0.019514414
0.019195357
0.02025198
0.020197786
0.019247143
0.019339433
0.019213999
0.01908367
0.019545246
0.01917878
0.019520318
0.019638129
0.018988231
0.019099241
0.019022167
0.018970564
0.01879311
0.01916542
0.019114742
0.0187503
0.018947741
0.018568015
0.019173047
0.019227877
0.018315006
0.018600242
0.018522022
0.01772465
0.01753865
0.017499031
0.017074063
0.017466327
0.017141724
0.017181873
0.017155146
0.016534595
0.017294057
0.01707814
0.016232044
0.016340144
0.015964113
0.015735999
0.015494869
0.0154358335
0.015207715
0.0149179
0.014696188
0.015058936
0.014792402
0.014498058
0.014493114
0.014047634
0.014746557
0.014665872
0.013804709
0.013816987
0.013945565
0.0135261
0.0136979865
0.013695031
0.013744377
0.013165812
0.014164398
0.014561668
0.013637028
0.013064208
0.01398968
0.013833918
0.013506484
0.01335071
0.01340388
0.013531909
0.012930299
0.012488703
0.012988714
0.013458461
0.012882006
0.0124988705
0.013031115
0.012973157
0.012582044
0.012678146
0.01267575
0.012314777
0.012219086
0.012568536
0.012448513
0.011919041
0.011968371
0.011820406
0.012172103
0.0118385935
0.012145589
0.012255815
0.011551154
0.011735897
0.011735751
0.011527538
0.011462507
0.011291507
0.011823433
0.011742044
0.011156939
0.011095163
0.011085379
0.010879479
0.011056355
0.011013202
0.0109778745
0.010687105
0.010705254
0.010679674
0.0105619235
0.010411068
0.010412681
0.010331533
0.010294539
0.010125277
0.010247593
0.010167065
0.010088568
0.010013099
0.009931837
0.009808127
0.010017476
0.0098710535
0.009842608
0.009981814
0.009620532
0.009566569
0.009620438
0.009555734
0.009718641
0.009607716
0.009832213
0.009518056
0.009727603
0.009479797
0.009487924
0.009351874
0.009391381
0.009380045
0.00895629
0.0098463725
0.009940029
0.0094155
0.009339832
0.009272904
0.009148304
0.009379244
0.0092121
0.009055291
0.009006154
0.009006706
0.008819682
0.008763646
0.008571456
0.008718693
0.008637317
0.008602505
0.008577882
0.008359506
0.008350761
0.008283115
0.008250736
0.008213913
0.0080993995
0.008392362
0.008149822
0.008054327
0.008050168
0.008039788
0.007894176
0.00839283
0.008167872
0.007952291
0.008079971
0.007855416
0.0079515455
0.007864505
0.0076400065
0.00777928
0.0074982955
0.0077455253
0.0075826324
0.0075763757
0.007571829
0.007311562
0.007447895
0.007183246
0.007910434
0.007844828
0.0073891096
0.0074825496
0.0072347247
0.007215537
0.007306022
0.0069984295
0.0072693937
0.006996011
0.0072902166
0.007250998
0.006751185
0.007470909
0.0073156543
0.006814579
0.0068129003
0.0070460276
0.0066901427
0.0074995607
0.0072673396
0.0069838925
0.0072070346
0.0067064487
0.006814541
0.0066347755
0.0067092124
0.0065464475
0.006506833
0.0066084377
0.006433871
0.0066552996
0.006570043
0.006326212
0.006299319
0.00629588
0.006184783
0.005992034
0.006453244
0.006352184
0.006334459
0.006251026
0.006475846
0.006267561
0.0064050336
0.0064012185
0.0060614347
0.0061529786
0.00647351
0.0059369914
0.006467785
0.006326642
0.005948366
0.0058360137
0.0060477597
0.005891681
0.0058827847
0.005740829
0.0059839245
0.0058311946
0.0057903794
0.005672609
0.005818674
0.00560059
0.0057593207
0.005655179
0.0055800118
0.0054668044
0.005562477
0.0055139344
0.0056158714
0.005430085
0.0055226483
0.005528388
0.0053237914
0.005561175
0.0053612813
0.005283948
0.005306527
0.0050416887
0.00632653
0.0058417222
0.005742436
0.005720652
0.005446642
0.0057655447
0.005677605
0.0052015274
0.005160832
0.005207906
0.0050903955
0.004870397
0.0052433177
0.0050460235
0.0051981523
0.0052843746
0.0048996466
0.0050980696
0.0048748613
0.005130628
0.0050272723
0.0051694545
0.0049153683
0.0051624216
0.0049251975
0.0048877792
0.004745745
0.004775638
0.0046996432
0.0047374866
0.004908464
0.005033791
0.004553109
0.00513561
0.0052756765
0.0045677447
0.0051286016
0.004881622
0.0051413416
0.0049864785
0.0046076085
0.004655898
0.004281495
0.0044875187
0.0044355984
0.0043501947
0.0044381614
0.004445126
0.004289754
0.00443943
0.004413393
0.0042359405
