0.2885009
0.13534671
0.06283989
0.03073313
0.03605614
0.029320301
0.022883102
0.027466083
0.026399871
0.021166876
0.028325222
0.03433455
0.029715732
0.022114417
0.023009434
0.02706126
0.026214585
0.022466851
0.02126279
0.022999784
0.023452515
0.021842599
0.020690931
0.0223256
0.022188617
0.022047779
0.020727828
0.023607315
0.024543524
0.022235764
0.023240797
0.023447176
0.021100724
0.02265195
0.02507782
0.023056762
0.020884914
0.021478763
0.021331543
0.02136981
0.021528816
0.020644858
0.02123381
0.021672979
0.021407753
0.021300271
0.020715104
0.020856062
0.021245396
0.020962866
0.02081082
0.020518394
0.021151036
0.021354625
0.020716233
0.021091321
0.02138365
0.020852534
0.020903358
0.021122709
0.020606093
0.020822614
0.021214543
0.020780494
0.020787692
0.021020109
0.02065708
0.02067022
0.02098162
0.020699043
0.020608498
0.020823391
0.020711146
0.020625232
0.020692645
0.020587161
0.020599952
0.020662678
0.020598488
0.020541297
0.020549873
0.020443184
0.020796707
0.02081952
0.020874262
0.020561216
0.020745134
0.020905593
0.020625643
0.020493437
0.020562047
0.020597333
0.020583617
0.020372633
0.0209484
0.021068582
0.020408198
0.020883381
0.020948457
0.020714547
0.020757094
0.020296363
0.021064853
0.021666178
0.02088684
0.020765187
0.020962128
0.020335682
0.02085449
0.021481477
0.020683995
0.020504335
0.02071554
0.020192072
0.020922488
0.021618417
0.020731298
0.020216243
0.020454163
0.020105544
0.020718982
0.021182448
0.02033984
0.020187292
0.020502975
0.020018732
0.020415626
0.020851148
0.020101756
0.019984258
0.02022694
0.019720254
0.02024809
0.020796405
0.020050518
0.019511467
0.019622348
0.019376231
0.01944262
0.019388286
0.019248756
0.01899841
0.019169202
0.019054841
0.01860176
0.0184355
0.018525856
0.018430738
0.01799074
0.017777411
0.01796843
0.017522188
0.017562592
0.01733417
0.017414056
0.01715898
0.017511021
0.01727356
0.017256018
0.01695251
0.017255317
0.017358266
0.016924484
0.01680527
0.016703093
0.016830966
0.016843311
0.016677467
0.0164585
0.016601292
0.016326485
0.016758634
0.016701879
0.016364686
0.0162019
0.01626414
0.01627483
0.015974527
0.015903613
0.016185949
0.015858807
0.016024144
0.01585897
0.015939979
0.01546811
0.016161792
0.016281946
0.015610081
0.015778182
0.016076863
0.015775131
0.015576269
0.015301597
0.015400316
0.015179664
0.015270571
0.01524052
0.014778088
0.014785587
0.014733764
0.014619592
0.014588438
0.014371413
0.014368678
0.014227393
0.014401768
0.013990368
0.01437052
0.014317281
0.013775135
0.013460069
0.01371836
0.013287909
0.013425768
0.013040307
0.01398451
0.013457063
0.013368671
0.0128458105
0.012955082
0.013257805
0.012819093
0.012344356
0.0128671415
0.012815378
0.0128336055
0.011630002
0.014211572
0.013185255
0.013070305
0.012420853
0.01181068
0.011724152
0.011174467
0.010984845
0.012518355
0.010637297
0.010415014
0.011160639
0.010720569
0.0110804215
0.0114169
0.010063973
0.013611411
0.013744615
0.010566796
0.013814996
0.014883395
0.013434728
0.01125742
0.012437324
0.01286303
0.0115097845
0.011138084
0.010553679
0.010410197
0.010189653
0.010042456
0.009555351
0.009767355
0.0099416375
0.009436172
0.009399681
0.009223432
0.009049486
0.008750918
0.009162594
0.009236372
0.008572743
0.008750533
0.0090657575
0.009012535
0.008438463
0.008501463
0.008654685
0.008364192
0.008432786
0.008324926
0.008559755
0.008002151
0.00833667
0.007918704
0.00875925
0.008128717
0.008134691
0.00819392
0.008199955
0.007913304
0.007679147
0.007802674
0.0075997524
0.0074201263
0.0073827375
0.0071787834
0.0074173748
0.007120254
0.007918917
0.007944252
0.007428122
0.0073902397
0.008227558
0.007173533
0.007876773
0.008047987
0.0073575615
0.0071413275
0.008152271
0.0098142745
0.009058207
0.0069050416
0.010273031
0.010996584
0.007990594
0.007973703
0.008535821
0.0077911927
0.0074000675
0.0075592645
0.0071677887
0.007069535
0.0070355944
0.0070546963
0.0066613876
0.007095394
0.006824652
0.0072632716
0.0070007704
0.006783072
0.006909074
0.00641283
0.0064473213
0.006478789
0.0063726716
0.006292572
0.006592171
0.0063885716
0.006952004
0.006872155
0.0064191273
0.006353145
0.0063734544
0.0061448035
0.0063413107
0.0065585375
0.006011233
0.0063308403
0.006296708
0.005873636
0.0070600645
0.007227423
0.006762136
0.0063635805
0.0066201207
0.006709201
0.006148922
0.005920421
0.0065410384
0.0063405484
0.0063975663
0.006143864
0.0062011406
0.006237032
0.0060174973
0.0057948753
0.0063236454
0.0062385225
0.005843263
0.005743586
0.0060188747
0.0057717077
0.006060025
0.0061027366
0.0058220834
0.005743136
0.005782855
0.0058121323
0.005706435
0.0060736104
0.005996973
0.005548235
0.0054867067
0.0056295185
0.0055501335
0.0055208337
0.0054368363
0.0055638175
0.0053982246
0.005689208
0.005666992
0.0054608546
0.005400732
0.00533413
0.0052340613
0.0058510792
0.005622959
0.005463796
0.005335292
0.0052736294
0.005243161
0.0053352043
0.005176062
0.005851641
0.0058756843
0.005243776
0.005654356
0.0055953483
0.0051247766
0.005116571
0.005155264
0.0051187426
0.005272176
0.0050476617
0.005500959
0.00535319
0.005248017
0.0052177687
0.0055321045
0.005225832
0.0059056873
0.005820966
0.005445612
0.005587173
0.0053476524
0.0054943967
0.0052281828
0.005634518
0.0055278256
0.005063334
0.004952907
0.00505248
0.005012749
0.0051797032
0.0050641485
0.0053109243
0.005157661
0.0054381397
0.005688502
0.005026677
0.005625833
0.0058552646
0.0048313993
0.0055539287
0.005870918
0.0052152225
0.006377338
0.0065137115
0.0065445746
0.005810877
0.005172515
0.00578388
0.0060142563
0.0053413548
0.005067302
0.005684826
0.0057007396
0.005092068
0.005004626
0.005010064
0.004901767
0.004820673
0.005004943
0.004894378
0.004985854
0.004899134
0.0052304654
0.0051270463
0.0048401193
0.0049347966
0.004916066
0.0048596435
0.004884925
0.004753117
0.0049158777
0.0050365715
0.0045926943
0.0045771715
0.0047559724
0.0044761603
0.0047997315
0.0052982043
0.0046825637
0.0048417826
0.004854896
0.0047415006
0.0045346688
0.005131705
0.00517279
0.004674565
0.004771654
0.004703674
0.004603166
0.004729423
0.0045866063
0.0048183855
0.0045407773
0.004659627
0.0048756707
0.004468072
0.004361107
0.0045721666
0.0044981013
0.004457981
0.004440214
0.0046009826
0.0043846588
0.004862283
0.004851254
0.0045514726
0.0047483
0.004717787
0.0044977297
0.004547605
0.0044873958
0.004543213
0.0044891927
0.004532863
0.0044226623
0.004528497
0.004337572
0.004393619
0.0044010077
0.0042069536
0.0045416187
0.0042056106
0.0053518205
0.0055260905
0.0044577667
0.0056561776
0.0062799156
0.00485849
0.0049104295
0.0055538625
0.00466232
0.004815532
0.005241973
0.0046706204
0.004550797
0.0047416664
0.0044138804
0.0044573443
0.0043734037
0.004342412
