0.28825578
0.050197978
0.057235662
0.041868895
0.022642007
0.031973034
0.03149789
0.024048999
0.024190351
0.025692603
0.024263456
0.021585926
0.023600994
0.025590679
0.023143113
0.020834634
0.0225314
0.022010699
0.020742372
0.021912172
0.021746764
0.0210939
0.021439776
0.021315759
0.021736315
0.021271413
0.021541012
0.020991355
0.02264381
0.022753304
0.02068692
0.022271654
0.023331232
0.022111274
0.021155523
0.021364992
0.021942316
0.021468008
0.020730557
0.021285718
0.021073706
0.020720242
0.02073809
0.020545788
0.020541484
0.020560717
0.020461343
0.020727301
0.02055453
0.020845177
0.020803185
0.02041926
0.0203901
0.020672863
0.020550156
0.020476645
0.02047059
0.020430451
0.020357095
0.020444207
0.020341307
0.020296125
0.020233897
0.020189393
0.020166248
0.020083277
0.020034805
0.020092374
0.020052044
0.01998576
0.020014502
0.019921156
0.019927323
0.019815193
0.020025516
0.020020911
0.019766873
0.019718075
0.019870667
0.019755086
0.019639574
0.019680222
0.019676218
0.019688673
0.01960883
0.019485302
0.019481394
0.019462941
0.019422935
0.019263187
0.019409938
0.019121258
0.019668698
0.019652413
0.018663904
0.019223781
0.01948739
0.018623618
0.018223552
0.018063972
0.01782346
0.017840466
0.017314056
0.017819533
0.017755454
0.017155815
0.017226504
0.016880458
0.016769907
0.01657611
0.016611801
0.016226256
0.016440302
0.016583959
0.016078996
0.015978789
0.015999459
0.015707742
0.015587685
0.015472186
0.015205537
0.015662422
0.015314631
0.01512076
0.015570664
0.015105259
0.015748275
0.014862682
0.017086046
0.018302618
0.015996946
0.016704025
0.019205531
0.017229473
0.015166347
0.01572147
0.016347082
0.01572342
0.014995662
0.014965047
0.015381384
0.014863205
0.014460447
0.014510763
0.014238584
0.014155728
0.01418314
0.014005934
0.013840164
0.01418147
0.01394185
0.013959284
0.013873328
0.013903375
0.013818145
0.013556142
0.013508418
0.013633867
0.013511191
0.013553689
0.013478649
0.0134114055
0.013416682
0.013454228
0.013295059
0.013504001
0.013229597
0.013382897
0.013282386
0.013552274
0.0138008855
0.013423714
0.013311859
0.013396378
0.013010741
0.013936885
0.014068264
0.01298434
0.015167371
0.016661545
0.015677983
0.0148965875
0.014543147
0.013947916
0.014404898
0.014776975
0.013801359
0.013880886
0.014547731
0.013690318
0.013654721
0.013950363
0.013272375
0.013761791
0.013937612
0.013046339
0.01404503
0.014762738
0.013578358
0.013461511
0.014362949
0.01361468
0.013232534
0.013439848
0.013079665
0.013493932
0.014003858
0.013231639
0.01351617
0.0142807895
0.013798018
0.013587113
0.013408281
0.013304498
0.013495096
0.013206661
0.01302318
0.012895501
0.012914036
0.012779246
0.013247867
0.013474877
0.013003047
0.0129587725
0.013158928
0.013028043
0.012780097
0.012791477
0.012831728
0.012707773
0.01300649
0.012905096
0.0129572665
0.012868012
0.013060515
0.013031427
0.012891158
0.012858276
0.012812112
0.012714769
0.012858567
0.012869953
0.012677311
0.012689203
0.012788407
0.012633431
0.012892389
0.012842268
0.012536027
0.012525938
0.012807385
0.012774407
0.012581934
0.01259648
0.012669332
0.012563412
0.012666997
0.012616006
0.012560959
0.012476161
0.012698877
0.0126068415
0.012494531
0.012448054
0.012590597
0.012525056
0.012494329
0.012441382
0.012557034
0.012523104
0.012409195
0.012363374
0.012578039
0.01254088
0.012354188
0.012334533
0.012553919
0.012533333
0.012353875
0.012373944
0.012429674
0.012421136
0.012413099
0.012409036
0.012382977
0.012413937
0.012348019
0.012350525
0.012379304
0.012416563
0.012288113
0.012326208
0.012345848
0.012392427
0.012330244
0.012396946
0.012278646
0.012311876
0.012266308
0.012229561
0.012360926
0.012372118
0.012195426
0.01223968
0.012250417
0.01222296
0.012252286
0.012268695
0.012186911
0.012217846
0.012147807
0.012141348
0.012222319
0.012259143
0.012082968
0.012143237
0.012139763
0.012266222
0.012096672
0.012081668
0.012228303
0.01209698
0.012106503
0.012094359
0.012108475
0.012214747
0.011985265
0.012113031
0.011899856
0.011912599
0.011899568
0.011841868
0.011877307
0.012017691
0.011880799
0.012224548
0.01223236
0.011930023
0.012096173
0.01207679
0.011872567
0.011993456
0.01179405
0.011981851
0.011891272
0.011866224
0.011805303
0.011732161
0.011718954
0.011841514
0.01171873
0.011615247
0.011881945
0.011775292
0.011777458
0.011860249
0.011886354
0.011653986
0.011687505
0.011720829
0.011631834
0.01149394
0.011719805
0.011582504
0.011623271
0.0114220055
0.011626971
0.011690046
0.011421735
0.01136909
0.011539723
0.011492913
0.011319722
0.011329594
0.011268583
0.011207536
0.011503958
0.011453682
0.011294715
0.011359145
0.011137444
0.011235803
0.011137334
0.011041355
0.011488815
0.011365145
0.011071101
0.01103336
0.01114278
0.010927397
0.011597653
0.011482752
0.011015713
0.011014923
0.010996829
0.010922126
0.010929429
0.010955587
0.010816999
0.010854217
