0.2871937
0.054038223
0.06032862
0.03443626
0.029532125
0.027963394
0.023187427
0.025733566
0.024986072
0.021223232
0.02337729
0.024394393
0.02134186
0.021142771
0.022038644
0.020456446
0.020202182
0.020651894
0.019564236
0.019758066
0.019995274
0.019083709
0.019847596
0.02062854
0.019605266
0.018671669
0.019238017
0.018971784
0.01860214
0.018713469
0.018624954
0.018248204
0.019006005
0.018878683
0.017943332
0.018897088
0.019237926
0.018399144
0.018319065
0.018133154
0.017999366
0.017936954
0.017291674
0.017981997
0.018070614
0.017169055
0.017624324
0.017574739
0.017217014
0.017081885
0.016887324
0.016834691
0.01669731
0.01646574
0.016467758
0.016077543
0.01631278
0.01636326
0.016009634
0.015523593
0.016129142
0.016206972
0.015476177
0.015325631
0.015269562
0.015157615
0.015078962
0.015006087
0.0150554655
0.014706341
0.01497145
0.014706324
0.014781893
0.015159269
0.014445268
0.015330121
0.016244663
0.015365212
0.01428322
0.016225472
0.01766111
0.016680427
0.0147420885
0.01447805
0.015056054
0.014564812
0.01423362
0.014374948
0.014430061
0.014281395
0.014135028
0.0141878575
0.014151532
0.013948183
0.014153156
0.014228936
0.0140496865
0.01400699
0.0140144415
0.014015126
0.013722393
0.0138396295
0.013930269
0.013681981
0.013800524
0.013897203
0.013673457
0.01376834
0.013851707
0.013639885
0.013780914
0.013870917
0.013852523
0.0135217905
0.013621222
0.013714127
0.013527633
0.01353112
0.013626479
0.01351023
0.013387325
0.013688654
0.013623581
0.013860784
0.013579756
0.0137192635
0.013836767
0.013481907
0.013397589
0.01346713
0.013405439
0.013538167
0.013374169
0.013870932
0.014138233
0.013470878
0.01433982
0.014812236
0.014013849
0.014349908
0.014653993
0.01367307
0.01395088
0.0146020455
0.013810612
0.013776797
0.01408654
0.013483238
0.013712888
0.014021237
0.01340919
0.013921044
0.014453118
0.0135803325
0.013358899
0.013736534
0.01326906
0.01361465
0.01404176
0.0133614475
0.013348415
0.013738763
0.01321474
0.013444673
0.013795901
0.013203562
0.013403808
0.013849862
0.013252356
0.013255979
0.013567996
0.01308033
0.013436074
0.013878028
0.013250253
0.0131490035
0.013431394
0.0130142495
0.01339604
0.013815738
0.013194424
0.013081759
0.013364448
0.012937352
0.013372704
0.013827394
0.013188288
0.0129626645
0.01321362
0.0128476685
0.013317074
0.013747108
0.013099988
0.012896143
0.013131797
0.012767717
0.013246256
0.013718686
0.013056372
0.012777495
0.013040944
0.012707208
0.013108529
0.013514181
0.012846773
0.012826391
0.01309394
0.012629931
0.0128782205
0.013140316
0.012601855
0.012778205
0.013041279
0.012536738
0.012770023
0.0129177375
0.012413815
0.012557265
0.012917404
0.012555552
0.0124421865
0.012765524
0.012701741
0.012143447
0.012557876
0.0130612
0.012510441
0.012006633
0.012666074
0.012825516
0.012539192
0.01200522
0.012496534
0.012691088
0.012460314
0.01256849
0.011896738
0.011715669
0.011391877
0.011933632
0.011561389
0.012192654
0.012516745
0.011481562
0.011925064
0.012340126
0.012007986
0.011232692
0.012360983
0.012063676
0.011217575
0.011570725
0.011377553
0.010723812
0.011210772
0.011536368
0.011009753
0.0107146455
0.010739257
0.010595337
0.010514788
0.010536794
0.010362928
0.010567033
0.010282308
0.01102902
0.010579663
0.010721506
0.011131491
0.0100783175
0.010994755
0.011557598
0.0105491625
0.011174495
0.010770547
0.010123413
0.010134348
0.010186446
0.009663333
0.010573126
0.010651392
0.009645511
0.009777157
0.009868971
0.009751159
0.009652212
0.009335998
0.010597234
0.011148621
0.009643986
0.009948944
0.010267212
0.009901897
0.009454608
0.009672866
0.009213302
0.009364255
0.009567984
0.008957748
0.00934518
0.009712439
0.009466602
0.009117735
0.008801939
0.009259175
0.009033688
0.009249128
0.009216304
0.009331557
0.008996915
0.009431656
0.008993063
0.00858497
0.00856106
0.008582187
0.008302331
0.008207012
0.008114749
0.008286715
0.008137117
0.007971037
0.008384439
0.008075356
0.008591344
0.0085544335
0.008473388
0.008236138
0.007837326
0.0077506104
0.0077317855
0.00793472
0.00763216
0.0076511553
0.007723792
0.0077277194
0.0073914346
0.007859746
0.007565457
0.0076923645
0.007985118
0.0075491364
0.007235979
0.0073098615
0.007054684
0.006985739
0.0073860004
0.006997218
0.007670799
0.00782001
0.0073642083
0.007066885
0.007806914
0.007366087
0.0075275875
0.007725824
0.0067775906
0.0072957627
0.007415615
0.0074611274
0.006807214
0.008098801
0.008546751
0.0071849707
0.0072836764
0.007874495
0.007559681
0.007017085
0.0068328134
0.006809589
0.006738423
0.006660486
0.0064650583
0.0065845973
0.0064973854
0.006493125
0.006539872
0.0063504255
0.0063434616
0.006220685
0.006287195
0.0062178127
0.0062295273
0.006125841
0.0060034893
0.006157464
0.005927525
0.0059158765
0.005893871
0.005992802
0.005791131
0.0057529197
0.005710103
0.0058722664
0.005809162
0.005742935
0.005609959
0.0058417884
0.005536703
0.005933583
0.005649337
0.0059720315
0.00586487
0.0057193316
0.0056828414
0.005819675
0.005679348
0.005564064
0.005598202
0.0052282526
0.005859854
0.005737608
0.0059063607
0.005747246
0.0056914054
0.0055736513
0.00518693
0.0051817186
0.0052171513
0.005170447
0.005054349
0.005027916
0.005084342
0.0049914834
0.004995208
0.0049080453
0.004984918
0.004916018
0.004800238
0.0049689207
0.004902326
0.0047399728
0.0048512802
0.0048012724
0.0048255236
0.0047298255
0.0046445704
0.004736065
0.004535714
0.0047001303
0.0046100095
0.0047850683
0.004799682
0.004483311
0.0049908604
0.0050668265
0.004726933
0.004501015
0.00480668
0.0044535883
0.0051935934
0.005260335
0.0047345464
0.0047929343
0.0046101385
0.0048324303
0.0046150554
0.004530215
0.0045448705
0.004410776
0.004538609
0.004402022
0.004704773
0.0047139395
0.004309658
0.004661064
0.00433395
0.004471475
0.004459578
0.004330048
0.004370663
0.004101124
0.0045820423
0.004297465
0.004962167
0.005019149
0.00489636
0.0047188895
0.0047947546
0.004687945
0.004929246
0.0046789944
0.004219005
0.0042514005
0.0044701044
0.004039098
0.0046572746
0.004765641
0.004066225
0.0043922574
0.0042380677
0.0042955237
0.00424764
0.0041235476
0.0041323234
0.0039793905
0.0042187595
0.0042137974
0.0038916122
0.0039762687
0.0040682605
0.003924036
0.0037842654
0.0042829537
0.0039156745
0.004673731
0.004959319
0.0042986255
0.004031697
0.00432499
0.004189214
0.004079692
0.0039993688
0.004163347
0.0040184176
0.0038432416
0.00411527
0.0037324047
0.0039133793
0.0040302095
0.0036860306
0.003931211
0.003839109
0.003964172
0.003965986
0.0036806741
0.0038763445
0.0037243676
0.0036960344
0.0037979342
0.0034337584
0.0040049218
0.0037739954
0.0038424563
0.0040979055
0.0037218977
0.0036688438
0.0040160124
0.0038609204
0.0035329266
