0.28757158
0.065168075
0.050921325
0.03073068
0.03169167
0.027494809
0.023421133
0.026290378
0.025157198
0.02171995
0.023933778
0.024902394
0.022279067
0.021913638
0.022860909
0.021746853
0.021507815
0.021879485
0.021241166
0.02172681
0.02208434
0.021225631
0.021702075
0.02231983
0.02165406
0.021175453
0.02192458
0.021729544
0.021421531
0.021062829
0.021273004
0.021021785
0.020857835
0.02077903
0.021195823
0.02091206
0.02122035
0.020967737
0.021043783
0.02088964
0.020606637
0.02056011
0.02073953
0.020530997
0.020845944
0.020798558
0.020340526
0.020368896
0.020374315
0.02021856
0.020484237
0.020353384
0.02020658
0.020189377
0.020176582
0.020123355
0.020187043
0.020112505
0.020149408
0.02014318
0.019981397
0.019978914
0.020044992
0.01994173
0.020023746
0.019996494
0.019881468
0.019841835
0.020172387
0.020002142
0.020031141
0.020026527
0.019915745
0.019962195
0.019917147
0.020067366
0.019766154
0.020272031
0.020194499
0.019909218
0.019891439
0.019935265
0.019753749
0.020090962
0.019974103
0.019765506
0.019942036
0.019695519
0.0196533
0.0196779
0.019596316
0.019719796
0.01965733
0.019709593
0.019584319
0.019820934
0.019764788
0.019521026
0.019498048
0.01959703
0.019483112
0.019491024
0.019470984
0.019468961
0.019327415
0.019448616
0.019360578
0.019273177
0.01921069
0.019208428
0.019129017
0.018967563
0.01884607
0.01883022
0.018404925
0.018852217
0.018544562
0.017852293
0.017422253
0.01767964
0.01693006
0.017187536
0.01681244
0.017097669
0.017118135
0.01600452
0.0168041
0.017187826
0.016424267
0.015817381
0.0156171275
0.015430181
0.015218484
0.015196559
0.015162196
0.014746185
0.01456168
0.0145224305
0.014092791
0.013919522
0.013897732
0.013895663
0.013655484
0.013449903
0.013462973
0.013349165
0.013270139
0.0132421
0.013117359
0.01316107
0.012976308
0.012854978
0.012721829
0.0125766555
0.012418377
0.012703824
0.012511036
0.013085387
0.013116834
0.012271392
0.012482733
0.012368426
0.012509731
0.01229542
0.012501143
0.012827982
0.01254076
0.012037584
0.012313056
0.0123606445
0.012000437
0.011962769
0.012266842
0.012300185
0.0115991905
0.012031107
0.012283177
0.012256466
0.011690886
0.011831152
0.012129496
0.0119050415
0.011505052
0.011545807
0.011706117
0.011699871
0.0113549605
0.011808767
0.012010003
0.0114579275
0.011299011
0.0115557285
0.011394367
0.011236143
0.011307339
0.011243102
0.010948785
0.011013561
0.011161475
0.011035699
0.011031613
0.011279802
0.011314352
0.0111009255
0.010710412
0.0108536715
0.01124508
0.01109348
0.011244394
0.010974083
0.011203144
0.0115654245
0.011050117
0.011340248
0.010509596
0.011860439
0.012789067
0.011534728
0.011928685
0.013523474
0.013133853
0.01149828
0.010824032
0.011053531
0.010749105
0.011095088
0.010622366
0.010799815
0.01113037
0.011056177
0.010898598
0.011326026
0.011403664
0.010446553
0.011612002
0.012365115
0.011061691
0.011203545
0.011941277
0.010767445
0.010949474
0.011471552
0.010339239
0.011050952
0.012027769
0.0107981665
0.010464652
0.01100786
0.010265225
0.010987398
0.011814837
0.010643269
0.010418032
0.010973665
0.01021072
0.010636624
0.011251899
0.010261211
0.01057563
0.011332517
0.010366494
0.010201552
0.010646048
0.009889298
0.010733072
0.011530218
0.01037956
0.010067943
0.010575517
0.009806528
0.010562181
0.011308295
0.0102265775
0.010078553
0.010660809
0.009852092
0.0102678295
0.010877612
0.00995032
0.010158465
0.010820554
0.009862293
0.010071996
0.010642499
0.009777736
0.010180908
0.010938105
0.009940502
0.009834005
0.010326528
0.009598519
0.010246691
0.011026602
0.009907627
0.009724539
0.0102004325
0.009497565
0.010240719
0.011067512
0.009953361
0.009579503
0.010013715
0.009409582
0.0101705445
0.010919516
0.009804092
0.009605326
0.010123959
0.009452088
0.0099806115
0.010744903
0.009751997
0.009623279
0.010225301
0.009540601
0.009781753
0.01039833
0.009577163
0.009790413
0.010430462
0.009636476
0.009825322
0.010487039
0.009751935
0.009691686
0.01007289
0.0096392
0.009534747
0.009969949
0.0095267175
0.009385546
0.009701465
0.009180735
0.009958801
0.010003028
0.009186366
0.009578875
0.009577959
0.008981031
0.010269103
0.0106689045
0.009294567
0.010486406
0.011514299
0.0108645335
0.01014817
0.009965912
0.0099721635
0.0104027195
0.009902024
0.00928818
0.009549677
0.009479283
0.009028461
0.009887929
0.009692106
0.009444655
0.009409937
0.009243895
0.00942857
0.009064775
0.009535004
0.00975326
0.009088986
0.009406122
0.009513545
0.009061906
0.009393101
0.0091516
0.009115658
0.009281407
0.008974197
0.008927821
0.008898485
0.008752299
0.00891621
0.008685882
0.009153181
0.009205539
0.008886743
0.008976051
0.0087404
0.008914264
0.0086592585
0.008718678
0.008986634
0.008609978
0.009052278
0.009578478
0.009191764
0.008703933
0.009252117
0.009372517
0.008889758
0.008805822
0.008957627
0.00870139
0.008766397
0.008860212
0.008699912
0.008436133
0.008956449
0.008976254
0.008509135
0.00838945
0.008844373
0.008637388
0.008622875
0.008724814
0.008416216
0.008283064
0.008759411
0.008740085
0.008568179
0.008465274
0.008463033
0.008404815
0.008463508
0.008443789
0.008345363
0.0082696
0.008310824
0.008282047
0.00831092
0.008178006
0.008395695
0.0083455285
0.008230709
0.0081325015
0.008290201
0.008225842
0.008240514
0.008173679
0.008151258
0.008080962
0.008193946
0.008097502
0.008178398
0.008059275
0.008130155
0.008087075
0.00806512
0.007995993
0.00809489
0.008016603
0.008046927
0.007954337
0.008052769
0.007957074
0.00806128
0.0080178715
0.007916683
0.007896372
0.0079798605
0.007932949
0.007956223
0.007940388
0.007885687
0.007861268
0.007958247
0.0079499865
0.007789645
0.0077658277
0.007935874
0.007877874
0.007773722
0.007735414
0.007903547
0.007822112
0.00779865
0.0077595836
0.0078239925
0.0077611213
0.0077846814
0.0077472194
0.0077504884
0.00771339
0.0077619045
0.0077387425
0.0077050724
0.0076756054
0.0077705015
0.007722329
0.0076617175
0.0076371287
0.007708075
0.007666672
0.0076619363
0.0076100775
0.007676059
0.007570915
0.0076406538
0.007513924
0.0076822178
0.0075747506
0.0076226383
0.007503759
0.007623758
0.007532655
0.007541822
0.007477692
0.0076306514
0.0075070313
0.0074969977
0.0074269227
0.007555433
0.0074988143
0.0072827004
0.007346993
0.007513138
0.007335821
0.007485136
0.0073696207
0.007403627
0.0074421614
0.007231871
0.007185904
0.0077163815
0.0075617447
0.007133732
0.007406223
0.007076234
0.008259141
0.008305392
0.0077247955
0.007855334
0.007914339
0.007701242
0.00720597
0.007911118
0.007954133
0.007212552
0.0075547914
0.007264731
0.0073732757
0.0071069635
0.0075685675
0.0073185223
0.007446471
0.0075048474
0.0070501775
0.0074944533
0.0069507346
0.007485012
0.007393369
0.007276663
0.0073565617
0.0071177403
0.0074031637
0.0068867025
0.007273003
0.0070427097
0.006797787
0.006670104
0.0069588292
0.0066693514
0.007616456
0.008256589
0.0069908216
0.0086969165
0.011212311
0.009404213
0.0072185616
0.0078958655
0.00845833
0.0075389273
0.0073623075
0.0075371475
0.0065933727
0.007729087
0.007867769
0.0068606026
0.007887493
0.008719565
0.007107366
0.007696204
