0.2893281
0.07879863
0.056906182
0.029701246
0.03640611
0.032687325
0.022618996
0.031767447
0.035166275
0.026952693
0.022299295
0.023694227
0.02223152
0.024003724
0.02495107
0.022988394
0.022313377
0.023000503
0.022121614
0.02242664
0.022768678
0.021954352
0.021860696
0.02222517
0.021573545
0.02124433
0.021476075
0.02117309
0.020798652
0.021527728
0.021382997
0.02171439
0.021164708
0.020700457
0.020657098
0.021031618
0.020877061
0.02057567
0.020566965
0.020316616
0.020705102
0.020479778
0.020420482
0.020362046
0.020087315
0.01992639
0.020054987
0.019634746
0.020231588
0.01997029
0.019541657
0.019452685
0.01949318
0.019240314
0.019394724
0.01932201
0.01891443
0.018904824
0.018660286
0.019016102
0.018689983
0.018998547
0.019136881
0.018453775
0.01914476
0.019413477
0.018458674
0.019668728
0.021075131
0.019498626
0.018221982
0.019248577
0.019197619
0.018164465
0.018672422
0.01895738
0.01795697
0.018980624
0.01963263
0.018382138
0.019106504
0.01873481
0.018843263
0.018041337
0.018586453
0.019474695
0.017972074
0.018204996
0.018751813
0.01818878
0.017889554
0.018132301
0.017925873
0.017429383
0.018451877
0.018675335
0.017482458
0.017789258
0.018000277
0.017696438
0.017490169
0.017601943
0.01721896
0.017625205
0.017570058
0.017260298
0.017270094
0.017214082
0.01695388
0.017611288
0.01745635
0.016809149
0.016831527
0.016883504
0.016717492
0.016595883
0.016795719
0.016731411
0.016471885
0.016490588
0.016538072
0.0168443
0.016569356
0.017941726
0.018963918
0.017157549
0.017162615
0.018193519
0.017038899
0.016828222
0.017167099
0.016353577
0.017107831
0.017962685
0.016894808
0.016537758
0.016787505
0.016443882
0.01688398
0.016937932
0.016100384
0.01689089
0.017219638
0.01632915
0.016462332
0.016830105
0.016293785
0.016357685
0.01635276
0.016042618
0.016064713
0.015848756
0.016068883
0.015880892
0.0155469375
0.0154700205
0.015700208
0.015576627
0.015439533
0.015377696
0.015371884
0.015250166
0.015256447
0.015161154
0.015063845
0.014933474
0.015035681
0.014802232
0.01490007
0.014715862
0.014665115
0.0144885825
0.014503221
0.014205839
0.014375187
0.0140637485
0.014004872
0.013744369
0.013603195
0.013249211
0.0134878745
0.013378553
0.012785789
0.014989098
0.013369385
0.014350067
0.014348528
0.013565292
0.014315923
0.013103868
0.013333827
0.01433647
0.013043471
0.012383203
0.01229814
0.012089796
0.012002739
0.012174432
0.011598499
0.011464208
0.011365113
0.010839007
0.0108689545
0.010809571
0.010911218
0.010319565
0.010119249
0.010260819
0.00981157
0.00997753
0.009771891
0.009126099
0.008939315
0.009222946
0.008904279
0.008833547
0.008973551
0.00845714
0.008692722
0.008275699
0.008636984
0.008886475
0.008147522
0.0095035
0.009765147
0.009549285
0.008417829
0.0090360325
0.009931217
0.008461481
0.008084805
0.00813041
0.008182921
0.0074864575
0.009374765
0.0092659695
0.009001538
0.007912141
0.008707551
0.0085766455
0.009195674
0.008697764
0.0076761157
0.008042049
0.007983331
0.0073610917
0.007799167
0.00798057
0.007302668
0.0070336373
0.0072227344
0.00717436
0.007349922
0.0070920573
0.008088502
0.0078002363
0.006958906
0.006837513
0.0069795265
0.0068371953
0.006561993
0.0069932514
0.0065744296
0.0072398423
0.0069935094
0.0067180046
0.006874738
0.0066147135
0.00655246
0.006600035
0.0063213487
0.0063852887
0.0061010495
0.00647822
0.0067665805
0.006048864
0.006332258
0.0065355264
0.0058805645
0.0061910353
0.006418528
0.0059120147
0.006162552
0.0063855425
0.006195366
0.0055309744
0.006116994
0.006217445
0.005590582
0.005800128
0.005800308
0.005574426
0.0057650916
0.0057951645
0.0055802166
0.005248889
0.0059938156
0.006056432
0.0052574133
0.0053244173
0.005452817
0.005260434
0.004987893
0.0051584467
0.0049958765
0.004939105
0.0051818523
0.004928509
0.00510949
0.005095652
0.005184815
0.0047896164
0.005231159
0.0054409723
0.0050992775
0.00495993
0.004843917
0.0049385475
0.00482697
0.004612124
0.0044436115
0.0048491894
0.004384381
0.004493601
0.0043520145
0.004555144
0.0044716946
0.0045046266
0.004480098
0.0044137863
0.0044414205
0.004313487
0.004108291
0.0043012714
0.004376035
0.003969323
0.0045564123
0.004466769
0.00403782
0.004161163
0.0041877143
0.003983666
0.004261358
0.004369506
0.003827501
0.004494999
0.004656734
0.0039957543
0.0046441923
0.0049641225
0.004900992
0.004196706
0.0043629124
0.004496524
0.0044073444
0.003974769
0.003930501
0.0048678746
0.0043205167
0.0046814056
0.0046328777
0.0040390054
0.003814962
0.0044477726
0.004174826
0.0045093265
0.004231861
0.003887482
0.003931175
0.004101264
0.0038698467
0.0041029244
0.004144399
0.0036694158
0.0036565475
0.0041350764
0.003833048
0.0042094365
0.004323255
0.0038555663
0.0039262814
0.0038847227
0.003642048
0.0039515514
0.0039101313
0.003534652
0.003599355
0.0034621942
0.0035677466
0.0033942207
0.0034855567
0.0033777582
0.0033155812
0.0035384316
0.0033561345
0.0037800344
0.0036631327
0.0034917397
0.0036830436
0.0034119834
0.0038609456
0.0036533328
0.0040393
0.0039728233
0.0035123576
0.004061237
0.004053393
0.004011482
0.0036565783
0.0038193734
0.003924861
0.0042414404
0.0035187348
0.004187554
0.0045144553
0.0038785178
0.0036582851
0.0033967847
0.0034587171
0.0035221204
0.0032527403
0.0041388553
0.003989143
0.003716247
0.0034168847
0.0037606924
0.003640258
0.0037566144
0.003753546
0.0035263177
0.0034675496
0.0035373978
0.0033351202
0.0035761127
0.003671323
0.003319388
0.0032108612
0.003483298
0.003331784
0.0034740039
0.0033615807
0.0033774853
0.00331291
0.0032999308
0.0031899184
0.0033504285
0.003321965
0.0032170855
0.003096018
0.0033898903
0.0033229433
0.003153005
0.0031615552
0.0031363468
0.003122023
0.0031046586
0.0030258663
0.0031548487
0.0029785242
0.0032572972
0.0032511605
0.0029776862
0.0031314017
0.003151283
0.0031205316
0.0031825958
0.003044451
0.003196708
0.0032280239
0.0030576221
0.002948309
0.0031040392
0.0030765783
0.0029077586
0.0030035425
0.002994663
0.0029376845
0.0030583143
0.0029082708
0.0033883278
0.0031646807
0.0032053988
0.0032685027
0.0030054834
0.0030208759
0.0031858676
0.0030565541
0.0028846934
0.0030077205
0.0029893273
0.002831136
0.003095704
0.0029993504
0.0030585937
0.002994953
0.0029722173
0.0028624658
0.003000133
0.0029734194
0.0028121881
0.003072556
0.0029108922
0.002912036
