0.28897065
0.061796438
0.0631913
0.036842316
0.027099855
0.028050438
0.022693262
0.02773858
0.026594112
0.022162875
0.025780773
0.027109912
0.023572559
0.022445455
0.023932809
0.023781708
0.021863282
0.023158392
0.024358252
0.023078276
0.022026544
0.021953309
0.022513071
0.022173187
0.021425942
0.02214998
0.022013053
0.022081912
0.021210866
0.022835663
0.023559406
0.021889279
0.022934763
0.023125082
0.021155184
0.021426553
0.022258012
0.021343142
0.020752078
0.020961285
0.0204663
0.020172069
0.020293705
0.019912109
0.01977473
0.019819813
0.019722542
0.019639308
0.019369543
0.019506702
0.019326113
0.018681439
0.018403826
0.019068623
0.018990038
0.018070305
0.017545797
0.017642427
0.01691209
0.017274244
0.017357638
0.016676197
0.016650373
0.016561963
0.01593204
0.01653823
0.016030917
0.016156705
0.016163275
0.015702605
0.015706653
0.0155739635
0.015318118
0.0153442165
0.015090938
0.015191384
0.015050347
0.014820825
0.015318736
0.015060677
0.014968761
0.014866454
0.014681983
0.014557677
0.014719714
0.014473607
0.014358652
0.014197989
0.01418386
0.0139392875
0.013951014
0.01380685
0.013597916
0.013409796
0.013628407
0.01348529
0.013197786
0.013037209
0.013229075
0.013101503
0.012743078
0.012614414
0.012823273
0.012603238
0.012578706
0.012465891
0.01228786
0.012192179
0.01225175
0.012110006
0.01202416
0.011889848
0.011943729
0.011743296
0.01188491
0.011645856
0.011822741
0.011646376
0.011636245
0.011492812
0.011534159
0.011345901
0.011590282
0.011389065
0.011378261
0.011196299
0.011414585
0.011193748
0.011354829
0.011287403
0.011069427
0.011075164
0.011108817
0.011035845
0.011082068
0.011109944
0.010874279
0.010919839
0.0108637465
0.0108614005
0.011109252
0.011193231
0.010704294
0.010916491
0.010718214
0.010662763
0.010807711
0.010660488
0.010881364
0.010951001
0.010504966
0.010719455
0.010422252
0.010831081
0.010628692
0.010823101
0.011114459
0.010442558
0.01090246
0.011018775
0.010414668
0.010805648
0.0107593015
0.010348576
0.010789146
0.010303047
0.010713746
0.010798447
0.0105122365
0.010331761
0.010743105
0.010727252
0.010518074
0.010463762
0.010271554
0.010731456
0.010123633
0.01113965
0.011458556
0.011059433
0.011100192
0.0104816705
0.011093308
0.011198978
0.010450798
0.010620945
0.010776401
0.01051259
0.010290183
0.010564801
0.010363592
0.0103863375
0.010292152
0.010155223
0.010240879
0.010057376
0.010046543
0.010239425
0.010074162
0.010331079
0.010447174
0.010141787
0.010206527
0.010076894
0.010015839
0.0099006435
0.010238272
0.010236888
0.0098404065
0.010010678
0.0097530605
0.010202188
0.0101782745
0.009735203
0.009877755
0.00964159
0.009882349
0.00968778
0.009851974
0.009958177
0.00959913
0.009740434
0.009568618
0.009596673
0.009482671
0.009747193
0.009641787
0.009409127
0.009656425
0.00942108
0.009598861
0.009756472
0.009332163
0.009391992
0.009371239
0.009157733
0.009760418
0.009651105
0.009864238
0.010091924
0.009739292
0.009423401
0.0097450875
0.00926947
0.009616528
0.010343523
0.009758507
0.009379662
0.009853971
0.0098627005
0.00937046
0.009077113
0.009371602
0.009147081
0.009529403
0.009627749
0.009457535
0.0091357855
0.009139922
0.008924517
0.008994538
0.009120929
0.008911888
0.008751958
0.008678091
0.008686267
0.00864359
0.008695741
0.008562949
0.008645486
0.008745427
0.00856313
0.008532957
0.008374714
0.008745634
0.00867338
0.0088002635
0.008893118
0.008892663
0.00871696
0.008518181
0.008535779
0.008535135
0.00822611
0.008723511
0.008730987
0.008358851
0.008224029
0.0082550375
0.008295496
0.008238762
0.008076099
0.0084641315
0.00840266
0.007943762
0.007893879
0.008309674
0.008178606
0.0080020735
0.007959806
0.008051106
0.007950991
0.007957849
0.007881568
0.0080206795
0.007898561
0.007949702
0.00793702
0.007769352
0.007705491
0.007872188
0.007743078
0.007921732
0.0078371875
0.007688279
0.0076325363
0.007819779
0.007764919
0.007570363
0.0074762776
0.0079406155
0.007883597
0.0074280337
0.007407477
0.0075657945
0.007414306
0.007834827
0.007819452
0.007280016
0.007229364
0.007760903
0.0076192003
0.007576185
0.007583894
0.007406914
0.007195244
0.007631914
0.0072418577
0.0076549873
0.007750141
0.007216642
0.0071258545
0.007141681
0.0070211017
0.0073931566
0.0072781816
0.007291811
0.0070613897
0.0073969713
0.006962318
0.0070713856
0.0069913343
0.0070406203
0.007102638
0.0066128955
0.006630052
0.0068991375
0.0065900884
0.006726999
0.006583374
0.006710692
0.006532611
0.006546845
0.006333593
0.0070034075
0.0068960018
0.0062706866
0.0069936514
0.0066557527
0.0074988944
0.007949249
0.006527254
0.0072971494
0.008105221
0.0071562245
0.0064747143
0.0069244765
0.006747952
0.00639552
0.0063871653
0.0062302575
0.0060978197
0.0059930906
0.006158848
0.00631737
0.0059005083
0.006191596
0.0058498993
0.006544051
0.0069711204
0.0062287846
0.006019175
0.006462055
0.0059026084
0.0066734045
0.006813803
0.006256759
0.0057423064
0.0062315986
0.0061620823
0.005867778
0.0055978918
0.0059472583
0.0058195605
0.006688975
0.0065655373
0.0058538155
0.0057419785
0.005851882
0.005516344
0.005426427
0.0058197104
0.0053372984
0.0063550263
0.0065539037
0.0057654562
0.005701572
0.005708175
0.0053505623
0.0051850826
0.005444961
0.0051819813
0.005323225
0.005402813
0.005006411
0.005621724
0.0056719766
0.0059340424
0.005236437
0.0057839495
0.0057903775
0.0057277405
0.005050867
0.005647646
0.0058548464
0.005868715
0.0052047586
0.005386121
0.0056260885
0.0056193452
0.0049470966
0.0053839847
0.005817844
0.0054428806
0.0049630455
0.0053983815
0.0056291576
0.005566769
0.005382898
0.0050141755
0.0053077447
0.00476201
0.004881577
0.004899837
0.0048026014
0.004751714
0.004770555
0.004674843
0.0047910837
0.0047417977
0.0050092516
0.0049336297
0.0047917105
0.004725123
0.0050070076
0.0046860743
0.005176849
0.005418498
0.004422184
0.005939811
0.0070686634
0.0052822456
0.005316747
0.005858335
0.0045560705
0.0052592843
0.005885406
0.004694359
0.0054309666
0.0065560066
0.0053209886
0.0047771675
0.0055446294
0.004974894
0.0047030863
0.004836437
0.0047694365
0.0045394576
0.004566414
0.0045136767
0.0043218215
0.004270846
0.004877334
0.004376497
0.0053776875
0.0052697584
0.0049040574
0.0050278227
0.0049539376
0.004716794
0.00488228
0.004818586
0.0045670574
0.0044655907
0.0043393555
0.0042480216
0.0044402503
0.004216652
0.004565502
0.004474454
0.0047760047
0.004629426
0.0044303196
0.0043133385
0.004295225
0.004061291
0.0043807677
0.0041353325
0.004702439
0.0047104866
0.0044098888
0.0042603053
0.004806479
0.0043653604
0.004340812
0.0046228436
0.0041706264
0.004065598
0.0046691666
0.004296876
0.004171412
0.0043193772
0.0040129307
0.0039875885
0.0045544654
0.0041124434
0.004321183
0.00436015
0.00391233
0.003923137
0.0040361397
0.00394517
0.0041643325
0.003986006
0.0043930565
0.004040314
0.004916866
0.005293526
0.004087123
0.0045310003
0.0045708786
0.0043525305
0.004334626
0.004342825
