0.28837836
0.06709621
0.05611139
0.031635717
0.034478173
0.03218062
0.024403503
0.027096296
0.028775057
0.024102388
0.022408536
0.024175594
0.023172399
0.021844747
0.0222677
0.022115072
0.021748478
0.021713955
0.021799713
0.021788063
0.0215711
0.021991923
0.021446189
0.023035968
0.023412677
0.021843933
0.022111764
0.022527844
0.021745227
0.021817232
0.021680081
0.021357587
0.021426648
0.020964608
0.021966718
0.021965265
0.021314755
0.02088994
0.021214524
0.020649042
0.021986699
0.022643792
0.0210303
0.02136443
0.022157324
0.021578558
0.020726299
0.021561196
0.022040078
0.02082449
0.02100415
0.021525666
0.021232178
0.020594181
0.020565342
0.020805774
0.020370191
0.020295946
0.020337453
0.020219529
0.020202678
0.020052506
0.019862078
0.019690486
0.019512512
0.019450085
0.019142453
0.01898861
0.01888854
0.01873636
0.01848477
0.018502409
0.018456385
0.018166354
0.018279415
0.01836949
0.01790162
0.018048635
0.018477388
0.018295603
0.01789418
0.017482726
0.017440587
0.017461523
0.01758735
0.017435936
0.017408736
0.017706918
0.01734286
0.018341811
0.018542362
0.017147906
0.020550104
0.022281794
0.018860875
0.019676311
0.01974863
0.017469088
0.018658204
0.020028802
0.018137507
0.018641388
0.019758284
0.018130295
0.017838208
0.018505089
0.017202811
0.018632675
0.0196444
0.017858746
0.017257469
0.018088618
0.01716697
0.017808713
0.01839128
0.017112356
0.017523907
0.018496245
0.017207278
0.016991345
0.017508235
0.016714498
0.01770817
0.018694172
0.017279314
0.016664645
0.017057037
0.016470315
0.0176858
0.018721117
0.017289298
0.016457489
0.016792534
0.016283859
0.017499328
0.018409515
0.016999053
0.016373033
0.016745858
0.0161889
0.017108703
0.017857848
0.016608665
0.016394064
0.016883323
0.016193384
0.01665965
0.017312141
0.01635171
0.016328102
0.016806705
0.016113965
0.01652726
0.017159088
0.016240487
0.016230151
0.016685506
0.016045967
0.016377851
0.016943755
0.016126884
0.016157612
0.016575288
0.015955228
0.016299194
0.016855726
0.016060865
0.016052533
0.016452719
0.015891843
0.016166026
0.016650064
0.015928555
0.016021593
0.016426623
0.015840098
0.01605646
0.016498478
0.015812865
0.01600788
0.016445324
0.015833877
0.015881436
0.016279383
0.015698431
0.015968924
0.016396629
0.01577351
0.01579235
0.016163444
0.015611279
0.015936403
0.016404217
0.01577758
0.015653698
0.015994607
0.0155429505
0.015880957
0.016392266
0.015796697
0.015575651
0.016000727
0.01566376
0.015739562
0.01636645
0.016036531
0.015616906
0.01632052
0.01637642
0.015314558
0.016040117
0.016352085
0.015947176
0.015625792
0.015792731
0.015538137
0.015400206
0.015666775
0.015505048
0.015201869
0.01525594
0.015244386
0.015114427
0.015603975
0.015764866
0.015135363
0.015621744
0.01614167
0.015484344
0.015041113
0.015092746
0.014826874
0.015368503
0.015788408
0.015524768
0.014895682
0.015145768
0.015063811
0.014874448
0.015228398
0.014892597
0.014655464
0.01477925
0.014543977
0.014643454
0.014616218
0.014425297
0.014572193
0.014358471
0.014397874
0.014702884
0.014378968
0.014302642
0.014674629
0.014355105
0.014163133
0.014303614
0.014211029
0.013997577
0.01398662
0.014037217
0.013988119
0.013976216
0.013836858
0.01416216
0.014235343
0.013946902
0.01370353
0.013807361
0.013790871
0.013773837
0.013808165
0.013878562
0.013870277
0.01385001
0.013816287
0.013450433
0.013499513
0.013714452
0.013599227
0.013708313
0.013661225
0.013696606
0.01381052
0.013510759
0.013208139
0.013528638
0.013782203
0.013843131
0.013714317
0.013295342
0.013037079
0.013234229
0.013395391
0.013159669
0.01283868
0.013019495
0.013336952
0.013048813
0.012803803
0.012746926
0.012809612
0.012633704
0.012393893
0.012481343
0.012456116
0.012292668
0.012261376
0.012181235
0.012368251
0.012186915
0.012440786
0.012299799
0.011853479
0.01171589
0.012011964
0.012007465
0.011787638
0.011695117
0.011566511
0.011351894
0.011855406
0.011946513
0.011345861
0.011445268
0.011483592
0.011984256
0.012243343
0.011590724
0.012106475
0.012701836
0.011737955
0.011190009
0.011798583
0.011745957
0.010947117
0.011131731
0.0113087995
0.010890879
0.011051375
0.011268419
0.01080707
0.010733254
0.010855996
0.010889281
0.01072827
0.010537729
0.010508552
0.010288708
0.009903054
0.0103062345
0.010451918
0.010070015
0.00983591
0.009768781
0.0095901145
0.009784712
0.009668331
0.009406764
0.009395901
0.009329752
0.009054898
0.009521971
0.009566544
0.008964555
0.008843279
0.008975743
0.008829847
0.008950856
0.008850142
0.008815255
0.008595213
0.008660599
0.0086340355
0.00852023
0.008436122
0.008255056
0.008188704
0.008378618
0.008245847
0.008204243
0.008034005
0.008274785
0.008206775
0.007951053
0.007898181
0.007955237
0.007851352
0.007893774
0.0078065074
0.007761225
0.007595014
0.00803278
0.007939019
0.007486658
0.007498395
0.0077955597
0.0077292346
0.0075685307
0.0075970893
0.0073975343
0.007263063
0.0076345857
0.0074842027
0.0073094186
0.007120546
0.007461389
0.0072510405
0.007449238
0.0073632095
0.0070878663
0.0070133614
0.0075940923
0.007582493
0.0070074364
0.007175531
0.007048355
0.006993352
0.00720696
0.0070726625
0.006818093
0.0067506083
0.0070034433
0.006827505
0.0069663697
0.0068493225
0.006889401
0.006715011
0.0070655085
0.007097551
0.0068035466
0.006721863
0.0066779177
0.00667133
0.0066350964
0.0066611147
0.006445167
0.0063934303
0.006527224
0.006396273
0.0067460686
