0.2871733
0.046548452
0.07356678
0.050315704
0.022427382
0.037604596
0.042890374
0.029795587
0.021297023
0.027903462
0.03229669
0.02832721
0.025185747
0.022631312
0.021414151
0.023761472
0.023732848
0.02106007
0.02135557
0.022354677
0.021614403
0.021227574
0.02075743
0.019746454
0.020951927
0.021312898
0.019775873
0.01960305
0.019732246
0.019154264
0.019452365
0.019086001
0.01878264
0.018786093
0.018489374
0.01828719
0.018724898
0.018442713
0.018615028
0.01857016
0.018322881
0.018168986
0.018298866
0.017860737
0.018276222
0.017849991
0.018271947
0.018326791
0.017480353
0.018148573
0.018071381
0.017179092
0.017464852
0.017268367
0.016693128
0.016679453
0.016579589
0.015921319
0.016335236
0.01596783
0.016111178
0.015940407
0.015426124
0.015443258
0.015080181
0.015195113
0.014881753
0.01559981
0.015724638
0.014739948
0.01612077
0.017253587
0.015800975
0.014772247
0.015189241
0.014825116
0.015010756
0.014969267
0.014363445
0.0150132505
0.015241959
0.014666433
0.014770974
0.015081982
0.014737179
0.014462342
0.014675324
0.01446633
0.014350441
0.014401597
0.014211399
0.014220901
0.014184075
0.0140757905
0.014107184
0.014762364
0.014527391
0.014605005
0.014702306
0.014004715
0.01463112
0.014625662
0.01474749
0.014455408
0.014890921
0.014698058
0.01439239
0.014344766
0.013978231
0.013921465
0.0139955385
0.013989568
0.013949786
0.0137948515
0.014111283
0.014057073
0.013744081
0.013742574
0.014036943
0.013992532
0.013833918
0.013893347
0.013652831
0.014361271
0.014285404
0.014024485
0.013938199
0.013873647
0.0137719065
0.013727563
0.01356867
0.013905882
0.013904501
0.0136765605
0.013639542
0.013805702
0.013570201
0.013761823
0.0136977015
0.013432021
0.013457172
0.013459141
0.013419007
0.013340083
0.013504735
0.01327989
0.013805788
0.013986573
0.01347043
0.013445978
0.013689536
0.013205622
0.013993411
0.014355861
0.0138037475
0.013496769
0.013541955
0.013486594
0.013449167
0.013238375
0.013401228
0.0134771345
0.013160158
0.013295613
0.013366138
0.013098694
0.013213523
0.013170216
0.013038798
0.013166883
0.01321657
0.012956358
0.013276284
0.013514172
0.013173039
0.013071262
0.013349923
0.0131979
0.012962513
0.013136552
0.013181366
0.012883339
0.013329054
0.013730615
0.0136404885
0.013031087
0.013246748
0.013574605
0.013661802
0.013480564
0.012920354
0.012873228
0.013180472
0.01298209
0.0128472885
0.013015583
0.012952824
0.012865725
0.012783532
0.012805563
0.012785122
0.012732516
0.012711632
0.01288569
0.012817648
0.012817204
0.012783521
0.012639995
0.012620068
0.012687813
0.012931648
0.012740995
0.012646166
0.0129143335
0.012906889
0.0129619315
0.012788591
0.012862279
0.012867376
0.012995283
0.012804131
0.01274177
0.0126717575
0.012612927
0.012638286
0.012587176
0.012530632
0.012421578
0.012795818
0.01254734
0.012720789
0.0127740055
0.0126132695
0.012572892
0.012659691
0.012389374
0.012928277
0.01314533
0.012368868
0.013122321
0.013670844
0.012908087
0.0124663515
0.012839188
0.012949948
0.0123616755
0.012504463
0.012814435
0.012317409
0.012313445
0.0125517
0.012150183
0.012373053
0.012579676
0.012114078
0.012245317
0.012313731
0.011972186
0.012436087
0.012897338
0.012281383
0.011905272
0.012270401
0.012241681
0.011947309
0.011825729
0.011933062
0.011711669
0.01162045
0.0119167445
0.011618067
0.0121252285
0.012409779
0.012263517
0.012267317
0.0116683515
0.012131673
0.012854601
0.011965755
0.011747594
0.011848822
0.011287411
0.012039554
0.012342412
0.011380431
0.011976329
0.0124183325
0.011460123
0.011673979
0.011921133
0.011060182
0.011877214
0.012311273
0.011162358
0.011487489
0.012180562
0.011190078
0.011237462
0.011855237
0.011005483
0.011233173
0.011852461
0.010964339
0.011149435
0.011729248
0.010875687
0.011103071
0.011719366
0.010823816
0.010953225
0.01147272
0.010635927
0.011075062
0.011776512
0.010833156
0.010667272
0.011134247
0.010488342
0.010843057
0.011354771
0.010516215
0.010663077
0.011143793
0.010411157
0.010631678
0.011076558
0.010353588
0.010531877
0.010934529
0.010272662
0.010455862
0.010820255
0.010239792
0.010406903
0.010699163
0.010249336
0.010169282
0.01029531
0.010181523
0.009870462
0.010026298
0.009907011
0.009607831
0.009610795
0.009494771
0.009682378
0.009549733
0.009447876
0.0094315205
0.00925975
0.009131979
0.0094332555
0.009296099
0.0092319725
0.009062718
0.009187892
0.008948746
0.00905202
0.008923003
0.008868229
0.008762694
0.008828417
0.008623943
0.008662672
0.00861889
0.008522034
0.008655752
0.008491215
0.008340134
0.008270808
0.008107205
0.008854081
0.008721396
0.008292386
0.008365885
0.008198773
0.008034854
0.008351899
0.008169997
0.008304618
0.00803279
0.0078744
0.008162473
0.008052216
0.008046027
0.007847191
0.007872655
0.007755647
0.007742925
0.007827758
0.0077165007
0.0076274723
0.0077631488
0.007556377
0.008174118
0.008215059
0.007439241
0.0077082478
0.007724988
0.0073376237
0.0076667443
0.008023582
0.0074123964
0.0075697303
0.007896141
0.0076384395
0.0074439994
0.007348776
0.0073053087
0.0071186256
0.007343679
0.007360494
0.007092482
0.00779652
0.0077814334
0.0073903203
0.0071553127
0.007826769
0.007827924
0.0068718647
0.0073556732
0.007410869
0.0073643425
0.0069388375
0.0074337334
0.0076553337
0.0069156787
0.00741768
0.007596861
0.0071137478
0.0069527756
0.0068143266
0.0069026486
0.0067583714
0.0066880975
0.0068857768
0.006537887
0.0068404316
0.006815449
0.0066513163
0.0064827153
0.006393088
0.006564083
0.00643928
0.0066825044
0.006687797
0.006629174
0.00637262
0.00661147
0.0064313454
0.006649591
0.006435711
0.00647085
0.0062538683
0.0062778834
0.006071029
0.006177604
0.0060853786
0.0060331584
0.006491112
0.0063097687
0.0062240437
0.006279648
0.006684348
0.0067655537
0.0060973563
0.006241359
0.006294591
0.006129826
0.006208379
0.005890211
0.0062331096
0.00641216
0.0057405024
0.006521641
0.007040569
0.00613621
0.005945692
0.0061305254
0.0057975426
0.005671955
0.006547503
0.0069521912
0.00618776
0.0059868395
0.00625515
0.006153868
0.006342878
0.0062747807
0.0059775705
0.00560691
0.0057979417
0.0057313354
0.0054974705
0.0053726323
0.0053478368
0.005364042
0.0053010597
0.005414562
0.005214961
0.0052254586
0.0053497516
0.0051522576
0.0053077913
0.0054808394
0.0051646293
0.0054975464
0.005611159
0.005744615
0.0054088715
0.005502999
0.005466897
0.0055035367
0.0054359785
0.0053055068
0.005320675
0.0049270256
0.00561823
0.005388996
0.0054709725
0.00524349
0.0058908556
0.0058656796
0.005740313
0.00552892
0.005468463
0.0056556407
0.005055484
0.0050208494
0.004917364
0.004855537
0.004846783
0.004694372
0.004853152
0.0047202334
0.0046869866
0.0048681903
0.0046526124
0.0046755024
0.004577325
0.0046813763
0.0045553795
0.0043409294
0.00454867
0.0048066587
0.004501131
0.0044637728
0.004585009
0.004815617
0.0043405388
0.0044189007
0.00522133
0.0049570515
0.005289717
0.0053520887
0.004782058
0.0046432274
0.0049253404
0.0046036537
0.005436396
0.005154871
0.0046349294
0.0046658185
0.0046916567
0.0046903794
0.004816503
0.004710961
0.0043755253
0.0043989453
0.0045991754
0.00429019
0.0049341344
0.0048959577
0.0044017765
0.004337778
0.0042917053
0.0043004453
0.0043462366
