0.28778604
0.074058935
0.076521665
0.042386323
0.024092311
0.026643625
0.023403255
0.024536207
0.025757566
0.02214764
0.027193442
0.03057879
0.024942523
0.022808336
0.024568694
0.024964808
0.022229373
0.022499308
0.024120932
0.02242588
0.021186044
0.021553451
0.020891905
0.022106623
0.02194249
0.021074215
0.021015482
0.021406187
0.020588258
0.022465909
0.023148412
0.020894026
0.022123367
0.023485722
0.021936247
0.021266997
0.021556905
0.021495998
0.021294653
0.020631664
0.02129897
0.021436974
0.020320931
0.022453899
0.024109693
0.022199033
0.020443914
0.02204685
0.022899715
0.02125896
0.021210812
0.021913586
0.021697035
0.020797955
0.021188287
0.021475771
0.0204467
0.02091676
0.02136754
0.020472376
0.020726854
0.02128865
0.020549275
0.020238457
0.020748187
0.0200923
0.021179758
0.021739269
0.02101238
0.020275272
0.020777538
0.021318542
0.020161936
0.02049699
0.020903697
0.020684587
0.019897351
0.020657102
0.021089131
0.020007098
0.019993488
0.020022472
0.02000208
0.019329958
0.019936685
0.019933132
0.019064188
0.018850768
0.018306524
0.018378876
0.018123852
0.017425079
0.018659629
0.017522136
0.018831631
0.01670529
0.017815787
0.017128037
0.016398119
0.016478049
0.016321374
0.015852055
0.016871585
0.01667493
0.015792144
0.015779337
0.015582775
0.015609622
0.015483047
0.015263555
0.015407576
0.0152159855
0.015088395
0.0153028
0.014804869
0.01525743
0.015109568
0.014621072
0.014655143
0.014349618
0.014784784
0.014413882
0.014832434
0.0150388
0.014151658
0.015174039
0.015120794
0.014119554
0.01453931
0.014409691
0.014008343
0.014020883
0.014007222
0.013962921
0.013905376
0.0138818445
0.013739243
0.01358327
0.013784186
0.013743111
0.013402931
0.013487901
0.013582136
0.013316796
0.013833289
0.01374548
0.013531628
0.013126737
0.013793825
0.013528074
0.013135906
0.013134827
0.012979589
0.012905414
0.012638253
0.012537385
0.012709443
0.01242528
0.012781877
0.012485865
0.01272693
0.012591847
0.012357108
0.012336474
0.01233742
0.012280412
0.012271571
0.012194346
0.012108237
0.012017627
0.012132301
0.012006399
0.012034514
0.011925209
0.011987236
0.011869103
0.011926089
0.01183835
0.011830146
0.011798699
0.01175601
0.011703744
0.011724867
0.011638147
0.011667053
0.011558917
0.011622342
0.011533506
0.0114608435
0.011375938
0.011437781
0.011340593
0.011311583
0.011233789
0.011252387
0.011164565
0.011161692
0.011098586
0.011024087
0.010943403
0.011014509
0.010913218
0.010923319
0.010842708
0.010804181
0.01074385
0.010736565
0.010627071
0.010764522
0.010661788
0.010608752
0.010562296
0.010551363
0.010491912
0.010566437
0.010509461
0.010535774
0.010472638
0.010455082
0.010453434
0.010377404
0.010413445
0.010265366
0.010349351
0.010349418
0.010219512
0.010172751
0.010160378
0.010895233
0.010605074
0.011123516
0.011243354
0.010287352
0.010962685
0.011125888
0.010695004
0.010558367
0.010603465
0.010276358
0.011028096
0.011456672
0.010409766
0.011002998
0.011742857
0.0111377025
0.010670339
0.010619979
0.010828418
0.010440439
0.010483249
0.010683159
0.010481894
0.01011452
0.010565934
0.01056384
0.010272619
0.010268876
0.010510174
0.0103433225
0.010141929
0.010168114
0.010293692
0.0101254815
0.010070965
0.010079379
0.010082501
0.009951332
0.010265663
0.010187912
0.009987213
0.009996534
0.010047995
0.009918566
0.010090771
0.010005508
0.009995661
0.009910055
0.0099850735
0.00989503
0.009966015
0.009923459
0.009916167
0.009840245
0.009941056
0.009863063
0.0098773865
0.009824589
0.009884785
0.009805412
0.0098654535
0.009769081
0.009870414
0.009800632
0.009776176
0.009743912
0.009788773
0.009734207
0.009772312
0.009700031
0.009797397
0.009693771
0.0097859455
0.009675588
0.009760142
0.009701645
0.0096819475
0.009639184
0.009729723
0.009684392
0.0096700685
0.009653817
0.009681183
0.009654327
0.009677455
0.009647152
0.009680879
0.009633291
0.00966702
0.009601937
0.0096844705
0.009610652
0.009598345
0.009528085
0.009641961
0.009528399
0.009625136
0.009553645
0.009537172
0.009469147
0.00960642
0.009544606
0.009502155
0.009470458
0.009551839
0.009512084
0.009499713
0.009511739
0.009459606
0.009469836
0.009433155
0.009421364
0.009466357
0.009380371
0.009519149
0.009399733
0.009503003
0.009455866
0.009356766
0.009312299
0.009440555
0.009369831
0.009413953
0.009414963
0.009296731
0.009312216
0.009356418
0.009281821
0.009560652
0.009523919
0.009217213
0.009244056
0.009322663
0.009182523
0.009728686
0.009749118
0.009189793
0.010040158
0.010278528
0.0092560435
0.010211286
0.011097327
0.0099215405
0.00925523
0.009914239
0.009999587
0.009211872
0.009892699
0.0106407
0.009898095
0.009279701
0.009624488
0.009808351
0.009261828
0.009582547
0.009718325
0.009241361
0.009392843
0.009432635
0.009176504
0.009380809
0.009467602
0.009169438
0.009355313
0.00952663
0.009248583
0.009282396
0.009268091
0.009281915
0.009225677
0.009089348
0.00917476
0.009021763
0.009358642
0.009521344
0.009178893
0.009168744
0.009307265
0.0091824485
0.009221214
0.009202293
0.009112221
0.009114616
0.008981721
0.008977854
0.009010141
0.008861232
0.00933051
0.009327794
0.00917073
0.009073607
0.009057592
0.00913165
0.008850741
0.0090287095
0.0090141
0.008961908
0.0088909
0.008775222
0.008894603
0.00876265
0.0089252805
0.008934808
0.008794113
0.008738219
0.0087508885
0.00866666
0.008663046
0.00859186
0.008587399
0.008514429
0.008675908
0.008479386
0.008613904
0.008642745
0.008512364
0.008400834
0.008428662
0.008379088
0.008186259
0.008184611
0.00841203
0.008187384
0.008505549
0.00849657
0.0081629045
0.008304954
0.008059651
0.008034947
0.008143335
0.008042687
0.007996843
0.007929244
0.0079249125
0.0076887296
0.008227111
0.008174041
0.007862083
0.007919264
0.0078651
0.0074899583
0.008000405
0.007844039
0.0076054498
0.007490059
0.007765353
0.007181537
0.007793363
0.0076986537
0.007491755
0.0072265323
0.0075427233
0.0075411894
0.007107087
0.0070249867
0.007216959
0.007072471
0.006920437
0.0070577078
0.007165203
0.00675038
0.007647974
0.0072621764
0.007087273
0.0069718063
0.006994395
0.0065238043
0.0063423254
0.0074944845
0.007196875
0.0070772558
0.006979992
0.0066572544
0.0064495695
0.0065085464
0.0064824913
0.006147506
0.006484023
0.0063130744
0.006245272
0.006132862
0.006283915
0.0063197836
0.0059056007
0.0060213334
0.0061843866
0.0058753253
0.0059206537
0.0057036467
0.0061634346
0.006209848
0.0058079013
0.0057514347
0.0057152547
0.0062340535
0.0056492896
0.006116349
0.005997237
0.0056421794
0.0070587588
0.0070357453
0.0056790686
0.0058404966
0.0061557256
0.005622065
0.00723833
0.007791452
0.0062571517
0.0066449796
0.0062812385
0.0066792094
0.006340278
0.0062131113
0.005762843
0.0057314225
0.0060327314
0.0056885877
0.005598221
0.005806918
0.00565405
0.005359864
0.005496846
0.005489688
0.005270019
0.0059713833
0.0058004516
0.0057696044
0.005511129
0.0054267594
0.0055692755
0.005847667
0.0054207393
0.006351363
0.006474814
0.0054306462
0.005241502
0.0059612407
0.005557765
0.0060166786
0.005841756
0.005534023
0.0052460567
0.0057973242
0.005459469
0.006086972
0.005879165
