0.287929
0.042715196
0.07232612
0.062304586
0.026475022
0.033560876
0.039418977
0.028100321
0.023741871
0.025273532
0.025967134
0.024243606
0.02149035
0.02269966
0.024565078
0.022649815
0.020554515
0.022096261
0.021910846
0.021130854
0.020897424
0.021500891
0.021614721
0.020437399
0.022531606
0.024113366
0.022734398
0.02175185
0.021062316
0.021019066
0.021664659
0.021057181
0.020549593
0.02083611
0.020878276
0.020530602
0.020463198
0.020861743
0.020566953
0.020626735
0.020682238
0.020568548
0.02049938
0.02044033
0.020521589
0.020368263
0.020494478
0.020437604
0.020532155
0.020449908
0.02037466
0.020395003
0.020270461
0.02034547
0.020226125
0.020447703
0.02041617
0.020253146
0.020230494
0.020221457
0.020102173
0.020184275
0.019975172
0.020189079
0.019949337
0.02033504
0.020096594
0.020142404
0.020095523
0.019731583
0.01971399
0.019687979
0.019519566
0.019773824
0.019812586
0.019390961
0.019448226
0.019383322
0.019191584
0.019391961
0.01912867
0.019526979
0.019631708
0.01910871
0.019189278
0.019098556
0.019107344
0.018872475
0.019001914
0.018985992
0.018773615
0.018669805
0.018598435
0.018522447
0.01827922
0.018776579
0.018623473
0.018110042
0.018252974
0.01813644
0.01769635
0.018424012
0.018366426
0.017514791
0.017305428
0.017436266
0.017022269
0.01691272
0.016792804
0.016873835
0.016523208
0.016230615
0.015997803
0.016478306
0.01632814
0.015373667
0.015226013
0.015702656
0.015257864
0.015272751
0.01493125
0.015267626
0.0148606
0.014828927
0.014621171
0.014788167
0.014708576
0.014280639
0.014212959
0.0141987065
0.013973904
0.014310409
0.014152836
0.013797547
0.013687775
0.013977279
0.0137683265
0.013800144
0.013709769
0.013553132
0.01339909
0.013833427
0.013696682
0.013284602
0.013122004
0.014022005
0.013921113
0.0130016105
0.012975107
0.013686158
0.013481413
0.012979525
0.012903611
0.013472759
0.013428268
0.012777011
0.0127185555
0.013496104
0.013338554
0.012705552
0.012622975
0.013349261
0.013199226
0.012668848
0.012615565
0.013078339
0.013012619
0.012621497
0.012608121
0.012856788
0.012810655
0.012647766
0.012701333
0.012615412
0.012583129
0.012661141
0.0126364445
0.012610194
0.012593036
0.012453798
0.012369451
0.012685391
0.012600146
0.01234835
0.01230635
0.012527999
0.012441236
0.012331906
0.012261254
0.012475614
0.012415531
0.012247556
0.012178236
0.01244434
0.012354503
0.012212473
0.012166024
0.012353023
0.012283231
0.0121959895
0.012197267
0.012198375
0.0121330805
0.012271655
0.012283425
0.012061645
0.012097873
0.012266112
0.012220301
0.012140957
0.012148052
0.012232105
0.012122813
0.012211017
0.012161578
0.012035248
0.011925447
0.012296662
0.012221289
0.011925224
0.01192454
0.012299324
0.012183338
0.012082227
0.012008931
0.01201889
0.011913624
0.012194499
0.012074969
0.011910287
0.011810072
0.012303841
0.012334243
0.011744694
0.011872776
0.012066535
0.011850105
0.011857289
0.011683635
0.01217554
0.012120108
0.011784869
0.012035887
0.011748199
0.012138137
0.011740826
0.012850813
0.01334734
0.011974655
0.01253431
0.012956505
0.011871143
0.012669315
0.013787709
0.013005358
0.012148661
0.012766555
0.013203933
0.012024774
0.012314615
0.012979041
0.01250838
0.011842068
0.012639732
0.012964013
0.012214389
0.01182272
0.012515575
0.012457113
0.011990476
0.011980362
0.012354686
0.012136516
0.011767004
0.011812049
0.012039229
0.011757676
0.012078305
0.012222454
0.011577386
0.0119870035
0.011943419
0.011609097
0.011645836
0.011699222
0.011645433
0.011660066
0.011724935
0.011875894
0.011779544
0.011588088
0.011600462
0.011656393
0.01159569
0.011604823
0.011496964
0.01153949
0.011597917
0.011581461
0.011526729
0.011513027
0.011548676
0.011413501
0.011675067
0.011503144
0.011684966
0.01159322
0.011589856
0.011618957
0.011490186
0.011730637
0.011377819
0.012007202
0.0124682635
0.012159876
0.011579669
0.012076493
0.012313866
0.01169791
0.01173661
0.012027957
0.011594795
0.011743426
0.012115404
0.011670048
0.01162104
0.0117019145
0.011551142
0.011390795
0.011689431
0.011688113
0.011513325
0.011631704
0.011422236
0.011627545
0.011748992
0.011646926
0.011571082
0.011657263
0.011508901
0.011627964
0.011444452
0.011892271
0.011921809
0.01138137
0.011447004
0.011572212
0.011319148
0.011734851
0.011886588
0.011354915
0.011494712
0.01162403
0.011240105
0.012139578
0.012553561
0.011897616
0.011568725
0.0118147405
0.011833135
0.011480525
0.011805538
0.011969292
0.011849876
0.011451361
0.011600561
0.011785101
0.011691987
0.011509181
0.011500348
0.011575878
0.011309036
0.0112084495
0.011655338
0.011525125
0.011510159
0.011541107
0.011312454
0.0111941965
0.011500611
0.011435184
0.011385252
0.011383794
0.011395454
0.01129819
0.0113210725
0.011273514
0.011358353
0.0113160955
0.011298346
0.011233016
0.011410266
0.011345859
0.011212912
0.011176068
0.011351987
0.011294779
0.011221811
0.011202035
0.011209466
0.011142558
0.011316807
0.011277367
0.011122574
0.011071543
0.011397153
0.011360689
0.011067073
0.011069042
0.01125849
0.011160993
0.011211718
0.011196562
0.01109651
0.0110287
0.011316731
0.011263446
0.0110263685
0.010991748
0.011283795
0.011216368
0.0110185705
0.010989082
0.011211787
0.011144198
0.011030722
0.010995078
0.011137771
0.011079022
0.011035439
0.011008513
0.011060826
0.0110091455
0.011061923
0.011024137
0.011004756
0.010958057
0.011072944
0.011030383
0.010959408
0.010910541
0.011093129
0.011045404
0.010912375
0.010868986
0.011104782
0.011054891
0.010868587
0.010838822
0.011078256
0.011023152
0.010856365
0.010832245
0.011038371
0.010974635
0.010884699
0.010856179
0.010930557
0.010863197
0.010925412
0.01085791
0.01089437
0.010836947
0.010890809
0.010842738
0.0108464165
0.010800245
0.010850641
0.010787192
0.010857989
0.010801192
0.010814234
0.010765408
