0.2899
0.045702312
0.07055217
0.096435495
0.062109295
0.03044103
0.028205866
0.041241895
0.04081896
0.028369488
0.023417227
0.02720317
0.029685766
0.0259157
0.02244836
0.023930758
0.025442429
0.023410624
0.022106094
0.023030518
0.022972392
0.021576032
0.023224818
0.024585607
0.023086838
0.020941027
0.021209747
0.021920672
0.020877644
0.02130639
0.021066027
0.020317998
0.020406222
0.020318551
0.0199683
0.02004197
0.019878015
0.020009564
0.01996359
0.019765476
0.019930014
0.019787578
0.019608667
0.019568251
0.019462502
0.019598173
0.019515337
0.019246394
0.019911673
0.019652544
0.019443562
0.019216461
0.019728273
0.01953137
0.019106692
0.019039603
0.019296648
0.019167585
0.018887298
0.018818466
0.018854583
0.018706627
0.018891579
0.01878946
0.018691894
0.018620646
0.018684043
0.018577047
0.018615704
0.01853883
0.018577376
0.018528843
0.018470252
0.018400796
0.018524766
0.018446576
0.018375691
0.018312028
0.018375985
0.018274257
0.018339545
0.018264161
0.018293584
0.01827345
0.018183237
0.018230354
0.018088246
0.01823947
0.018046448
0.019035904
0.019273302
0.018171694
0.018609168
0.019148307
0.018510586
0.018136885
0.018548347
0.01829405
0.018078236
0.018406816
0.01820449
0.018184923
0.018225351
0.018229337
0.018033324
0.018293684
0.018070754
0.0183212
0.01829543
0.018196626
0.018088752
0.01830553
0.018199872
0.01803763
0.01803452
0.018040698
0.017950425
0.018194946
0.01816784
0.017936222
0.0179163
0.018035464
0.017882595
0.018215368
0.018199759
0.01784062
0.017898465
0.0178713
0.017784769
0.017900916
0.017774167
0.018069072
0.018067686
0.017822219
0.017781451
0.017799217
0.017740877
0.017718589
0.017685825
0.017663391
0.01762086
0.017559988
0.017627597
0.01748301
0.017778317
0.01767899
0.017460374
0.017470168
0.017373556
0.017341554
0.017247751
0.017243104
0.017110178
0.017239766
0.017126558
0.01702377
0.016939804
0.016958764
0.01685594
0.016821593
0.01677146
0.016667554
0.016712857
0.016523309
0.01696521
0.016918657
0.016468456
0.016665885
0.016658617
0.016330855
0.01642879
0.016337886
0.016299022
0.016243583
0.016262786
0.016209463
0.016118785
0.016169349
0.016042205
0.016119143
0.016061505
0.01592237
0.015877312
0.015929358
0.01578171
0.016121008
0.01612114
0.015747644
0.015831789
0.0159278
0.015568197
0.016004713
0.016170414
0.01566959
0.015668923
0.01556174
0.015505868
0.015451242
0.01533493
0.015279803
0.015204991
0.0151077695
0.015453889
0.015039007
0.015290382
0.015581154
0.015522464
0.015324214
0.015173852
0.015437819
0.015325298
0.01505236
0.014917965
0.015049145
0.014931125
0.014620408
0.01455969
0.014670991
0.014356109
0.014473868
0.014327775
0.014339983
0.014408638
0.014187927
0.014434463
0.014460076
0.0143481
0.014164299
0.014314278
0.014257808
0.014097991
0.014021634
0.014146276
0.01399906
0.01404426
0.014009337
0.013747022
0.013730772
0.013930824
0.0137829175
0.013869967
0.013817574
0.013689912
0.013848833
0.013502327
0.013855738
0.0135342395
0.013682182
0.0135322735
0.0135881705
0.013554932
0.01353862
0.013358171
0.013841885
0.0139718605
0.013459739
0.013541557
0.0135283945
0.013237395
0.013385087
0.013268731
0.013164908
0.013091455
0.013084717
0.0131512955
0.013009009
0.013274908
0.013166249
0.013183397
0.013401994
0.012865157
0.0140513405
0.014502205
0.013241527
0.013396579
0.013883027
0.013159667
0.0131162815
0.014185198
0.013613604
0.0133177
0.013611865
0.013693519
0.013040476
0.013491352
0.01409625
0.013183621
0.012999619
0.013635457
0.013313054
0.012775075
0.013293718
0.013063732
0.012774291
0.0129462
0.012862724
0.012506963
0.012454209
0.012523874
0.012377019
0.012689906
0.012681014
0.012345672
0.012313723
0.012341832
0.012181741
0.01236048
0.012476797
0.012007299
0.012817711
0.012856682
0.012233536
0.012342875
0.0123961335
0.012611681
0.012350076
0.012369752
0.011912741
0.012524162
0.0123628415
0.011798087
0.011907525
0.011981075
0.011820976
0.011651017
0.011603224
0.011620961
0.011485481
0.011662554
0.011481717
0.011399683
0.011431369
0.011244476
0.011315393
0.0113801705
0.011114567
0.01148488
0.011563326
0.011129759
0.011111566
0.011332444
0.010989609
0.011295818
0.011592406
0.011232507
0.011458054
0.011353112
0.011535306
0.011218313
0.011772629
0.01133424
0.011257359
0.011416162
0.011347306
0.011198133
0.010681362
0.010674809
0.010913563
0.010647021
0.011052125
0.010941592
0.01113315
0.01074802
0.011100326
0.011016145
0.010911546
0.010668584
0.010650694
0.01068148
0.010795858
0.010547464
0.010785375
0.010856681
0.010349904
0.010324187
0.010694008
0.010561298
0.010394331
0.010354758
0.010428461
0.010383741
0.010265157
0.010175851
0.010398266
0.0103047
0.01014512
0.010130848
0.010107259
0.010015202
0.010171898
0.010072362
