0.28786772
0.054885607
0.06488327
0.040233303
0.025220633
0.028326401
0.025747398
0.02374714
0.02415446
0.022954686
0.0229197
0.022925928
0.021823108
0.022215396
0.02220621
0.021205207
0.021968186
0.022156514
0.020999176
0.021667624
0.02260525
0.02152344
0.02064412
0.02107275
0.02110607
0.020537058
0.020927774
0.02112428
0.02046123
0.02095146
0.022019155
0.021490976
0.021153145
0.020339638
0.021275885
0.021294186
0.020945335
0.02040919
0.020589719
0.020525442
0.020426733
0.020297298
0.020438677
0.02037757
0.020574423
0.020141266
0.021403821
0.021885866
0.020508565
0.0210519
0.021728829
0.020570664
0.02021832
0.020641623
0.020157114
0.020013183
0.020010496
0.019690966
0.019790648
0.019576075
0.019438623
0.019223016
0.019305585
0.019040076
0.019486109
0.019159572
0.018744364
0.018725663
0.018412128
0.018208938
0.01852457
0.018155713
0.018315038
0.018296659
0.017748993
0.01761462
0.017732846
0.017518163
0.01753254
0.017311253
0.017358914
0.01719766
0.016887782
0.016659552
0.016681544
0.01633901
0.01640717
0.016329492
0.01594265
0.015841288
0.015903391
0.015707575
0.015613659
0.0152597735
0.015410026
0.015283295
0.014655163
0.015184559
0.014512765
0.014742106
0.015005711
0.014249347
0.015876226
0.016295606
0.014318316
0.015434193
0.016106186
0.015109751
0.014907543
0.015891742
0.01496812
0.014457409
0.014751176
0.013791422
0.01401081
0.014695217
0.013893202
0.013578194
0.013757151
0.013385176
0.013400854
0.013852152
0.013301115
0.013143294
0.013269159
0.012928708
0.012969095
0.013069748
0.012694802
0.01270279
0.012607257
0.0126669
0.012540608
0.012461578
0.012573689
0.012438621
0.012469348
0.012255702
0.012434453
0.0122303
0.012325913
0.012342218
0.012406032
0.011887652
0.012740162
0.013068837
0.0119002415
0.0126368
0.0130754225
0.012412702
0.012407432
0.011959716
0.012180029
0.01191321
0.011682016
0.011622038
0.011712973
0.011836611
0.011786334
0.011553724
0.011346308
0.011197291
0.011398792
0.011292155
0.0114938915
0.0112262
0.011087964
0.010911266
0.011179174
0.010960502
0.010904214
0.010947901
0.010507288
0.010408108
0.010706923
0.010542732
0.010346117
0.010144071
0.010410781
0.010197348
0.010193807
0.010169739
0.00975971
0.0097309025
0.009894709
0.009686554
0.009656939
0.009488578
0.00944052
0.00933258
0.009316706
0.009271222
0.009045978
0.008965377
0.009165852
0.009207083
0.008823286
0.008724659
0.009237427
0.009043409
0.008775908
0.008931886
0.008540954
0.008832996
0.008361534
0.009592231
0.009763149
0.008379087
0.0095582595
0.008974647
0.008697785
0.009459405
0.008712614
0.008228267
0.008779834
0.008568495
0.008327215
0.008210156
0.00800312
0.007902886
0.008577692
0.0086803315
0.007904676
0.008090552
0.007943484
0.007851378
0.00761616
0.008341427
0.0082091065
0.0077475035
0.0077295788
0.0075927
0.0078238165
0.0073867235
0.008353627
0.008113029
0.008047584
0.008058374
0.007581295
0.007561328
0.007865494
0.0071860855
0.008646993
0.008442366
0.0076941755
0.0076559167
0.007183435
0.0075042746
0.007874951
0.007352252
0.0070003946
0.0071603446
0.0070985095
0.0068180165
0.0072149746
0.0070448876
0.0069835777
0.0070768646
0.0069510452
0.007072573
0.0066098967
0.007300192
0.007272359
0.0076306346
0.0071859695
0.007332893
0.007104058
0.0072805104
0.0071213306
0.0070936508
0.0067110187
0.0071608885
0.006806156
0.007555949
0.007068642
0.0070317327
0.006761013
0.007039377
0.006989367
0.006959688
0.006729562
0.0067896773
0.0067395903
0.0064538657
0.0062760836
0.007180214
0.0068933084
0.006576738
0.0064707748
0.006586177
0.0063343258
0.0074197203
0.0075018196
0.0064960695
0.006499546
0.006202478
0.006148851
0.0062659006
0.0060617477
0.006851411
0.006816913
0.006696194
0.006098499
0.0072150077
0.007434398
0.006226852
0.0066147917
0.006315351
0.0067178383
0.0063070743
0.006977303
0.007074775
0.0059583373
0.007046917
0.0071540475
0.0065697334
0.006190065
0.006436951
0.0063354685
0.005775564
0.0063483478
0.0062639457
0.0062019713
0.005925683
0.006411856
0.0059155114
0.0068775467
0.007002299
0.006123211
0.0061776577
0.005748844
0.006050216
0.0058487705
0.006295005
0.005961048
0.006052073
0.0057451297
0.0065133534
0.0065406747
0.005585832
0.0060332697
0.0056812335
0.0061523016
0.0060322452
0.0057150386
0.005854866
0.0053677615
0.0055179945
0.005487293
0.005311282
0.0053970986
0.0053431154
0.0055019534
0.005185056
0.006041994
0.0061238897
0.0059006494
0.005705929
0.005803688
0.005781925
0.0058407984
0.0060757655
0.0054396465
0.005932382
0.005603472
0.0056642205
0.005742622
0.005036886
0.0057776906
0.0054852455
0.0058767893
0.0057075457
0.005180948
0.005320547
0.0050118584
0.005160393
0.0049873297
0.0048653674
0.0056425035
0.0052156597
0.005958662
0.0062557408
0.0050127944
0.0054613017
0.005191419
0.0053846077
0.0054845153
0.0051145614
0.0051535103
