0.288266
0.082854666
0.073040344
0.035954
0.029489579
0.030064112
0.021861633
0.026158862
0.025198564
0.021696039
0.024948485
0.023138987
0.023311233
0.023785198
0.023221036
0.021978239
0.024272904
0.023145305
0.022163922
0.022269906
0.021932757
0.021635836
0.022638565
0.02234386
0.021674966
0.021694869
0.021682367
0.021274718
0.021954546
0.021641612
0.021243103
0.021179423
0.02123504
0.021024594
0.02137912
0.021282166
0.02087657
0.020803448
0.02123183
0.021074131
0.020845229
0.020801852
0.020971745
0.020852717
0.020884559
0.020845627
0.020762777
0.0206917
0.020893062
0.02082345
0.020696806
0.020711472
0.020660147
0.020640386
0.020722391
0.020598201
0.020965613
0.02095847
0.020519016
0.02086656
0.02056074
0.021270553
0.021535555
0.020629607
0.02153322
0.02224517
0.021357248
0.020934498
0.021073641
0.021318683
0.020958597
0.020563247
0.02064334
0.020592049
0.020603925
0.020500593
0.02068833
0.020771433
0.020475855
0.02094327
0.021111235
0.020817079
0.020490708
0.02086702
0.021095768
0.020681148
0.02042146
0.020684175
0.020744424
0.020618355
0.020355336
0.02093652
0.021157876
0.020475611
0.020592311
0.020442666
0.021066234
0.020963008
0.020277664
0.02029167
0.020506354
0.020418948
0.020484103
0.02024995
0.020716934
0.020896114
0.020186543
0.020642584
0.020631654
0.020466207
0.020472353
0.019905945
0.020206017
0.020482115
0.020404989
0.019829167
0.019644374
0.01966162
0.019867552
0.019601496
0.019236488
0.019028345
0.019523852
0.019189782
0.019127844
0.01889945
0.018943766
0.018780269
0.018865293
0.01870777
0.018562716
0.018450512
0.018481238
0.018255569
0.018741207
0.01866538
0.018288413
0.018218888
0.018215016
0.018033795
0.018084735
0.0180566
0.01790016
0.01781674
0.017737398
0.017667264
0.017577903
0.01745134
0.017339917
0.017341286
0.01717062
0.017129028
0.016946197
0.01696769
0.016722417
0.01669558
0.016527593
0.016509106
0.016517764
0.016219988
0.016315565
0.015859764
0.016241046
0.015915168
0.015860965
0.015998013
0.016146464
0.015681086
0.015787173
0.015724612
0.015515029
0.015468779
0.015131145
0.015678605
0.01584433
0.015248549
0.015302141
0.015378465
0.0152584985
0.015118425
0.014862093
0.0150721
0.014743914
0.015176619
0.014851466
0.015011177
0.0148673365
0.014627975
0.014851988
0.0149886785
0.014631334
0.0142750265
0.014483261
0.014475234
0.01445999
0.014167771
0.0140508665
0.014137312
0.014007513
0.0139271775
0.013981253
0.013888419
0.01384106
0.01394052
0.013742797
0.013780523
0.013827115
0.013567921
0.013784702
0.013709299
0.013993944
0.013577168
0.014405295
0.014209714
0.01351136
0.013837093
0.01330967
0.013310398
0.013261809
0.013184234
0.013307162
0.013166804
0.013434892
0.013079149
0.013130096
0.013103873
0.012866023
0.012774338
0.0129985325
0.012886748
0.012819019
0.012672391
0.012896173
0.012420193
0.01308503
0.012517446
0.013577335
0.013834686
0.012266404
0.013713603
0.013758607
0.01255206
0.013317534
0.013578516
0.0125420615
0.012534651
0.012810891
0.0125582395
0.0121144885
0.012564798
0.012148862
0.012386757
0.012247411
0.012341779
0.012051283
0.012223127
0.011870251
0.011954099
0.011809285
0.01182771
0.01180663
0.011951108
0.011645026
0.011624771
0.012201975
0.011830315
0.012538728
0.012356349
0.011783657
0.0116028385
0.011814922
0.011381109
0.012154703
0.012024212
0.0118257515
0.011975315
0.011129267
0.011409402
0.011242568
0.011200544
0.011510546
0.011160381
0.01143086
0.011490409
0.011013714
0.010959409
0.01131891
0.010891286
0.011828187
0.011956575
0.011083417
0.011219208
0.0111998245
0.011261013
0.010898626
0.010943548
0.010985762
0.010885902
0.010732435
0.010398063
0.010286615
0.010820151
0.010535468
0.011027331
0.01075964
0.010949355
0.010457409
0.011318532
0.011388692
0.0102755
0.010365377
0.010516897
0.01029435
0.010640594
0.010698409
0.010558176
0.010085825
0.010988034
0.01087445
0.0103895
0.010405836
0.010421696
0.010384964
0.010196875
0.010092351
0.009956089
0.009956611
0.009917748
0.009752416
0.010475428
0.01048003
0.010139953
0.010336286
0.010162936
0.010215114
0.010118141
0.010035315
0.010205321
0.00995661
0.010314037
0.010192237
0.009788452
0.009678003
0.009871404
0.009750965
0.010019227
0.009909277
0.00974792
0.009676825
0.0097452635
0.009625099
0.009477415
0.009759658
0.0092440955
0.010190473
0.0102650905
0.009563924
0.00968165
0.009570087
0.009507936
0.009636963
0.009468191
0.0094858315
0.009389286
0.0094439285
0.009158586
0.009304051
0.009422708
0.009205173
0.009042429
0.0092468755
0.009284359
0.009256321
0.009078375
0.009352434
0.009302071
0.008932023
0.0097474465
0.009768826
0.009401933
0.009486911
0.0097220875
0.008898935
0.010626219
0.011459638
0.009718425
0.009486896
0.009642837
0.00985371
0.009462488
0.00909605
0.009331785
0.008670166
0.010395165
0.011405148
0.009518961
0.009368078
0.009930971
0.010048141
0.009505147
0.009008109
0.009475863
0.009081747
0.009890176
0.010077055
0.009651105
0.009555972
0.0092828525
0.00910139
0.009265992
0.009051997
0.00928687
0.0085849445
0.009386264
0.009220997
0.009175436
0.00925275
0.008847683
0.008735697
0.009128125
0.009011264
0.008892768
0.008699317
0.008521731
0.008188248
0.009189787
0.008927389
0.008480205
0.008361651
0.008478617
0.008208923
0.009499195
0.009227673
0.008131929
0.00810949
0.008615147
0.008422839
0.008217263
0.008213617
0.008205838
0.007950188
0.008463249
0.008496311
0.007945325
0.007970634
0.007899404
0.0077175642
0.0082518775
0.007985425
0.008342657
0.00817844
0.0077394447
0.007594131
0.008217772
0.007868581
0.008607902
0.008465819
0.00840544
0.008385121
0.0077957087
0.0076580606
0.0077495077
0.007691529
0.0078055267
0.0076633994
0.007805854
0.0075686313
0.0075287707
0.0073487903
0.0074204486
0.007244403
0.007512873
0.007294064
0.0072077736
0.007351879
0.0070172534
0.008228519
0.008134699
0.0073760054
0.007512661
0.0072216005
0.0071344245
0.007179814
0.007387998
0.007081603
0.007778264
0.007857683
0.007329248
0.0077015087
0.0074769626
0.0072163357
0.0073800087
0.0069981306
0.0074955807
0.0073763113
0.0072617135
0.0069845817
0.0070653274
0.0071069864
0.006809348
0.007158538
0.007364848
0.0066480977
0.007829703
0.008237883
0.007092579
0.007523918
0.008168537
0.0074750916
0.007340854
0.0074527115
0.007998738
0.007651822
0.0068102865
0.0069592935
0.00696338
0.0070764646
0.0069201034
0.0068966825
0.006957414
0.006669196
0.006872974
0.00670601
0.006930283
0.006829975
0.0064375983
0.0066237785
0.0062737786
0.0066997986
0.00665373
0.0064857155
0.006633943
0.0064486805
0.0063097016
0.006225025
0.0067544184
0.006596236
0.0065915235
0.0063322335
0.00641475
0.006361719
0.00629037
0.006142353
0.0067322776
0.0065517686
0.006803587
0.0071147573
0.0063074343
0.0065491647
0.0065238546
0.0068075
0.0067527853
0.0063906536
0.0062990524
0.0061520953
0.0064321603
0.0061675073
0.0060529597
0.006034085
0.006092234
0.00599459
0.0059791156
0.005930144
0.0059853084
0.0058592916
0.005980413
0.005813113
0.0058778576
0.006045914
0.005846098
0.006183012
0.005994223
0.006447445
0.0063573625
0.005996192
