0.2863665
0.065591834
0.07712256
0.040206492
0.02289397
0.022534007
0.023753395
0.022759384
0.022747064
0.02185139
0.02274794
0.02192074
0.02102234
0.021351894
0.020566067
0.021636577
0.021541364
0.020391546
0.02102369
0.020857371
0.020521829
0.020463444
0.020521259
0.020657059
0.020105278
0.02097241
0.02081333
0.020274742
0.020481667
0.02015167
0.020167336
0.020154681
0.019798324
0.019568296
0.019337684
0.019570284
0.019549387
0.018944547
0.019878007
0.019761054
0.01908174
0.018903984
0.019464115
0.019147674
0.01830351
0.018253619
0.018292004
0.017960565
0.01778476
0.017985053
0.017510984
0.017985674
0.017843077
0.017335124
0.017037863
0.017164715
0.01668032
0.017339444
0.017514208
0.016672447
0.01646064
0.016680973
0.016241705
0.016289711
0.016123222
0.016492087
0.015985426
0.016103003
0.016079089
0.015917536
0.01558964
0.01555571
0.015359171
0.015482329
0.015289922
0.015176125
0.014973928
0.014979895
0.014806569
0.014453421
0.014531166
0.014175065
0.0142215155
0.0140582025
0.013884996
0.014013718
0.013633943
0.014226273
0.014085665
0.013325337
0.013663019
0.013110842
0.013406322
0.013434331
0.012942701
0.014638148
0.015417375
0.014018259
0.013417096
0.013290199
0.013431157
0.013256053
0.012663468
0.0129281245
0.012866217
0.012407891
0.012680344
0.012241396
0.012454529
0.012544633
0.01208457
0.012085919
0.012118787
0.011830952
0.011841076
0.011658023
0.011846651
0.011752758
0.0115866205
0.011467125
0.011364988
0.011376048
0.011102949
0.0112988055
0.011206657
0.011257626
0.011149933
0.010814238
0.011219713
0.01109229
0.010648659
0.011172608
0.011444752
0.0107739745
0.010688391
0.010782544
0.010440853
0.010639872
0.010852621
0.010397043
0.010692437
0.010929913
0.011007257
0.010158007
0.0111142555
0.01158005
0.011557999
0.010706827
0.010274953
0.0105606755
0.010736193
0.010295405
0.0102361655
0.010419327
0.010161565
0.009988337
0.010058876
0.01003367
0.010211256
0.010027708
0.009989814
0.009959783
0.00985142
0.009740128
0.010077535
0.009998655
0.009706941
0.0096654305
0.009758919
0.009631028
0.009829099
0.0097306
0.009553355
0.009479367
0.009699752
0.009620402
0.009469572
0.00937076
0.009626775
0.009504114
0.009425378
0.00936726
0.009453992
0.009381772
0.009325349
0.009255292
0.009374448
0.009262118
0.009311928
0.009231973
0.009289038
0.009242986
0.009189538
0.009137533
0.00922555
0.009174051
0.0091161495
0.009054493
0.009218264
0.009113305
0.009108075
0.009037982
0.009084539
0.009027022
0.009007029
0.008922857
0.009141287
0.009065761
0.008922937
0.008855669
0.00912303
0.009071973
0.008831187
0.0088017685
0.009090723
0.008990322
0.008925392
0.008937028
0.008838707
0.008904767
0.0088519
0.008938984
0.008821338
0.008856655
0.008889171
0.00903522
0.008710154
0.008991833
0.00863945
0.008958544
0.008683686
0.008950904
0.00914741
0.008610682
0.008847238
0.008701332
0.008510962
0.008525096
0.008632764
0.008564923
0.008496088
0.008638896
0.008407552
0.008716325
0.008747485
0.008488086
0.008444657
0.008661919
0.008473468
0.008401658
0.00837024
0.008451973
0.008379267
0.00839596
0.008360385
0.00825074
0.008185757
0.00831841
0.008159316
0.008229277
0.008137849
0.00821836
0.00810884
0.008178912
0.008079928
0.0080436515
0.00795385
0.007994591
0.007936855
0.007909248
0.0078492155
0.007873435
0.007783621
0.0077693746
0.007717751
0.0076102107
0.0075743743
0.007563861
0.007476203
0.007545167
0.007463686
0.0073099746
0.0072185933
0.007402375
0.0072619156
0.0071306545
0.007075041
0.0070007257
0.006859875
0.0072197397
0.0071669086
0.0067064185
0.007381708
0.006653451
0.009267692
0.009945174
0.0077282586
0.008244727
0.009471811
0.008100889
0.007395799
0.007993714
0.007529193
0.00710539
0.007183572
0.007026337
0.0068383147
0.0066314004
0.0068071894
0.006924679
0.00644774
0.006969376
0.0068724486
0.007163136
0.007173708
0.0072433227
0.0070214965
0.006674644
0.0065384335
0.0067882068
0.006527994
0.0070419586
0.0068785213
0.0064278063
0.006350698
0.00639609
0.006239776
0.0066126087
0.00638519
0.006712793
0.0067415647
0.00600487
0.0059541576
0.0064573013
0.006167891
0.0064342977
0.0063064233
0.006087225
0.0059332126
0.006423092
0.006315483
0.005984114
0.005990607
0.006009683
0.005834026
0.0061981403
0.0059847613
0.0060994118
0.0060136705
0.00590219
0.0057980805
0.0060391645
0.005961956
0.0058052875
0.005701563
0.0060213245
0.0058719623
0.005814291
0.00573503
0.005899032
0.0057968213
0.005719576
0.0056313747
0.0058125965
0.005712861
0.0057095117
0.005597174
0.005779131
0.0056964518
0.005620681
0.0055625024
0.00566477
0.00557108
0.005653448
0.005567298
0.0056302776
0.0055757505
0.0055646193
0.00548148
0.005578375
0.0054813847
0.005534964
0.0054373574
0.005565926
0.00551337
0.0053926087
0.005354772
0.005487472
0.005329864
0.005546057
0.0054731094
0.005302561
0.0052328114
0.0055762627
0.0054999865
0.0052253827
0.0053160056
0.005195563
0.0051376806
0.005441005
0.0052687707
0.0054036076
0.005442156
0.0051161544
0.005244559
0.0051404885
0.005217871
0.005042766
0.00515722
0.005237948
0.0050047026
0.005830862
