0.28687713
0.054820646
0.06958824
0.03857557
0.026633928
0.027809018
0.023051674
0.024753839
0.025419936
0.021377465
0.023842186
0.026465723
0.023223871
0.020944914
0.022116786
0.022458518
0.021307327
0.020670509
0.02171502
0.021310583
0.020458497
0.020949526
0.020775283
0.02022045
0.020285606
0.020087697
0.020149516
0.019999461
0.019786552
0.020301303
0.020050973
0.019912658
0.019820975
0.019884117
0.019455979
0.019900337
0.01980313
0.019323193
0.019220183
0.019132305
0.018804846
0.018634759
0.01836235
0.018300267
0.01777378
0.018095791
0.01804947
0.016993769
0.01764139
0.017672755
0.016618943
0.017800936
0.018466718
0.017240306
0.016438281
0.016954558
0.016647985
0.016286494
0.016173203
0.016261235
0.016108418
0.01588729
0.01565165
0.016042149
0.015746797
0.015474332
0.016231542
0.016039757
0.016291915
0.015543657
0.017767688
0.018281199
0.015745092
0.017367626
0.01773128
0.01605122
0.017175157
0.01682105
0.015205608
0.015529155
0.014984201
0.015101324
0.01488002
0.014751895
0.014850804
0.015142714
0.01473973
0.015241372
0.015103165
0.015741656
0.015407398
0.014723327
0.014662006
0.014861372
0.014698154
0.014518417
0.014517889
0.014355928
0.014549253
0.014493361
0.014539993
0.014336545
0.014309849
0.014168316
0.014298119
0.013978037
0.013994794
0.013913314
0.013926037
0.013632935
0.014000575
0.013885155
0.013568806
0.013387751
0.013429788
0.013133193
0.013490201
0.013202358
0.013268039
0.01306586
0.012954905
0.012898185
0.012843296
0.012790955
0.012519618
0.01242749
0.012671679
0.01239575
0.0126606785
0.0125702135
0.012159646
0.01205911
0.012292131
0.012009139
0.01239796
0.012319475
0.011758375
0.011694614
0.012085338
0.011694222
0.012166976
0.012328572
0.011468012
0.012494318
0.012452863
0.011302497
0.011594196
0.011281553
0.0111503275
0.011159752
0.010801825
0.010731527
0.010827786
0.010784862
0.010328581
0.010723326
0.010325716
0.010902897
0.010321642
0.010872737
0.010549128
0.011359026
0.011248596
0.009987206
0.010075189
0.009908573
0.009801545
0.010061953
0.009573453
0.010630637
0.010274901
0.010101635
0.010115683
0.009805701
0.009830861
0.009594153
0.00940434
0.0100535
0.009880191
0.009605666
0.009546332
0.009606444
0.009341574
0.009812574
0.009786706
0.009262331
0.009182806
0.009486272
0.0092371665
0.009453627
0.009513532
0.008952399
0.0088830395
0.009206374
0.008894139
0.00940044
0.009233266
0.009378977
0.009322879
0.009078576
0.009066521
0.009015531
0.008985448
0.008955486
0.008891069
0.00881526
0.008663821
0.008890967
0.008859892
0.008567118
0.00850954
0.008699491
0.008555925
0.00876329
0.0086936625
0.008504388
0.008499909
0.00844432
0.008424818
0.00822424
0.008588648
0.008151599
0.009907109
0.010330659
0.008192514
0.011662949
0.015322042
0.012517733
0.008840336
0.010113587
0.012205551
0.01103337
0.008749877
0.00947266
0.010187137
0.009767984
0.008847523
0.008655318
0.008821551
0.0084598055
0.008396557
0.008425235
0.008154518
0.008094691
0.00810581
0.008009118
0.008099922
0.008723013
0.008256756
0.008480645
0.00846196
0.008548041
0.008107957
0.008522913
0.008536555
0.008291406
0.008258678
0.0077833175
0.007624091
0.0077379257
0.0076031876
0.00792958
0.007647673
0.008307395
0.008091511
0.007514561
0.0074845366
0.007674812
0.0076108915
0.007580017
0.0074249585
0.0074223313
0.007204534
0.0075904913
0.0074894982
0.007373523
0.007418117
0.007030133
0.007188963
0.0069570667
0.0069013336
0.00710816
0.006900852
0.007012324
0.0068504536
0.0070237014
0.00662329
0.006766841
0.006774038
0.0066345134
0.0066881687
0.0065438743
0.006387327
0.006872012
0.006784704
0.0066432706
0.006421622
0.0072119012
0.0069990144
0.006584585
0.006647961
0.006447892
0.0064886473
0.006352412
0.006104453
0.0066638016
0.0064115427
0.0063127303
0.0062796567
0.006058046
0.0062828795
0.0058745495
0.0058021504
0.0063748956
0.006164459
0.006034127
0.006304978
0.0057544527
0.006672232
0.0063514044
0.0064508356
0.006880106
0.0064226068
0.0065985383
0.0064851437
0.006162744
0.006526753
0.006289573
0.006321108
0.0064064874
0.006575521
0.0059589706
0.0069090365
0.0075805406
0.0067292564
0.007018741
0.0069442983
0.00601119
0.00604417
0.0058613517
0.005930403
0.005644141
0.005894787
0.0055481927
0.005748885
0.005741293
0.0056080204
0.0055164113
0.0053448044
0.0052811825
0.0054265833
0.0054613706
0.0052069533
0.005556381
0.005313406
0.005892735
0.0057167127
0.0056911004
0.005555272
0.0053497753
0.005366493
0.005403036
0.0052042995
0.0053542242
0.0051145717
0.005958827
0.0061112246
0.005211171
0.005974163
0.0058221724
0.005101071
0.005045296
0.005176984
0.005014645
0.0055261715
0.0053763897
0.0052749882
0.0053001437
0.004894222
0.0048334515
0.005057184
0.004844934
0.0050600492
0.0048710257
0.005276939
0.0052696355
0.0048100944
0.004749278
0.0051645045
0.0047716554
0.0050397664
0.005345835
0.004696213
0.005166692
0.0053166915
0.0048686303
0.0046965196
0.004737864
0.0048083696
0.0049004643
0.0044089607
0.0049653174
0.004741971
0.0049078073
0.004955689
0.0048962734
0.0046287584
0.0050316025
0.0048592067
0.0047809877
0.0043837186
0.005448586
0.0054040924
0.0048517394
0.0050350525
0.0046315338
0.004727604
0.004595269
0.0048882104
0.004590575
0.0045795008
0.004846498
0.0045199995
0.004490344
0.004804895
0.004181799
0.0058721267
0.0063951625
0.0050363448
0.0054310285
0.005015784
0.004915429
0.0052412897
0.0044025225
0.0054810965
0.005802095
0.0049684015
0.004919186
0.0050228345
0.004491219
0.004644981
0.0048478977
0.00470611
0.0045410367
0.004821109
0.0042328364
0.0056031398
0.0061606863
0.004671084
0.005829589
0.0068700225
0.005589997
0.0048700073
0.0055035637
0.0046442174
0.0056396225
0.0058852187
0.0047311275
0.0047465176
0.00503918
0.004555736
0.0050977874
0.0051721376
0.0041255234
0.004584754
0.004398733
0.004422918
0.0042570713
0.0044915904
0.0043657166
0.0041814577
0.004170687
0.00411277
0.004298849
0.0040029683
0.0047869408
0.0041934964
0.005087329
0.0054662265
0.0050032292
0.004546451
0.004412217
0.0045521134
0.0042760284
0.0041751596
0.004283456
0.0041692196
0.0040903143
0.0046125813
0.0043131476
0.0044844593
0.0045120157
0.0041359277
0.0043992414
0.004099697
0.004313189
0.004181839
0.004172736
0.004159076
0.00410894
0.004196181
0.0040016104
0.004054966
0.004016249
0.0040491726
0.00381212
0.0042049303
0.0039165653
0.004453536
0.0045469217
0.003951961
0.0040995083
0.00413922
