0.2877656
0.05601884
0.057809174
0.038844276
0.027186396
0.02723211
0.024856022
0.02452074
0.023728603
0.022290602
0.022834605
0.022344127
0.021499047
0.021893641
0.021597989
0.021107286
0.021338135
0.021234235
0.020865813
0.021203192
0.021138912
0.020772295
0.020880751
0.020729361
0.020808518
0.021130404
0.02083602
0.02102939
0.020794934
0.02071701
0.021194413
0.020982116
0.02125828
0.021109788
0.020861596
0.020811195
0.020924613
0.020735107
0.020876521
0.020875746
0.020720042
0.02062322
0.02086321
0.020737967
0.02065921
0.020603014
0.020652523
0.020559607
0.020615272
0.020579332
0.020538608
0.020471605
0.020519316
0.020420577
0.020405268
0.020312412
0.020330653
0.02022474
0.020303024
0.02020364
0.020183383
0.020079704
0.020221008
0.0201513
0.020027729
0.019982873
0.020068811
0.019975359
0.019979853
0.019918079
0.02000433
0.019885393
0.019910615
0.019844366
0.019860646
0.019780455
0.019787615
0.019689895
0.019760909
0.019640919
0.019630985
0.019548662
0.019472303
0.019434607
0.019274173
0.019218495
0.019122252
0.01879461
0.019042963
0.018850522
0.017845841
0.018774653
0.018821865
0.017476346
0.017950587
0.018142948
0.017266871
0.01706086
0.017353386
0.016764348
0.01680036
0.016871944
0.01617626
0.01605255
0.016114336
0.01581355
0.01586685
0.015950369
0.015482374
0.016619366
0.016816335
0.015368822
0.01593213
0.016283957
0.015155698
0.015035734
0.01520883
0.014659181
0.014418655
0.01466157
0.014336154
0.014483773
0.014576103
0.014547768
0.014149311
0.0139510585
0.013920044
0.01369264
0.013530672
0.013696104
0.013473791
0.013593189
0.013628296
0.013311415
0.013160653
0.013189825
0.0129804695
0.013228151
0.0132283745
0.01305006
0.012832892
0.0128476275
0.01269992
0.0127321
0.012652504
0.012576821
0.012539774
0.01239227
0.012834097
0.012689263
0.012427579
0.012693937
0.012558992
0.012266914
0.012319371
0.012190287
0.012394396
0.012351376
0.012317236
0.012225967
0.012267854
0.012071762
0.012106608
0.012128712
0.011879019
0.011985235
0.011911534
0.011733259
0.012370435
0.012031184
0.01216197
0.011863445
0.012377195
0.01216381
0.011936237
0.01180366
0.01192385
0.0116238035
0.011582498
0.011564963
0.011588484
0.011458983
0.011506245
0.011675392
0.011452056
0.011288948
0.01119792
0.011366035
0.0111879185
0.011241235
0.0112779355
0.011093035
0.011083067
0.011018406
0.010729966
0.011531375
0.011411178
0.011343963
0.011653696
0.01101584
0.010784757
0.011364984
0.011355224
0.0104201
0.011286299
0.011516421
0.01091252
0.010736093
0.010735229
0.010547686
0.010490541
0.010431114
0.010449682
0.010258459
0.010124695
0.010463639
0.010289185
0.010093001
0.009995986
0.009863378
0.0097512165
0.010012597
0.009885539
0.009756353
0.009713474
0.0096851485
0.009554174
0.009866439
0.009770463
0.009496241
0.009506322
0.009494428
0.009294275
0.009532423
0.009476515
0.009340009
0.009460655
0.009098933
0.009270868
0.009056518
0.009318213
0.009242712
0.00909432
0.00903669
0.008883767
0.008926432
0.009254736
0.00892625
0.009051442
0.008798941
0.008645979
0.008928995
0.00864963
0.009861623
0.009596963
0.008567362
0.009067268
0.008944402
0.0086428225
0.008585331
0.008567759
0.008765048
0.008316269
0.0090633705
0.009178209
0.00852082
0.008622557
0.008661679
0.008489245
0.008357241
0.008210524
0.008060575
0.008175391
0.007869318
0.007966984
0.008035754
0.0077101975
0.0077763074
0.00782535
0.0075251064
0.007682429
0.0074881245
0.007843603
0.007813722
0.0077101453
0.0074954145
0.007386008
0.0077895797
0.007564374
0.0076070777
0.007328903
0.007750671
0.007158928
0.008288178
0.008347976
0.006962858
0.007806595
0.008184715
0.0072135204
0.0070074885
0.0071366127
0.007025494
0.006784378
0.007080548
0.006626973
0.0069799074
0.00723091
0.006573769
0.0067170286
0.006727711
0.0065544024
0.006621772
0.006295728
0.006201344
0.006153475
0.006495247
0.0059056543
0.007657656
0.0077578626
0.0075060693
0.0071927817
0.0061625317
0.006864626
0.0065406137
0.0065336297
0.0057251006
0.0065025217
0.00606912
0.005670993
0.007082686
0.0069001676
0.0069777593
0.0064919963
0.006343639
0.0060094637
0.005911112
0.005731035
0.005936066
0.005641145
0.005462522
0.005523263
0.0055364785
0.0053201653
0.005821547
0.005243963
0.005321339
0.0051714387
0.005835526
0.0055823443
0.00515918
0.005309044
0.0056574265
0.005558938
0.005454309
0.0049695396
0.005307803
0.0057434677
0.0051890374
0.0053351806
0.005253766
0.004988779
0.0059518353
0.0052411202
0.006417384
0.0053576375
0.008143278
0.008193254
0.0050832364
0.007000776
0.007107328
0.005549488
0.007842121
0.010253236
0.0062061683
0.005762069
0.006501867
0.0058620037
0.005609231
0.005736402
0.0057433695
0.00539298
0.005131085
0.005479656
0.0052304156
0.0056506083
0.005578447
0.005341736
0.005067943
0.0055049225
0.0058143088
0.004799548
0.00464245
0.0052315933
0.0046703145
0.004829116
0.0054479376
0.0051705474
0.005240467
0.0054808576
0.004872382
0.0049175895
0.0050115455
0.0045904815
0.004651855
0.004812873
0.00504677
0.005267683
0.004985823
0.00471804
0.00493956
0.0049279784
0.004661742
0.0045291474
0.004815933
0.004474193
0.004875975
0.0049073193
0.0044725887
0.0057564913
0.0055774245
0.005103426
0.0049671754
0.004944299
0.004950183
0.0044811093
0.004338065
0.0047247526
0.004557235
0.0043478706
0.004606228
0.004342305
0.004718313
0.0046637347
0.0043532173
0.004343903
0.004208594
0.0043828934
0.004291803
0.004165444
0.00431483
0.003934607
0.004765564
0.004564133
0.00447949
0.0040462003
0.0043418757
0.0041114115
0.00439843
0.004014144
0.004827171
0.0045355265
0.0044145975
0.0038757
0.005062749
0.0050871694
0.0041515613
0.004074986
0.004114229
0.00402076
0.0042586694
0.0038775161
0.0048723104
0.0049737794
0.003849168
0.0048230155
0.0049557756
0.004165723
0.0042367163
0.003974121
0.003962684
0.0038615994
0.0038677799
0.0037270023
0.0040008225
0.0037650943
0.0035071725
0.0040413635
0.004025217
0.0040860157
0.0040384405
0.0036398193
0.004199458
0.004795072
0.0044285613
0.0040569776
0.004145712
0.003934327
0.0038290203
0.0037650156
0.0038549018
0.0037535846
0.0034375598
0.0035212592
0.0037548786
0.003416798
0.0036476739
0.004616407
0.0042422074
0.0047120443
0.0043052346
0.0044300365
0.0036659166
0.0049039884
0.004707063
0.0046060025
0.004506426
0.003984829
0.0039917384
0.0037287567
0.003662118
0.0038600191
0.0033950445
0.0041334447
0.004228103
0.004313041
0.0038255851
0.0036575866
0.003715915
0.0032819945
0.0036861093
0.004236961
0.0036119039
0.0049839485
0.005635386
0.0047466154
0.0045496146
0.003800742
0.0040626633
0.0037768886
0.003997615
0.003812135
0.0056292675
0.0057581216
0.0040105567
0.004166068
0.0033273918
0.0048297066
0.0051513063
0.004129587
0.0037320238
0.0039356244
0.0037359975
0.0039901477
0.004006173
0.0041116853
0.0034009323
0.004516573
0.0042481762
0.004149243
0.004216045
0.0032726459
0.0039939987
0.003990795
0.004112546
0.0036203114
0.0038642052
0.0037187461
0.003816573
0.003265868
0.0038815283
0.0037119987
0.004013506
0.003900369
0.0033726012
0.0030900438
0.0044943434
0.003969719
0.003871752
0.0041343565
0.0031430621
0.0061654486
0.00734376
0.0046212543
0.0048218076
0.0060634315
0.0047735753
0.0045012594
0.005015718
0.0041166293
0.0042398176
0.00462566
0.0041529327
0.003926045
0.0038778505
0.0038029335
0.0040702154
0.0043586646
0.0034243222
