0.2877554
0.061103355
0.05875661
0.036734298
0.025287075
0.028201757
0.024870338
0.025196485
0.025290554
0.021772986
0.024518186
0.025495514
0.022562252
0.022171617
0.023260726
0.022262743
0.021504367
0.021690285
0.021692693
0.021042364
0.021229768
0.021276087
0.020550134
0.021041326
0.020955333
0.02021903
0.020705089
0.020882368
0.02018969
0.020401148
0.020683197
0.02025879
0.019902363
0.019990033
0.019829614
0.019665383
0.019655062
0.019340547
0.019340696
0.019308032
0.01893898
0.019511988
0.019354826
0.019032085
0.018659534
0.019340511
0.019183168
0.018538853
0.018196434
0.018974835
0.018679744
0.01853297
0.018174224
0.017728936
0.017839594
0.017497184
0.01731118
0.017022703
0.016883463
0.016542649
0.016101716
0.015907874
0.01568316
0.015488916
0.015089494
0.015310754
0.014872019
0.015351611
0.015281233
0.014958774
0.014842845
0.014574531
0.0146720335
0.014616258
0.014296693
0.014115675
0.01439573
0.014253053
0.014125464
0.014005794
0.014094718
0.014091951
0.013875045
0.013813571
0.013984188
0.013880238
0.013671399
0.013845009
0.013540082
0.013751456
0.013595921
0.013870179
0.013685816
0.01359611
0.014060781
0.013579305
0.0140151335
0.014234301
0.014208745
0.013688306
0.013927589
0.014208001
0.013845944
0.013416734
0.013843607
0.013782419
0.013609829
0.013576911
0.013883774
0.013824669
0.013567676
0.013323587
0.013495889
0.01346391
0.013711311
0.013521943
0.013294053
0.013218518
0.01348096
0.013486903
0.013243336
0.013261964
0.013073382
0.0129869245
0.013239716
0.013082057
0.0132636875
0.013272293
0.01298615
0.013076499
0.012986953
0.012971771
0.012890202
0.012878001
0.012814548
0.012911479
0.012836591
0.012753206
0.012768979
0.012594052
0.012963656
0.012763723
0.0128155425
0.012893324
0.0124399355
0.012509312
0.012459725
0.012413408
0.012322848
0.012659621
0.012445842
0.012476094
0.01244903
0.012227081
0.01213001
0.012541649
0.012469911
0.012051026
0.012214794
0.01197588
0.011931501
0.012078709
0.011908084
0.012100536
0.011978288
0.012112408
0.0121743465
0.011762855
0.011964497
0.011769389
0.0116615845
0.01171291
0.011637417
0.011726889
0.011651971
0.011589803
0.011716868
0.011666247
0.011755441
0.011614322
0.011575817
0.011457848
0.011459242
0.011594795
0.011350364
0.011796325
0.011885908
0.011610939
0.011517811
0.011609845
0.011577405
0.011420953
0.011661969
0.011537488
0.01152392
0.01155793
0.01137694
0.011322788
0.011283766
0.0113101415
0.011280983
0.011361559
0.011308947
0.01135907
0.01131026
0.011326365
0.011311852
0.01132929
0.011223386
0.011387599
0.0112999715
0.011599314
0.0118831275
0.01102667
0.011805072
0.011800148
0.011237464
0.011589608
0.011435854
0.011103722
0.011217311
0.011135146
0.011104303
0.011147949
0.0110144215
0.011038498
0.010998805
0.010877718
0.010994489
0.010793787
0.011483043
0.011692335
0.010812541
0.011034578
0.011088264
0.010949872
0.010579161
0.010958039
0.01088477
0.010546976
0.010499713
0.010486874
0.010339788
0.010366988
0.010178532
0.010283195
0.010230329
0.009962694
0.009886579
0.009918883
0.009751026
0.009754349
0.009689289
0.009783653
0.009554544
0.009635004
0.009548951
0.009522486
0.009336442
0.0095036
0.009354882
0.009419481
0.009285517
0.00907435
0.008985275
0.009252249
0.009092337
0.009004948
0.008907191
0.008934635
0.008822457
0.008821263
0.00869362
0.008870511
0.008765579
0.0086684795
0.008594696
0.008645221
0.008556203
0.008498787
0.008503019
0.00841033
0.0084768245
0.008291761
0.008445029
0.008232423
0.009013373
0.008795809
0.008424032
0.008650481
0.008292247
0.00856788
0.008387629
0.0083259875
0.00834221
0.00836192
0.008248551
0.008336283
0.008345895
0.00812649
0.008105607
0.00816851
0.008037399
0.0082862945
0.008188787
0.008040196
0.008032561
0.007972994
0.007874329
0.00821676
0.008201159
0.007975948
0.008052878
0.007934069
0.008173052
0.0082254745
0.008054407
0.008261287
0.008007198
0.0082015535
0.008207235
0.008248037
0.008035537
0.008020417
0.008086834
0.0079016145
0.007899266
0.007846306
0.0077324756
0.007911556
0.0077476925
0.007662958
0.007927862
0.007661694
0.008756409
0.009228203
0.008307991
0.008412358
0.008492523
0.008584485
0.008504712
0.008210468
0.0080713155
0.008004324
0.0080487095
0.008125997
0.00774142
0.007966121
0.00766702
0.008411375
0.008470162
0.007736022
0.008410528
0.008498696
0.008136815
0.0081284875
0.008020327
0.007916701
0.007911953
0.007855048
0.0077017522
0.007820945
0.007823896
0.007654493
0.0077790977
0.007604759
0.00784206
0.0075132973
0.008081553
0.008212123
0.0075408095
0.0077610128
0.0076148733
0.00804734
0.008126178
0.0077195615
0.007747121
0.007901545
0.0076551414
0.007574365
0.0077375807
0.007520502
0.0075490884
0.0075856806
0.0073506124
0.007470247
0.0074859336
0.0074060573
0.00736625
0.007324802
0.0074446076
0.0073211044
0.007560704
0.0073760226
0.007663432
0.007633922
0.0076088333
0.007484022
0.0073193484
0.007444003
0.0072991685
0.0073360223
0.007369528
0.0072507397
0.0074455068
0.0072655776
0.00770385
0.007647505
0.007262476
0.0073674037
0.007535988
0.007451871
0.007390734
0.0072417357
0.0073803104
0.0073147095
0.0071278773
0.0073576546
0.0071945353
0.0074691814
0.007415904
0.0072689555
0.0071610697
0.007289236
0.007194416
0.0074435757
0.007338694
0.0072425934
0.0072778263
0.0069990903
0.0070064054
0.007022001
0.006997934
0.0069
0.0070069195
0.006993022
0.006943351
0.0070840796
0.0068511036
0.0071501858
0.007081464
0.0069994233
0.0071036555
0.0069858427
0.006951004
0.007025946
0.006831871
0.0074312002
0.007174834
0.0071001314
0.007110892
0.006986233
0.007119894
0.0068806238
0.0071247243
0.00717726
0.0067723677
0.0069417
0.00672728
0.007366266
0.0072235907
0.007226113
0.0073678023
0.00685552
0.0070002265
0.0071371966
0.0066694454
0.007160326
0.0072208815
0.0067819827
0.0069204047
0.006799793
0.0068327934
0.0066364086
0.007178471
0.0071577434
0.006798888
0.006863069
0.006686744
0.006933141
0.006691929
0.006824817
0.0067411666
0.0067710006
0.0067767687
0.0066262423
0.0066930377
0.0065869126
0.0066240653
0.0064673554
0.0066518225
0.0064049163
0.0069403932
0.0068200217
0.006560764
0.006569898
0.006550024
0.006480248
0.006653777
0.0066317525
0.006394031
0.0065398295
0.006390024
0.0064329715
0.0062921867
0.006490458
0.006291481
0.0065576346
0.006358299
0.006600793
0.0066566556
0.0061521768
0.0065805004
0.006339306
0.006600929
0.006788987
0.0062399306
0.006994979
0.0069785975
0.006128838
0.0068339934
0.0067397677
0.006274577
0.006542189
0.0063160397
0.00640952
0.0064982683
0.0061460775
0.00641744
0.006426409
0.0063183946
0.0064275633
0.006417807
0.006352198
0.0064078956
0.00617184
0.0065661124
0.0063902955
0.006360049
0.0061430014
0.0065188208
0.0064287917
0.0061158203
0.0060200267
0.006430812
0.0063829203
0.0059845685
0.006024251
0.0059991665
0.005951299
0.0059144795
0.005856011
0.005742026
0.005983869
0.0056949505
0.006435839
0.0066102357
0.005835749
0.006539133
0.007055408
0.006430108
0.0061890758
0.006308269
0.0059153163
0.0061318283
0.006012656
0.0057945177
0.005756588
0.005668892
0.0055737565
0.005485505
0.0055484786
0.005421216
0.005643869
0.0055576037
0.0055036037
0.0055445754
0.0053311028
0.005363558
0.005318247
