0.28731623
0.057843257
0.060106445
0.034367416
0.032115877
0.029001422
0.02409964
0.025197513
0.025838263
0.022464499
0.021603398
0.02261369
0.02090239
0.02238144
0.023399731
0.02189166
0.020877471
0.021631418
0.02166026
0.020733569
0.020887772
0.021201586
0.020491747
0.021250889
0.021763304
0.021239996
0.020585531
0.020859847
0.021063149
0.02044355
0.020498242
0.020690663
0.020344878
0.020642383
0.020806054
0.020754064
0.020261073
0.020924859
0.021299178
0.020687155
0.020542353
0.020358853
0.020950327
0.021011762
0.020178897
0.020888662
0.021235405
0.020805873
0.020951664
0.020490894
0.020095833
0.020233694
0.020180546
0.019958016
0.020732202
0.02097491
0.020373108
0.020757588
0.02069299
0.019870507
0.021580188
0.023117833
0.02196447
0.020087274
0.021270929
0.023027128
0.022511417
0.020555215
0.02023006
0.021249468
0.020802936
0.019776069
0.0207568
0.021763332
0.020815013
0.019904528
0.02017073
0.020465938
0.019620458
0.020630447
0.020760186
0.019977035
0.019513091
0.020010874
0.019654231
0.019265676
0.019316765
0.01908196
0.018810684
0.018679421
0.018763881
0.018606145
0.01870223
0.018628523
0.018580597
0.018331343
0.018697947
0.018535359
0.01843205
0.018263608
0.018175934
0.018052692
0.018016227
0.017939318
0.017723136
0.017647058
0.017520165
0.017370664
0.017452115
0.017206693
0.017577006
0.017348887
0.017526785
0.01754704
0.017439688
0.017146317
0.017650055
0.017104035
0.017210739
0.017124446
0.017518362
0.017095132
0.017297188
0.017308204
0.017152281
0.016697513
0.017372862
0.017359534
0.017654512
0.017672198
0.016825318
0.016578468
0.016865166
0.01683076
0.016956834
0.016930083
0.01674675
0.016391555
0.01644694
0.0162921
0.016115623
0.01654522
0.016144693
0.016331004
0.016361652
0.01567935
0.015555625
0.015393712
0.015100348
0.015577957
0.015347809
0.015952645
0.015571404
0.015088744
0.014994003
0.015000564
0.014804069
0.015551217
0.015635036
0.014607859
0.0145567395
0.014810734
0.014480422
0.015307922
0.015546665
0.014596588
0.01482068
0.015176624
0.015592538
0.015520081
0.0146566285
0.015096319
0.01462185
0.015028805
0.015051901
0.014123626
0.014216398
0.013982314
0.013979331
0.013932851
0.014020152
0.013824191
0.013835882
0.013930527
0.013672811
0.013857474
0.013871069
0.01368393
0.013666186
0.013481564
0.014440189
0.014265205
0.014000111
0.013930184
0.013777909
0.0135594
0.014034444
0.014172976
0.013916348
0.01365248
0.0137427235
0.013716418
0.013824116
0.013587609
0.0137899965
0.0138117
0.013730225
0.01349675
0.013670992
0.013709185
0.013719444
0.013539553
0.01357085
0.013539031
0.013596848
0.013479249
0.013602265
0.013496538
0.013613686
0.01351184
0.013402283
0.013366141
0.013633505
0.013534798
0.01333684
0.013299141
0.013488459
0.013351552
0.01355876
0.013473096
0.013284794
0.013238312
0.013555924
0.013480545
0.013243254
0.01317896
0.013545877
0.013480383
0.013238045
0.013166562
0.013466413
0.013303727
0.013367686
0.013327767
0.013302756
0.013262858
0.013262791
0.013201664
0.013330062
0.013232798
0.01326983
0.013195916
0.013276664
0.013190091
0.013272661
0.013182466
0.013252993
0.013211444
0.013174747
0.013118606
0.013263375
0.013190675
0.013133291
0.013077758
0.013238981
0.013167483
0.01311212
0.013020028
0.013318318
0.013207848
0.013077318
0.013003509
0.013287101
0.01321346
0.013026717
0.012980014
0.013279852
0.013244142
0.0129450075
0.012899046
0.013350888
0.013266519
0.012918615
0.012876604
0.013327595
0.013252034
0.012890511
0.012855786
0.013275586
0.013187959
0.0128879
0.012824257
0.013291647
0.013182878
0.012881137
0.012821439
0.013201162
0.013076767
0.012941695
0.012863778
0.013119633
0.01299012
0.0130032515
0.012911162
0.013022999
0.0128678875
0.013125547
0.01292669
0.013057661
0.012895707
0.013075727
0.012890684
0.013070841
0.012941219
0.012962222
0.012863799
0.013070836
0.013029628
0.012845929
0.012823899
0.013060373
0.013054947
0.012798441
0.012810253
0.013008391
0.012972161
0.012823624
0.01282652
0.012858398
0.012793438
0.0128947785
0.012850511
0.012764684
0.01269848
0.012954532
0.012892537
0.01270587
0.0126557425
0.012940166
0.012855466
0.012722733
0.012667025
0.01288344
0.012806273
0.012749021
0.012696554
0.012782271
0.01269333
0.012869495
0.01280614
0.012726411
0.012678307
0.012803376
0.01270949
0.012773764
0.012721923
0.012762261
0.012680214
0.012832902
0.012718883
0.012780212
0.012683854
0.012852727
0.012639943
0.012947162
0.012701106
0.012810302
0.012539156
0.01299955
0.012772431
0.012664404
0.012572523
0.012858531
0.012885139
0.012520637
0.012622401
0.012692484
0.012679168
0.012694824
0.012680228
0.012519128
0.012449023
0.012666839
0.012565144
0.012533217
0.012522156
0.0125146
0.01244975
0.012673249
0.012590992
0.012485431
0.01241261
0.012585635
0.012458645
0.012520414
0.012471854
0.012430887
0.0123875365
0.012602422
0.012544818
0.012383498
0.012348603
0.01253784
0.012471852
0.012388296
0.012360253
0.01238717
0.0123095075
0.012427748
0.012363866
0.012351061
0.012283255
0.012419532
0.012350883
0.012350879
0.012259635
0.012419435
0.012333958
0.012324285
0.012267265
0.012353852
0.01223278
0.012364272
0.01226081
0.012355086
0.012237142
0.012322892
0.012185366
0.012360583
0.012213747
0.012301118
0.012152781
0.012359423
0.01217356
0.012326919
0.012194042
0.012184347
0.012107647
0.01231847
0.012301565
0.012093912
0.012206783
0.012445052
0.012184548
0.012846353
0.0127212005
0.012184941
0.012206054
0.012328506
0.01228154
0.012443363
0.012762725
0.01217424
0.012318827
0.012366506
0.012146421
0.012406678
0.012601182
0.012077838
0.012497413
0.012389499
0.01220509
0.012432474
0.012698553
0.012218948
0.012123686
0.012491406
0.012191848
0.012178764
0.012242895
0.0121019585
0.011888288
0.012486582
0.012490706
0.011928874
0.011947221
0.012173177
0.011980756
0.012162904
0.012123093
0.012051287
0.011995149
0.012081181
0.012001115
0.011930662
0.011893948
0.012019585
0.011927878
0.0121077625
0.01203118
0.011846307
0.011779667
0.012105081
0.012045217
0.011856628
0.011830833
0.011921813
0.0118477
0.011835717
0.011773699
0.011908169
0.011839468
0.011827186
0.011771304
0.011861579
0.0117863165
0.011809401
0.011770323
0.011814468
0.011812329
0.0117448745
0.011696263
0.011821679
0.011762318
0.01170037
0.011639941
0.011869118
0.011771387
0.011705336
0.011666663
0.011825609
0.011753353
0.0117262425
0.011656574
0.011741403
0.011660143
0.011746004
0.011738117
0.011583396
0.011583254
0.011697133
0.011603364
0.011753821
0.011740821
0.0115320785
0.01149831
0.011770292
0.011670043
0.01156686
0.011616972
0.011611552
0.011493604
0.011641309
0.011581726
0.0115361735
0.011558236
0.011650316
0.011500184
0.011576359
0.011502837
0.011570883
0.011531963
0.011462331
0.011456259
0.01199583
0.011594423
0.011885458
0.011704554
0.011590157
0.012209717
0.012419243
0.0113699855
0.012134108
0.012329437
0.011824633
0.011603258
0.011881504
0.011749423
0.011567309
0.0115096895
0.0114066275
0.011645141
0.01153781
0.01183103
0.011848529
0.011564004
0.011745221
0.011443286
0.011610068
0.011516817
0.011400613
0.011573069
0.011520711
0.011367607
0.0118213305
0.011609695
0.011663456
0.011447687
0.0116490945
0.011627972
0.011421346
0.011365327
