0.28732646
0.043656792
0.09865105
0.1280372
0.091637634
0.071891926
0.084726356
0.09164525
0.08158383
0.07128724
0.07919852
0.088768445
0.08783632
0.07955211
0.07208856
0.07328666
0.07852766
0.07866645
0.07451743
0.07120237
0.072974674
0.076025836
0.07548874
0.07300549
0.07090348
0.07362136
0.07642668
0.07519114
0.07321178
0.07174892
0.071252264
0.0726989
0.072189145
0.070807986
0.07114019
0.07172518
0.071542196
0.07053416
0.071735434
0.07288465
0.072253175
0.07130236
0.064690985
0.032620102
0.02269868
0.029438706
0.028686658
0.02285289
0.020614648
0.022310426
0.022470767
0.021555943
0.020709684
0.019903095
0.02046909
0.02082867
0.020085849
0.019565275
0.01963274
0.019995451
0.019509705
0.019090857
0.01923134
0.018974753
0.018933292
0.01889333
0.01869771
0.018614879
0.018493297
0.018321136
0.018143056
0.017898876
0.017732399
0.017402122
0.017241752
0.016984524
0.016617082
0.016582197
0.01646017
0.016208913
0.016084135
0.015928386
0.015897993
0.015805544
0.015719768
0.0155577995
0.015707016
0.015459594
0.015694497
0.015739629
0.015333979
0.015436138
0.015353457
0.015300577
0.01516436
0.015276656
0.015131165
0.015076422
0.015106364
0.014931547
0.015264283
0.015184381
0.015054044
0.014912321
0.015024285
0.0149964355
0.015087194
0.015069209
0.014715855
0.014908009
0.014860351
0.014723964
0.014705566
0.014663237
0.014669635
0.0146064535
0.014591967
0.014572565
0.014565978
0.014436327
0.014438272
0.014368144
0.014266056
0.014401625
0.014322348
0.014319479
0.014164783
0.014356566
0.014305428
0.014167279
0.014159168
0.013989585
0.013914877
0.014048294
0.013965282
0.01395245
0.01385806
0.013875597
0.013783055
0.013877754
0.013832108
0.013609298
0.013552368
0.013721921
0.013631992
0.0135300895
0.013443865
0.0135887535
0.013540454
0.013340157
0.0132904425
0.013366737
0.013264428
0.013328203
0.0132540725
0.013160034
0.0131123895
0.013133955
0.013066667
0.013039122
0.012956413
0.013045497
0.012981943
0.01290078
0.012854538
0.012865021
0.012794997
0.012855522
0.012778312
0.012775908
0.012718671
0.01274052
0.01269687
0.012642545
0.012574357
0.012739035
0.012686911
0.012527045
0.012475945
0.01268017
0.012615077
0.012445893
0.012398213
0.01260787
0.012552359
0.012353028
0.012303069
0.012568988
0.012499302
0.012274231
0.012234139
0.012466483
0.012400124
0.012204294
0.012153007
0.012415362
0.012349452
0.012127523
0.0120894415
0.012306341
0.012225243
0.012098901
0.0120547265
0.012180846
0.01210605
0.012069609
0.0120195225
0.012070101
0.012005125
0.012036479
0.011991915
0.011960807
0.011907573
0.011993351
0.011932358
0.011896768
0.011840721
0.011935431
0.011873166
0.011836744
0.011787139
0.011853717
0.01178931
0.011797704
0.011737786
0.011784472
0.011720437
0.011748734
0.011697116
0.011698022
0.011636783
0.011714797
0.011653874
0.011630851
0.011572038
0.011664438
0.011603527
0.011559495
0.01149644
0.011631894
0.0115730865
0.011472124
0.011413186
0.011607513
0.011542793
0.011400557
0.011347731
0.011571369
0.011508648
0.011334654
0.011286299
0.0115339635
0.011468142
0.01128294
0.011244687
0.011457137
0.011384402
0.011277318
0.011251123
0.011339684
0.011283543
0.011292648
0.011271249
0.011247096
0.011227415
0.011263117
0.01125326
0.0111993635
0.011199347
0.011227633
0.011250106
0.011151311
0.011204068
0.011153493
0.011229162
0.011109787
0.011205788
0.011139042
0.011315525
0.010994264
0.01119751
0.010957154
0.010955739
0.011093013
0.010879082
0.011738147
0.011571086
0.010903798
0.011677672
0.011582402
0.011019595
0.011209837
0.011193966
0.010957955
0.011369252
0.011164314
0.011167419
0.011078869
0.01097997
0.010952465
0.011228156
0.011130813
0.010943922
0.010880469
0.010996267
0.010905157
0.011108272
0.011047977
0.0108452365
0.010801923
0.01108732
0.010986519
0.010891627
0.010829583
0.010897684
0.010800828
0.010999541
0.010909234
0.010838032
0.010773915
0.010936254
0.010871492
0.01081832
0.010755077
0.010852878
0.010782324
0.010794758
0.010725118
0.010825615
0.0107409535
0.01078624
0.010731682
0.010758701
0.010699001
0.010764937
0.010701194
0.01070556
0.010628059
0.010772658
0.010693901
0.010669996
0.010572728
0.010771134
0.010673714
0.010634768
0.01057588
0.0106918
0.010627915
0.010586913
0.010521685
0.010656144
0.010570369
0.010593653
0.010504723
0.010612632
0.01050428
0.010616735
0.01052785
0.010529429
0.010436338
0.010623998
0.010525611
0.010468047
0.01037912
0.010601555
0.010482644
0.010449215
0.010357126
0.010555091
0.010436386
0.010439381
0.010350431
0.010514134
0.010409913
0.010400725
0.010318336
0.010476093
0.010391769
0.010331141
0.010250976
0.010456175
0.010372128
0.010298905
0.010236126
0.010391905
0.010324154
0.010287241
0.010253295
0.010329294
0.0102939
0.010282531
0.010253194
0.010303668
0.010248465
0.010292642
0.010226576
0.010250994
0.010192782
0.010248006
0.010156636
0.010269925
0.010185872
0.010209825
0.0101450635
0.010185953
0.010093129
0.01025045
0.010185537
0.010094419
0.010066547
0.010159093
0.010034607
0.010276729
0.010175391
0.010040645
0.009990983
0.01015681
0.010088812
0.010083917
0.010089806
0.0100384215
0.0099724615
0.010086481
0.010037118
0.010014812
0.010013699
0.009991991
0.009854396
0.010191294
0.010164321
0.009825412
0.010107352
0.009822687
0.010027938
0.009717688
0.011037233
0.011443724
0.00999181
0.010948729
0.0120310085
0.011132563
0.010056984
0.010797354
0.010835345
0.009852498
0.010998196
0.011024752
0.009990644
0.01072641
0.010853966
0.010140101
0.010365677
0.010539035
0.009993245
0.010399805
0.010627146
0.010011624
0.010622774
0.0109867
0.010832262
0.0101863975
0.010746591
0.011326221
0.010418422
0.010563423
0.011117802
0.011464331
0.0106592355
0.010408285
0.010444944
0.010494758
0.010218348
0.010226577
0.010208738
0.010564224
0.010598455
0.010119587
0.009969157
0.010435446
0.0102391355
0.010065903
0.009961467
0.010049277
0.01001826
0.009891507
0.009776869
0.010170438
0.0100110015
0.009849467
0.0097229695
0.010037161
0.009829654
0.010001633
0.009893952
0.0097688725
0.009614613
0.010162796
0.010068263
0.009673415
0.009638404
0.009824836
0.0097054085
0.0099576255
0.009842843
0.009677508
0.009642549
0.009835136
0.009707548
0.00969353
0.009598886
0.009834226
0.0096936
0.009696312
0.009630021
0.0096502
0.009553757
0.00974925
0.009667918
0.009558861
0.009475442
0.009793561
0.0097311
0.009466286
0.009423473
0.009732925
0.009629137
0.009501887
0.00942717
0.009691005
0.0096444385
0.009419083
0.00939815
0.009597513
0.00951435
0.009491954
0.0094107725
0.009567205
0.0095038675
0.009449399
0.009433434
0.009423492
0.009371211
0.009492093
0.009402376
0.009429142
0.009378665
0.009425893
0.00939667
0.009359399
0.009325167
0.009365324
0.009296435
0.00938323
0.009326403
0.009315052
0.009266212
0.009364265
0.009349249
0.0092163095
0.009197155
0.009351089
