0.2900532
0.04965605
0.07302412
0.048590064
0.02446428
0.032041084
0.031592738
0.02533237
0.025571903
0.02605307
0.025163407
0.023844147
0.023610959
0.024509573
0.023508376
0.022811227
0.02370107
0.022988945
0.022442982
0.022775916
0.02222463
0.022218628
0.022318745
0.021772025
0.02166073
0.021446547
0.021418119
0.02132894
0.020576855
0.021295786
0.021759318
0.020738553
0.020198232
0.020402253
0.020015707
0.020175802
0.020075686
0.019750223
0.01972992
0.019568445
0.019905819
0.019503396
0.01923479
0.019206606
0.018834261
0.019202212
0.0188371
0.018637218
0.01815411
0.01927758
0.018994847
0.01789392
0.017789727
0.017966686
0.017626898
0.018000215
0.017847346
0.01747177
0.017365197
0.01754102
0.017275915
0.01754375
0.017523274
0.017061228
0.016911885
0.017222265
0.017024763
0.017065426
0.017045476
0.016664231
0.016696326
0.01642969
0.017553417
0.01761743
0.016312419
0.016732475
0.016787054
0.01673541
0.016626818
0.016449511
0.01630952
0.016147567
0.015906213
0.015936293
0.01587268
0.015904123
0.015670942
0.01599919
0.015959298
0.016003521
0.015769353
0.015733907
0.015345083
0.015970262
0.016003123
0.015149892
0.015091353
0.015207566
0.0151081225
0.0151197575
0.015114744
0.015143
0.014867988
0.01466769
0.014685976
0.014740101
0.014393049
0.014596094
0.014709909
0.014239818
0.014184403
0.014320805
0.014228496
0.014017086
0.01416608
0.013957369
0.014506453
0.014815872
0.014156796
0.013928396
0.013957783
0.013904035
0.013833349
0.013421458
0.01358142
0.013511646
0.01358071
0.013739303
0.013524428
0.013409973
0.013356787
0.01294414
0.013213771
0.013351157
0.012633182
0.012604762
0.01266225
0.0123278685
0.012625746
0.012537648
0.012714549
0.012345289
0.012130286
0.0119068995
0.012373689
0.012171817
0.011874762
0.011736006
0.011527632
0.01145935
0.011801506
0.011592723
0.01129403
0.01116258
0.011201697
0.011175484
0.0109273605
0.011029958
0.011053994
0.010685157
0.010914571
0.010919924
0.010810173
0.010567878
0.011062227
0.010488649
0.010603438
0.0105505055
0.01044592
0.010494483
0.01016423
0.010066698
0.010109448
0.010042268
0.010029771
0.009976489
0.009927674
0.009980388
0.00964442
0.009699576
0.009853118
0.009608151
0.009930317
0.009923024
0.0096653355
0.00980571
0.009750572
0.009503319
0.009536912
0.009307877
0.010203562
0.0106351
0.010178703
0.0092999935
0.011071761
0.011950561
0.010476495
0.010227461
0.010210654
0.010032569
0.010144477
0.009934935
0.009719644
0.009498197
0.009338041
0.009346206
0.009344128
0.009313206
0.0095179
0.0092931315
0.009063949
0.00916241
0.009079586
0.008874993
0.00900253
0.008992004
0.008714872
0.009249427
0.009406577
0.008943353
0.009027255
0.008804412
0.00927493
0.009322497
0.009470788
0.009043066
0.009643862
0.00947184
0.008830304
0.0089394925
0.009133623
0.008822815
0.009064413
0.008918378
0.009104897
0.008982931
0.008657661
0.008544509
0.008858369
0.00876266
0.008711916
0.008641868
0.008496161
0.008359336
0.008860607
0.008848649
0.008337811
0.008240157
0.00871648
0.008436361
0.008537464
0.008822021
0.0084262295
0.008341983
0.00847509
0.00820844
0.008611497
0.008618918
0.008240912
0.008222307
0.008446197
0.008324986
0.008112692
0.008054286
0.008266256
0.008207913
0.008174381
0.008199971
0.007914566
0.007844097
0.008316978
0.008197543
0.007911579
0.007868326
0.008002031
0.0077653266
0.008185346
0.008125936
0.007947586
0.007993308
0.007695569
0.0076773074
0.0077852546
0.007622391
0.008090142
0.008103822
0.0076727294
0.00801858
0.0075294063
0.0077511356
0.007669577
0.007440731
0.0072718128
0.007607723
0.0075254566
0.007390609
0.007381853
0.0074513056
0.0072996835
0.0072443658
0.0072248676
0.0070765032
0.0070592645
0.0069893994
0.0069578676
0.006956026
0.0070916847
0.007122917
0.0069328696
0.0068966504
0.0067233494
0.0065786703
0.0068251416
0.0068542827
0.006546976
0.0066079423
0.0064331046
0.0064189923
0.006399272
0.0063413936
0.0064652623
0.0063743438
0.006417354
0.006380645
0.006080447
0.0059671975
0.006359627
0.0061326814
0.0060058706
0.005918138
0.005969446
0.0057880767
0.0059685223
0.005774857
0.0058648214
0.005721024
0.0057404623
0.005539749
0.0056305155
0.0054937117
0.005692842
0.0056157615
0.0054651997
0.005332524
0.005525651
0.005311511
0.00577322
0.0056829434
0.005263586
0.0056258887
0.005348911
0.0055746846
0.005454676
0.005079692
0.005148848
0.0053058267
0.0051322733
0.0052737365
0.0054387096
0.0050608986
0.0052417647
0.005030748
0.0053986185
0.0052344413
0.005056225
0.004953313
0.005108496
0.0050274767
0.0050747823
0.0050028213
0.0049436293
0.004926296
0.004889337
0.0048550903
0.004762178
0.005004726
0.0050732126
0.0048591658
0.004720243
0.004820636
0.0047253645
0.0046660597
0.004739962
0.0045727426
0.004679516
0.0046625463
0.004549546
0.004693855
0.0047819735
0.00447397
0.0047842744
0.004587182
0.0045322296
0.0045049437
0.0044341898
0.0043986817
0.0045354334
0.0043891706
0.0047752075
0.004683931
0.004662633
0.0046972698
0.004619476
0.0047872956
0.0044423323
0.004501123
0.0045777876
0.004334693
0.00486251
0.0047618714
0.0043836758
0.0044878894
0.0044172225
0.0046354365
0.0043331007
0.004469163
0.004470284
0.004273441
0.0042029223
0.004341571
0.0042155804
0.0042222925
0.0041035605
0.004326718
0.004250357
0.0041425624
0.004177892
0.004128478
0.004064798
0.0040368247
0.0040889014
0.0039661885
0.0040537072
0.0039309408
0.0041360627
0.0041454583
0.004196598
0.004297805
0.004134223
0.004034135
0.0041031768
0.004030268
0.0038575635
0.003986984
0.0039185756
0.00384197
0.003794944
0.0038833998
