0.28827623
0.06734065
0.062470216
0.031872403
0.035972252
0.032421608
0.022817096
0.028830305
0.031309124
0.024009587
0.021823695
0.02335526
0.021377869
0.021906381
0.02283442
0.021381116
0.021124318
0.02162394
0.020812986
0.021172239
0.021687383
0.020978242
0.020703292
0.021317288
0.021092376
0.020599699
0.02052548
0.02067437
0.020356305
0.020450978
0.020403951
0.020495508
0.020151325
0.020736642
0.020906568
0.020096367
0.020568596
0.020574449
0.020248896
0.02023715
0.019786598
0.020904573
0.021310145
0.02018885
0.020206785
0.020893455
0.020204164
0.019879768
0.020115912
0.019642362
0.020742329
0.021398649
0.02029104
0.019905236
0.020384919
0.019864311
0.019715503
0.019937763
0.019428661
0.019980779
0.020293906
0.019643476
0.019754203
0.020074647
0.01942499
0.01981228
0.020287065
0.019633142
0.019338978
0.019588048
0.019180529
0.019866172
0.02024111
0.01951964
0.019102665
0.019643474
0.01944354
0.018760638
0.018895885
0.018667735
0.018648133
0.01839251
0.018100508
0.017989906
0.017603382
0.017935514
0.017757365
0.01733207
0.01724391
0.01720246
0.016842429
0.017130494
0.017027965
0.01640736
0.01629397
0.016301831
0.01606656
0.016325628
0.016262284
0.015633706
0.015552607
0.015614085
0.015239783
0.015654901
0.015692787
0.0151085
0.015158989
0.01509037
0.01490624
0.015240935
0.015291539
0.01477487
0.015028383
0.014783715
0.0143667525
0.014841847
0.014592412
0.014270473
0.014049061
0.014415679
0.014395128
0.014039829
0.013926356
0.013933179
0.013748062
0.013799407
0.013631005
0.013693589
0.013542277
0.013607263
0.013495083
0.013323116
0.013218614
0.013342857
0.013148804
0.013259006
0.013187203
0.012954388
0.012855932
0.013007976
0.01289029
0.012796904
0.012720325
0.012682724
0.012614556
0.012532423
0.012414486
0.012449634
0.012334297
0.012258849
0.01214213
0.012187091
0.01207785
0.012001221
0.011963233
0.011754572
0.011657444
0.012026261
0.011738966
0.011737469
0.011713904
0.011234127
0.011130508
0.011269842
0.011018735
0.011532404
0.011560385
0.010960187
0.011066613
0.010877979
0.01129631
0.010690313
0.012968161
0.012678616
0.011579943
0.011575083
0.01193621
0.011276446
0.011104219
0.011608529
0.011117605
0.011280786
0.011731389
0.011298482
0.010892049
0.01116145
0.011117875
0.010708965
0.011018158
0.010661483
0.010786418
0.010957602
0.01063457
0.010508206
0.010557759
0.010495712
0.010601364
0.010489922
0.010515065
0.010455639
0.0103218155
0.010340326
0.010366144
0.010134749
0.01010095
0.01012854
0.010086555
0.010060598
0.009960483
0.010244836
0.010129628
0.010103974
0.010137238
0.01010478
0.010134873
0.009997909
0.010531586
0.01013269
0.010317807
0.010346026
0.01033561
0.010100098
0.010340474
0.010449308
0.009857011
0.0097773485
0.010059625
0.00988111
0.009949175
0.0097709345
0.009880335
0.009811208
0.009630321
0.009948668
0.0096685635
0.010932032
0.011335637
0.010180458
0.010383513
0.01075274
0.009747178
0.010450654
0.010762346
0.009618086
0.011123874
0.012086007
0.010589507
0.0101161925
0.010830671
0.01045275
0.009557431
0.010135879
0.010121644
0.009966618
0.009882394
0.009682105
0.009834349
0.009665365
0.00991803
0.009683789
0.010043043
0.010176244
0.009822591
0.009911354
0.009950443
0.009634312
0.009654869
0.009634763
0.00975277
0.009581934
0.009369516
0.009433641
0.009377402
0.009466094
0.009421079
0.009306815
0.00976397
0.0095524965
0.010011383
0.009915132
0.009369973
0.009579212
0.009402224
0.00934792
0.009306581
0.009240869
0.009290732
0.0095445225
0.0094593605
0.009431147
0.009312308
0.009585961
0.009541837
0.009457274
0.009340686
0.00936155
0.009285258
0.009389281
0.009347627
0.009342368
0.009846068
0.009364237
0.009398321
0.009660623
0.009024181
0.009724106
0.009649833
0.009076769
0.010234221
0.010374223
0.0096944
0.009452687
0.009342893
0.009765162
0.009531684
0.009033441
0.009123488
0.009469672
0.00889648
0.009230718
0.0092604095
0.009039159
0.010024336
0.009945163
0.009808055
0.009875763
0.009462966
0.009515688
0.009656326
0.009365057
0.009045969
0.009255494
0.009223889
0.009105377
0.009151173
0.009183538
0.009139896
0.009033685
0.008893881
0.009262532
0.00931744
0.008928055
0.009486668
0.009701161
0.009401345
0.009441054
0.009471049
0.009168892
0.009244405
0.009488937
0.0092384545
0.0093101375
0.009233938
0.008838334
0.009233602
0.009212186
0.008949301
0.008949939
0.008996458
0.008728482
0.009007036
0.008734048
0.009686847
0.010511394
0.009579845
0.010041841
0.010477462
0.009712071
0.009450593
0.009645816
0.009252711
0.009562685
0.009292564
0.009564652
0.009375248
0.009089327
0.009288858
0.009551702
0.009093945
0.00908979
0.008870538
0.0090087475
0.008931947
0.008879755
0.00895359
