0.28879705
0.043148562
0.06808902
0.05836955
0.026793301
0.031454433
0.035137963
0.025326574
0.025490662
0.028136263
0.026078036
0.023786688
0.023516824
0.024131821
0.023506
0.022857845
0.022292992
0.02287362
0.022604175
0.021458825
0.022435755
0.022706635
0.021351298
0.021711215
0.022389451
0.021401992
0.020785103
0.021155903
0.020716907
0.02064521
0.02069682
0.020320246
0.02042952
0.020397447
0.020057479
0.020175153
0.019971684
0.02019334
0.020238806
0.019698106
0.020546198
0.020721527
0.01976233
0.019833185
0.02018827
0.019779019
0.019117774
0.019864935
0.020145832
0.019194791
0.019511001
0.020025522
0.019416673
0.018981012
0.019269198
0.019173697
0.018923141
0.019026048
0.019046342
0.018813422
0.018777872
0.019067377
0.018888315
0.018791154
0.01845699
0.01828177
0.018349461
0.018012255
0.01796612
0.017744295
0.017323563
0.017162
0.016740382
0.016671324
0.016577832
0.016180454
0.01626578
0.016128074
0.015899299
0.01598067
0.015742108
0.015613489
0.015590941
0.015402886
0.01523611
0.015029974
0.015122925
0.014936057
0.015023626
0.01492282
0.014939587
0.014683348
0.014690268
0.014692627
0.014425264
0.014367238
0.01436679
0.014127868
0.014578932
0.014594506
0.0140479775
0.014174209
0.0142252445
0.013777447
0.014134933
0.013844079
0.0142956115
0.014841006
0.013876523
0.014265749
0.014973794
0.014593158
0.01393574
0.014041447
0.014185031
0.013802335
0.013678059
0.01379357
0.013455662
0.013429254
0.013589564
0.01329827
0.013368014
0.013468658
0.013500662
0.0131062465
0.013704359
0.014065887
0.013179083
0.013205457
0.013284261
0.0135121
0.0132947415
0.012798139
0.012824744
0.012921445
0.012682066
0.012769316
0.012822122
0.012834999
0.012690778
0.012577903
0.012429896
0.012455116
0.01237388
0.012450776
0.012301706
0.012317891
0.012245829
0.012063791
0.011936582
0.012209292
0.012167725
0.011885815
0.011812173
0.011768128
0.011664748
0.011781014
0.011644286
0.011594634
0.011490685
0.011654475
0.011539586
0.011513519
0.011451828
0.011278636
0.011194502
0.011280465
0.011136465
0.011208374
0.011074971
0.0112229595
0.0111621795
0.011001141
0.0109946355
0.011015122
0.010849922
0.011123079
0.011029298
0.010723443
0.010742712
0.010637
0.0105651235
0.010492869
0.010408272
0.01064748
0.010532974
0.010388489
0.01051033
0.010160496
0.010176416
0.010039292
0.009890697
0.009928762
0.009680302
0.009754137
0.009542796
0.009357161
0.009869809
0.009272727
0.010470789
0.010368867
0.00918688
0.009556824
0.009914101
0.0095993355
0.0100774765
0.0094550485
0.0097377105
0.00977119
0.00899503
0.008947129
0.008631599
0.008657131
0.009178807
0.0086614685
0.00891593
0.009118632
0.008386227
0.009080413
0.009413772
0.008869895
0.008432943
0.008363766
0.008529936
0.00821967
0.008407249
0.008258898
0.008323654
0.00811708
0.00809935
0.008092652
0.0077687926
0.0080351895
0.00803057
0.008455681
0.008119582
0.008029404
0.008108586
0.007437501
0.007752815
0.007595632
0.0074773133
0.0073387753
0.0073429584
0.007087372
0.007265002
0.0073123933
0.007220429
0.0069020228
0.0069983588
0.006987171
0.0069175498
0.0068943035
0.006778568
0.0067515452
0.0066708117
0.006804321
0.0066328407
0.0068793446
0.0067815688
0.006613696
0.006558345
0.0065166974
0.0064830617
0.0063639744
0.006481815
0.006247835
0.00714671
0.007267989
0.006526775
0.006381243
0.006486422
0.0061010416
0.0062852115
0.0062206313
0.006073121
0.006116776
0.006009683
0.0061490326
0.0058365776
0.0066825864
0.0063544977
0.006415053
0.006570823
0.00608837
0.006156946
0.006173586
0.005851617
0.0065812
0.0065492205
0.0056807823
0.0060440055
0.0057719066
0.0057451595
0.005974496
0.005576285
0.006467268
0.006505299
0.0054553314
0.0058473777
0.0057512014
0.005615127
0.0054124617
0.0058356873
0.0057837204
0.005559864
0.00548326
0.0055011623
0.0054409266
0.0055662575
0.0054405667
0.005447118
0.0053824713
0.005285977
0.0056411983
0.005384279
0.0055391323
0.0056571066
0.005358619
0.0053745583
0.0055651315
0.0052721165
0.0054967306
0.0055027357
0.0050699464
0.00529463
0.0051131896
0.0051854523
0.00504569
0.0049627814
0.005020897
0.004974415
0.0048163827
0.005167244
0.005082978
0.004967549
0.005123718
0.0047488883
0.0056449845
0.0058701686
0.005438549
0.005169829
0.0053536077
0.0052084173
0.005130684
0.005075676
0.0050140875
0.0048438716
0.00529529
0.00495276
0.005222764
0.005170257
0.004715925
0.004651222
0.004940242
0.004783277
0.0050815004
0.0050294953
0.004620671
0.004596101
0.0045903414
0.004464585
0.005064316
0.004857009
0.0045896606
0.004556239
0.0044990904
0.004341969
0.0049722963
0.0049787373
0.004373292
0.004385915
0.00444077
0.004343119
0.004541972
0.0043784957
0.0047020167
0.0045973486
0.0043334155
0.00435621
0.0044284314
0.004237805
0.0046113506
0.004652578
0.0042780186
0.00446168
0.0042639044
0.00426127
0.004282269
0.004148023
0.0042106453
0.0041757193
0.004151479
0.0040730266
0.00423179
0.004055497
0.0045358236
0.004383764
0.004128692
0.003960831
0.0043943333
0.0043411828
0.003977807
0.004440439
