0.28837833
0.049123663
0.06834581
0.043729287
0.023060232
0.029280981
0.028237155
0.023373293
0.023596557
0.025113195
0.024038503
0.02178138
0.02401643
0.02621506
0.024425363
0.021603981
0.023326673
0.025581779
0.024615565
0.02252329
0.021993985
0.021714734
0.02166179
0.022171542
0.021206042
0.02045803
0.020630412
0.0207322
0.020263897
0.021183208
0.020880513
0.020539971
0.020578573
0.02058823
0.020294469
0.020578947
0.020396648
0.019933792
0.019822324
0.02008599
0.01986717
0.01964769
0.019571744
0.01939699
0.019324364
0.019053956
0.019150218
0.01866219
0.018920578
0.018676206
0.018725425
0.018540343
0.01776859
0.017506445
0.017713105
0.01735163
0.017903944
0.017510151
0.01681229
0.016697666
0.016429165
0.016036527
0.015505499
0.015430342
0.014830321
0.016001416
0.01616831
0.014614229
0.015061453
0.015229377
0.014719064
0.013965185
0.013897575
0.014168025
0.013357416
0.013534998
0.013942408
0.013121805
0.013088492
0.013426674
0.012783617
0.012726528
0.012873407
0.0122940345
0.012650344
0.01292521
0.012233481
0.012203711
0.012473148
0.012077554
0.011793181
0.011954236
0.011615793
0.011882325
0.011877503
0.012082528
0.011357422
0.011943408
0.012161975
0.011313085
0.0112684
0.011204845
0.011205527
0.0108331805
0.010829787
0.010888912
0.010487694
0.0113981245
0.011719513
0.010945338
0.010940204
0.010708603
0.011131992
0.010782298
0.010169505
0.010241498
0.0102983415
0.009985879
0.010577862
0.010742598
0.01000004
0.010423102
0.010728307
0.010447935
0.010294857
0.009888911
0.010411274
0.010653518
0.009856175
0.010044293
0.010101773
0.009796794
0.010001571
0.009525634
0.009680322
0.009414523
0.009349176
0.009578531
0.009345007
0.009877403
0.009823038
0.009506597
0.009440635
0.009210861
0.009503791
0.009153837
0.009269834
0.009110578
0.00924998
0.009043998
0.009025187
0.008860635
0.009190801
0.009240926
0.008801862
0.009018246
0.00870749
0.00935315
0.009205666
0.008886766
0.009104182
0.008724795
0.008760872
0.008819451
0.008567941
0.008943111
0.00908006
0.008501395
0.008842658
0.009134726
0.009014661
0.00858293
0.008500916
0.008565995
0.008555668
0.008413127
0.008451047
0.008419719
0.008651738
0.008468974
0.0082933
0.008365062
0.008280168
0.008134837
0.008354959
0.008360525
0.0081494935
0.008049508
0.008311321
0.008210778
0.008166916
0.008070213
0.008068514
0.0080022765
0.008161776
0.008109401
0.007885496
0.007840901
0.008130209
0.0080476785
0.0077989227
0.0077488436
0.007998922
0.007929996
0.0077278856
0.0076785325
0.007823833
0.007742056
0.0077097714
0.00763238
0.00768059
0.0076094917
0.0076114167
0.007536439
0.007552751
0.0074680313
0.007538347
0.007457839
0.007419584
0.0073076687
0.007496782
0.00740415
0.0072549856
0.007141693
0.007423666
0.007335875
0.007078975
0.0069736387
0.007314676
0.007137342
0.007053837
0.006941315
0.0069709104
0.0067886426
0.0070745293
0.006945412
0.006695787
0.0065735797
0.0067317374
0.006509353
0.0067134933
0.006661452
0.006298031
0.0064089955
0.006129864
0.0061260797
0.0067894845
0.0061060456
0.007409185
0.007134449
0.006068421
0.0065912046
0.006151412
0.0060881707
0.0060545634
0.005951432
0.005901909
0.0060115624
0.005442191
0.005944999
0.0054925173
0.006109047
0.0060495366
0.0053210296
0.005340919
0.0053444207
0.0050338726
0.0059288214
0.0057855346
0.00501483
0.005178727
0.005086521
0.0051671285
0.005141761
0.0051690345
0.0050380602
0.005205113
0.0049314504
0.0048708483
0.0048314403
0.004642241
0.0048143603
0.004631859
0.0052372254
0.0054122866
0.0049368367
0.004849724
0.004617437
0.004936933
0.0045827883
0.0045036203
0.004545487
0.004338629
0.00441106
0.004353211
0.00438896
0.0044452497
0.0042211423
0.004404311
0.0040364065
0.004125703
0.004005371
0.0039759264
0.0039021457
0.0040769503
0.00405803
0.0041021407
0.0040692496
0.004036943
0.0038937796
0.0040268674
0.003868045
0.0039308164
0.0038609237
0.0040844474
0.004081845
0.0037029318
0.0041714297
0.004049878
0.003885561
0.0039504906
0.0036400787
0.0037043567
0.0036151826
0.0035698228
0.0037286982
0.0038455066
0.0036040486
0.003725363
0.0035660677
0.0035015352
0.0038324392
0.0034688453
0.0040914007
0.0040324926
0.004130457
0.0035194259
0.0045386753
0.004468083
0.003816638
0.0037362343
0.0037207948
0.003548797
0.0038802822
0.0037201839
0.003601225
0.003427444
0.0040562665
0.0041711456
0.0032498494
0.0039581247
0.0036982878
0.003790601
0.0037281942
0.0035318935
0.0036262597
0.0034093906
0.0035058039
0.0033113733
0.003349105
0.0031799178
0.003407813
0.0032543812
0.003645258
0.0035660292
0.0031849325
0.0033076827
0.0031479616
0.003132319
0.003097251
0.0030981237
0.003339784
0.0031884387
0.0034917612
0.0036768669
0.0029231815
0.003578021
0.0032228082
0.0034677973
0.0032666593
0.0032679404
0.0033677698
0.0031550676
0.0031882655
0.0029796453
0.0031270373
0.0028843905
0.0032179013
0.0031250801
0.0029349579
0.0028949615
0.002996565
0.0028159982
0.0031158477
0.0029815827
0.003196507
0.0032999974
0.0027669638
0.003328902
0.0031223912
0.0029150955
0.003183106
0.0028956383
0.0028875975
0.0029671553
0.0029240816
0.0028266658
0.0027172037
0.0028612607
0.0028968304
0.0028108794
0.0028041147
0.0029927632
0.0027352779
0.00308017
0.0032012619
0.0026443733
0.0032218152
0.0027562045
0.003501611
0.0038356658
0.0028972682
0.0031929172
0.0033802718
0.002779671
0.0033294633
0.0037062734
0.002796609
0.0034489904
0.0046065818
0.0035417334
0.0026818004
0.0031365
0.0027195404
0.0034593137
0.0039412645
0.0030940846
0.0030204554
0.0030610643
0.0029242653
0.0030684092
0.0031391259
0.0026511273
0.0028064593
0.0027646497
0.0027036096
0.0027208664
0.0025152222
0.0030197243
0.0029534276
0.0025890798
0.0026069907
0.0025162667
0.0025136005
0.0023870033
0.0028492522
0.002881024
0.002480121
0.003002857
0.0031336288
0.0026043206
0.0025375842
0.0028264255
0.0024079902
0.003052636
0.0034672115
0.0032097797
0.0024426673
0.0034628718
0.0041177166
0.003407431
0.0028646316
0.002803294
0.00366173
0.0038567998
0.0028312888
0.0033144273
0.0038916972
0.003711817
