0.28877664
0.044306222
0.05539194
0.047499042
0.024500832
0.029524555
0.032743994
0.024633026
0.022516625
0.024528867
0.022857666
0.021855274
0.022152876
0.022321915
0.021166796
0.021622797
0.022124087
0.021202764
0.021321973
0.021640554
0.021664226
0.021257147
0.020784944
0.02149639
0.021265775
0.020930732
0.020945698
0.02094881
0.021018991
0.020624394
0.021653479
0.021924322
0.021005265
0.02136408
0.021416701
0.021015689
0.021058822
0.021215737
0.020816714
0.020778865
0.020919463
0.020620966
0.020694433
0.02059898
0.020835921
0.020721175
0.020586811
0.020729696
0.020531168
0.020701101
0.020761235
0.020490713
0.020575533
0.020521784
0.020450687
0.020421311
0.020341983
0.02037534
0.020146606
0.020344367
0.02011394
0.020016216
0.019647833
0.019092133
0.019574901
0.019406611
0.018559916
0.019252926
0.018862551
0.018591896
0.01873788
0.018401658
0.018393373
0.01818384
0.018069124
0.017974362
0.0179588
0.017874928
0.017794527
0.017638445
0.01765952
0.01755208
0.017444182
0.017375542
0.01731696
0.017191423
0.017365204
0.017291592
0.016975028
0.016937522
0.016941996
0.016793117
0.017213916
0.017248379
0.016655574
0.017470118
0.018149365
0.017218294
0.016643561
0.01691925
0.01676801
0.0167182
0.017149309
0.016828148
0.016705858
0.01727529
0.017286194
0.016570566
0.016701763
0.016878737
0.01666612
0.016211795
0.016590087
0.01683597
0.01616901
0.016519638
0.017409077
0.017214837
0.017238878
0.01704178
0.016035274
0.016215889
0.01669205
0.016139843
0.015951157
0.016245745
0.016069883
0.016189536
0.0164082
0.016107515
0.016075714
0.016142191
0.01571356
0.015866958
0.01602948
0.015425299
0.015776344
0.016312389
0.015692243
0.015331273
0.01560099
0.015362478
0.015472528
0.015854752
0.015488173
0.015351611
0.01586798
0.015621404
0.015225116
0.01556386
0.015551347
0.015105303
0.015408087
0.015432919
0.014897064
0.015318419
0.01504192
0.014833833
0.014743514
0.0149601735
0.014919463
0.014832866
0.01500059
0.01481941
0.014720437
0.014760747
0.014803636
0.014752931
0.014809802
0.014759347
0.014570169
0.014519979
0.014443845
0.0145832645
0.014500427
0.014368887
0.014356256
0.014284223
0.014343151
0.014187969
0.014675379
0.014570725
0.014167789
0.01425108
0.014134475
0.0141229555
0.014141701
0.014051194
0.014368287
0.014352746
0.013963267
0.014119055
0.013885305
0.014261711
0.014227605
0.013823536
0.013995886
0.013849222
0.014160328
0.014232992
0.013775221
0.013947363
0.013871302
0.014057864
0.014069541
0.013830699
0.013860464
0.013667616
0.013820153
0.013551008
0.014162965
0.014002061
0.013830661
0.013816643
0.013731138
0.013784085
0.013630201
0.01344397
0.013503904
0.013432641
0.0133557925
0.013511107
0.013554295
0.013285001
0.013293043
0.013292414
0.013161386
0.013207525
0.0131369755
0.013129418
0.013108842
0.012928061
0.013030394
0.0128227575
0.013088736
0.013028339
0.012920864
0.012705012
0.012743853
0.012695264
0.01259319
0.01282354
0.012934173
0.012568533
0.01246456
0.01247771
0.012316705
0.012313402
0.012247093
0.012162328
0.012169473
0.012114532
0.011858839
0.012460436
0.012143843
0.012000973
0.011997142
0.011757788
0.011776333
0.011484012
0.011714675
0.011487442
0.011894628
0.01187142
0.011251368
0.011164877
0.01139512
0.011173013
0.01155387
0.011527958
0.011199032
0.011769201
0.011537991
0.011111037
0.011125603
0.011114073
0.011001535
0.010884897
0.011226137
0.010864298
0.011523339
0.011472904
0.011124772
0.011493658
0.011068759
0.010970168
0.010982063
0.010886458
0.010900424
0.010599908
0.010580315
0.010694078
0.010661654
0.010503945
0.010602731
0.01020136
0.010333833
0.0101564955
0.010272515
0.010122757
0.010394306
0.010226889
0.010527766
0.010583232
0.010213797
0.010093532
0.010195324
0.010063467
0.010030556
0.010000095
0.009997082
0.009878845
0.009978723
0.00968602
0.009914982
0.009965411
0.0095067425
0.009972253
0.009831465
0.009557406
0.009818494
0.0096208835
0.009412911
0.009525343
0.009435635
0.009235472
0.009149682
0.008921082
0.00972416
0.009464253
0.009659945
0.009200501
0.00963414
0.009850533
0.0085120285
0.008747689
0.008593741
0.008735991
0.008765755
0.008552105
0.008677243
0.008567546
0.00860656
0.008197954
0.008310951
0.008269341
0.008222128
0.0100177415
0.009863014
0.009008193
0.008445084
0.00871583
0.008303147
0.009098999
0.008876012
0.009686095
0.009968177
0.008427786
0.009099421
0.009090287
0.008440995
0.008470309
0.008422986
0.008203755
0.0083489055
0.008004834
0.008338395
0.008245885
0.007827961
0.007749108
0.0078392625
0.0077044046
0.007688941
0.0074709975
0.0077378876
0.007828526
0.007542666
0.007559138
0.0073662326
0.007652993
0.0074974834
0.007219918
0.007842756
0.007639753
0.0074538775
0.007340182
0.0071634366
0.0075591174
0.0075034625
0.0076360838
0.006932158
0.007914632
0.007512552
0.008486115
0.008083601
0.0076763765
0.007333523
0.007045811
0.007290703
0.0073604607
0.006970417
0.007436166
0.0073152096
0.007462839
0.007163094
0.00763477
0.0074562407
0.007225964
0.007052232
0.007464347
0.007139943
0.0070618414
0.00698539
0.00702136
0.0067533404
0.008256654
0.008048896
0.0064792125
0.0066743507
0.006660978
0.006443069
0.006660395
0.0067146593
0.0066051893
0.006523626
0.0064833662
0.0070051313
0.006299349
0.006504427
0.00678709
0.006273588
0.006909788
0.0077556507
0.006554092
0.008818831
