0.28852132
0.128419
0.06014796
0.029295249
0.037894856
0.031401496
0.02200512
0.022529801
0.022511909
0.021698663
0.023082951
0.022829404
0.022073308
0.02177721
0.022267783
0.02150318
0.021516137
0.02152341
0.020807361
0.020932565
0.021038609
0.021137288
0.020827556
0.020877616
0.021269634
0.020751938
0.022221973
0.022271162
0.021367194
0.02113749
0.021661913
0.02092602
0.022213494
0.022694016
0.021133402
0.021780485
0.022079548
0.02162466
0.02127026
0.021351097
0.021361927
0.021153897
0.02103956
0.021017686
0.020951033
0.020750193
0.020765403
0.020709068
0.020699812
0.020814942
0.020754782
0.02065705
0.0209955
0.020646304
0.02178874
0.022211634
0.020840487
0.021851024
0.022890968
0.02175658
0.02103115
0.021430448
0.021230543
0.021230677
0.021053704
0.020836107
0.02098453
0.02062613
0.021342441
0.021545827
0.020635614
0.021824596
0.023044333
0.021828407
0.020611893
0.021411195
0.021691374
0.020772642
0.02099845
0.02146005
0.021078631
0.02062172
0.02086009
0.021002876
0.020773178
0.020496167
0.0206396
0.020584993
0.020396499
0.020679297
0.02066592
0.02040023
0.020678798
0.020755807
0.02078122
0.020380143
0.021005308
0.021381715
0.020592736
0.0209869
0.020832041
0.020518664
0.020606158
0.020173555
0.020221047
0.020270733
0.020116786
0.020194799
0.020186545
0.0200094
0.020250408
0.020415755
0.020071968
0.01989355
0.020187499
0.020031668
0.019881902
0.01966162
0.01966419
0.019543879
0.019413004
0.019193107
0.019212658
0.018998377
0.018663762
0.020530697
0.018786414
0.019166509
0.019245483
0.018949432
0.01859719
0.019073442
0.018760106
0.018316412
0.018356835
0.01830721
0.018130673
0.018377118
0.018091498
0.01824888
0.018212048
0.017732354
0.017606085
0.017789064
0.017618347
0.01718452
0.017129252
0.016980344
0.017492883
0.016884515
0.016673991
0.016419796
0.016454019
0.01603292
0.016178431
0.015844896
0.016433083
0.01677527
0.015687376
0.016238153
0.01666353
0.01638936
0.016149757
0.015808117
0.015492801
0.015365846
0.015330095
0.014979179
0.015063611
0.014785218
0.014878188
0.014727425
0.015009507
0.015127345
0.014600702
0.014861401
0.014356476
0.014683257
0.01438624
0.014274344
0.014253933
0.014049781
0.014121498
0.013789006
0.01373966
0.013798592
0.013652649
0.013492671
0.013753864
0.01347025
0.013640041
0.013487466
0.013339729
0.013095565
0.013367978
0.013131735
0.013007511
0.012903013
0.012635362
0.012461686
0.012749888
0.012521192
0.012263137
0.012018472
0.012157059
0.011828729
0.0121530825
0.0119569525
0.011472964
0.011523101
0.011154392
0.01192043
0.011563732
0.011052449
0.010897029
0.010716495
0.01035804
0.011212704
0.010840676
0.010752518
0.010397331
0.010534118
0.010415757
0.010110046
0.009967011
0.010234819
0.009815509
0.01050058
0.010465606
0.010128698
0.009748507
0.010048549
0.009556573
0.010311712
0.010449092
0.00932161
0.009497174
0.009211418
0.009499299
0.009309118
0.009454402
0.009665181
0.008906953
0.0095807845
0.010069543
0.009281287
0.0092096515
0.009452078
0.00918977
0.008815195
0.008979238
0.008840997
0.009153405
0.008714657
0.00897343
0.009058203
0.008826661
0.008515827
0.008723289
0.008368948
0.008632892
0.008611103
0.008256305
0.008377348
0.008269553
0.008167993
0.008010165
0.008138534
0.008073389
0.008025886
0.007974372
0.008029245
0.0079123555
0.007921889
0.007859888
0.008109146
0.007774906
0.0081839785
0.008072411
0.0077896086
0.008039326
0.007876199
0.0076894634
0.0076235253
0.0075523555
0.008328995
0.007878593
0.008271224
0.008027519
0.008141805
0.008119784
0.0077880793
0.007715454
0.007825278
0.0077729304
0.0077457377
0.0076243416
0.008042263
0.007765556
0.007813721
0.007887155
0.0075231674
0.007386058
0.007503468
0.007290263
0.007681442
0.007328052
0.007831729
0.00795387
0.0072525493
0.007728323
0.007625299
0.0073797125
0.0077256174
0.007505314
0.0073544867
0.007403878
0.0072352574
0.0071388073
0.007083111
0.007167991
0.006983325
0.007590074
0.0073521608
0.0071676825
0.007230971
0.006987846
0.0071443315
0.006945809
0.0072471574
0.007315524
0.0070927828
0.007048845
0.007088615
0.006945281
0.006917888
0.007178822
0.0068655876
0.007226074
0.0072218142
0.0072453134
0.0068059764
0.007415322
0.007392768
0.0070288256
0.006875463
0.006933031
0.006866113
0.0067259655
0.006854847
0.0066984836
0.007240946
0.0070198886
0.0069304756
0.006781412
0.007072903
0.0068117366
0.0069813407
0.0070358273
0.0066060624
0.0065830685
0.0066144452
0.0064893155
0.0067111305
0.006565314
0.0065724994
0.006512966
0.0065370635
0.006351476
0.006468644
0.006268143
0.0066539817
0.0064431396
0.00645264
0.0063634156
0.006461469
0.0062926114
0.0062628556
0.0064159757
0.0062873154
0.0063966773
0.00636466
0.0062849163
0.0062407516
0.006267456
0.006083475
0.0061486675
0.0060779513
0.006059211
0.0060801306
0.0059984154
0.006168109
0.006128531
0.005936096
0.0065341517
0.0061009987
0.006697675
0.0066798255
0.0061777313
0.0062381476
0.006272716
0.006113473
0.006166395
0.006045399
0.0059480076
0.0061404146
0.0059354114
0.006313164
0.0064573945
0.0061284956
0.005869347
0.006356185
0.0059277792
0.0068271817
0.007024405
0.006077153
0.006380987
0.006227819
0.0062724226
0.006273631
0.005955307
0.005950091
0.005902791
0.005720174
0.0059023113
0.005695507
0.0058733267
0.005860885
0.0056849183
0.0057292157
0.0057446733
0.0055703633
0.0057132817
0.0055843466
0.0057899896
0.0057246275
0.0057554734
0.005644009
0.00560941
0.005606724
0.00545984
0.005738556
0.005468665
0.005451195
0.0055238903
0.0054832115
0.005397193
0.0054978174
0.005341979
0.0055818413
0.0054029115
0.0056750164
0.005585956
0.00549829
0.0056743845
0.005672471
0.0053130346
0.0056724623
0.0052741016
0.0062669106
0.006569493
0.005699542
0.0055593387
0.006122234
0.0060356534
0.005454354
0.005426619
0.0055324435
0.0054318793
0.0052709137
0.0055639856
0.005260337
0.00594694
0.006084908
0.0058563645
0.0055382126
0.0056169587
0.005750585
0.005392128
0.0054212078
0.0054940437
0.0052767987
0.00553844
0.0053776926
0.005788818
0.0054267733
0.0055403034
0.005590391
0.005365917
0.0054147034
0.005476704
0.005464192
0.0051976587
0.005195183
0.0051609077
0.005050482
0.0055326507
0.0053908923
0.0053088325
0.0051325
0.005386951
0.0052665635
0.0053025917
0.0052862535
0.0051358757
0.0052668634
0.005022839
0.0050200312
0.0051258407
0.0049138027
0.0055131665
0.0055238553
0.0050756806
0.0051181335
0.0050482247
0.005055249
0.0050756284
0.004943457
0.0049835923
0.004908617
0.004859544
0.004984546
0.004940503
0.005222919
0.005156866
0.004994791
0.0050509186
0.0048897318
0.005118343
0.0050936993
0.00505943
0.0049860626
0.0051103435
0.0050025834
0.0049926364
0.004909431
0.005091922
0.005046457
0.0049970713
0.0048645944
0.005086689
0.00495338
0.0050823595
0.005046963
0.004879482
0.004874164
0.004802594
0.004816739
0.0048032305
0.004678566
0.005209744
0.004979146
0.0048778295
0.004924606
0.0047760173
0.004761338
0.0047055725
0.0046244278
0.0048693796
0.0046486314
0.0051953997
0.005251976
0.0046209
0.0052008866
0.0049638287
0.004874088
0.005077298
0.004645703
0.0048932186
0.0047119427
0.005018609
