0.28862342
0.04512256
0.07884271
0.062593214
0.025662413
0.0368984
0.04335105
0.03196932
0.024023354
0.02574487
0.028300287
0.026627168
0.023852035
0.023098474
0.02394857
0.024771312
0.022897964
0.02187719
0.022448272
0.02179589
0.022163866
0.022545151
0.021732857
0.022105971
0.022541566
0.021921577
0.021687584
0.02197659
0.021825463
0.021424286
0.021922568
0.021842996
0.021280726
0.022241706
0.022354277
0.021423431
0.021424336
0.021661459
0.021435095
0.021090703
0.021113051
0.02106897
0.02080398
0.020856852
0.02077679
0.020359075
0.020466564
0.020134812
0.019478017
0.019146835
0.018679908
0.018303134
0.01780369
0.017822655
0.017411059
0.017530888
0.017273853
0.017378772
0.017017502
0.01691465
0.016708484
0.016369462
0.01611575
0.016028373
0.015920421
0.015614088
0.015575136
0.01525107
0.01601579
0.015422769
0.0150649985
0.01483811
0.015031231
0.014810622
0.014899167
0.014614187
0.014694261
0.014376008
0.014402397
0.014530733
0.014133488
0.014170696
0.014345993
0.014197064
0.013988957
0.0139478175
0.013810252
0.013720438
0.013791067
0.013649162
0.013607484
0.013747238
0.013662529
0.013365659
0.013359881
0.013397175
0.013165849
0.013098626
0.012898593
0.013103951
0.01307898
0.012738783
0.012691647
0.012622495
0.012595263
0.0125121325
0.012260499
0.0120372875
0.012192492
0.012053124
0.012079691
0.012003027
0.011667922
0.012208079
0.012003305
0.012333195
0.011563122
0.012762523
0.012217795
0.011848025
0.01187319
0.01154739
0.011308142
0.012336505
0.012357519
0.011104807
0.011553321
0.011355738
0.010933049
0.011525233
0.011396855
0.0111661
0.010885212
0.011428925
0.011251762
0.010985489
0.01090308
0.011138792
0.010900472
0.010873809
0.010780542
0.010771259
0.010545527
0.0110863745
0.011069309
0.010348522
0.010459677
0.010443218
0.010331679
0.010377224
0.010251268
0.0102055585
0.010332763
0.0101213455
0.0103002945
0.010099883
0.010289621
0.010040116
0.010430138
0.010253057
0.010079217
0.010029181
0.010013167
0.009881724
0.009922818
0.009701776
0.009996471
0.009763427
0.009919293
0.009677589
0.009891108
0.009809576
0.009586837
0.009534079
0.00963366
0.00952465
0.009590208
0.009513248
0.00942844
0.00945832
0.009275425
0.009184577
0.009439941
0.009301605
0.009259032
0.009263687
0.009058654
0.008961882
0.009124875
0.008984889
0.008929112
0.008794078
0.00902974
0.008852751
0.008826423
0.008737314
0.008731921
0.00855546
0.0086889975
0.008562137
0.0084972745
0.008479572
0.0083525255
0.0086021805
0.00837901
0.008822977
0.008726892
0.008494437
0.008504152
0.0082774265
0.008252432
0.008667275
0.008385241
0.00835459
0.008309358
0.008172963
0.008198057
0.008061663
0.007921065
0.008672702
0.008486851
0.008322102
0.008139494
0.008299578
0.008027322
0.008421372
0.008180649
0.008624497
0.008458803
0.008309351
0.008123706
0.00803661
0.00784102
0.008056673
0.0077601145
0.008279993
0.007960206
0.008164608
0.008072843
0.008009732
0.007869131
0.008086388
0.008158721
0.007656643
0.0078013632
0.0076712626
0.007683266
0.0076449714
0.0076812804
0.007500624
0.007979945
0.007866874
0.007827303
0.007773245
0.0075805946
0.0075070783
0.0077092485
0.007531352
0.007850698
0.007675869
0.0076022856
0.00748515
0.007693298
0.007640738
0.0075340904
0.0075478307
0.007403929
0.007399851
0.0073731462
0.007405235
0.0074085235
0.007321143
0.007449332
0.0073864586
0.007341655
0.007300304
0.007301985
0.0072084167
0.007308548
0.0070684925
0.007200113
0.0070522022
0.007475566
0.0073742927
0.00722093
0.0071798563
0.00706341
0.007439245
0.007252215
0.0072135874
0.0072139963
0.00713619
0.007098665
0.0069743185
0.007064726
0.0069248104
0.0072746896
0.007268317
0.006848825
0.0071380646
0.006889626
0.0071714744
0.0071513453
0.0068183597
0.007002177
0.0070692725
0.006655593
0.0070992857
0.0066625797
0.0074620307
0.0076190657
0.006731387
0.0069268164
0.0070499447
0.006623646
0.0070937276
0.0072817863
0.0068635964
0.006717609
0.0073567615
0.0068031256
0.006996475
0.0074362326
0.006759344
0.0066309124
0.007235074
0.006829756
0.006713241
0.0068018213
0.0065297936
0.0065556853
0.006658453
0.006274207
0.0075425915
0.00743767
0.006461999
0.0068241227
0.006525733
0.0066380054
0.00645338
0.0064657647
0.0063680415
0.0064557567
0.0063406876
0.0063363574
0.006371122
0.00621791
0.00651967
0.0063384897
0.006442825
0.0065967278
0.006168738
0.0061915466
0.006233474
0.0060313363
0.0061951056
0.0062663467
0.0059299865
0.0062229168
0.005972443
0.0064520934
0.0065446594
0.006023001
0.006867394
0.006429052
0.0068098106
0.0069718356
0.0064446256
0.0063338703
0.0066457964
0.0064828843
0.0061102198
0.0060575255
0.006224215
0.005854336
0.0066156504
0.00656286
