0.28827623
0.052932408
0.058505002
0.0376305
0.028718896
0.026288107
0.024781264
0.02533578
0.02378214
0.022570143
0.02354307
0.023214996
0.021894522
0.022947311
0.023358464
0.021915073
0.02239609
0.02308639
0.022027994
0.021778487
0.02214524
0.021544883
0.02181452
0.022108203
0.02145758
0.021548914
0.021861875
0.021399796
0.021108322
0.02129084
0.02100108
0.021216782
0.021227365
0.021086624
0.020827768
0.021073982
0.02074475
0.021753475
0.021997822
0.020919299
0.02144012
0.022219213
0.021523466
0.02081185
0.021308845
0.021460613
0.020926187
0.021027884
0.021170715
0.021047601
0.020914823
0.020770846
0.020952305
0.02081194
0.0207445
0.020797268
0.02066868
0.020675575
0.020665707
0.02057557
0.020540142
0.020652385
0.020562157
0.020594742
0.020548744
0.020495841
0.020421917
0.020320022
0.02025148
0.02001231
0.02005857
0.019806134
0.019675264
0.01949518
0.01933582
0.019129096
0.019002235
0.018906021
0.018533848
0.018331176
0.019058278
0.02067791
0.020912692
0.019016013
0.020270562
0.02190649
0.02086626
0.018536909
0.018965023
0.020349504
0.019477036
0.019412914
0.018349476
0.018037034
0.018293422
0.018410273
0.01839582
0.018510293
0.018336691
0.017824704
0.01755669
0.017486608
0.017675696
0.01755894
0.017597953
0.017604237
0.017506082
0.017313482
0.017564932
0.017559273
0.017205061
0.017190374
0.017312659
0.017156186
0.017186856
0.017218763
0.017075097
0.016953917
0.017282803
0.017264804
0.016888067
0.016858704
0.017020313
0.01690645
0.016888488
0.016870134
0.016883334
0.016752372
0.01691031
0.016872657
0.016697826
0.016644735
0.01691744
0.016816989
0.016573556
0.01653625
0.016790813
0.016685156
0.016515031
0.016469942
0.016619394
0.016498402
0.016530378
0.016523207
0.016345598
0.01628208
0.016522741
0.016441101
0.016401812
0.016195893
0.016592922
0.01660588
0.016357617
0.01622729
0.016230011
0.016348949
0.016037105
0.016465424
0.016576402
0.016548896
0.016321342
0.016324945
0.01636262
0.015982188
0.016158145
0.016195515
0.016264046
0.015900342
0.016244663
0.016453115
0.016140962
0.01610247
0.015737647
0.016365895
0.016833408
0.01608401
0.016343657
0.01624954
0.015651964
0.016342923
0.016714698
0.015828386
0.016372034
0.017100006
0.016080573
0.015415027
0.015656827
0.015314777
0.016327757
0.017296726
0.015849601
0.015763126
0.016203903
0.015592509
0.015848441
0.016124014
0.015398446
0.015392647
0.015836308
0.0152392015
0.015167926
0.015460193
0.015132985
0.0156207755
0.015857993
0.014945093
0.01565817
0.016308947
0.015315738
0.014970203
0.015185469
0.014544134
0.015053312
0.0155415125
0.014623218
0.014804625
0.01540644
0.014598387
0.014335928
0.014688365
0.014085571
0.014198317
0.01454322
0.013672967
0.014478945
0.01502337
0.013774793
0.01347063
0.013787791
0.012864859
0.014201735
0.014786604
0.013652526
0.013007875
0.012870385
0.013017845
0.012603563
0.012474731
0.012510235
0.01222045
0.012158565
0.011731714
0.011849132
0.0119354315
0.011457953
0.011435692
0.011403519
0.0113380505
0.011221152
0.011558478
0.011251248
0.010979869
0.01137448
0.011175863
0.010748939
0.010703091
0.011120762
0.011047974
0.010811682
0.010655952
0.010442667
0.010131389
0.010667276
0.010898476
0.010677536
0.010254553
0.010246749
0.009939695
0.010175719
0.009988618
0.010544583
0.010314051
0.009638601
0.009631519
0.009591277
0.009826436
0.009384922
0.010197117
0.01008452
0.0100294165
0.010095791
0.009922729
0.009891317
0.009533306
0.009828496
0.009510469
0.009313736
0.009612199
0.009329405
0.009093139
0.00902632
0.009161108
0.009042547
0.009261249
0.009366286
0.008806963
0.009154935
0.008708759
0.009652532
0.009413823
0.00907731
0.009814967
0.00926944
0.009209838
0.009368819
0.009213166
0.008789974
0.0089455005
0.008649816
0.009255768
0.009444783
0.008840714
0.008905857
0.009185545
0.009300043
0.009165157
0.008866865
0.008389978
0.009248071
0.00902363
0.008384871
0.008708918
0.008757771
0.0084369285
0.0085776355
0.008630362
0.008122862
0.008074798
0.00864484
0.008408143
0.008600035
0.00861142
0.008212461
0.007958771
0.0084250355
0.008144331
0.008415128
0.008694239
0.00828074
0.007984805
0.008284991
0.008077897
0.008039134
0.008078373
0.00807513
0.007847273
0.008216734
0.008022808
0.007744418
0.007679974
0.007856512
0.007872256
0.007801436
0.007684104
0.007552386
0.007483259
0.0077636144
0.0076331683
0.007538028
0.0074828845
0.0074539217
0.0073526367
0.0075789504
0.0074044243
0.0074220896
0.0073170266
0.007350744
0.007276105
0.0073550125
0.007248311
0.007212778
0.00715379
0.0072743557
0.007107315
0.0072160815
0.007154412
0.006979262
0.0069086193
0.007136179
0.007064722
0.00683679
0.0067673954
0.0070907343
0.006961633
0.006803991
0.0067842356
0.006785694
0.0066874796
0.006859613
0.0068039857
0.0066444445
0.006575907
0.0067641567
0.0066062994
0.0065996363
0.0065080724
0.006562346
0.006380255
0.0066946037
0.0065212697
0.00650123
0.006291887
0.0065237456
0.0063024224
0.006509204
0.0063950885
0.006283454
0.0062393458
0.0063128956
0.0061238836
0.006272661
0.006161837
0.0061017163
0.005973242
0.006244996
0.006184342
0.0059067155
0.005939623
0.005961375
0.0058634025
0.0062655187
0.006027896
0.0062019653
0.0062945113
0.0057643894
0.0063935495
0.005902331
0.006740345
0.006889256
0.006873192
0.006519535
0.006215965
0.0074655707
0.007329237
0.0062616654
0.0062875976
0.0063542738
0.00580132
0.00648636
0.006027555
0.006766146
0.006404975
0.006905474
0.0063156225
0.0060550147
0.006013784
0.006080586
0.00592505
0.0061584725
0.0063894615
0.006027023
0.0058996067
0.005667634
0.0057352805
0.0054894253
0.005759695
0.0053493045
0.0054789484
0.0052446537
0.005528822
0.005406419
0.0057648425
0.0057210936
0.005363241
0.0057805213
0.005331253
0.0057382355
0.0057593524
0.005261184
0.00590821
0.0055473633
0.0051739165
0.0052799624
0.005314695
0.005118285
0.0052735005
0.0050380956
0.0050637373
0.005066428
0.0050893766
0.0047460697
0.0049716556
0.004883696
0.0048023756
0.0050933044
0.004805217
0.0053465203
0.005231638
0.005415046
0.0053367675
0.0053314106
0.0053351135
0.0051641096
0.005029703
0.005005947
0.004994893
0.0047928975
0.0046179704
0.0050670197
0.005001961
0.00505268
0.004902899
0.0047574216
0.0050435686
0.0048403055
0.0048075826
0.004842695
0.0047091316
0.004617318
0.0049154535
0.005011178
0.0048121745
0.0049677137
0.004644836
0.0047909548
0.005037393
0.0044897753
0.0053527527
0.005178031
0.0052858503
0.0054770517
0.005125278
0.004916746
0.0046618697
0.004629094
0.004665067
0.0045102327
0.005091313
0.0047627874
0.005141342
0.0052004997
0.0042720847
0.004502163
0.004749516
0.004443278
0.005452843
0.005912501
0.0050910283
0.005308106
0.005523555
0.00519771
0.004781852
0.0051077665
0.004830072
0.0050911154
0.004952947
0.005596241
0.005721692
0.0045537385
0.00580029
0.0062233075
0.0054621417
0.0058292034
