0.28935874
0.087644346
0.052657943
0.028946778
0.035473216
0.02852044
0.02530813
0.027840154
0.026067173
0.022158204
0.026376478
0.026806049
0.022545243
0.024812793
0.027982885
0.02485249
0.02156066
0.023949971
0.025287883
0.023157299
0.021251747
0.02191378
0.022608334
0.021257935
0.020536883
0.021035962
0.02093643
0.020156493
0.020636803
0.021136174
0.020526074
0.020047268
0.02098924
0.020803282
0.020740928
0.020254722
0.019966904
0.020077238
0.020051427
0.019758334
0.019839598
0.019740302
0.01994527
0.019802151
0.019368242
0.019431079
0.019311627
0.019249441
0.019055517
0.018942744
0.018926768
0.018715387
0.018512495
0.018566422
0.018226834
0.018064877
0.017943667
0.017532332
0.017229643
0.017497472
0.017030524
0.017007222
0.017120905
0.01676943
0.01736214
0.016410029
0.018959196
0.020614132
0.017337235
0.017711414
0.019048423
0.01662732
0.017328225
0.018792478
0.016581865
0.016596349
0.017497418
0.01594515
0.0165307
0.01759383
0.015882576
0.01607357
0.016862238
0.015682707
0.016057516
0.017011845
0.015661687
0.015545561
0.016096829
0.015110013
0.015989076
0.01696813
0.015413166
0.0151609555
0.015690334
0.014747009
0.015622348
0.0164683
0.014908363
0.014921811
0.01558734
0.014552114
0.014923726
0.015909722
0.014575095
0.014337995
0.014876393
0.013947171
0.014841241
0.015809046
0.01425393
0.013898674
0.014344301
0.013434857
0.0144668445
0.015293666
0.013614126
0.01370852
0.014545535
0.013366453
0.013351929
0.013935369
0.01285543
0.0135055045
0.014256607
0.012979977
0.012788296
0.013354394
0.01236501
0.013031882
0.013732287
0.012468297
0.012447573
0.013072729
0.012207803
0.012342975
0.0129027525
0.011793432
0.012536131
0.013014086
0.0121879205
0.011997663
0.012293994
0.011948917
0.011583122
0.012080114
0.012282806
0.01149745
0.011578654
0.011705227
0.011442845
0.011291797
0.0115976585
0.011541965
0.011008207
0.011192485
0.011098009
0.010984591
0.01108097
0.0107257115
0.011319826
0.011473681
0.010980479
0.010982875
0.011428953
0.010855861
0.01078081
0.011269995
0.010986552
0.010487082
0.010712072
0.010610203
0.010441788
0.01056996
0.010454488
0.0103098145
0.010290387
0.010244655
0.010260865
0.010075982
0.011362256
0.01149327
0.010587268
0.01074601
0.010718767
0.010774543
0.010532816
0.010152631
0.010211474
0.010267332
0.009785191
0.009784575
0.009896032
0.009701381
0.0101581765
0.010165322
0.009940487
0.009836712
0.009914544
0.009605122
0.009872516
0.009541628
0.009824845
0.009666764
0.009533203
0.009576035
0.009614673
0.0095150275
0.009342852
0.00914866
0.009241547
0.008952976
0.009643865
0.009682281
0.009065286
0.009020677
0.00943837
0.008906294
0.009285
0.009424499
0.008821495
0.008908381
0.008839774
0.008822252
0.00862323
0.008956688
0.009009116
0.008660854
0.008644346
0.008900312
0.0085073365
0.008807055
0.00862131
0.008703782
0.00838197
0.008745611
0.0087568825
0.008379695
0.008398761
0.0083191255
0.008289422
0.008275642
0.008033064
0.008555799
0.008390545
0.00805584
0.0078929635
0.008506569
0.008379515
0.0078925
0.007950368
0.007965471
0.007894829
0.0077984943
0.007721598
0.007791324
0.00760432
0.008014418
0.0077947625
0.0077302246
0.0075088055
0.007971185
0.00775872
0.0076236115
0.007575651
0.0076411166
0.0075474866
0.0075200424
0.0074155927
0.0074319784
0.007272952
0.0075519406
0.0074323765
0.0072367755
0.00708472
0.0076300767
0.007400584
0.007193163
0.0070321504
0.0073473207
0.0071442984
0.007353451
0.007456684
0.0068668523
0.007097224
0.006803666
0.0067438725
0.00695391
0.0067021213
0.006977054
0.00672833
0.0073969266
0.007445728
0.0069631115
0.0069826543
0.0067759976
0.006748608
0.0067081316
0.0065602367
0.0065857186
0.0064173513
0.007080896
0.0069067576
0.0067464276
0.00682253
0.006436343
0.0063675605
0.006653478
0.0063135163
0.006665423
0.0065499935
0.006230518
0.0061043114
0.006440976
0.006110785
0.0066812
0.006669885
0.0060523353
0.0063064955
0.005930194
0.006113226
0.005889457
0.005934888
0.005870834
0.005730389
0.0060400143
0.0057630464
0.006433722
0.006347602
0.0059259455
0.0060742144
0.005629823
0.0060837627
0.005786272
0.005893865
0.005776796
0.0058836243
0.0055039837
0.0062350235
0.0062128934
0.0059067137
0.005913099
0.005431697
0.0062936977
0.0055909976
0.007213306
0.008107942
0.0060603246
0.0064927354
0.0070210337
0.0065763965
0.006516466
0.0056663007
0.0067797857
0.0076987837
0.006203919
0.0060818666
0.006996606
0.006098956
0.005623162
0.0059858277
0.0058847913
0.0053875973
0.006242612
0.0062298644
0.0054499186
0.0055289776
0.0057975203
0.0053192093
0.0055133714
0.0055503096
0.0054671154
0.0054561957
0.005697636
0.0052829846
0.0057619414
0.0057725217
0.0051899627
0.005417773
0.005421517
0.005078547
0.0052438923
0.005214749
0.0049558226
0.0048715672
0.0053352434
0.0050614793
0.005244971
0.0051176916
0.0050221425
0.0050089457
0.005100986
0.004939781
0.0050085373
0.0049255076
0.004727356
0.0046103843
0.0050766156
0.0050381636
0.0045556533
0.0044402094
0.0050186124
0.004800779
0.004818426
0.004908586
0.004713284
0.0045740753
0.004858506
0.0045337444
0.004842756
0.0048843725
0.004574766
0.0046785297
0.0044771396
0.004564372
0.004342847
0.0048832926
0.004249455
0.0052548
0.0051284535
0.004644599
0.0047686757
0.004519814
0.0045809606
0.004262213
0.0044049914
0.0043319073
0.004148068
0.0042333617
0.004166494
0.0043535535
0.0039980323
0.004229951
0.0041932557
0.0043194266
0.004229898
0.0040787235
0.0042073335
0.0040787193
0.004091916
0.004029252
0.004298305
0.0040232283
0.0044753277
0.0041849166
0.0043452964
0.004583965
0.0040794164
0.004102479
0.0040600565
0.004065062
0.00389417
0.0038697869
0.003831799
