0.28848046
0.04303215
0.058546748
0.0516312
0.02679324
0.027725404
0.031016422
0.024094386
0.024100333
0.025787113
0.024360416
0.022959268
0.022369757
0.02261733
0.02285268
0.021286258
0.022115096
0.022777269
0.021659384
0.02106601
0.021490743
0.02094172
0.021457968
0.021817656
0.021107199
0.021309266
0.021767378
0.021353072
0.02092582
0.021336945
0.021241063
0.020822613
0.02173529
0.021624714
0.021105831
0.020879498
0.021437412
0.021247104
0.021018913
0.02102472
0.021120802
0.021046802
0.020725088
0.020777024
0.020689273
0.020591946
0.02058335
0.020424336
0.020390851
0.02017006
0.020379262
0.020050593
0.019999094
0.019783739
0.01936292
0.019067168
0.019148039
0.018882023
0.018464094
0.018275933
0.018234758
0.017948395
0.018123562
0.018008972
0.01752571
0.017651942
0.017435476
0.017470837
0.017619291
0.017409535
0.017465645
0.017400425
0.017230345
0.017192077
0.017409205
0.017248314
0.017677702
0.017563842
0.01718524
0.017330265
0.0170362
0.01722279
0.017105933
0.017096836
0.01701981
0.016967876
0.016978094
0.01694169
0.01692375
0.016830139
0.016860707
0.016762154
0.016712088
0.016925683
0.016932502
0.016897963
0.016789747
0.017258564
0.017352251
0.016798953
0.017036142
0.017236147
0.016588144
0.017863685
0.018803958
0.017711697
0.016843759
0.01717658
0.017043747
0.01706548
0.017644944
0.017246718
0.017362773
0.017636506
0.016999636
0.016978193
0.017254436
0.016794672
0.016818253
0.017028337
0.016607186
0.016821617
0.01699964
0.016565284
0.016783936
0.016942507
0.016535023
0.016749157
0.016861556
0.016473236
0.016805505
0.01695734
0.01657326
0.01656883
0.016593093
0.016411398
0.016640807
0.016423626
0.01670611
0.016821066
0.016706737
0.016399905
0.017176276
0.017503094
0.016572095
0.01709528
0.017593907
0.017050156
0.017000617
0.01686473
0.01672358
0.016680412
0.016422933
0.016882462
0.017418837
0.017078906
0.016449926
0.016664939
0.016773216
0.016526299
0.016465964
0.016567435
0.016500097
0.016381163
0.01657107
0.016614465
0.016690768
0.01654388
0.016446723
0.016450698
0.016352464
0.0162886
0.016532311
0.016387375
0.016427316
0.016503977
0.016218543
0.016126392
0.016488085
0.016330378
0.01626595
0.016255083
0.016160712
0.016100833
0.016375445
0.016328817
0.016099976
0.01606498
0.016201962
0.016155215
0.016105669
0.016064977
0.016166642
0.016087612
0.016093459
0.016053976
0.016056329
0.016015582
0.016031748
0.01599582
0.015987812
0.01592752
0.016034374
0.015994942
0.015904173
0.015846489
0.01603161
0.015969304
0.015850557
0.01581631
0.015941009
0.015905466
0.015773075
0.015740655
0.0158751
0.015810905
0.015752664
0.015689531
0.015820634
0.015783323
0.015639067
0.015610702
0.015785716
0.01567512
0.015617429
0.015649254
0.015572131
0.015488468
0.015993522
0.015929544
0.015526411
0.016529713
0.016859861
0.015501555
0.017750733
0.019722216
0.018930165
0.017535357
0.0163026
0.016740648
0.017100157
0.016326228
0.016122866
0.016192758
0.015793702
0.016075896
0.016225787
0.015752915
0.015768738
0.015669009
0.015640857
0.01574096
0.015571934
0.015742669
0.015504438
0.015385851
0.015573524
0.015320227
0.015509819
0.01580508
0.015514028
0.01524699
0.015568233
0.015095319
0.015811667
0.016393485
0.015683055
0.015468158
0.016722454
0.016649766
0.015466608
0.015241307
0.015681343
0.015588815
0.015021403
0.015106837
0.015352887
0.0148531
0.014910827
0.015102643
0.014800116
0.014680001
0.014853184
0.014681779
0.014519745
0.0144244125
0.01435449
0.014242571
0.0144449435
0.014535807
0.014096841
0.01426759
0.014223072
0.013978586
0.01380651
0.013890069
0.013896485
0.013660159
0.013898638
0.013730598
0.014099318
0.013719805
0.014202252
0.014251736
0.013449873
0.013711966
0.013264663
0.013617898
0.013484363
0.013071124
0.013030889
0.013052155
0.012916704
0.013186614
0.013272072
0.012778509
0.012777187
0.012730479
0.012560099
0.012874521
0.012641137
0.012463883
0.012239314
0.012342237
0.012174209
0.012285642
0.012133825
0.011766185
0.011960085
0.011536814
0.011550263
0.01151218
0.0113697015
0.011211668
0.011348146
0.010986935
0.010785659
0.010785072
0.010680827
0.010677363
0.010775432
0.010342042
0.010451763
0.010359816
0.010204911
0.01052051
0.010572474
0.010230861
0.01035013
0.0099155335
0.00988048
0.010020606
0.009467095
0.010181631
0.010253902
0.009746415
0.009377432
0.00950651
0.009265151
0.009694501
0.009754162
0.009324204
0.009665581
0.009891809
0.009387483
0.009506665
0.009586007
0.010101891
0.009762845
0.009308071
0.0094819935
0.009381386
0.009292189
0.008907831
0.008763786
0.0087815495
0.008633212
0.008705643
0.008549965
0.0090281535
0.008643109
0.00859312
0.008579665
0.008570239
0.008555248
0.008234648
0.008390315
0.00825473
0.0080824355
0.008418737
0.008080055
0.008455145
0.008145086
0.008048509
0.007895078
0.008062925
0.0076620863
0.008308441
0.008631301
0.00852185
0.008014719
0.007639961
0.0077668107
0.0074336473
0.00832666
0.008726068
0.008059629
0.007997307
0.007938302
0.007881132
0.008024748
0.007555635
0.007378804
0.0076347436
0.0075748996
0.0074086017
0.00733012
0.0072311475
0.007542286
0.0070778243
0.007686052
0.007881082
0.007101068
0.0074990033
0.007833805
0.0073865443
0.0075856014
0.007263642
0.007302633
0.006955795
0.0072199367
0.006958974
0.0070448425
0.00686988
0.0073677935
0.0071244724
0.006782384
0.006753623
0.006805379
0.0066357055
0.0070674866
0.0069019007
0.0070033087
0.0070059015
0.006613835
0.0065690367
0.006606197
0.0065690074
0.0067069624
0.0066170976
0.0066585527
0.006816823
0.006520351
0.006748885
0.0063390345
0.0070776884
0.0068407785
0.00697555
0.0068823467
0.0065747113
0.0068365093
0.0065571256
0.0064986288
0.0063017276
0.006402618
0.0063742264
0.006662658
0.006682443
