0.2877656
0.052804004
0.065567076
0.03858133
0.024595937
0.025839433
0.023720877
0.023664644
0.022677436
0.022881903
0.02214943
0.021505998
0.021912107
0.021166855
0.021455953
0.02142524
0.02074825
0.021348832
0.021151433
0.020661235
0.021007746
0.020692712
0.020884855
0.020885834
0.020571167
0.020622646
0.020666596
0.020657968
0.020494735
0.02047815
0.020532826
0.020503635
0.02041434
0.020462308
0.020392746
0.020633548
0.02043671
0.02085047
0.020834329
0.02058832
0.020563023
0.020556567
0.020408226
0.020320835
0.020673044
0.020544635
0.020480366
0.020539252
0.020455115
0.020364303
0.020303072
0.020481946
0.020347916
0.020493967
0.020469928
0.020418128
0.020296035
0.020550853
0.020306211
0.0206193
0.02060908
0.020147447
0.020209223
0.020152451
0.020098537
0.019991519
0.020321866
0.020098543
0.020221628
0.020189151
0.019858854
0.019839657
0.019754222
0.019639758
0.01953904
0.019523475
0.019172417
0.019450843
0.019116214
0.019036932
0.018911198
0.018667944
0.018493978
0.018432522
0.018156618
0.018442936
0.018075908
0.018075524
0.018240318
0.017904257
0.017806163
0.017905824
0.017717667
0.01798545
0.017866224
0.018099621
0.018039644
0.018362762
0.018304957
0.01768496
0.018217137
0.01869496
0.018181255
0.018084161
0.017955273
0.017327825
0.017716423
0.017606528
0.01724304
0.017586948
0.017244535
0.017626686
0.017732913
0.017150244
0.01735091
0.01739987
0.016945671
0.01709219
0.016894149
0.01701185
0.017081812
0.016737295
0.017266529
0.017281918
0.016847642
0.016867176
0.01681258
0.016499067
0.016691195
0.016391143
0.01724247
0.017479638
0.016506039
0.017164618
0.017595476
0.016784996
0.016816447
0.016716203
0.016582612
0.01657159
0.015980998
0.016855324
0.017260516
0.016135415
0.016584227
0.017402062
0.016376225
0.015990786
0.016329383
0.01584274
0.01585585
0.015963921
0.015499192
0.015572633
0.015486546
0.01529375
0.01522027
0.01506488
0.01491883
0.01473849
0.014605529
0.014515594
0.014249772
0.014323653
0.014093404
0.0138585195
0.013728947
0.01363938
0.013504167
0.013317987
0.013174296
0.012948054
0.0128997415
0.012553022
0.012483346
0.012362176
0.012421389
0.011962563
0.013848509
0.013899674
0.013009821
0.012832788
0.012436789
0.012449925
0.011808634
0.012338138
0.0128697455
0.011682062
0.012769054
0.013518005
0.012328535
0.012123541
0.012535538
0.011671998
0.012110412
0.012502603
0.011217964
0.012405284
0.013963093
0.012476462
0.011448299
0.011806376
0.0112983035
0.011393947
0.011719021
0.010860735
0.01175562
0.012599749
0.011406648
0.010953019
0.011471499
0.010876496
0.011164852
0.011483039
0.010665168
0.010981712
0.01119459
0.010467804
0.011228914
0.011757135
0.010723506
0.010628167
0.011172262
0.010500562
0.010407875
0.0106728
0.010102714
0.010767828
0.010967433
0.010095211
0.010658485
0.011023674
0.010388329
0.01007725
0.010307994
0.009979288
0.01012079
0.010215829
0.00966994
0.010182247
0.010520808
0.009909373
0.0099238595
0.010204766
0.0100643225
0.00971979
0.009637122
0.0096884305
0.009565084
0.009650693
0.009616226
0.009807118
0.009669188
0.0096104955
0.009364576
0.009441967
0.009249103
0.009315573
0.009070489
0.009299512
0.009191033
0.009085261
0.009070258
0.008955754
0.008961438
0.008884217
0.008801683
0.008700842
0.009090106
0.008965601
0.008704199
0.008972778
0.008783825
0.008759963
0.008925826
0.008512099
0.008898147
0.008710188
0.008773055
0.008660991
0.008673207
0.008443822
0.008814953
0.008926317
0.0086689545
0.008513622
0.0088056745
0.008871174
0.008469428
0.008393879
0.008827095
0.008657418
0.008542023
0.008373513
0.008490699
0.008351679
0.008027482
0.008153599
0.008311068
0.008110192
0.008091629
0.008016175
0.008118338
0.008098
0.008105308
0.007948772
0.008159025
0.008002924
0.00790898
0.007949029
0.007883746
0.007832277
0.0078122616
0.007897391
0.0077353846
0.00759544
0.007638411
0.00786928
0.0075644082
0.0077161393
0.0077577955
0.0075633735
0.0079169115
0.008048485
0.007981826
0.007934437
0.009618346
0.008378564
0.0078104935
0.008439809
0.008441925
0.007648232
0.00789012
0.008669355
0.008212964
0.008055504
0.007814072
0.008290981
0.00906445
0.00899069
0.00808954
0.0074617877
0.008450539
0.008045575
0.0076232944
0.0075957575
0.00791442
0.0075516836
0.007822395
0.008070334
0.008048984
0.007602526
0.0074744546
0.0074660867
0.007938705
0.007938304
0.0072740186
0.0075495453
0.007658083
0.0075772773
0.0074188462
0.0073218695
0.007252596
0.007138629
0.0073162126
0.0072709867
0.0073875207
0.007299228
0.0071803895
0.00707857
0.0071652844
0.006878274
0.0074671977
0.007154168
0.0072800945
0.00723698
0.0070765526
0.007046684
0.007048197
0.0072784573
0.006990345
0.006912531
0.0070384615
0.0070684217
0.007366358
0.00729892
0.007269678
0.0070996755
0.006888093
0.006709881
0.0068788608
0.0067320396
0.00696109
0.006949891
0.0068234764
0.0067132763
0.007091326
0.006918501
0.0067221797
0.006660201
0.006808944
0.006776672
0.0066494844
0.006664893
0.0066035627
0.006526254
0.006687075
0.006626015
0.0066393535
0.0065690097
0.006357294
0.0063257846
0.00677235
0.006677054
0.0063778833
0.0066684033
0.006310033
0.0066284123
0.0063162358
0.006837985
0.0068984083
0.0061461455
0.0063870586
0.0064096176
0.0065844464
0.006216301
0.0066869613
0.006454494
0.0066792
0.006802611
0.0063435584
0.0066322596
0.0066467687
0.006635537
0.0069174543
0.0062795654
0.0063849576
0.006527398
0.0060616
0.006786268
0.006953673
0.0065366435
0.006617781
0.006931485
0.006421693
0.0063161827
0.0062441286
0.0062391623
0.0060984506
0.0063106897
0.0059639025
0.0060767415
0.0063164723
0.006068623
0.0063155834
0.0061432607
0.0066183633
0.0066001737
0.006026125
0.006132038
0.006146742
0.00606479
0.006064097
0.005850984
0.006298257
0.0063142143
0.005976682
0.0061167516
0.00597759
0.006031815
0.005709196
0.0060184994
0.0061167977
0.0058064237
0.005931445
0.005915892
0.0057563446
0.005801491
0.0056029144
0.005785482
0.005666151
0.005674319
0.0057798163
0.005680853
0.0060165785
0.0057647186
0.0058266944
0.0059245345
0.005516889
0.0058929995
0.005962252
0.0058396943
0.005931469
0.006186379
0.005977499
0.00557471
0.0061096847
0.006145326
0.0059315916
0.0055642356
0.005734349
0.005817024
0.005586526
0.005394976
0.0058973357
0.0056116446
0.005537849
0.005525563
0.0054758713
0.0054508448
0.005509222
0.00547122
0.005215557
0.005729558
0.005555587
0.0057483297
0.0057543404
0.0053466894
0.0053234617
0.005461117
0.0051990314
0.005836587
0.005855072
0.005097604
0.005252313
0.0053502084
0.005168275
0.0053726058
0.005171139
0.0054371315
0.0053992127
0.00513622
0.005163248
0.0052748937
0.005202224
0.0052029765
0.0051527848
0.005107754
0.0052353214
0.00519744
0.005103422
0.0049393335
0.005175667
0.0049211327
0.005231621
0.0051992894
0.005489414
0.005157907
0.0050058938
0.0055554896
0.0052212584
0.006038696
0.0057984083
0.0050994307
0.0049721673
0.005268156
0.005354002
0.0052078525
0.0055229254
0.0051301476
0.0056194235
0.005449355
0.0052662864
0.0054579214
0.005285976
0.005084618
0.0058288784
0.0059749135
0.005811181
0.005216492
0.0052520353
0.00498781
0.0052926973
0.005426195
0.0050495937
0.0051519773
0.0051799724
0.005689164
0.0051506883
0.0047976505
0.004879317
