0.2889298
0.05029596
0.06604481
0.040115114
0.02301895
0.027668124
0.02471896
0.024880389
0.024790287
0.02303777
0.023135923
0.022788644
0.022557773
0.022204936
0.022049924
0.02194866
0.021476677
0.02163145
0.021333842
0.021231843
0.02118812
0.020975614
0.021064965
0.02096673
0.020658825
0.020943204
0.020819144
0.020434747
0.02082221
0.020419912
0.020342976
0.020529471
0.020068742
0.02081172
0.020716785
0.01961889
0.019820506
0.019600056
0.018887144
0.018618176
0.018154085
0.01835727
0.01809316
0.017400173
0.017570993
0.017133567
0.016492544
0.016010044
0.015544169
0.015818534
0.015049373
0.015292357
0.014503013
0.014903364
0.014864248
0.014258509
0.013865467
0.013778576
0.013559106
0.013180949
0.01319747
0.012976189
0.012771019
0.012503234
0.012911398
0.012404689
0.012540524
0.012507402
0.0118736
0.011800797
0.011839077
0.011581334
0.011909313
0.011871483
0.011245427
0.011230488
0.011136499
0.011093331
0.010902442
0.011108478
0.011037142
0.010613169
0.011087265
0.011037427
0.010531127
0.010550129
0.010416213
0.010270294
0.010253162
0.010050676
0.010074537
0.009881086
0.009930581
0.009983858
0.009699338
0.0097601665
0.009534451
0.009673107
0.009676796
0.0093464805
0.009651902
0.009606256
0.009288308
0.009220184
0.009352804
0.009042923
0.009543522
0.009545836
0.008967045
0.008967675
0.009043749
0.008769969
0.009059635
0.009053418
0.00893778
0.008706204
0.008881955
0.008743596
0.008637939
0.008704235
0.008599949
0.008653439
0.008524813
0.008534472
0.008506809
0.008437118
0.008316238
0.008216774
0.008365732
0.008174356
0.008246011
0.008088044
0.008184344
0.008140883
0.007997766
0.008172687
0.007828579
0.007789016
0.007816078
0.0077418922
0.007940732
0.007815275
0.0075511537
0.007478757
0.007513939
0.0074226595
0.007510116
0.0074446355
0.0072707497
0.007364241
0.007030312
0.007648155
0.0077466667
0.007146336
0.007509088
0.007254885
0.0070199496
0.0075429394
0.0072758966
0.007376066
0.007617135
0.007313911
0.0071249777
0.007076996
0.0068214424
0.007012268
0.0066803154
0.0074082115
0.007422482
0.006609688
0.007194761
0.0077187307
0.00698755
0.007149114
0.0076136957
0.0067187957
0.006918715
0.006818043
0.0067043393
0.00680129
0.006487885
0.0064246394
0.006414773
0.006671963
0.00665635
0.0066839326
0.006370489
0.0062130564
0.006037718
0.0058733015
0.0064925198
0.0064842743
0.006523812
0.006301155
0.0061976463
0.006178163
0.006136209
0.0058812145
0.0058246017
0.0058233105
0.0058450936
0.005511748
0.0060992227
0.0056214514
0.0061918614
0.00610324
0.0052751
0.0053762514
0.005466006
0.0053446623
0.005389607
0.005209021
0.0052870996
0.005129487
0.0052286736
0.005116645
0.005104693
0.004943272
0.0050281505
0.0047918973
0.0051787817
0.004978711
0.0048437086
0.0047394554
0.0048774043
0.0048000105
0.0045916713
0.0045450465
0.004669901
0.0045740344
0.004447092
0.0043412223
0.004529869
0.0044020596
0.004318386
0.0041790023
0.004363088
0.004181523
0.0042460538
0.004087004
0.004167089
0.0040047895
0.0041316007
0.003970068
0.004024441
0.0038946029
0.0039020262
0.0037476907
0.0039028774
0.0037382424
0.0038662243
0.0037177696
0.003716762
0.003530308
0.003890679
0.0036470636
0.003566441
0.003442406
0.0036328218
0.0034144877
0.0035732158
0.003429304
0.0034271472
0.0033106648
0.0034523206
0.003324208
0.0033695593
0.0032621988
0.0032655161
0.0031656288
0.0033662987
0.003317086
0.0030182784
0.0032527663
0.0030887679
0.0034509848
0.0033566551
0.0029338694
0.004485732
0.004316821
0.0035272054
0.0031856839
0.0039013226
0.0031773003
0.0046505434
0.0049390257
0.0042771935
0.0041191815
0.0036016994
0.0039780173
0.003726105
0.0035760186
0.003452663
0.0033883385
0.0030427116
0.0032275498
0.0031430312
0.003138154
0.0029572472
0.0029681642
0.0029678245
0.0028972058
0.0031707138
0.0030016256
0.0034909789
0.0031719748
0.0034624066
0.0033871178
0.0031415157
0.0031929743
0.0029634826
0.0033305592
0.0028394249
0.0038048134
0.003626857
0.0030633293
0.0031211975
0.0031627286
0.0027795492
0.00329962
0.00311343
0.0029251361
0.002872684
0.0026795582
0.0032493575
0.0030259562
0.0029785007
0.0028439916
0.003141437
0.0029040873
0.0030001178
0.0028885491
0.0028899824
0.0028091178
0.0027632515
0.0027192312
0.0027229376
0.002756513
0.002612342
0.0025599978
0.0029745165
0.0028385355
0.0028000975
0.0028410458
0.0026067365
0.0025505845
0.0027167003
0.002582533
0.0027132363
0.0025912586
0.002633815
0.002675456
0.0024802466
0.0026960552
0.002353278
0.002849228
0.0026088532
0.0027372558
0.0026713966
0.0027195492
0.0026322224
0.0025326952
0.002721358
0.0025377895
0.002587442
0.0024368234
0.002577612
0.0025331378
0.0023638
0.002781599
0.0025272267
0.0026621856
0.002588255
0.002521803
0.0024217379
0.0023954245
0.0024087317
0.002375221
0.0024826897
0.0024017312
0.0025122573
0.002448566
0.0023878682
0.002436281
0.0022214744
0.0026334354
0.0024736412
0.0022764716
0.0023703603
0.0022022666
0.002640521
0.0025861766
0.0024860897
0.002331713
0.0026892098
0.0023226647
0.0027768796
0.00271493
0.002386272
0.0023857597
0.0024918362
0.0023100274
0.0023888361
0.0022739852
0.002444994
0.0024532427
0.0023267907
0.0022676361
0.0024648008
0.002330153
0.0022777182
0.0022464779
0.0022176725
0.0021505703
0.0024323054
0.0022747794
0.0024099958
0.0023223024
0.0022949532
0.0021829177
0.0022923967
0.0022057926
0.0021459253
0.001996938
0.0025903145
0.0026276696
0.002159085
0.0025942242
0.002287205
0.00245896
0.00215972
0.0026513422
0.0024148703
0.0023333768
0.0023640573
0.002317576
0.0021762508
0.0023278513
0.0022506656
0.0021858774
0.0023033207
0.0020916406
0.0021702403
0.0019508457
0.0025599573
0.0025781393
0.002106606
0.0021060659
0.0023120649
0.0020562278
0.0023025363
0.0021957853
0.0022208404
0.001958344
0.0025256556
0.002212218
0.0022646107
0.0021815512
0.0021408028
0.0020140393
0.0023586792
0.0022947646
0.0019486375
0.0018657655
0.0024343259
0.0022612347
0.0019878817
0.0019091979
0.002353994
0.0022845212
0.002015711
0.002072509
0.002087565
0.0019963637
0.0021492138
0.0021804872
0.0018569118
0.0018609489
0.002134661
