0.29043105
0.091334276
0.053200316
0.03315342
0.03162607
0.028890962
0.025059566
0.027724607
0.026797866
0.022919675
0.025738144
0.027030623
0.023909213
0.022838784
0.023638425
0.022795387
0.022501536
0.022684023
0.022202278
0.023769118
0.023609601
0.022666758
0.022201555
0.023070127
0.022862041
0.021528363
0.021527799
0.021548197
0.021076009
0.021405557
0.021254817
0.021408802
0.020649487
0.020744346
0.02091529
0.020397564
0.020279376
0.020257408
0.020200172
0.02011122
0.019820588
0.019895365
0.019461887
0.020054972
0.01995554
0.019019665
0.01952169
0.019608462
0.018947896
0.01862756
0.01903713
0.018651748
0.018206859
0.018198175
0.018134512
0.018023433
0.018052254
0.017828325
0.017877026
0.017900608
0.017779196
0.017607113
0.017586814
0.017665088
0.017412186
0.018556437
0.018899346
0.017765163
0.018487139
0.01922714
0.018057335
0.017681941
0.018029267
0.017651975
0.017545851
0.017638478
0.017569238
0.01745813
0.01744427
0.017274039
0.017697355
0.017709192
0.017294878
0.017414888
0.017433701
0.017239625
0.017199118
0.017289886
0.017299902
0.017202463
0.017186318
0.017229887
0.017184883
0.017122412
0.017179688
0.0171228
0.017021121
0.017280648
0.017227305
0.017251885
0.017148936
0.01726093
0.017148823
0.017335368
0.017241865
0.016872616
0.016854066
0.01698116
0.0170614
0.017025908
0.01704431
0.016922371
0.016843546
0.016743211
0.01693143
0.01683352
0.01688944
0.016794125
0.01674621
0.016760593
0.0168327
0.016737182
0.016668381
0.016852468
0.016726157
0.016785262
0.016723959
0.016891362
0.01657812
0.017170452
0.017279698
0.01647173
0.016609842
0.016661022
0.016470611
0.016730959
0.016862966
0.016702982
0.016450008
0.016522022
0.016528089
0.016524816
0.016333546
0.0168445
0.017054224
0.016324645
0.016890772
0.017268626
0.017024465
0.016571328
0.016301868
0.01630787
0.016322104
0.016225556
0.016165523
0.016182289
0.016046187
0.016002418
0.015984157
0.015943775
0.01580065
0.015765471
0.015810067
0.015684143
0.015634649
0.015855866
0.01573155
0.015625851
0.015556063
0.015561022
0.015390803
0.015234838
0.015338466
0.015219901
0.015138579
0.015230574
0.015082308
0.015268615
0.015144655
0.015246775
0.015140605
0.015081854
0.014951472
0.014870316
0.014904049
0.014847714
0.014669609
0.0147070065
0.014622184
0.014550485
0.014513132
0.014477949
0.014352481
0.014537959
0.014388832
0.014136475
0.0140082715
0.014361379
0.014280322
0.013808154
0.013720901
0.014431939
0.014481152
0.013766788
0.013833631
0.01388292
0.013436896
0.01382228
0.013690143
0.013326094
0.013634242
0.013164473
0.013235626
0.013007179
0.013863213
0.013403546
0.013901363
0.014109068
0.013294119
0.013019967
0.013084968
0.013286017
0.012583707
0.013142954
0.012787229
0.013407233
0.013959098
0.012453313
0.0132871
0.013931718
0.013160138
0.012674883
0.012546296
0.012918964
0.012309772
0.012288851
0.012445579
0.012091659
0.012057801
0.01204661
0.0116475625
0.01196997
0.011934679
0.012225114
0.011850383
0.011764739
0.011769597
0.01151922
0.011339047
0.011215768
0.011070822
0.011162388
0.01083907
0.011458005
0.01102946
0.011272438
0.011065632
0.01105889
0.010836949
0.010698189
0.010632721
0.011234197
0.011114226
0.010420865
0.010409031
0.010613687
0.010643383
0.010045672
0.009899556
0.01076324
0.010457851
0.010284104
0.009965253
0.01009765
0.009847831
0.010178907
0.009954254
0.009839994
0.009667087
0.009643533
0.009598176
0.009769262
0.009795659
0.009329292
0.009385035
0.009407347
0.009188029
0.0093474
0.009188437
0.009169242
0.009128242
0.008902253
0.008756607
0.009064686
0.009070242
0.0085074855
0.008388922
0.008952654
0.008620425
0.008657589
0.0084549375
0.008594579
0.008324002
0.008365884
0.008446906
0.008161976
0.008289157
0.007983085
0.007993271
0.007872553
0.007846667
0.008249772
0.007902886
0.007768257
0.00754378
0.0075844303
0.007330332
0.007606288
0.0075099147
0.007480944
0.007600036
0.0069591217
0.007566165
0.007179459
0.0069912947
0.007154131
0.0067641605
0.007855934
0.007875139
0.0073618223
0.0069337413
0.007455802
0.006973795
0.00797965
0.008080362
0.0067457673
0.007022057
0.0071458984
0.00666499
0.006633105
0.0064303786
0.0065933974
0.006580791
0.006376388
0.0065723066
0.0061582015
0.0068786494
0.006373655
0.0070504933
0.007599859
0.0074933562
0.007196436
0.0063936305
0.0065318546
0.006382643
0.0061097443
0.0065102284
0.005810076
0.007402982
0.008174022
0.0065210187
0.006100018
0.0070582107
0.0063404017
0.0063253217
0.00618587
0.00586912
0.00608906
0.0059375954
0.0056999065
0.005817611
0.0056287325
0.005478351
0.0061569195
0.005800437
0.005758116
0.006019389
0.005581552
0.0053937198
0.0055783507
0.005068464
0.0059179515
0.0055460073
0.006265857
0.0062480345
0.0052400734
0.00550602
0.0054753018
0.005097589
0.0057350546
0.005564125
0.0051185796
0.005108168
0.0052533536
0.005195037
0.005116945
0.005237145
0.004902432
0.0051900684
0.004697287
0.0060678422
0.0058951513
0.0048663635
0.0052233157
0.00501118
0.0046923663
0.00471577
0.004682027
0.004631638
0.004608872
0.0048438082
0.0046515735
0.0046050865
0.0046277544
0.0044712033
0.0045593376
0.004340568
0.005041884
0.005348973
0.004626431
0.0044536716
0.004427874
0.004254732
0.0043261615
0.004913682
0.00446545
0.005841577
0.0064046285
0.0050990446
0.0058196955
0.0063329353
0.0052087517
0.005438458
0.005958943
0.005078521
0.004642645
0.0049287975
0.0044329152
0.004912691
0.0049887015
0.0046278276
0.0042666993
0.004593842
0.0046079904
0.004712762
0.0045289723
0.004571445
0.0042548883
0.004712528
0.004606188
0.0042417226
0.0042449385
0.004457655
0.0043215565
0.0041938066
0.0040881964
0.004259282
0.0042215446
0.004221634
0.004254225
0.00414706
0.003992165
0.0042674276
