0.2863665
0.054946225
0.063438766
0.036582176
0.023975996
0.02565384
0.02271851
0.023336956
0.022788003
0.021197299
0.021518802
0.02130729
0.0206793
0.02101437
0.021069832
0.020297458
0.021357032
0.021932056
0.020876715
0.020325672
0.020902732
0.02039905
0.020429531
0.020608762
0.020360231
0.020158095
0.020048333
0.020056127
0.020158669
0.019793645
0.020837953
0.021022888
0.019851737
0.02013664
0.02059814
0.019685932
0.019583419
0.019878011
0.019079933
0.019474814
0.019818544
0.019043183
0.018352546
0.019124521
0.018803956
0.017968973
0.018063614
0.018022256
0.017714107
0.017568192
0.0173375
0.017455451
0.017080287
0.017221218
0.0172404
0.016465621
0.01652182
0.016416745
0.016123809
0.016381616
0.016289884
0.015944289
0.015739774
0.015962608
0.01565539
0.015819421
0.015740665
0.015566359
0.015451133
0.015707431
0.015582759
0.0150569705
0.014963321
0.015038062
0.014784199
0.015147897
0.015077489
0.014568494
0.014438939
0.014493813
0.014192294
0.0145634385
0.014417703
0.014260788
0.014438317
0.01403685
0.013949636
0.014103574
0.013594414
0.0136266975
0.013673187
0.01333594
0.013491459
0.013399728
0.013134022
0.013234976
0.012836519
0.013276212
0.013315917
0.01284523
0.012896624
0.012753089
0.012694113
0.012774173
0.012520194
0.01257167
0.012425895
0.012404047
0.012551986
0.012343966
0.012084541
0.011972882
0.012595616
0.012565489
0.011861258
0.011939336
0.011898205
0.0116790645
0.011493404
0.012033415
0.011935942
0.01137773
0.011766513
0.011600934
0.011445291
0.011406993
0.011470489
0.011385679
0.011044874
0.011309757
0.010902653
0.012016866
0.011932413
0.011216213
0.011050356
0.011370905
0.010869756
0.011542685
0.011597968
0.011083295
0.010978564
0.010638823
0.010585616
0.010356203
0.01020275
0.010367966
0.010381699
0.010024535
0.010376418
0.009943109
0.010467752
0.0098669445
0.010208301
0.010368261
0.009291538
0.010842542
0.010826685
0.009467667
0.009961821
0.010190037
0.009565916
0.009408909
0.009183179
0.009463452
0.009690671
0.009086613
0.008712212
0.0088788085
0.008865535
0.008422241
0.008791885
0.008432887
0.008859941
0.008900712
0.008384789
0.008556665
0.008548246
0.0084452005
0.008377436
0.008031278
0.008586339
0.008438
0.008325696
0.008582043
0.008269054
0.008074306
0.008262714
0.008010459
0.0081420215
0.008057823
0.007983512
0.008044414
0.0076848767
0.008221596
0.008353571
0.0078997165
0.008150398
0.008043612
0.0076500475
0.00846229
0.008603212
0.008198827
0.007658428
0.008799748
0.008752634
0.008323393
0.008361896
0.0077597
0.007824202
0.00779314
0.007789916
0.00763854
0.007451862
0.007477199
0.007400293
0.0075222705
0.007348653
0.007448128
0.0073314966
0.0075229756
0.007358289
0.0074477345
0.007419756
0.007494627
0.007242209
0.007798048
0.007777348
0.0073396848
0.007864886
0.0077694007
0.0076046996
0.0076871924
0.0075632804
0.0074497187
0.007374706
0.007193599
0.0077592335
0.007321872
0.00755099
0.007510865
0.0071276254
0.0071114935
0.0074118953
0.0072923624
0.007037724
0.0069315624
0.007316629
0.007133095
0.0072331424
0.0071481764
0.006982802
0.006825981
0.00745702
0.007371219
0.0067752083
0.006752625
0.0071607716
0.00699717
0.00688164
0.0067902734
0.0070146895
0.006873863
0.0069102556
0.006810062
0.006865947
0.0067127994
0.006973371
0.0069062673
0.0066625215
0.006577749
0.0069913506
0.0069189756
0.006552342
0.006467676
0.007050835
0.006993176
0.0064077904
0.0063714483
0.006950079
0.006813685
0.006452456
0.0063808016
0.0067636357
0.0066667777
0.006410792
0.006360644
0.006576914
0.0064575407
0.0064952704
0.006388133
0.0064766495
0.006388279
0.006406348
0.0063285492
0.006370373
0.0062920996
0.006316753
0.00618248
0.0065049864
0.0063993842
0.006182354
0.006099159
0.0064485767
0.006329417
0.006118069
0.006019389
0.0064267865
0.006312071
0.006051764
0.0059859194
0.0063280985
0.0062642493
0.0059569664
0.0059559005
0.006264252
0.0059496067
0.0064537474
0.0064363554
0.0057934946
0.00625682
0.005827233
0.007255687
0.007420559
0.00590431
0.008215876
0.00956048
0.0075769015
0.0065023494
0.0070828088
0.0070504453
0.006324641
0.00671964
0.0068576164
0.0065001645
0.0061033578
0.006276673
0.0062393635
0.005739747
0.0059819086
0.0059887595
0.0057263174
0.0058723814
0.0060457643
0.0056369216
0.0058923815
0.0059163584
0.005973108
0.005889951
0.0056231148
0.0056082234
0.0057781334
0.00552471
0.005452679
0.00553596
0.0053497315
0.005298545
0.005373221
0.0056250063
0.0052731023
0.0061375126
0.006103882
0.005752968
0.0057584294
0.005601249
0.005456312
0.0054028328
0.005342228
0.0057425653
0.005532025
0.005387569
0.005403832
0.0051421
0.005051617
0.0055088582
0.0053878557
0.005075144
0.0050260443
0.005152992
0.0049755857
0.00523672
0.00509645
0.0051057194
0.00502264
0.0050230506
0.0049117445
0.0050649336
0.005015296
0.004925666
0.0048434422
0.004960833
0.0048459168
0.0049618757
0.004904851
0.004761688
0.004685474
0.0049392884
0.004839117
0.0047016884
0.0046302686
0.0048451885
0.0047672647
0.0047075483
0.0046535623
0.0046948534
0.0045930315
0.0047761663
0.004691699
0.0045724637
0.0045058
0.00470735
0.004593751
0.004619872
0.004586266
0.004488278
0.00452917
0.0044854744
0.004325986
0.0050061047
