0.2877554
0.06891041
0.06933993
0.041110057
0.021928621
0.021339493
0.028638847
0.026662707
0.023696974
0.022459432
0.025251217
0.023667945
0.021196758
0.022498973
0.021198662
0.023275716
0.02414336
0.021381116
0.022468552
0.023418369
0.022097096
0.021311611
0.021840641
0.02096594
0.021314124
0.021556646
0.020342736
0.020727718
0.021284573
0.01995249
0.020247215
0.021040678
0.019673793
0.019556312
0.019908933
0.018825151
0.019811079
0.020440225
0.019192338
0.018341461
0.01885984
0.018335119
0.018327879
0.017387515
0.018419772
0.018448656
0.017519644
0.016748564
0.016799934
0.016813138
0.016142236
0.016082132
0.016032279
0.015824236
0.015435193
0.016331924
0.015871413
0.015450929
0.015426914
0.015431161
0.015103512
0.015201486
0.015051931
0.015074815
0.0147877885
0.015307832
0.015213911
0.014950068
0.014748621
0.014609876
0.014560103
0.014621173
0.014243548
0.0150259705
0.0150348395
0.01414227
0.014189728
0.014197043
0.0140149025
0.014306459
0.0142278485
0.014508285
0.014163028
0.014008403
0.01399121
0.014108818
0.014047873
0.013692107
0.013517176
0.0143786995
0.014298268
0.013480536
0.013554066
0.01348995
0.013378548
0.013612845
0.013381559
0.0137632685
0.013862428
0.013219106
0.013438433
0.013309454
0.013167431
0.01331719
0.013079782
0.013004827
0.012948218
0.01282785
0.012766615
0.012949057
0.012680016
0.013252308
0.013402077
0.012870211
0.012798999
0.012932941
0.012637
0.012570515
0.012486893
0.012487739
0.012332529
0.012475061
0.012502194
0.012150258
0.012652037
0.012703374
0.012243242
0.012080018
0.012351818
0.01221113
0.011901339
0.011865631
0.012031474
0.011712186
0.01198633
0.012003173
0.011479996
0.011638259
0.011543401
0.011419569
0.011495724
0.011242487
0.011646006
0.011449461
0.011526067
0.011314702
0.011733308
0.011766615
0.011021213
0.0116336765
0.011677488
0.011490065
0.011413876
0.011004622
0.011113505
0.010885338
0.011158672
0.011230697
0.0111884065
0.0110613
0.01114582
0.011185366
0.010730945
0.011853996
0.01208906
0.010982625
0.011630952
0.012163085
0.011467341
0.011109851
0.0112579195
0.0112303905
0.010804123
0.0106272325
0.010915338
0.010890623
0.010757645
0.010874809
0.010933976
0.010833849
0.01053603
0.011151428
0.011216118
0.01065702
0.010544826
0.0107538095
0.010531917
0.011127599
0.011110778
0.01060766
0.010560726
0.010432431
0.010387312
0.010872707
0.010694538
0.01048259
0.010395494
0.010387891
0.01034272
0.010602941
0.010536508
0.010219127
0.010136735
0.010471384
0.010378365
0.010317174
0.010236959
0.010193698
0.010118588
0.01035241
0.01029105
0.010055434
0.010008842
0.010197125
0.010091243
0.010081294
0.010029512
0.0099934945
0.009911085
0.010122617
0.010055347
0.009836088
0.009760365
0.010105871
0.010025783
0.009739016
0.009680494
0.009968434
0.0098849395
0.009654231
0.009618589
0.009813182
0.009741119
0.0095509
0.009516778
0.009634556
0.009541585
0.00961184
0.009564274
0.009330842
0.0092315
0.009897838
0.009696887
0.009482048
0.009890708
0.009523712
0.0100482
0.010384032
0.00962622
0.009715685
0.009676657
0.009563729
0.009440758
0.009632117
0.009738164
0.009229607
0.009460744
0.009566315
0.009260553
0.0092648575
0.009035944
0.009284004
0.008958858
0.009643361
0.010163602
0.009158296
0.009628142
0.010169382
0.009245749
0.009570385
0.010408607
0.009332255
0.009252918
0.010119648
0.009480978
0.008680834
0.009526841
0.009263538
0.00863606
0.0090008285
0.008709069
0.008765225
0.008876958
0.008593011
0.008764635
0.008568112
0.008633562
0.008560956
0.008609671
0.0086693475
0.008386112
0.008481205
0.008406856
0.008284882
0.00826292
0.008214119
0.008119917
0.008174353
0.0081712995
0.007928807
0.008035894
0.007908852
0.007827781
0.007855169
0.0077770464
0.008056509
0.007780027
0.007807595
0.007726247
0.0076408028
0.0076857195
0.0075323638
0.007580507
0.0074018613
0.00799277
0.007816691
0.007552032
0.0075974273
0.0077003837
0.007599633
0.007681381
0.007364152
0.007476458
0.007510778
0.007277306
0.007229863
0.007276375
0.007078367
0.007247983
0.006899163
0.007060001
0.0068731382
0.0068029384
0.006940382
0.0066587464
0.0066974214
0.006578767
0.0065230075
0.00684393
0.00659156
0.00720958
0.007196929
0.006731365
0.006915964
0.0064633456
0.0065621436
0.0062669422
0.0063914717
0.006281326
0.0061953426
0.0062858514
0.0061848345
0.006264899
0.0061663934
0.006112382
0.006027334
0.0060610785
0.005899453
0.0059610344
0.005973883
0.0058239647
0.0059327767
0.005792673
0.0058635813
0.0057461173
0.005840894
0.005728544
0.005761601
0.005693725
0.0056504547
0.0054944553
0.0056669693
0.0054523535
0.0054755546
0.0057342034
0.0055407234
0.0053881085
0.0056518335
0.005246371
0.0062929913
0.0064525963
0.00557722
0.0058466867
0.005985135
0.006052386
0.005705001
0.0054240674
0.0052358783
0.0052770353
0.0053479564
0.005123938
0.0051572486
0.004994706
0.005525677
0.005541938
0.0056434493
0.0052732117
0.0054143243
0.0053434796
0.0053121434
0.005166246
0.0052648913
0.0051965257
0.0052057137
0.0049991603
0.005236032
0.005218176
0.0049651493
0.0049132295
0.0050822967
0.0049358686
0.00493339
0.0048702345
0.004925002
0.0047941557
0.004933988
0.0048388634
0.004787534
0.0047000195
0.0048763677
0.004765106
0.0047340076
0.004618583
0.0047058305
0.0046108156
0.0047157765
0.004634742
0.0046599037
0.0046021384
0.0045371777
0.004464946
0.004666397
0.004591406
0.004479606
0.004416754
0.004579565
0.004480711
0.0044187163
0.004347025
0.0044910065
0.00436339
0.0044178963
0.004328569
0.0043414333
0.004231397
0.0044424846
0.0043996833
0.0041933525
0.004123665
0.0043568267
0.004254648
0.004159668
0.0040626363
0.0043152445
0.004168235
0.004175314
0.0041991
0.0040399167
0.0039346335
0.0042702244
0.004122188
0.0040729907
0.0040424415
0.004070154
0.003940798
0.0040427367
0.0038127273
0.0041984715
0.004061425
0.003913293
0.0039006162
0.004002861
0.0039816555
0.0037796295
0.003641558
0.0039774682
0.0038993387
0.0039002337
0.0037443154
0.0039247735
0.003756784
0.0038727242
0.0037033756
0.003908834
0.003874489
0.0037028126
0.0037761945
0.0036220204
0.003709559
0.0041318634
0.00391579
0.003678783
0.00413635
0.003766379
0.0048029027
0.004743118
0.004470762
0.0041998
0.0044289315
0.0045876033
0.004081986
0.004020692
0.0043182387
0.0041314173
0.004277496
0.0045120036
0.0037676552
0.0037002806
0.0037221063
0.0035862157
0.004295679
0.0040839766
0.0037318382
0.003515676
0.0037324764
0.0035092738
0.003608239
0.0034658143
0.0038203255
0.0037469573
0.0033648761
0.0033824742
0.0035753055
0.003325985
0.0038447308
0.003706354
0.0033882589
0.0035567854
0.00332269
0.0035891489
0.0035597004
0.0031813036
0.0041390085
0.0037399363
0.004230253
0.0045278003
0.003637627
0.0036198106
0.0035397287
0.0034522088
0.00388783
0.0037279802
0.003638876
0.0034780547
0.0035580527
0.0033930258
0.0037177403
0.0036288463
0.0033773805
0.0031917822
0.0035824229
0.003375399
0.0034871812
0.0033176423
0.0034464176
0.0032238814
0.003503343
0.0034414355
0.0031580988
0.0030904796
0.0035000474
0.003338142
0.0032242641
0.0031931375
0.0032772624
0.0032011848
0.003210372
0.0031198587
0.003340099
0.003259924
0.003127991
0.0030793191
0.0032052798
0.0030935146
0.0031760011
0.0030846957
0.0031463515
0.0030917656
0.0031155918
0.003040959
