0.2900532
0.044758666
0.06987146
0.054309845
0.025517195
0.03452319
0.03687391
0.028442532
0.02378275
0.026567489
0.026420692
0.023667803
0.022823587
0.023259351
0.022716468
0.022546398
0.022704935
0.021912178
0.022587225
0.02270107
0.02129455
0.021902815
0.022900114
0.021513334
0.020211115
0.020676881
0.020441623
0.01969821
0.020178942
0.020116627
0.01949036
0.019144848
0.01926601
0.01922729
0.018867949
0.018476093
0.018974686
0.01877686
0.01805566
0.018299228
0.018074714
0.01783411
0.017740792
0.017700462
0.017552642
0.017400786
0.017317666
0.017267136
0.017173266
0.017218018
0.017028352
0.017129466
0.01700266
0.017058518
0.017016875
0.016728394
0.016827838
0.016757436
0.016584316
0.016640188
0.016454017
0.016684348
0.016673341
0.016282795
0.016513016
0.0164087
0.016112188
0.016440889
0.016466318
0.016049827
0.015783321
0.015956996
0.015547697
0.01577708
0.015714524
0.015276593
0.015805557
0.015948033
0.015623073
0.015132971
0.015277828
0.014986048
0.015201322
0.014987737
0.0149844205
0.01534059
0.015116257
0.014847902
0.014492034
0.014639449
0.0144882025
0.014385219
0.014185612
0.014247985
0.0141803445
0.013906464
0.013807256
0.013823028
0.01372898
0.013605468
0.0135917775
0.013503887
0.013358419
0.013422377
0.0132484585
0.0133055085
0.013268575
0.013186538
0.013290871
0.0131453425
0.012851053
0.012870456
0.012828183
0.012720275
0.012630803
0.012703318
0.012463346
0.012461986
0.012406591
0.012654726
0.012312494
0.012820892
0.0124558555
0.012520255
0.0123914955
0.012342255
0.01231381
0.012118782
0.012354624
0.011834901
0.012217604
0.0119995065
0.012207857
0.012149177
0.011717979
0.011664838
0.011887621
0.011823087
0.011851958
0.0118746115
0.011558123
0.011662426
0.011829167
0.011431798
0.011683668
0.011502112
0.012035356
0.011900466
0.011603835
0.011398667
0.011393774
0.011389919
0.011186236
0.011379379
0.011199514
0.01115444
0.011239742
0.011127246
0.010972922
0.011078433
0.010932003
0.010889868
0.010699687
0.010889288
0.011041234
0.010848644
0.011035229
0.010942456
0.011038866
0.010860716
0.01144594
0.011341199
0.010790897
0.010720924
0.010549538
0.011499415
0.010725285
0.011546095
0.011918023
0.011273541
0.010955232
0.010895005
0.0111567145
0.0112910755
0.010841808
0.010586194
0.010893002
0.010807938
0.010737903
0.010567646
0.010409343
0.010923694
0.01097218
0.01024932
0.010731968
0.010592729
0.010739601
0.010512927
0.010176081
0.010166347
0.010178597
0.010107257
0.00996838
0.01001648
0.009913207
0.0100890165
0.010210317
0.010047638
0.009923447
0.009934284
0.010036374
0.009763024
0.010186027
0.010490332
0.010340984
0.010111041
0.009930027
0.00982876
0.009650272
0.009598394
0.009675582
0.009562574
0.009811438
0.009608886
0.009726013
0.009640262
0.009316648
0.009274437
0.009691902
0.009539288
0.009506277
0.0095329955
0.009203303
0.00915851
0.009485565
0.009304933
0.009368216
0.009361555
0.009253074
0.009327897
0.009201173
0.009254185
0.009149141
0.009289786
0.009136506
0.009154473
0.009106815
0.009052511
0.009008036
0.00914374
0.009121378
0.0088910125
0.009008031
0.009050603
0.0088971155
0.009164921
0.008959065
0.009340484
0.009431074
0.008970023
0.009130404
0.0089533655
0.009343179
0.00937266
0.008850084
0.009353475
0.009439093
0.008872391
0.0093380185
0.009730922
0.009067584
0.009162401
0.0095043555
0.008955572
0.009224971
0.009185336
0.008798292
0.0090878075
0.008892065
0.008789209
0.0089844875
0.008674879
0.008845859
0.009058413
0.008764458
0.008716865
0.008819434
0.0086952485
0.008715785
0.00865168
0.008709793
0.008641067
0.008603706
0.008768421
0.008858895
0.008579985
0.0091647515
0.0091301175
0.009054142
0.009100864
0.008769697
0.008975557
0.008904087
0.008728094
0.008889915
0.008632129
0.008731798
0.008599489
0.008650855
0.0084243575
0.008751785
0.008533657
0.00852616
0.008455531
0.008531335
0.008459585
0.0086175725
0.008647102
0.008356157
0.008630358
0.008531511
0.008738986
0.008523225
0.008578
0.008841194
0.008510508
0.008636239
0.008654286
0.008702803
0.008444765
0.008604827
0.008587366
0.008796569
0.0085861
0.008812987
0.0086395545
0.0087207155
0.008511025
0.008791552
0.008787215
0.008622016
0.008622074
0.008564497
0.008393628
0.008582532
0.008559355
0.008532393
0.008442204
0.0085701905
0.008579221
0.008439048
0.008300997
0.008337993
0.00824283
0.0083004655
0.008401396
0.0082139885
0.008220703
0.008083963
0.008488435
0.008393851
0.0083059985
0.008243282
0.008177315
0.008140273
0.008192047
0.008095678
0.008411902
0.008505943
0.00810009
0.008308162
0.008147936
0.0083547
0.00841796
0.008114447
0.008533421
0.008471493
0.008147352
0.008365035
0.00835183
0.00810099
0.008378044
0.008368776
0.008037406
0.008206514
0.0081468895
0.008185177
0.008129387
0.007880888
0.008319494
0.008431528
0.00818342
0.008258172
0.008027253
0.008529897
0.0082281595
0.008256296
0.008282636
0.008292156
0.00833729
0.007861563
0.008328496
0.008249615
0.008070198
0.008273962
0.008187935
0.007963308
0.008122686
0.0081131505
0.007829373
0.007893059
0.008010945
0.008014839
0.007988856
0.00787672
0.0076454137
0.007707047
0.007740609
0.0077921194
0.0077411146
0.0075649084
0.0076838373
0.0075146765
0.008190844
0.008185391
0.007947154
0.007864285
0.0077028573
0.00802772
0.007914291
0.007624118
0.0076057347
0.0075015016
0.0073491414
0.007936083
0.0077412524
0.0076253912
0.007451885
0.007350366
0.007419636
0.0074859113
0.007314908
0.00741514
0.007391387
0.0073312637
0.007467029
0.007197419
0.007728884
