0.28935874
0.08934518
0.054951977
0.030282581
0.037088905
0.030432135
0.024606703
0.028047776
0.025318922
0.022533335
0.023317315
0.021970997
0.025227027
0.025453458
0.02222023
0.023384497
0.024719147
0.022893874
0.02157178
0.021987284
0.02139017
0.02161029
0.021687806
0.020827746
0.021795303
0.022533253
0.021332404
0.020346014
0.021371627
0.021798065
0.021401465
0.02025201
0.021757575
0.022368267
0.02194558
0.02187456
0.020306267
0.021037554
0.021843916
0.021601552
0.02135846
0.020761596
0.020258972
0.019899532
0.020685032
0.020445121
0.020003371
0.019773195
0.019733865
0.019731773
0.019983513
0.019743962
0.019412294
0.019273398
0.019347461
0.019170614
0.019302504
0.018931473
0.018939167
0.018749917
0.018193837
0.017871121
0.018242491
0.017975172
0.018148674
0.017768651
0.017422559
0.01705498
0.017093925
0.016986137
0.01674679
0.016703606
0.01619055
0.016875565
0.015874228
0.01821415
0.019110853
0.017030068
0.016633274
0.017411435
0.017421292
0.016742015
0.015666327
0.017060379
0.017472604
0.015920568
0.016284198
0.016989056
0.01613422
0.016073352
0.015770122
0.0152545
0.015652945
0.015232368
0.014949552
0.014796696
0.014888455
0.014592874
0.015122321
0.015058572
0.01447143
0.01440937
0.014603813
0.014211831
0.014331832
0.014408012
0.013903777
0.013914351
0.013731033
0.013834086
0.013318658
0.013512921
0.013208411
0.013485156
0.013127815
0.013113965
0.012809265
0.013119991
0.012718774
0.012753367
0.012704226
0.012639403
0.012585717
0.012242475
0.012037717
0.012424222
0.012166519
0.011824454
0.01177415
0.011679083
0.011430533
0.012104304
0.012179618
0.011359158
0.011674906
0.011535077
0.011420302
0.01160797
0.011030042
0.011874069
0.011751857
0.010975037
0.011366491
0.010966185
0.011028073
0.011014906
0.010857124
0.010975671
0.010963634
0.010479095
0.010370034
0.010690088
0.010408938
0.010456565
0.010393667
0.010302757
0.010175131
0.010304417
0.010163662
0.010144233
0.010017944
0.009957638
0.009803244
0.010108213
0.009979553
0.009707417
0.009572901
0.009966773
0.009670283
0.009685087
0.009588628
0.009428188
0.00926999
0.009486531
0.009352819
0.009834992
0.009727961
0.009085654
0.009176116
0.00900674
0.009066053
0.009412453
0.008836961
0.010676163
0.01079904
0.008861366
0.010829461
0.0106272055
0.008677863
0.009886372
0.009602907
0.008722722
0.0091417795
0.009054194
0.008507074
0.009341335
0.0094620325
0.008240563
0.008966547
0.008816563
0.008278336
0.008174095
0.008368618
0.008287289
0.007921495
0.008232709
0.00830957
0.007964536
0.007824796
0.008005507
0.007620804
0.008086891
0.0076004067
0.008328832
0.008544128
0.0076458794
0.0077925385
0.007508243
0.0074822023
0.0072741876
0.0071013398
0.0071151624
0.007001806
0.006953588
0.0069767474
0.0069193677
0.0069458205
0.0069113933
0.006810511
0.006978018
0.006769037
0.006781394
0.007197261
0.006877482
0.0073300027
0.007401966
0.0067061763
0.0065566176
0.006668176
0.006652625
0.00637083
0.006292615
0.0063273846
0.006263253
0.006631333
0.006436687
0.006393455
0.0061797164
0.0064086723
0.006311722
0.0062222914
0.006011305
0.006108418
0.006125234
0.0060061677
0.0057788244
0.0061432756
0.0062833834
0.00633919
0.006167071
0.005720261
0.0059389784
0.005840702
0.005855425
0.0057453252
0.0059153005
0.0056701326
0.0062979045
0.005668716
0.0061690956
0.0059188753
0.005937928
0.006227426
0.0055684834
0.005810657
0.005937995
0.0059419572
0.0053434693
0.0060499795
0.0059160553
0.0055484497
0.0056337942
0.005179507
0.00550325
0.005483135
0.0053514503
0.0052406285
0.005276765
0.0052551986
0.0049711727
0.0050542173
0.0048582796
0.0047351397
0.005718065
0.005784212
0.005176565
0.005504198
0.005618798
0.005611308
0.004988104
0.0050652516
0.004687765
0.0051094103
0.005066254
0.0051414757
0.0049899225
0.004886622
0.0046705087
0.004792863
0.0044883294
0.0051247426
0.0046058833
0.0050803055
0.0052058194
0.00440644
0.0052279546
0.004412977
0.005305391
0.005502306
0.004554097
0.0050577205
0.0053998292
0.004691416
0.0047114925
0.004904088
0.004927673
0.004768047
0.004642996
0.0051125423
0.0047905925
0.0043371445
0.004613887
0.004545702
0.004582966
0.0047345655
0.0044813673
0.0043295133
0.004141179
0.004059816
0.0040880865
0.0040464145
0.004070961
0.0037449587
0.004640057
0.004302442
0.004050802
0.004105001
0.003875766
0.0036956293
0.004049249
0.0036701588
0.004374532
0.004294144
0.003832449
0.0039012467
0.0038973156
0.003992101
0.0034730064
0.0037501056
0.0036927257
0.00344902
0.0036262746
0.003524998
0.0035442084
0.0033904004
0.003698488
0.0032292705
0.004029554
0.003930304
0.0033803873
0.0034305074
0.0033441938
0.0032031897
0.003372282
0.0032178797
0.0034930797
0.0033779975
0.003533072
0.0032007117
0.0032150196
0.003142656
0.0032843696
0.0032130468
0.0034288059
0.0035568047
0.0030206244
0.0034363717
0.0034067035
0.003047704
0.0032766534
0.0032315117
0.002886191
0.0035438638
0.0034293793
0.0030169256
0.0032984472
0.0031904439
0.0029022219
0.0037234377
0.0031180754
0.003619572
0.0041521112
0.0033950228
0.0038980807
0.003517411
0.004248591
0.004841373
0.0034441135
0.0042607333
0.0057135713
0.004301277
0.0043094126
0.0057288543
0.0044675637
0.0042329193
0.0045388024
0.004077488
0.0034661072
0.0039213747
0.004192064
0.003531399
0.0031816724
0.0036496955
0.0034322336
0.0028180869
0.0031149976
0.0030679044
0.0031299777
0.0031428013
0.0031999394
0.0033632482
0.00305148
0.0029031655
0.0029973837
0.0028351124
0.0031456642
0.0030834808
0.0026101843
0.0031228818
0.002912271
0.002601086
0.0036032526
0.004098565
0.0033900018
0.0030288293
0.0035287335
0.003906622
0.0032590264
0.003305705
0.0033879196
0.0031480982
0.0032977536
0.0032777563
