0.2894915
0.045292962
0.068198174
0.09203502
0.060424507
0.029054714
0.027814945
0.039414633
0.03801204
0.029103989
0.022443058
0.029399864
0.035415616
0.033100598
0.02915821
0.025028298
0.022461146
0.025292872
0.026220256
0.024205476
0.022685826
0.021960571
0.022679804
0.023104407
0.02154708
0.021260256
0.021541752
0.021786198
0.021327475
0.02059272
0.020716477
0.020967392
0.020685116
0.020500636
0.02044206
0.020686282
0.020352615
0.020417603
0.020712215
0.020283481
0.020896815
0.021016805
0.020790806
0.020603525
0.020692721
0.020596841
0.020230582
0.020163804
0.020022599
0.020044636
0.019934379
0.019822527
0.020011619
0.019686723
0.019843498
0.01981517
0.019841615
0.019192139
0.019292146
0.01934798
0.019091954
0.01851894
0.018044516
0.018232055
0.017684754
0.017751783
0.017650263
0.017414987
0.017250909
0.017079128
0.017124472
0.016761785
0.01676918
0.016869811
0.016390674
0.016289702
0.01625066
0.015902983
0.015881453
0.015711255
0.0155401565
0.015427244
0.015549355
0.015210055
0.016894698
0.01723766
0.015444994
0.015991341
0.015786665
0.015810234
0.016088244
0.015127203
0.014865338
0.015213139
0.015239327
0.014661722
0.014317541
0.014421664
0.014243789
0.01400299
0.01403636
0.014137886
0.013811301
0.0145433
0.014426049
0.013903131
0.013776138
0.013414991
0.013439499
0.013348111
0.013272289
0.013121729
0.012947568
0.012849405
0.01262685
0.013091476
0.0126122525
0.0133029595
0.013083368
0.012287253
0.012470137
0.0124657145
0.011938478
0.012452062
0.011984519
0.012468398
0.012511879
0.012129188
0.011997171
0.01199023
0.011423767
0.012060541
0.011910164
0.011652313
0.011574867
0.011576201
0.011305041
0.01148298
0.011280234
0.0109002665
0.010895048
0.011104446
0.010918773
0.011088165
0.011099305
0.010806871
0.010804514
0.010573171
0.010690149
0.010599956
0.010374331
0.010622014
0.010510519
0.01020618
0.010115002
0.010447279
0.010186232
0.010238596
0.010169617
0.009995631
0.010042512
0.009761694
0.009724342
0.009783881
0.00977846
0.0095297275
0.0099168485
0.009810085
0.009718924
0.009510272
0.009404826
0.009446945
0.009260874
0.009165351
0.009130151
0.009128519
0.009135387
0.009053605
0.009046505
0.008864957
0.008882221
0.009108619
0.008854865
0.008733536
0.008801249
0.008757007
0.009212419
0.008589524
0.010214946
0.010449767
0.009213899
0.009756974
0.009985876
0.009239336
0.009507316
0.008802168
0.0093029
0.010155556
0.009204379
0.009113557
0.009471793
0.009049098
0.008877243
0.009212769
0.009040442
0.009207334
0.0092524225
0.008937039
0.008478321
0.009156615
0.009012886
0.008601141
0.0085841315
0.008743445
0.008414578
0.008661945
0.008859218
0.008355006
0.008174077
0.008494023
0.008199591
0.008885708
0.008829794
0.008331619
0.008274636
0.008266927
0.008183501
0.008201427
0.008167438
0.008087035
0.007993132
0.008113117
0.007905881
0.008142832
0.00811271
0.008153761
0.007952699
0.0081245685
0.007933932
0.007838189
0.007937147
0.007737059
0.007751202
0.007876311
0.007869634
0.007605067
0.007806174
0.007799782
0.0077275187
0.0075221383
0.0074814167
0.007594897
0.007547173
0.007619648
0.007340735
0.007400284
0.0073064864
0.0074981116
0.007382916
0.007832337
0.007406427
0.007944536
0.007876025
0.0072453977
0.007257892
0.0073276893
0.0070235147
0.0074078604
0.007181633
0.007248337
0.007210242
0.0070369556
0.007404598
0.006985528
0.007804765
0.008096435
0.007867462
0.0076528895
0.007002847
0.008423306
0.008230997
0.007807445
0.0075506195
0.0072143674
0.0072241197
0.0076200995
0.0073250546
0.0073437677
0.007296623
0.0077349874
0.0076703164
0.006832005
0.00675898
0.006943481
0.0067686904
0.0074217417
0.007365387
0.0068534114
0.007124841
0.0069124284
0.0067867995
0.006832062
0.0068265772
0.0065898686
0.006624339
0.0065472946
0.0065181204
0.0065161516
0.006527072
0.0063878917
0.0064085615
0.006528282
0.0063346825
0.006594663
0.0062977015
0.007292235
0.0071615614
0.006375074
0.0065389466
0.0065878383
0.0062975385
0.006475905
0.006481378
0.006190621
0.006992716
0.007020628
0.0064935735
0.0062678256
0.006798353
0.0063367398
0.007354658
0.0073555815
0.006911855
0.0067164586
0.0062975674
0.006468802
0.0063930973
0.006312152
0.0063546044
0.0062796436
0.0059450045
0.0060029305
0.0059461747
0.006216511
0.0060503357
0.0058370586
0.006031984
0.0058217184
0.006024793
0.0057091787
0.006300496
0.0062228274
0.0058701183
0.006347215
0.0063151023
0.005871353
0.0059197284
0.005779458
0.005943663
0.0058233724
0.006301487
0.00580916
0.0061851307
0.006108632
0.0062051374
0.006196557
0.005772542
0.006153351
0.0056878054
0.006209318
0.006037625
0.0059343637
0.006092586
0.005452594
0.005814357
0.0054212674
0.0053263847
0.005337193
0.0052363835
