0.28852132
0.044450212
0.07779058
0.054861356
0.024709905
0.030959865
0.03266329
0.02611947
0.022239977
0.025712416
0.027009262
0.023103615
0.021526316
0.022603089
0.022201622
0.021018662
0.02261658
0.02384948
0.02213413
0.021267211
0.02142183
0.021682143
0.021508014
0.020883882
0.021138981
0.021304697
0.020978699
0.020772548
0.020972826
0.02071003
0.02096063
0.021030448
0.020796923
0.020727558
0.020889642
0.020730441
0.020732181
0.02077973
0.020667287
0.020684851
0.020708911
0.020584336
0.02106464
0.020966599
0.020580627
0.020613689
0.02064119
0.020530203
0.020733178
0.02062286
0.020497184
0.020506574
0.020424796
0.020438127
0.020331938
0.020579835
0.020504758
0.020301154
0.020303225
0.020286184
0.020143049
0.02034177
0.02024838
0.019947937
0.019850468
0.019833647
0.01956913
0.019648248
0.019513749
0.019574678
0.019150019
0.019038847
0.018649586
0.019058133
0.019104324
0.018217972
0.018574843
0.018764416
0.018648319
0.018110538
0.017343523
0.017392458
0.017192375
0.01691903
0.016551478
0.016729629
0.01650737
0.016551973
0.016453104
0.0162843
0.016593434
0.016626017
0.016194494
0.016030485
0.015895836
0.015806338
0.015698811
0.015583781
0.015539099
0.015432499
0.015418917
0.015230398
0.015457764
0.015312436
0.0150154
0.015020184
0.014864574
0.014755688
0.015036042
0.014870283
0.0148277655
0.014618993
0.014958326
0.014719586
0.0146164
0.014501404
0.014457074
0.014340854
0.014344036
0.01423966
0.014265336
0.014119978
0.014285033
0.014059267
0.014114109
0.013999489
0.013880673
0.013773316
0.013896755
0.01381356
0.013606139
0.013603334
0.013403349
0.013500611
0.013269299
0.013703051
0.01378155
0.013091047
0.013202127
0.013458811
0.012916801
0.012809713
0.01273404
0.012581234
0.012471065
0.012228687
0.012394417
0.0123363165
0.012075727
0.012013952
0.011796165
0.0121163875
0.011785445
0.012380629
0.012481737
0.01183382
0.011898612
0.011630196
0.011456198
0.011380423
0.011532482
0.011059721
0.011081046
0.010899827
0.011320942
0.011194733
0.010925892
0.010801558
0.010707684
0.010384982
0.010792601
0.010575325
0.010498325
0.010554143
0.010272812
0.010096707
0.010009621
0.010082207
0.009569943
0.010596353
0.010390154
0.009663918
0.009756439
0.009535949
0.009224578
0.009769277
0.009197141
0.00948786
0.009154632
0.009253665
0.009262543
0.008750474
0.009150189
0.008949536
0.008694227
0.009000438
0.008857832
0.0090672
0.008585259
0.008697291
0.008717968
0.0085444
0.008206016
0.008006777
0.008364839
0.008194207
0.007840359
0.00799853
0.0080988025
0.007817657
0.0074388995
0.00811065
0.008419134
0.007698737
0.00751699
0.007642074
0.007938619
0.007519551
0.007630445
0.007874173
0.0075908885
0.008273096
0.007863154
0.008131799
0.007564725
0.009632264
0.009738927
0.008516438
0.009641082
0.010158426
0.008185147
0.008855615
0.011385798
0.0083331335
0.008743694
0.009127374
0.0077698804
0.008754467
0.009070276
0.0074837464
0.008330372
0.008632102
0.007927648
0.007580444
0.007645765
0.0075921877
0.007107517
0.007495051
0.0071818833
0.007164819
0.0072473637
0.0069346563
0.006886085
0.0068333163
0.006581833
0.006620836
0.006498692
0.006372461
0.0064637214
0.0062144757
0.006346595
0.0063078664
0.006338121
0.0061473795
0.0061323107
0.0061192443
0.006086225
0.0063523888
0.0059905276
0.0066617317
0.006570549
0.0065711155
0.006192776
0.006241437
0.006450958
0.0059895483
0.006150657
0.0061461967
0.005932121
0.005891548
0.0057830024
0.0056647994
0.0056217015
0.006091288
0.0056213005
0.0071071885
0.006921699
0.006583354
0.0062616356
0.00625
0.0059020384
0.0064322124
0.006308233
0.0066836867
0.006467538
0.0059344913
0.0061730463
0.005707232
0.0059118303
0.0059471354
0.005801212
0.0060172803
0.0056375605
0.005638273
0.005507697
0.005503358
0.005508922
0.0055871117
0.0055579976
0.005508061
0.0057133306
0.0054877694
0.0055174925
0.005341587
0.005384512
0.005411128
0.0051221633
0.0053163595
0.0049816165
0.0055963844
0.0056103766
0.005169576
0.005421328
0.0053885747
0.0052554063
0.0051275124
0.005127688
0.0051511037
0.0049705068
0.0050404733
0.004833389
0.0051942393
0.0050112624
0.005096592
0.005124336
0.0048865066
0.0054053776
0.005392714
0.005250784
0.0047821356
0.005418379
0.0058659674
0.004933434
0.0050343643
0.0051587382
0.005188027
0.004686484
0.005200112
0.0052904394
0.0047655883
0.0052647106
0.00502553
0.0052315407
0.005324714
0.005401255
0.0049406923
0.0054821647
0.005548235
0.0048520775
0.005208166
0.0048641297
0.005193097
0.005072916
0.0048560333
0.005015966
0.0050118174
0.0049302997
0.0046262094
0.005249034
0.004801533
0.00488154
0.0048140553
0.004895394
0.0048864675
0.004681032
0.0047738324
0.0044532027
0.004775663
0.004513626
0.0048712636
0.004590524
0.004911085
0.0051493975
0.0044588186
0.0046083895
0.0045550526
0.004617234
0.0048887082
0.004439526
0.004782082
0.004794277
0.004661001
0.004544483
0.005055765
0.004454922
0.005062345
0.0052890335
0.0043139546
0.0047408543
0.004764894
0.0049739494
0.004659029
0.0045889043
0.004347962
0.0047265855
0.0045714965
0.0047973203
0.004663317
0.0049977424
0.0048549324
0.0044892454
0.004615656
0.0043505947
0.004233218
0.0043987767
0.0042349305
0.0046040756
0.0043890453
0.0046170834
0.0046429266
0.0042700665
0.0044339374
0.00423703
0.004155282
0.004213082
0.003989644
0.004263529
0.0041795466
0.004053591
0.004247352
0.0040372587
0.0041809767
0.004108617
0.003923953
0.0039448864
0.003903353
0.0042030164
0.0039975257
0.0042413753
0.0041496227
0.004143134
0.004113603
0.004221929
0.0039026223
0.0044952794
0.004243456
0.004397926
0.0044196765
0.0040786187
0.0043353178
0.004168674
0.0041950266
0.004122693
0.0038776903
0.0040178956
0.003714225
0.003970356
0.003876157
0.0038270156
0.004128179
0.0036606465
0.0048961737
0.0047079525
0.0039842133
0.0038350758
0.0041925437
0.004021599
0.004204136
0.0039012714
0.0041154604
0.0040190844
0.0039106957
0.0037354678
0.0040105204
0.003972597
0.0037452523
0.0038971666
0.0036189493
0.0039519505
0.0035157504
0.004651832
0.004722578
0.0035793427
0.004512482
0.0043033496
0.004085649
0.00411793
0.0038541767
0.003909021
0.0036628358
0.003896856
0.0039098393
0.0037015297
0.0038177206
0.0035323289
0.003917548
0.0037432986
0.0038990409
0.003776631
0.0035971536
0.0037296552
0.003582562
0.0037086494
0.0036006868
0.0037012054
0.0037800556
0.0037225746
0.0035192408
0.0036569394
0.0036320584
0.0034248056
0.0034623158
0.0035713708
0.003562661
0.0034802586
0.0034886207
0.003514303
0.0034506686
0.0034058988
0.003397086
0.003410263
0.0034396516
0.0035591966
0.0033874512
0.0033643034
0.003365828
0.003306444
0.003427851
0.0032520567
0.003429357
0.0032145965
0.0034267826
0.0034356099
0.0032234753
0.0034491383
0.003486788
0.0033387586
0.00351296
0.0032052107
0.004426015
0.0044934247
0.0041382415
0.0035725876
0.0035246925
0.004258175
0.0034742185
0.0037529718
0.004089438
0.0035435723
0.0037067784
0.00351647
0.0039086402
0.0036019397
0.0032787386
0.003544284
0.0033470022
0.0032609042
0.0035859786
0.003511232
0.0033946682
0.0034943165
0.0033404592
0.003640793
0.003532821
0.0034038958
0.0031830205
0.0034898482
0.0033035397
0.003580521
0.0035239125
