0.28828642
0.05243419
0.07016065
0.04542391
0.025130859
0.027675882
0.026223747
0.023818523
0.023708262
0.023539038
0.022851497
0.022148913
0.022513757
0.022120597
0.021677954
0.022085795
0.021365082
0.021950388
0.022399992
0.021129534
0.022142483
0.023406923
0.021810576
0.021090537
0.021741757
0.02141589
0.020804688
0.020998403
0.020668335
0.020836502
0.020843446
0.020295851
0.021199966
0.021502614
0.020558493
0.020177357
0.020886773
0.020347388
0.020297656
0.020302592
0.020346256
0.019915067
0.020503735
0.02064004
0.019687004
0.019987894
0.019992845
0.01964605
0.01965768
0.019669266
0.019339561
0.019392276
0.019208925
0.019679757
0.019701285
0.019267872
0.019325854
0.019365905
0.01898578
0.019058542
0.019125704
0.018955508
0.019471861
0.01936058
0.019159168
0.01915318
0.019243436
0.01890953
0.019924736
0.0202253
0.018963745
0.020423433
0.021881163
0.020439463
0.0188371
0.019223338
0.019059984
0.019074032
0.018974232
0.019048609
0.018835336
0.01906132
0.018976765
0.018717447
0.01867149
0.018770976
0.018649047
0.018644981
0.018579358
0.018424427
0.018283809
0.018153893
0.017868334
0.017823124
0.01739251
0.017362786
0.017093277
0.016661813
0.017081074
0.016420009
0.017368732
0.01775633
0.01631656
0.01721475
0.017284261
0.015906425
0.016279152
0.016694311
0.015661484
0.015825303
0.01637363
0.015553164
0.015582628
0.016010897
0.015253219
0.015340276
0.01562427
0.01486617
0.015227772
0.015846627
0.014983852
0.014805518
0.015054478
0.014478077
0.015031005
0.015420896
0.014522899
0.014424168
0.0146640465
0.014156857
0.014164977
0.01434863
0.013964242
0.013869748
0.013980284
0.013679597
0.01364437
0.013726263
0.0133191915
0.01332863
0.013179842
0.013047218
0.01298698
0.01293281
0.0127137555
0.012706958
0.012517065
0.012391654
0.012223859
0.012169278
0.011997606
0.012075596
0.012026161
0.0117107695
0.011818939
0.011716775
0.011456641
0.011443831
0.011302464
0.011689465
0.011372566
0.011582218
0.011083476
0.011419699
0.011138736
0.011048741
0.010862728
0.010776606
0.010894481
0.010810088
0.01062793
0.0106100105
0.010639191
0.010408063
0.010426153
0.010376881
0.010247906
0.010293315
0.010157674
0.009967815
0.010426297
0.010008346
0.0102613345
0.010193644
0.009759246
0.009647676
0.009832432
0.009455722
0.009971564
0.009710305
0.0095699215
0.009503582
0.009267533
0.009224683
0.009199622
0.008994478
0.00903185
0.00884261
0.008774545
0.008597443
0.0087716775
0.008577413
0.00843883
0.008502079
0.00819818
0.008326061
0.008076472
0.008190713
0.00814336
0.007825601
0.008144022
0.008069365
0.0076410733
0.0076629794
0.007629972
0.007327343
0.008333541
0.007715451
0.008338702
0.008118213
0.007785041
0.008006017
0.0076274103
0.0073626153
0.0075313277
0.007478216
0.0071715545
0.007116528
0.006931473
0.0068384795
0.007045686
0.0067534545
0.0072844527
0.0073078126
0.006764365
0.0068251844
0.0067736083
0.0066395844
0.00642143
0.0072226264
0.007024647
0.00668385
0.00678416
0.0065530725
0.006531605
0.006773159
0.0065312474
0.0067992634
0.006859547
0.0064238715
0.0063521736
0.0063950308
0.006205574
0.0065244273
0.0062051206
0.006575313
0.0066220625
0.0060469494
0.006040748
0.006295044
0.0061441273
0.0062721013
0.0061814147
0.0061355573
0.0061008786
0.0061630215
0.006018747
0.005994773
0.005803281
0.006126204
0.005952485
0.00591623
0.00584452
0.00587108
0.005713315
0.0059699095
0.005686873
0.0060905577
0.0060092392
0.0055882162
0.0055812225
0.0057755397
0.0056414306
0.0059292377
0.0060243937
0.005442098
0.0056491084
0.0054677115
0.005471587
0.0057485015
0.0057670134
0.0056241243
0.0058822357
0.005517037
0.0055868602
0.0055627073
0.005579213
0.0055296086
0.0054203067
0.005757104
0.0055830427
0.005407755
0.005457649
0.0053514303
0.0052680676
0.0052632713
0.0052399007
0.0051232413
0.00519049
0.0050469465
0.004883979
0.00524102
0.004999036
0.00551354
0.005326854
0.005410023
0.0054910597
0.005258875
0.0052829306
0.0049825185
0.0054569556
0.0051793247
0.0052131764
0.0052369847
0.0050755893
0.004990548
0.0051549827
0.0048593706
0.0051077604
0.004964749
0.005262192
0.004902847
0.005281858
0.005120563
0.005045083
0.0047967774
0.005215213
0.0049531446
0.005088443
0.004955977
0.0049228393
0.004872956
0.0049429997
0.004838138
0.004888574
0.0049095075
0.004685334
0.004600911
0.0050163907
0.0048761177
0.0048274025
0.004928973
0.0046544406
0.004771589
0.0045854985
0.0045242948
0.0049317777
0.0048810644
0.0045866957
0.004610364
0.004675986
0.004569448
0.004761688
0.0047819633
0.00449687
0.0044348785
0.0047255554
0.004646452
0.0045093484
0.0044892686
0.0045335614
0.0044769314
0.004562353
0.0045483536
0.0044398946
0.0045451256
0.0043640235
0.004361058
0.0045069815
0.004268994
