0.28828642
0.08103977
0.05975068
0.03448383
0.027556738
0.02752061
0.022641158
0.026136694
0.024601502
0.022061886
0.022848636
0.02222835
0.021874802
0.021390006
0.021436334
0.021038016
0.020687366
0.020905262
0.020491136
0.020632515
0.020644842
0.020302333
0.020429842
0.02037309
0.020417998
0.020500919
0.020186197
0.02034576
0.020257847
0.020352352
0.020461658
0.020005101
0.021703713
0.0221856
0.021081055
0.020314502
0.020734893
0.020977551
0.020112744
0.020230884
0.020679725
0.020003607
0.020451883
0.020958772
0.020663427
0.019781297
0.021242803
0.022012422
0.02130869
0.020580774
0.01959189
0.02119135
0.021443628
0.019995118
0.020140164
0.020154918
0.020145586
0.019918902
0.019390648
0.019196218
0.019303737
0.019210247
0.018897057
0.018781127
0.018854035
0.018555025
0.018503632
0.018809313
0.018341318
0.019320123
0.019677773
0.018386958
0.01924326
0.019700533
0.018683584
0.018911844
0.018627297
0.018201983
0.018383183
0.017752802
0.018346375
0.018500729
0.017256936
0.01890801
0.020150766
0.01859022
0.017751755
0.017730163
0.017133228
0.018200288
0.01797008
0.01634864
0.018537534
0.019591419
0.018386029
0.01831131
0.017816713
0.016278489
0.016846122
0.0172695
0.015967606
0.016780155
0.018215328
0.01676181
0.015381475
0.015158553
0.0146828955
0.014269969
0.014439731
0.014184448
0.014033313
0.013375723
0.013787988
0.013879652
0.013452214
0.013128304
0.013209398
0.012830232
0.01290604
0.01266143
0.012641762
0.012522963
0.012068562
0.0120082
0.011860058
0.011771902
0.011581897
0.011513165
0.01135664
0.011804275
0.011608901
0.011321136
0.0111993225
0.011264592
0.011121587
0.0107218
0.01107619
0.0111499205
0.010722901
0.010536834
0.01078884
0.010606229
0.01051267
0.010296772
0.010768954
0.010321282
0.010567084
0.010446675
0.010014411
0.009858277
0.010523923
0.01040015
0.009741916
0.0096766455
0.010020896
0.009919692
0.009766377
0.009739115
0.009634904
0.009597494
0.009532235
0.009475085
0.009460166
0.009345998
0.009374988
0.009286825
0.009311018
0.00919818
0.0092735095
0.009112715
0.009222256
0.009085627
0.00914647
0.008952053
0.0091976235
0.0090333475
0.008953474
0.008762023
0.009093522
0.008821796
0.008995197
0.008803452
0.008869515
0.00866921
0.008828025
0.008610937
0.008804196
0.008647005
0.0085720485
0.008395042
0.008677476
0.00842436
0.008581274
0.008380106
0.008496085
0.0082733715
0.008493024
0.0083499225
0.0082542645
0.00815054
0.008269403
0.008150744
0.008117966
0.0080619445
0.007990581
0.007909673
0.008008157
0.007929818
0.007818011
0.007725769
0.007894342
0.0077967406
0.0076502394
0.007569654
0.0077815945
0.0076764734
0.0074891616
0.0073898737
0.0077271
0.0076558716
0.0072945463
0.0072461762
0.007482495
0.00737421
0.0072785523
0.0073324703
0.0071176426
0.0070461356
0.0074605267
0.0073711216
0.0069227596
0.0068306527
0.007608064
0.00735981
0.0069800685
0.006861642
0.006975273
0.0067862775
0.007017102
0.007094437
0.0067723417
0.006740133
0.0066158515
0.0066021285
0.0066704713
0.0064022527
0.0067853406
0.0067639924
0.006360444
0.006369782
0.0064070895
0.006288311
0.006468214
0.0066549475
0.006295686
0.0062440187
0.006324511
0.00605843
0.006308544
0.0063825487
0.0062389635
0.005955702
0.006172882
0.006025303
0.006246895
0.006162736
0.006160253
0.0061289943
0.00596288
0.005974401
0.00585898
0.0055756457
0.0063473117
0.0059441156
0.005799444
0.0056502745
0.0058736415
0.0060081757
0.0056143827
0.0056221336
0.0058738715
0.0057983384
0.005597117
0.0056329444
0.005477688
0.006024769
0.0052825897
0.005734229
0.005248831
0.0059199296
0.005661376
0.0054937876
0.005730172
0.0051773787
0.0053586625
0.005341206
0.0055542323
0.0052439836
0.0061183944
0.006754408
0.005724646
0.0056432304
0.0061126896
0.0057634413
0.005294336
0.0056396667
0.005603069
0.005278889
0.005142113
0.005222792
0.0051298044
0.004780182
0.0062110773
0.0067921816
0.0058832075
0.005877227
0.005376853
0.00565717
0.005271308
0.0053918567
0.006262032
0.004800746
0.0065033375
0.00816317
0.006949151
0.006713955
0.0070410105
0.0055787843
0.0064751734
0.0073708897
0.0056406525
0.0053108516
0.006319829
0.0057147406
0.005539791
0.0059356038
0.005263802
0.005467998
0.006353282
0.005346162
0.005278133
0.006222743
0.0051774844
0.00500761
0.0057324567
0.005118636
0.004842464
0.0054196506
0.00494831
0.0051304004
0.0054768235
0.004719102
0.0048707905
0.004760189
0.0045763
0.0047980663
0.0047069523
0.004325932
0.0042099156
0.0044101197
0.004404723
0.0044045453
0.0043790634
0.004335052
0.004214173
0.004525027
0.004362014
0.004413873
0.0042265053
0.004340041
0.0040952023
0.004376856
0.0042252387
0.004234888
0.0042471606
0.0042161825
0.0041340734
0.0041960995
0.004125849
0.0040154643
0.0039452543
0.0041063665
0.0040498166
0.00396969
0.0038741603
0.0041875364
0.0040460373
0.003973543
0.003825675
0.0042748074
0.0039750286
0.004019805
