0.2876124
0.041998938
0.10049353
0.12130896
0.08492724
0.07394747
0.080072455
0.07565061
0.07167041
0.075966775
0.07703096
0.07209718
0.07427863
0.07742644
0.07472939
0.07190884
0.07277461
0.074063934
0.07285658
0.071151115
0.07301039
0.073994935
0.07168755
0.07174599
0.072967
0.071641244
0.0711822
0.07163389
0.070965745
0.07145246
0.07175738
0.07088093
0.07152346
0.072200835
0.07116574
0.070820436
0.07118172
0.07061852
0.07116712
0.07167484
0.07079477
0.07060293
0.0709525
0.07038259
0.0705268
0.070774786
0.07012166
0.07038117
0.07074962
0.07006264
0.069836475
0.06999388
0.06949345
0.069882214
0.07023826
0.06951495
0.069083005
0.06926296
0.06893491
0.06871641
0.06871637
0.06839635
0.068871886
0.06868062
0.068642676
0.06824555
0.06867848
0.06808742
0.06981663
0.070705846
0.06836352
0.0687337
0.0694005
0.06839813
0.06830519
0.06866021
0.06832083
0.06811852
0.06822547
0.068359695
0.067774855
0.06856596
0.069162436
0.06835759
0.06781446
0.06795875
0.06810265
0.06787536
0.067522965
0.06784604
0.06760984
0.067545086
0.067566745
0.06741393
0.067404084
0.06746919
0.06736479
0.06759206
0.06762484
0.067247115
0.0675065
0.06738125
0.06738093
0.06742094
0.06725698
0.06723705
0.06728557
0.06719009
0.06740093
0.06742213
0.067098774
0.06710421
0.06722405
0.06709301
0.06738972
0.06748573
0.06708584
0.06745628
0.06768221
0.06718977
0.06725436
0.06752277
0.067171484
0.06716436
0.067284554
0.06698609
0.06732036
0.06765771
0.06721124
0.066980116
0.0672067
0.06708671
0.066897936
0.06690883
0.066894434
0.06687529
0.06686426
0.06685575
0.06686535
0.066812135
0.066884555
0.066859804
0.066732414
0.066514224
0.060973484
0.027768781
0.03132494
0.054248866
0.049305584
0.028657624
0.018631563
0.021502435
0.023001656
0.020171314
0.017288951
0.01793091
0.018053869
0.01640272
0.015738748
0.016366689
0.015765859
0.015120909
0.015503205
0.015187583
0.015170821
0.015352837
0.014995593
0.014863695
0.0149617195
0.014943675
0.014570023
0.015190038
0.015589652
0.015060142
0.014956787
0.01488832
0.014673066
0.014713414
0.014557228
0.014597575
0.014486824
0.01454083
0.014557809
0.014378622
0.014299591
0.014353197
0.014314041
0.014313494
0.014230411
0.014235347
0.014172401
0.014228777
0.014156409
0.014211637
0.014219344
0.014036947
0.013995613
0.0141
0.014029381
0.014083631
0.014024605
0.014022666
0.014004496
0.013945087
0.013898496
0.013999735
0.013974848
0.013855097
0.013806403
0.014035047
0.01398651
0.01377792
0.013739978
0.013966623
0.01391898
0.013729262
0.013680641
0.013872604
0.013809535
0.013724904
0.013667554
0.013726555
0.013674692
0.013734552
0.013717969
0.0135574
0.013512445
0.013798483
0.013747607
0.013487202
0.013460652
0.013698404
0.013630003
0.013518289
0.0134686455
0.013573442
0.013534382
0.013473908
0.013431606
0.0135286385
0.013473675
0.013481195
0.01345247
0.013427573
0.013379067
0.013444132
0.013414922
0.013400319
0.013341046
0.013424975
0.013408601
0.013321246
0.013273326
0.013471316
0.013417591
0.013273825
0.013234869
0.013382025
0.013311888
0.013278834
0.013249635
0.013270491
0.01322104
0.013243186
0.013201554
0.013205846
0.013147973
0.013233009
0.013199001
0.013098943
0.013050969
0.013222431
0.013151933
0.013055797
0.013024747
0.013098444
0.013034481
0.013046097
0.012985808
0.013044459
0.012995757
0.012961425
0.012914243
0.012971483
0.012899712
0.012960139
0.012909525
0.012945441
0.012778555
0.012996388
0.012936627
0.012800696
0.012762046
0.012853141
0.0127790645
0.0128456475
0.012782443
0.012773332
0.012751418
0.012663196
0.012579209
0.012923978
0.012875389
0.01252932
0.01246265
0.012835783
0.012752292
0.012487348
0.0123979775
0.012736115
0.012665001
0.012395899
0.012294811
0.0126424385
0.0125343865
0.012351148
0.0122917965
0.012264266
0.012143151
0.01245248
0.012339287
0.012077384
0.0119968755
0.012278323
0.0121698445
0.012022101
0.011956844
0.011934512
0.0118002035
0.012170349
0.012061074
0.011695991
0.011609904
0.012075211
0.011961293
0.011494202
0.011395353
0.011992137
0.01187437
0.011288616
0.011172687
0.011976768
0.011787474
0.0111126555
0.011001374
0.01178275
0.0116759315
0.010910805
0.010777933
0.011652071
0.011462812
0.010856296
0.010668598
0.0115650445
0.011470042
0.010835123
0.0107757775
0.010711257
0.010546229
0.011332969
0.011227678
0.010391957
0.010277084
0.011298217
0.011258095
0.010529913
0.010465081
0.010917131
0.010456468
0.010774893
0.010747537
0.010498773
0.01027212
0.010667185
0.010573454
0.010166521
0.010189491
0.010402364
0.010183887
0.010219247
0.00999025
0.010302535
0.0101232
0.010258506
0.010197468
0.009867831
0.009802768
0.010128962
0.010061718
0.009713509
0.0095949685
0.010064707
0.009878864
0.0096161375
0.009483023
0.009877423
0.009740058
0.009548158
0.009482999
0.009630126
0.00943314
0.00944041
0.009362013
0.0093537895
0.009273785
0.009408045
0.009152286
0.009321003
0.009127193
0.009329207
0.009260829
0.009057111
0.008957073
0.0092359595
0.009091845
0.009002221
0.008868351
0.00909363
0.0089745
0.0090152575
0.00873143
0.0095833745
0.009055405
0.008872751
0.008731678
0.009296769
0.009564186
0.008662613
0.009011543
0.008939276
0.009003765
0.008770042
0.008832728
0.008859494
0.008574748
0.009575651
0.009875369
0.0086546345
0.009299009
0.008897626
0.008852115
0.009683996
0.009065238
0.009081345
0.009547593
0.009894507
0.009833473
0.0091882115
0.008374103
0.0085658105
0.009340967
0.008561472
0.00835321
0.009192971
0.008941493
0.009352897
0.0094664255
0.009016951
0.008715718
0.0082729235
0.008177854
0.008318297
0.008184651
0.008219384
0.008159488
0.007798637
0.009338149
0.009947589
0.009956722
0.009211075
0.008233081
0.008093273
0.00888918
0.008963352
0.008627985
0.008520788
0.008504913
0.008199591
0.008510631
0.008545959
0.008222897
0.008105396
0.0081345225
0.008142651
0.007922977
0.0076369196
0.008535672
0.008582569
0.007987647
0.0077439877
0.007856716
0.007828026
0.007946582
0.007888379
0.008476572
0.008319129
0.0074369446
0.0073048007
0.008208968
0.007923937
0.007992435
0.008172486
0.0074459747
0.0072341138
0.007868923
0.007876932
0.007727489
0.0074217026
0.007825735
0.007616022
0.0076631247
0.007681826
0.0073553124
0.0072346367
0.007573784
0.007543965
0.0073113143
