0.2871018
0.076148085
0.062407028
0.030425059
0.030190786
0.028175732
0.021361329
0.026682144
0.02472354
0.021196201
0.023219535
0.023360828
0.021534307
0.021623151
0.022354575
0.021197692
0.021364434
0.021865606
0.020781742
0.021253495
0.021790544
0.02077105
0.020984357
0.021565406
0.020703217
0.020485304
0.020781776
0.020153994
0.020899152
0.021320822
0.02029713
0.020157432
0.020579144
0.019959629
0.020047272
0.020547794
0.019976605
0.019687956
0.020575093
0.02035179
0.020079685
0.01955411
0.020700892
0.020943368
0.01964468
0.019862475
0.01950959
0.02033459
0.020132953
0.019052068
0.019334586
0.019322501
0.019001275
0.019182416
0.018915007
0.019817237
0.019285226
0.018875934
0.018927211
0.018777682
0.01854492
0.018764416
0.018625068
0.018244311
0.017977726
0.018118866
0.017610101
0.017932648
0.017649056
0.016691642
0.016361458
0.017057223
0.0165111
0.01639052
0.016107062
0.016188346
0.016121624
0.015707428
0.015606915
0.015431732
0.015186296
0.015945919
0.015818305
0.014926677
0.015015903
0.014857869
0.014720785
0.014488642
0.014419858
0.014223814
0.0140218595
0.013902043
0.013731763
0.013486318
0.013601929
0.013221999
0.013981563
0.01413319
0.0150461495
0.014634597
0.014067899
0.013764487
0.013721749
0.013562929
0.0134721
0.013096281
0.013310491
0.0130630955
0.0133358585
0.013253077
0.0125577515
0.012834107
0.0129024545
0.01252311
0.012548921
0.012266539
0.012327567
0.012238458
0.012122379
0.011936176
0.01212747
0.0119520435
0.01196755
0.011863413
0.011719152
0.011760224
0.011539005
0.0116548585
0.011608221
0.011386272
0.011928578
0.011799197
0.011235838
0.011392929
0.011089801
0.011306129
0.011100662
0.011240563
0.0113804815
0.010930193
0.01160065
0.01168257
0.010929602
0.011084863
0.01117063
0.010718205
0.01140513
0.011684537
0.010974134
0.010789906
0.011229649
0.010752832
0.010692564
0.010885571
0.010470758
0.010500197
0.010577895
0.010298767
0.010480091
0.01028335
0.010390646
0.010675951
0.010318508
0.010010195
0.01035897
0.0098922
0.010283433
0.010492828
0.010166648
0.009764292
0.0097684255
0.010096748
0.0100127915
0.01039244
0.010518212
0.009790726
0.010046885
0.009866287
0.009779013
0.009913434
0.009606917
0.009683553
0.009488479
0.009600167
0.009618276
0.009418474
0.0095193265
0.0092597185
0.009648413
0.009354167
0.009999338
0.010149713
0.009383586
0.009576565
0.0096944235
0.009425534
0.009208126
0.009198856
0.009003724
0.008873783
0.009579136
0.009519064
0.009093535
0.008946524
0.009381262
0.0088646775
0.009848208
0.010244804
0.009029233
0.009872784
0.010774058
0.009734395
0.00945456
0.009645012
0.009741354
0.009039306
0.009061938
0.009150033
0.008953146
0.009330182
0.009186683
0.0086426595
0.008605606
0.008816597
0.00858768
0.008946091
0.009097031
0.008807153
0.00864317
0.008512052
0.0085103875
0.008364342
0.008287289
0.008267399
0.00840611
0.008210928
0.008625731
0.008683774
0.008654517
0.008421779
0.008132401
0.0081620915
0.008201825
0.008047972
0.008491006
0.008317153
0.008046836
0.008141681
0.007960196
0.0079253875
0.008135482
0.0078512905
0.009092081
0.009128746
0.007950691
0.008777402
0.009381522
0.008009446
0.008701188
0.009725355
0.009593931
0.007996214
0.008845143
0.00982245
0.008825162
0.008137486
0.008274236
0.0086586205
0.008485605
0.008054014
0.007971671
0.008319305
0.007978987
0.008110919
0.008216314
0.0085361255
0.008181906
0.0076069855
0.0075346716
0.007961736
0.007825211
0.007868744
0.007860221
0.0074891993
0.0072751977
0.007778282
0.0077914596
0.0075800656
0.007332508
0.007398855
0.0072901268
0.007669123
0.0075823516
0.007223291
0.0072048195
0.007178526
0.00707169
0.0072240853
0.007143321
0.007064072
0.006862592
0.007270716
0.0070348275
0.007070986
0.0068752966
0.0068676756
0.006793452
0.0068160105
0.0066113495
0.0070409686
0.0069561135
0.006466314
0.0063718907
0.0068998486
0.0067729526
0.006407585
0.0063366215
0.006406347
0.0063350126
0.006432785
0.00639691
0.0060768593
0.0060997903
0.0061538196
0.006017458
0.006226422
0.0062812865
0.005775658
0.005752062
0.0059354813
0.0058218497
0.006023155
0.006117076
0.005522657
0.0059667765
0.005313696
0.006364347
0.006274196
0.005751681
0.0063207676
0.005833868
0.0059453533
0.00583262
0.0057056374
0.0060601532
0.0053919875
0.0055967015
0.005278487
0.00533616
0.0054587405
0.005202769
0.0052995067
0.0052221087
0.0051172357
0.005067381
0.0049842224
0.0050898055
0.004777094
0.00526036
0.0050929044
0.00463177
0.0045586005
0.0049403994
0.004830562
0.0046272273
0.004559957
0.0045499024
0.004378689
0.004673172
0.004579952
0.0043790187
0.0042431955
0.004540665
0.0044028084
0.004240028
0.0041926387
0.004303273
0.004234005
0.004186673
0.00413347
0.0040826234
0.003986584
0.0042558475
0.0042362297
0.003897065
0.0039224555
0.004212741
0.0038887754
0.0043477686
0.0042294073
0.0038870394
0.004116935
0.00390567
0.0046109254
0.004529375
0.0040310533
0.0039201244
0.0042630774
0.0039044868
0.004314438
0.004424566
0.0038059985
0.00412669
0.004058181
0.003735342
0.0039916723
0.0037772635
0.0039422847
0.00398949
0.003847848
0.003731434
0.0037259345
0.0035282858
0.0039329077
0.0035955699
0.004066884
0.004108418
0.003549341
0.0036879864
0.0036611622
0.0035734812
0.0035089946
0.0036261536
0.003447302
0.0034810335
0.003346332
0.0034584962
0.003323064
0.0035963848
0.003501699
0.003330985
0.003547283
0.0033731728
0.0033900638
0.0033837443
0.0032623503
0.003373609
0.0032337906
0.0033183042
0.0033335611
0.003215708
0.0031696183
0.0031849567
0.0032315177
0.0031819933
0.0031826159
0.0030434493
0.003853254
0.0037485175
0.0033930233
0.0034901195
0.0032629098
0.0032201794
0.0033553385
0.0031827018
0.003210481
0.0031717857
0.0033291683
0.0030942208
0.0033821373
0.003467562
0.0029185545
0.0033212993
0.0030134802
0.0038033437
0.003915658
0.003297196
0.0033672869
0.003273831
0.0030780637
0.0033195752
0.0028979492
0.0033326698
0.003150205
0.002979121
0.0030757058
0.002837634
0.002959759
0.0027014595
0.0031522494
0.0028298832
0.0033194001
0.003411845
0.0027053114
0.003976012
0.0042889253
0.0036956335
0.0034692849
0.0037550891
0.0034658955
0.0034353903
0.003124373
0.00349202
0.003020702
0.0034904107
0.003248439
0.0035632458
0.0032646477
0.0031549986
