0.288266
0.06761647
0.042138383
0.033124745
0.030554844
0.02356109
0.026020154
0.026467869
0.022921802
0.022639273
0.023523519
0.022402534
0.021955187
0.022635376
0.021862425
0.02238054
0.022722056
0.022428686
0.021632483
0.023272924
0.024179505
0.022561898
0.022380253
0.022664517
0.022064894
0.022456823
0.022214359
0.021647066
0.0219668
0.021628117
0.022153938
0.022313258
0.021539437
0.022982175
0.024247453
0.023103168
0.021507578
0.022948809
0.024567911
0.023782803
0.021944346
0.021714725
0.02246509
0.022449419
0.021792108
0.021193082
0.021078685
0.02140534
0.02115571
0.020735266
0.021353776
0.021449693
0.020912401
0.020735828
0.021154925
0.020964421
0.020785913
0.020812934
0.020881116
0.020710336
0.021001562
0.020973787
0.020560334
0.020626381
0.02058912
0.020521186
0.02045449
0.020869523
0.020865217
0.020558955
0.020556988
0.020697894
0.020515246
0.02065895
0.020705761
0.020454502
0.020469295
0.020503098
0.02036897
0.020659303
0.020538436
0.020477314
0.020446394
0.020402228
0.020360276
0.020551542
0.02050455
0.020317273
0.020303031
0.020408368
0.020342393
0.02039521
0.020343686
0.020327708
0.020287124
0.020329114
0.02028087
0.02027577
0.020234771
0.020159246
0.020076476
0.0204886
0.020259755
0.020079566
0.020062702
0.020031039
0.019926133
0.019902393
0.019825133
0.019779377
0.01964272
0.01954861
0.01940167
0.019361941
0.019216085
0.018886155
0.018636754
0.018850131
0.018580833
0.017896632
0.017675528
0.017616311
0.01705878
0.01743531
0.016998252
0.016375504
0.017125031
0.016971832
0.015978685
0.015745718
0.015457172
0.015368879
0.0154810175
0.014930504
0.015137155
0.015114474
0.014594237
0.015634729
0.015185006
0.015553024
0.015325248
0.015641036
0.015897289
0.014274202
0.017129024
0.019630112
0.017042378
0.014901807
0.015177322
0.0146213425
0.014981826
0.015112079
0.01395145
0.015560166
0.01684249
0.015959745
0.015467301
0.015056978
0.0140601145
0.0152145885
0.016095504
0.014689304
0.013924402
0.014343171
0.013757878
0.01428702
0.014641081
0.0137724355
0.014501373
0.01527818
0.013978388
0.013460949
0.013879139
0.013292302
0.0140777705
0.014860074
0.013758246
0.013368219
0.013646126
0.013009794
0.01399034
0.014708814
0.0135098435
0.013261848
0.013812107
0.0131046055
0.01319541
0.013573459
0.0128011955
0.013541405
0.014223157
0.013210833
0.012830061
0.013196471
0.012635929
0.013237492
0.013714609
0.012803219
0.012904409
0.013457087
0.012736835
0.012851263
0.013151477
0.012586292
0.012730956
0.013095409
0.0125496015
0.012671764
0.012954485
0.012456338
0.012566072
0.012844939
0.012460408
0.012331965
0.012522268
0.012374152
0.0120791495
0.012077953
0.012101247
0.011831122
0.011796546
0.011623806
0.011508855
0.011372209
0.011470514
0.011375278
0.011154029
0.0111685395
0.010993705
0.010892518
0.010706986
0.010694288
0.010438196
0.010735092
0.010741732
0.010258233
0.010160559
0.01030948
0.00997775
0.01020284
0.010232882
0.0097117135
0.009660178
0.0095938295
0.009405055
0.009351794
0.009259052
0.009097563
0.0096396655
0.009322724
0.0092667835
0.009217375
0.009244484
0.008970995
0.009074616
0.008919132
0.00864479
0.008475051
0.008714062
0.008685733
0.008321392
0.008437636
0.008413377
0.008135594
0.008042392
0.008213622
0.008029394
0.008295335
0.008059844
0.008020536
0.008085587
0.007772416
0.008092143
0.007864448
0.008203699
0.008525163
0.007531079
0.009295889
0.010277117
0.008668383
0.007871463
0.008512547
0.008217182
0.0075519793
0.007713165
0.007521443
0.007530729
0.0072678328
0.0077495724
0.008189813
0.007706221
0.00717232
0.0083541805
0.007916396
0.0071631297
0.0073079034
0.0073552853
0.0070559043
0.0070547624
0.0070292414
0.007010425
0.0067819483
0.0070394087
0.006894301
0.0072885007
0.0071770274
0.006804649
0.006636215
0.0068975217
0.006772611
0.0070084915
0.007039455
0.006444249
0.0065134843
0.0065561063
0.006387444
0.0065828688
0.0064298916
0.0065268003
0.006421534
0.006567539
0.0062873457
0.006537158
0.0064441166
0.006158758
0.006006498
0.0065970346
0.0065310374
0.0061523556
0.0061115045
0.0062536523
0.006005963
0.0064709983
0.0062218867
0.006118795
0.006057938
0.006135432
0.005901087
0.006231221
0.006089039
0.006201182
0.0061311373
0.006083733
0.005977066
0.0060158204
0.0060212635
0.0059491433
0.0059868195
0.0057431622
0.0061136275
0.005830243
0.006081929
0.0060092187
0.005882831
0.0056755594
0.0056160544
0.0058375467
0.005597364
0.005620416
0.0055955625
0.0054381248
0.005696008
0.005323362
0.0063567436
0.006782914
0.0060412115
0.0056293607
0.0065100263
0.006427819
0.0058141337
0.005415647
0.0060866126
0.0057060528
0.0056815953
0.0055692545
0.0055514127
0.005369023
0.005577864
0.005256433
0.0062162676
0.005961839
0.00524574
0.0054545156
0.0054383124
0.005604405
0.0054530427
0.0054143183
0.0056650736
0.005654237
0.004992319
0.0052447035
0.0051042214
0.005168808
0.005112178
0.005025564
0.0050557745
0.0048977393
0.0051347646
0.004998738
0.0050682793
0.005070006
0.0049061747
0.0050286613
0.0050340015
0.0047890064
0.0056006014
0.005315755
0.0054862113
0.005144305
