0.28754094
0.054181427
0.076236166
0.04017127
0.025061682
0.026204428
0.022071108
0.02446503
0.022822872
0.02295425
0.022761889
0.022177173
0.022030206
0.021733409
0.021771878
0.021340912
0.021796115
0.02139982
0.021522
0.021416312
0.021131089
0.02102366
0.021091849
0.020919463
0.021046111
0.02098026
0.020624867
0.021000037
0.020659976
0.020597996
0.020553712
0.021118158
0.020589108
0.02209494
0.022603938
0.020846434
0.022025352
0.023357743
0.021806562
0.02102456
0.021603396
0.021497399
0.021084761
0.020846719
0.021163529
0.020904519
0.02072422
0.02081593
0.020635283
0.02067226
0.020649591
0.020576837
0.020583833
0.020513488
0.020596312
0.020476323
0.020746382
0.020751761
0.020446585
0.020513551
0.020470755
0.02041957
0.020407332
0.02036824
0.020311935
0.020545632
0.020311091
0.020803114
0.020835994
0.020327242
0.02027213
0.020854516
0.020704167
0.020222478
0.020266442
0.020267928
0.020189961
0.020413978
0.020276507
0.020243818
0.02032855
0.020185445
0.020374982
0.02010548
0.02095711
0.02113632
0.020371728
0.02094245
0.021271318
0.020295242
0.020624325
0.020889455
0.020212732
0.020541774
0.021066902
0.020495398
0.020256631
0.020435905
0.020522509
0.019994222
0.020741565
0.021322882
0.020397501
0.020283943
0.020527821
0.020402925
0.020296356
0.019830294
0.020543812
0.020847896
0.019809032
0.020410234
0.02113351
0.020387815
0.020112319
0.020206286
0.019717006
0.019970076
0.019954436
0.019312976
0.020301968
0.02067887
0.019503914
0.019266758
0.019682832
0.019090012
0.018975586
0.018990783
0.018465161
0.018768357
0.01879095
0.018095357
0.018118503
0.018042432
0.017358698
0.01743827
0.017336456
0.016613012
0.016678734
0.016702866
0.01603316
0.015413069
0.01531294
0.014908659
0.015229435
0.01495945
0.014827018
0.014601561
0.014658641
0.014838882
0.014318269
0.013909183
0.0142794065
0.013912289
0.014502446
0.014541862
0.013808387
0.013764065
0.0139224855
0.013558872
0.013619988
0.013415314
0.013697241
0.013471278
0.013713788
0.013664081
0.012974183
0.012884798
0.013428467
0.013279263
0.0130970115
0.0132537605
0.0129034845
0.012646851
0.013069595
0.012662348
0.012497443
0.012527731
0.012223248
0.01212323
0.01228169
0.012306475
0.0117515465
0.011712563
0.011553678
0.011232451
0.011698596
0.011768022
0.011009246
0.010866483
0.010987058
0.010784526
0.010679106
0.010420509
0.010544098
0.010384034
0.00991623
0.011230044
0.010155706
0.0123623535
0.012490529
0.009525779
0.010606785
0.010330872
0.01110026
0.010445326
0.0108168
0.010614764
0.00959967
0.009987321
0.009900696
0.009556272
0.010573675
0.010545965
0.009390526
0.009555693
0.009144282
0.009576972
0.009510907
0.00885715
0.009854253
0.009845176
0.008709975
0.009070911
0.009480759
0.008871325
0.009162295
0.0090698525
0.008567299
0.009003574
0.008764189
0.00823187
0.008811013
0.008922792
0.0081997225
0.00843828
0.008957027
0.008260515
0.008326848
0.009008915
0.008550958
0.0077404026
0.008671329
0.008831232
0.007645272
0.009037177
0.009078498
0.009320989
0.009141554
0.0077958503
0.008133733
0.0078262575
0.008493368
0.008116535
0.0076167905
0.0078389
0.008290547
0.007465612
0.007486001
0.007329564
0.007442663
0.0074602305
0.0071204905
0.0073825433
0.007297373
0.0075725936
0.0071215555
0.0074079228
0.006990373
0.007847001
0.007919448
0.0065634255
0.0071442504
0.0066282055
0.0067524663
0.0066638556
0.0063080974
0.007689487
0.007399416
0.006322457
0.0063688494
0.0064798146
0.006162837
0.0070713945
0.006054336
0.0062461738
0.0061277635
0.005968044
0.006038395
0.006354431
0.0060442053
0.006119291
0.0061222203
0.005824594
0.0068719047
0.0065541775
0.0061351345
0.006327981
0.006235581
0.0059876665
0.0069516175
0.006807691
0.0057676104
0.005996458
0.0058581526
0.005962305
0.0057119257
0.0067093964
0.006769695
0.005743243
0.0062198783
0.0059866444
0.005738351
0.0059735742
0.0055510015
0.0058387215
0.0057756416
0.005476559
0.0057076165
0.005385718
0.006039232
0.0060641128
0.006164906
0.0060828947
0.0057186033
0.005848301
0.0058464333
0.0056529636
0.005884072
0.0054966803
0.006049967
0.0058695585
0.0056528
0.005836863
0.005650642
0.0057923202
0.005538039
0.0054954984
0.005564421
0.0053909235
0.0059391134
0.0055918978
0.0059763007
0.0053478996
0.007422138
0.007838115
0.005492825
0.00763463
0.007990602
0.005643228
0.0074010603
0.008319866
0.006566349
0.00624665
0.0063448767
0.005904402
0.0055528576
0.005685302
0.005577069
0.0056170826
0.005651808
0.0052083186
0.005162124
0.005883872
0.0057935417
0.0051486213
0.0051399316
0.0051139933
0.0050049596
0.0052006263
0.005026967
0.0053860783
0.005424457
0.0049176817
0.0049922545
0.0050852452
0.0048834733
0.005315535
0.005193192
0.0051617636
0.004971333
0.00498361
0.004957099
0.004941059
0.004791126
0.0051957145
0.005045259
0.005212272
0.0049290843
0.0050646155
0.0049133035
0.0048902207
0.0050992426
0.00478243
0.005024711
0.0050944015
0.004597088
0.0059923655
0.0057359054
0.0054227463
0.005745221
0.00508948
0.005117066
0.0051080263
0.004791241
0.0061315666
0.0063111554
0.004829561
0.005894108
0.0059828996
0.0050585223
0.0053371973
0.0056986236
0.0050172065
0.005271846
0.0059830253
0.0047549154
0.0058935285
0.0076871035
0.005836992
0.004982051
0.0052296207
0.00500213
0.004995748
0.005100827
0.0046808007
0.0048374
0.0049185255
0.004776842
0.0048576356
0.004721122
0.0048835617
0.004596056
0.0047564157
0.004872061
0.0046191104
0.004650773
0.0045458903
0.004749451
0.004448833
0.0047656945
0.004487064
0.0047501344
0.0047460664
0.0048043807
0.004772129
0.004863922
0.0046336725
0.0046366393
0.004613574
0.004401524
0.004539221
0.0045464155
0.0042849593
0.0044430825
0.0048073134
0.004724783
0.004328258
0.00455424
0.0046521802
0.0046814256
0.004570953
0.0043513295
0.0046255295
0.004464237
0.004204784
0.0042280364
0.0042381044
0.004588215
0.004308421
0.0040746513
0.004696015
0.0043708417
0.005202372
0.004730587
0.0051332363
0.0047878185
0.0046462794
0.0046339105
0.00446531
0.0043771476
0.0046824566
0.0045172586
0.0046775485
0.0043959133
0.0045023155
0.0042580944
0.004653891
0.0046182456
0.0041712523
0.004074531
0.00435908
0.0040778588
0.0044679763
0.00423584
0.0042628306
0.0041243574
0.0042337934
0.0038593982
0.004503254
0.004155248
0.00459957
0.004479745
0.0041409195
0.004087825
0.004295871
0.0040504294
0.0043554488
0.004317094
0.003904172
0.0038570305
0.0040440173
0.0037920587
0.004814914
0.0046722614
0.003924035
0.0041459217
0.0041668806
0.0038996625
0.004490825
0.0043479493
0.0037401796
0.003682784
0.004441028
0.0041979193
0.0038792982
0.0038370148
0.004062716
0.003876724
0.0042072837
0.003890574
0.00403769
0.0038288615
0.0040552826
0.0038389124
0.0039671166
0.0038379263
0.003937938
0.003680656
0.0041145054
0.0038806198
0.0039170533
0.0038229085
0.0038712595
0.0037752464
0.0037862894
0.0036390976
0.0039184103
0.0036993513
0.003936391
0.0039283456
0.003673977
0.0036724762
0.0035332907
0.003792486
0.0035028432
0.0045275814
0.004260628
0.0038391256
0.0039819013
0.0038467941
0.0036481451
0.0041464637
0.0038981948
0.004038312
0.00403356
0.0035081438
0.00346841
0.0036744643
0.0034951977
0.0038858484
0.0037728709
