0.28898087
0.043162227
0.059038136
0.051885772
0.026795855
0.027301619
0.030560436
0.024483556
0.022902131
0.02466165
0.023581877
0.022259047
0.02262088
0.023017528
0.021887673
0.022474775
0.023030728
0.022571499
0.021668652
0.02285099
0.023804441
0.02304416
0.022196678
0.021565914
0.021944365
0.022234494
0.021478288
0.021223603
0.021129174
0.021356098
0.021338647
0.020605817
0.020906182
0.021108763
0.020894064
0.020884022
0.02040091
0.02016556
0.020298874
0.020251336
0.02006262
0.020022763
0.020037835
0.020138266
0.019902537
0.020138567
0.020203056
0.019950883
0.019894231
0.0198249
0.019718504
0.01998397
0.019769993
0.019826518
0.019806078
0.019431856
0.019406063
0.019439165
0.019235656
0.019381756
0.019190753
0.019062812
0.018945316
0.01875902
0.018535407
0.018712737
0.018521694
0.018029409
0.01815926
0.017758297
0.017621329
0.017646404
0.017147245
0.017052481
0.016753696
0.01779566
0.016939946
0.018930923
0.01913655
0.016757157
0.018828264
0.01936497
0.016880572
0.018443132
0.019707445
0.016727125
0.016594632
0.017857272
0.015840443
0.015841333
0.016703835
0.015343585
0.016126953
0.016862698
0.015253539
0.015898073
0.016845189
0.015081701
0.014970225
0.015554197
0.014227073
0.01583506
0.017459804
0.015587355
0.014231123
0.014577708
0.014118387
0.014762447
0.015273974
0.013958572
0.014492455
0.015476509
0.0141066015
0.0134721985
0.013760922
0.012993899
0.014375451
0.015063697
0.013435331
0.013319388
0.0138621135
0.012869816
0.013244252
0.013703442
0.012657829
0.013286494
0.013883238
0.012867398
0.01269646
0.012980748
0.012487342
0.012552284
0.012725369
0.012346227
0.012213905
0.012609233
0.012381877
0.011688557
0.012299351
0.011745021
0.012110692
0.012582655
0.011726372
0.011596519
0.011940762
0.01160295
0.01119801
0.011297047
0.01114063
0.011036324
0.011204332
0.011094597
0.011073734
0.011011094
0.010854565
0.010788965
0.010858039
0.01075988
0.010860965
0.010931708
0.010714275
0.010660631
0.0107425675
0.010546115
0.010561143
0.010545342
0.010463339
0.010381042
0.010546669
0.010454458
0.0103867985
0.010399393
0.010173961
0.0102581
0.010153461
0.010150187
0.010299906
0.010239561
0.010243299
0.010065272
0.010431345
0.0102839535
0.010109677
0.0101051675
0.010164852
0.009925571
0.010327768
0.010133582
0.009991073
0.00997986
0.009881536
0.009838202
0.010021839
0.00983528
0.0100452835
0.009995602
0.009694827
0.009897608
0.009659757
0.010128144
0.010174628
0.009630787
0.009758386
0.009857167
0.00960653
0.009597266
0.009684587
0.009410386
0.010132502
0.010426197
0.010016342
0.009637248
0.00965748
0.01000083
0.009701047
0.009550267
0.00943318
0.009757459
0.009720011
0.009440607
0.009436526
0.009446297
0.00937869
0.009422944
0.009224298
0.009769029
0.009843309
0.009281187
0.009482929
0.009336312
0.009423413
0.0093113305
0.009216658
0.00933306
0.009005788
0.009329787
0.009128552
0.009335175
0.009396751
0.009035443
0.009244327
0.009015704
0.008993363
0.009027417
0.008881408
0.008856983
0.0088950405
0.00888545
0.00894272
0.008732426
0.009048586
0.008934948
0.008742356
0.008987744
0.0086215725
0.008890872
0.008935659
0.008647301
0.008845039
0.009149953
0.008886884
0.008644658
0.008756787
0.008852838
0.008472967
0.008563864
0.00862703
0.008449104
0.008501953
0.0086391205
0.008638386
0.00839771
0.008466185
0.008525391
0.008826546
0.008317591
0.008616723
0.008716236
0.0084811635
0.008365559
0.00821092
0.008479406
0.008303716
0.008688771
0.008704395
0.00840832
0.008651282
0.008305823
0.008287218
0.008153189
0.008523706
0.008434805
0.008219089
0.008293905
0.008271093
0.008194434
0.008350399
0.008286211
0.008133924
0.008033372
0.0081522735
0.007870833
0.008408233
0.008379373
0.007800272
0.007832706
0.008041663
0.007964582
0.008173295
0.008311118
0.007715658
0.007940606
0.007954125
0.007699057
0.008176877
0.008207936
0.0076448806
0.00788955
0.007684996
0.00780232
0.0076467283
0.007972444
0.007953901
0.007587688
0.007876619
0.0075183637
0.008064858
0.0083736405
0.0075168624
0.008177838
0.00862315
0.007557526
0.008749269
0.009838942
0.008421059
0.007618421
0.008612934
0.008541539
0.007420977
0.008600924
0.0098799765
0.0089762425
0.0076247626
0.00810009
0.008605306
0.007701738
0.0078098965
0.008391806
0.007939143
0.0074728187
0.007999662
0.0080339955
0.007536132
0.007583966
0.0077067656
0.007361363
0.00751573
0.0075006257
0.0073839477
0.00737305
0.0073371516
0.0073572122
0.007373708
0.0071453042
0.0072485157
0.007082997
0.007302813
0.007067904
0.0076468657
0.0076489835
0.0072324798
0.007316407
0.0073973085
0.0071345423
0.0073047453
0.0071734632
0.007036255
0.006985122
0.0070560477
0.006997648
0.007059358
0.0070996745
0.006842802
0.007475139
0.0074646175
0.007041083
0.0072190496
0.0070766937
0.007093828
0.007068752
0.0068903626
0.007053723
0.006882152
0.0068664574
0.007045505
0.0066825375
0.0070244162
0.007017674
0.0068763546
0.0069129416
0.0068728533
0.0067195944
0.006967003
0.0067800595
0.0069848984
0.0070538744
0.0065416056
0.0067332913
0.0065700114
0.00661248
0.0064398157
0.0063971006
0.006596861
0.0063940086
0.006969346
0.006880697
0.0066537894
0.0067852587
0.0064819655
0.006675672
0.0064243325
0.006678512
0.006353186
0.0071813874
0.007412067
0.006485589
