0.28748986
0.086188294
0.06285823
0.029541323
0.03893279
0.03562766
0.02266509
0.03145681
0.037780825
0.02893726
0.021430232
0.025439031
0.029468162
0.026625795
0.021659149
0.022153998
0.02440734
0.024005726
0.022055184
0.020645361
0.022439027
0.023406086
0.022348478
0.02163873
0.020897344
0.02111038
0.021632707
0.021112427
0.020794218
0.02056549
0.02133125
0.021089582
0.020779625
0.02087756
0.0206009
0.021094223
0.021099543
0.020617375
0.020744262
0.020532046
0.020892799
0.020896519
0.02055339
0.02070489
0.020422278
0.02116818
0.021263534
0.020458283
0.021030897
0.021003008
0.020322716
0.021266783
0.021112671
0.020339308
0.02069331
0.020471187
0.020541104
0.02057827
0.020278195
0.020224059
0.020904884
0.020932764
0.02022753
0.021352714
0.02191581
0.020604717
0.020701539
0.021441571
0.020678518
0.02030723
0.020605717
0.020166026
0.020950882
0.021428103
0.020422077
0.020668954
0.021346232
0.020585237
0.020336686
0.020639867
0.020426324
0.020157153
0.020426469
0.020125557
0.020458275
0.0205401
0.019927364
0.020319596
0.020124568
0.019924808
0.019904824
0.019734824
0.01977174
0.019607723
0.019502662
0.019608805
0.019331759
0.019902347
0.019865656
0.019128427
0.019482534
0.019465419
0.018702103
0.01922228
0.019554911
0.018668912
0.018693004
0.018880524
0.018409105
0.017891945
0.018446833
0.018135084
0.017372128
0.01734096
0.017182687
0.016913217
0.016685367
0.016556947
0.016300747
0.016107738
0.015857155
0.015762342
0.015591261
0.015341791
0.015147095
0.015208322
0.015001959
0.0147094205
0.014537538
0.014561079
0.0143979145
0.014252678
0.0143434135
0.014016773
0.014557138
0.0146563975
0.014084999
0.013818032
0.014399978
0.014188911
0.013677436
0.013710807
0.013925366
0.013665211
0.013552791
0.013521369
0.013488757
0.013300829
0.013548315
0.013490477
0.013165039
0.013076116
0.013342708
0.013167839
0.013004211
0.012915283
0.013120244
0.0129953185
0.012762956
0.012686174
0.012934846
0.012779656
0.012706409
0.012638576
0.0125926165
0.012480146
0.012656123
0.012581578
0.012378011
0.012337163
0.012594682
0.01248144
0.012327577
0.012227465
0.012348854
0.01227772
0.012324731
0.012385176
0.012223835
0.012164588
0.012247677
0.012145363
0.012303598
0.012347515
0.011964452
0.0119046
0.012364331
0.012272138
0.012071651
0.012028462
0.012047373
0.012054938
0.01212455
0.01209607
0.012024547
0.011784422
0.012227283
0.012029027
0.012023161
0.01205201
0.011731271
0.011767601
0.011794123
0.011706452
0.012069936
0.012026298
0.011697985
0.011738791
0.011753075
0.01167274
0.011746292
0.011618036
0.011737156
0.011737193
0.01162718
0.011587269
0.011580624
0.01151806
0.011655823
0.011557347
0.011664662
0.011634304
0.011460096
0.01144575
0.0115116285
0.011426397
0.011637741
0.011555455
0.011534415
0.01147642
0.011425356
0.0113087995
0.01160955
0.011477624
0.011393818
0.0112270005
0.011554292
0.011337598
0.011399443
0.0113599
0.011309616
0.011223607
0.011344668
0.011250842
0.011249919
0.011142596
0.011266676
0.011247627
0.011120841
0.011099343
0.011181173
0.011075023
0.011168794
0.011187248
0.010951802
0.010944781
0.011064614
0.011035136
0.010951958
0.010961604
0.010915617
0.010963123
0.010865786
0.010922786
0.011050464
0.010960784
0.011219752
0.011263609
0.010926035
0.010962556
0.0107619045
0.010791473
0.010838461
0.010782721
0.010725427
0.010835011
0.0105045885
0.01066552
0.010520411
0.010516589
0.010327243
0.011030812
0.01099224
0.010370937
0.010824903
0.011109826
0.010701608
0.0109669985
0.011216216
0.011419776
0.01123635
0.010606155
0.010686272
0.010956208
0.010786451
0.010872491
0.010830092
0.010396219
0.010365109
0.0103891445
0.011628903
0.0108626755
0.011391755
0.010785813
0.010841891
0.010914091
0.01072694
0.010772196
0.010548364
0.010128022
0.010151739
0.010189126
0.010029528
0.010111898
0.009973523
0.0099228
0.009991852
0.010058065
0.010236573
0.010365377
0.010102321
0.009950008
0.010291279
0.010022462
0.00978456
0.010031197
0.009992193
0.010182343
0.0108577395
0.009885177
0.010131039
0.010548296
0.009939819
0.009732562
0.010008954
0.0101050595
0.009669325
0.00964598
0.009800808
0.009652089
0.009636145
0.009514933
0.009511087
0.009400572
0.0095629925
0.009439699
0.009655355
0.009499283
0.009566298
0.009483327
0.009520204
0.009348051
0.009918239
0.009432118
0.01036597
0.009922996
0.009746197
0.009799427
0.009810698
0.009518327
0.009347239
0.009460475
0.009340714
0.00926061
0.009675477
0.009711491
0.009074225
0.009511902
0.009549562
0.009173159
0.009517752
0.009271848
0.009120899
0.009086034
0.009010511
0.00879199
0.008864251
0.009223986
0.00932538
0.009147218
0.008948321
0.008902858
0.009054502
0.008807589
0.008970456
0.008718767
0.009032408
0.0089212665
0.009121289
0.009209164
0.008794238
0.008990203
0.008845419
0.00878641
0.008778471
0.008830622
0.008747567
0.008821002
0.008881103
0.008488424
0.00870234
0.008504894
0.008505824
0.008427597
0.008795913
0.008625614
0.008475241
0.0086148335
0.008353985
0.008385714
0.008500485
0.008279855
0.008498827
0.008708081
0.008596507
0.008502875
0.008658716
0.008490278
0.00838198
0.00830455
0.008253898
0.008021835
0.008490651
0.008250813
0.0087005
0.008554607
0.008296527
0.008431095
0.008199636
0.008249582
0.00828542
0.008263916
0.008042357
0.008174994
0.008201181
0.008239986
0.008055929
0.008151765
0.008056828
0.008228123
0.008032653
0.007900626
0.007839893
0.007958495
0.008140537
0.008147291
0.008237708
0.008370529
0.008002478
0.007885516
0.008022431
0.008191647
0.007855128
0.008303047
0.00850382
0.0077625983
0.00780629
0.0074003115
0.008041997
0.008167121
0.007988221
0.007894777
0.007683636
0.007845726
0.007886286
0.0074170404
0.008896616
0.008806177
0.007943086
0.009032808
0.009153267
0.009012104
0.0083835535
0.008756467
0.008615099
0.008412927
0.008095011
0.007930737
0.00987476
0.009420751
0.00862009
0.008506566
0.008487705
0.008479503
0.008571916
0.008296491
0.0081369085
0.00821483
0.008052125
0.008348786
0.008068273
0.008475987
0.007894263
0.008505519
0.008284173
0.008283643
0.008297672
0.007851559
0.0076425523
0.0076128547
0.0076009096
0.007822546
0.00769001
0.008119124
0.007540423
0.0081651835
0.008289374
0.00732596
0.008187803
0.0085876435
0.008777413
0.008202537
0.00788308
0.0076981205
0.007952074
0.0076779095
0.007059239
0.0072711497
0.0078131175
0.0074316226
