0.2885009
0.04450272
0.07303414
0.052559722
0.023202604
0.03519475
0.03938272
0.02986473
0.022324055
0.026804388
0.031443637
0.027266555
0.021563316
0.023078745
0.025894618
0.025146777
0.022550235
0.020845478
0.022612432
0.022729859
0.02118587
0.02103749
0.021749124
0.021389127
0.020795116
0.020957785
0.021139586
0.020710407
0.020934215
0.021162786
0.020824485
0.020702347
0.020871801
0.020649873
0.020966334
0.021040723
0.021054016
0.020723632
0.02099661
0.021072367
0.021084992
0.020779641
0.02086096
0.020839246
0.020919582
0.020758377
0.020632965
0.020637034
0.020722352
0.02061397
0.020575292
0.020588415
0.020468282
0.020486468
0.020401781
0.020465355
0.020322574
0.020561302
0.02052247
0.02013245
0.020181349
0.019989314
0.020072104
0.019866088
0.01978097
0.019651776
0.019302445
0.019226538
0.018884206
0.018612115
0.018195366
0.017986633
0.017901458
0.017602496
0.017878003
0.017829888
0.017448215
0.017142609
0.016959036
0.017132694
0.017023398
0.016859768
0.01674558
0.016667718
0.016540216
0.016397974
0.016308365
0.016405419
0.016091693
0.01632008
0.016136823
0.015937557
0.015785513
0.015690058
0.015480141
0.015218399
0.015240032
0.015045717
0.014894734
0.014816605
0.014480789
0.01471284
0.01453704
0.014443387
0.014124229
0.0142010525
0.01409063
0.013542754
0.013295092
0.013452259
0.01319373
0.013253596
0.01305825
0.013021353
0.012878788
0.012595679
0.0123681305
0.0124890655
0.012068535
0.012711746
0.012532696
0.012192786
0.012278989
0.01162498
0.011782198
0.011673794
0.011282387
0.01127382
0.01097608
0.010944921
0.010619148
0.01075926
0.010664474
0.010268269
0.010002328
0.010144158
0.009861858
0.009589014
0.0095395455
0.009090173
0.00940078
0.009122721
0.009040463
0.008755608
0.008706468
0.008567371
0.008511734
0.0081313625
0.008735158
0.008949157
0.007892401
0.008427466
0.008080498
0.0080639655
0.008041184
0.007457432
0.008765039
0.0087312
0.007628467
0.0077188932
0.0076761353
0.0071454197
0.007996151
0.0078055114
0.007127809
0.00719668
0.0070608165
0.006868165
0.006827218
0.0066038943
0.0065632123
0.006518723
0.0065579526
0.0064687
0.0065685133
0.006164541
0.0061128493
0.0065923245
0.0059747347
0.009316365
0.010039474
0.0068878643
0.0082358075
0.009545444
0.008420576
0.0071368683
0.007457162
0.00805864
0.007919744
0.00674588
0.006912682
0.006862274
0.0057686674
0.0070120967
0.0070879213
0.0062566125
0.0059262924
0.0064926217
0.0060359966
0.006354816
0.006645628
0.0059303083
0.005802214
0.0059087947
0.005593542
0.005893007
0.0057910155
0.005824479
0.0055586006
0.006114486
0.0057163755
0.005743202
0.005648291
0.0054860315
0.0054296437
0.005828565
0.0057864883
0.0052892384
0.005306805
0.0052414895
0.0051280186
0.0051609394
0.005066289
0.0052188863
0.0051798285
0.005097128
0.004988964
0.0052559227
0.004961926
0.0052275383
0.005162368
0.0049169306
0.004993412
0.004774137
0.0049157757
0.0048333122
0.004810572
0.0046268427
0.004992532
0.0048642918
0.0047168867
0.004797218
0.004610507
0.004759319
0.004563901
0.004621937
0.004619867
0.0046016295
0.0044615865
0.004382727
0.004430197
0.004493197
0.0042915647
0.0045096376
0.0046616388
0.004224042
0.0047001983
0.004379101
0.0046364623
0.004616394
0.0044790013
0.0044885376
0.004329456
0.0041956045
0.0045896424
0.0043062777
0.004876275
0.0049772025
0.004154608
0.004411335
0.0045687025
0.00410948
0.0049470863
0.004987575
0.004182032
0.004869548
0.0051309387
0.0047703213
0.0043424927
0.0045206496
0.0045054187
0.0045005726
0.00423937
0.004711626
0.0045828577
0.00447908
0.0042335857
0.0045664576
0.004155416
0.0046823514
0.0046054856
0.0041327463
0.0040102988
0.004491841
0.0043007866
0.0041562873
0.0040876926
0.004300012
0.0041853427
0.0041468195
0.004227173
0.004066216
0.0040066955
0.00413037
0.0040139803
0.004155818
0.004137052
0.0038987051
0.0040363
0.0037934482
0.0036609303
0.004443441
0.0042210277
0.004120379
0.004149471
0.0038258329
0.0039514443
0.0037630147
0.0036977828
0.0038817471
0.0036029026
0.0046381024
0.0047430233
0.0038650613
0.0046412568
0.0046329536
0.003757471
0.0043192636
0.0043968544
0.003906954
0.0040022624
0.0039118147
0.0038645845
0.0038593833
0.0038651985
0.0039192806
0.0037796607
0.004001104
0.003857333
0.003702484
0.0039860536
0.0035462736
0.0041298624
0.004230507
0.0034627533
0.004338237
0.004703354
0.0038048278
0.0041533276
0.0046237954
0.0038637214
0.0037941702
0.0043071094
0.0036540588
0.0039613144
0.0042033545
0.0034389005
0.004664375
0.005657567
0.0048784367
0.0039331806
0.004111446
0.0044154814
0.003698821
0.003951181
0.00441574
0.0039480515
0.0036939355
0.0038028418
0.0034952534
0.004073074
0.0042806375
0.0037471242
0.0035489288
0.003763821
0.0035416076
0.003951221
0.0040038293
0.0037678534
0.003642908
0.003583574
0.00353828
0.0034468437
0.0034051475
0.0034599416
0.003371616
0.003352537
0.0034256459
0.0033490343
0.0034503585
0.003385485
0.0034586452
0.0032338116
0.0037869245
0.0036509421
0.0032449134
0.0033750895
0.0032080763
0.0034186747
0.003122174
0.0035154016
0.0034742907
0.0034132246
0.0033363802
0.0033617846
0.0034787573
0.0031455394
0.003548945
0.0034652909
0.0032854676
0.0033835825
0.0032663324
0.0033733926
0.0034249302
0.0033292845
0.0033019374
0.003221996
0.0032237777
0.0031692975
0.0032068517
0.0033102743
0.0030962278
0.0034992124
0.0036246506
0.003343358
0.0032346623
0.0034195695
0.0032578635
0.003498882
0.0033235054
0.003567812
0.0034683428
0.0034136425
0.0033592281
0.0031586327
0.0032724065
0.0030143738
0.0035662353
0.0034733585
0.0036504352
0.0033001422
0.0038834792
0.003928298
0.0030984345
0.003150822
0.003410724
0.0031939046
0.003360181
0.0031646632
0.0034685067
0.0033769228
0.0032647026
0.0032586667
0.0030768544
0.0033136613
0.0031464603
0.0032250572
0.0030795727
0.0033690443
0.0033075723
0.0031098083
0.0031174968
0.0030720923
0.002954255
0.00333641
0.0031207574
0.0032085702
0.0031680176
0.0030368753
0.0029675358
0.0030959726
0.0029460962
0.0032166748
0.0031633626
0.0029460837
0.0029522881
0.0030473012
0.0029325814
0.0032027103
0.0033305667
0.0028991315
0.003038769
0.0029378466
0.0028884665
0.0028351657
0.0031668784
0.002893335
0.0033054755
0.003267749
0.0029524926
0.0030392662
0.0029785074
0.0029766571
0.002958577
0.0029426843
0.0030248438
0.002767443
0.003326226
0.0033633998
0.0028477572
0.0031968176
0.0029918898
0.0031485355
0.0032084144
0.0030565888
0.002897377
0.0033015825
0.0028799316
0.003342132
0.003269388
0.0029606211
0.0031491518
0.0030133405
0.002845791
0.0029544004
0.0028833852
0.0027650204
0.0030562745
0.002855277
0.0030645083
0.0030703135
0.0028398188
0.0027591214
0.002970929
0.0028524182
0.0028085613
0.002809347
0.002673187
0.0028452445
0.0026160304
0.0028401085
0.0027637945
0.0026096867
0.0028782336
0.00262935
0.0030525355
0.002953727
0.0028809637
0.0028792194
0.0028034735
