0.28897065
0.045981478
0.07019523
0.09434479
0.05906566
0.026069954
0.030378968
0.044196147
0.043420225
0.031246588
0.022614202
0.027199646
0.03371006
0.033330437
0.028589958
0.022807186
0.024120303
0.027458929
0.028648928
0.02655255
0.022538245
0.022314116
0.023777625
0.02468052
0.023110986
0.021809837
0.021648765
0.02246677
0.022092044
0.02165334
0.02123013
0.022523599
0.022242552
0.021679888
0.021480734
0.021320932
0.021255126
0.021786017
0.021378225
0.020831047
0.020930445
0.020508425
0.020279707
0.020442171
0.020018658
0.020763835
0.020705247
0.019566767
0.019960575
0.0195285
0.019914439
0.019768575
0.019138873
0.019221252
0.01886492
0.018803902
0.01860145
0.018291615
0.018234788
0.017942144
0.01766877
0.017781548
0.017212505
0.016814172
0.016730292
0.016293092
0.016354183
0.016122453
0.01596551
0.015794361
0.0154018095
0.015335095
0.01563643
0.015332474
0.01601394
0.016001308
0.015228111
0.015472285
0.015320059
0.015254145
0.015311655
0.015004237
0.015492859
0.015363179
0.015049666
0.015117918
0.015098751
0.014923531
0.015314107
0.015092842
0.01499897
0.014974249
0.014841713
0.014734681
0.015166934
0.015080251
0.014808667
0.014735948
0.014938917
0.01473973
0.01484179
0.014775693
0.014676967
0.014597653
0.014824018
0.014710345
0.014614183
0.014561876
0.014634485
0.014493405
0.014703199
0.014616868
0.014431164
0.014356151
0.014632635
0.014520516
0.014450814
0.0144065805
0.014398935
0.014309548
0.014466497
0.01439235
0.014265296
0.014263697
0.014373091
0.014269583
0.0143653685
0.014253552
0.014228237
0.014102206
0.014333437
0.0142352665
0.014096235
0.014077213
0.014142659
0.014082857
0.014078208
0.014046428
0.0140327215
0.013979134
0.014037606
0.013986667
0.013947268
0.013876512
0.013945103
0.013893542
0.013904559
0.013915579
0.013835055
0.0138323195
0.013828813
0.013735558
0.013786531
0.013705852
0.013784415
0.013693
0.013646605
0.013563838
0.013778095
0.013710759
0.01354108
0.013538766
0.013500404
0.013429607
0.013677284
0.01366372
0.013331178
0.013691948
0.013453659
0.013661546
0.013735547
0.013255763
0.013665684
0.013596158
0.013220397
0.013465839
0.013314459
0.013247966
0.013269079
0.01313331
0.01326849
0.012980149
0.013190136
0.01301342
0.013064269
0.012897953
0.013465777
0.0135804
0.012876476
0.013532407
0.013851949
0.01318328
0.013250229
0.013855573
0.013379981
0.012860789
0.01322341
0.013017413
0.012833749
0.013140981
0.012804236
0.012860312
0.012808733
0.012748569
0.012639376
0.012519824
0.012609911
0.012510949
0.012511674
0.012528914
0.012273837
0.012426906
0.01227206
0.012427683
0.012487295
0.012207992
0.012158663
0.012185073
0.011850148
0.012098397
0.01194189
0.011826229
0.011836165
0.011607398
0.011928074
0.011608246
0.011964052
0.012135606
0.011779479
0.011484665
0.012169599
0.012228196
0.011306639
0.012113083
0.012603115
0.0121296495
0.0117360065
0.011319932
0.011957839
0.011598646
0.011373754
0.011476189
0.011431694
0.011360911
0.011057044
0.0110473335
0.011064581
0.0110698985
0.010964006
0.010945964
0.010890749
0.010881554
0.0108066425
0.010967523
0.010770519
0.01095081
0.010887001
0.010871813
0.0109031685
0.010742609
0.011023234
0.011037272
0.011114013
0.011091967
0.01083615
0.010760049
0.010668005
0.010597959
0.010910456
0.010633901
0.0109990835
0.010966752
0.010493596
0.01070572
0.01055698
0.010427791
0.010678376
0.01052406
0.010526981
0.010470684
0.010534489
0.010385567
0.010670434
0.01058222
0.010370455
0.010357044
0.010419716
0.010342344
0.010461788
0.010392825
0.010299026
0.010229158
0.010471381
0.010378609
0.0103041055
0.010294537
0.010231127
0.010189916
0.01025927
0.010199731
0.010221514
0.010159868
0.01018398
0.010122631
0.010150456
0.010101243
0.0101067005
0.010032567
0.010132305
0.010042101
0.010059743
0.009975224
0.010044411
0.009937491
0.010070719
0.010009619
0.009862731
0.009800965
0.010047344
0.009983681
0.009742408
0.009686847
0.009950977
0.00986977
0.009627179
0.009578538
0.009802095
0.00971098
0.009517661
0.009448486
0.009648173
0.009563574
0.009359721
0.009317043
0.009404065
0.009309133
0.009249575
0.009189003
0.009152401
0.009078883
0.009081843
0.008982147
0.008971986
0.008884635
0.008832361
0.00870417
0.008819015
0.00868762
0.008576498
0.0084778005
0.008426615
0.008324394
0.008386642
0.008225526
0.008284845
0.008169131
0.007974039
0.008285773
0.007832068
0.008828089
0.009017055
0.007867395
0.008353363
0.008699822
0.007952546
0.007844594
0.007927876
0.007830284
0.0073565575
0.007643269
0.0073187794
0.0075565684
0.0074943216
0.0072152554
0.007202352
0.0071500055
0.0069139227
0.0075129815
0.0072153904
0.0072986097
0.0070956387
0.006888447
0.0070547895
0.0066872523
0.0069972537
0.007089256
0.006635288
0.006547131
0.0064480645
0.006500801
0.006158085
0.006564848
0.0064042644
0.0064031575
0.0062095695
0.0060162772
0.0065720626
0.006387029
0.0064949426
0.0064183525
0.006041163
0.006013528
0.0060450495
0.005827453
0.0063936897
0.006278641
0.005853392
0.0057918797
0.006020397
0.0058475495
0.006065915
0.006064449
0.0056212624
0.005592735
0.0056617246
0.0054514855
0.0061143595
0.0059468425
0.0058362647
0.005764751
0.0055176797
0.0054944805
0.005624155
0.0055282754
0.005657761
0.005568912
0.005482329
0.0053708013
0.005643318
0.0056083165
0.0054996065
0.0054887887
0.0053412183
0.005282437
0.0052600703
0.005210569
0.0053081554
0.0052154786
0.0053153117
0.005092596
0.005756956
0.005662178
0.0051300013
0.005323822
0.0051355516
0.0052262233
0.005240815
0.005006135
0.0053681396
0.0051141726
0.0053160936
0.0053773504
0.004963854
0.0050757304
0.00495369
0.0050800852
0.0049942913
0.0050101513
0.0049996483
0.0049222554
0.0048948606
0.004891748
0.004832154
0.0048592477
0.004762724
0.0049132826
0.0047947923
0.004882075
0.004775381
0.004865255
0.004821775
0.0048085414
0.0048980187
0.0046579535
0.004843632
0.0047364477
0.004704487
0.0047954004
0.0046159565
0.0049971133
0.0049700583
0.0047825035
0.0047031683
0.0048463163
0.0045881933
0.0051073674
0.005046844
0.0047325105
0.0048814765
0.0046358206
0.0047100564
0.0045617446
0.0046362933
0.0045836945
0.00450871
0.004616321
0.0045615486
0.004464623
0.004467501
0.004438095
0.0044954508
0.0043793432
0.0045217033
0.004402183
0.004462256
0.0044021434
0.0043962183
0.004445661
0.004334424
0.004378484
0.004330607
0.004375726
0.0043080915
0.004287675
0.00427914
0.0043818825
0.004274487
0.004297934
0.0043391115
0.004211462
0.0044653923
0.0041916682
0.004698733
0.004612449
0.0047519268
0.0045439303
0.004607638
0.004598147
0.0044859704
0.004330269
0.004465996
0.0045125387
0.0043541077
0.004300905
0.00444607
0.004342941
0.004325355
0.00429906
0.0042566615
0.0042242375
0.0041923635
0.004051758
0.0042554056
0.004278429
0.0040848795
0.0042676344
0.004272528
0.0039998763
0.004438165
0.0045233066
0.0043001976
0.0041740453
0.0043684817
0.0041316953
0.0042780563
0.004220632
0.0043659643
