0.28687713
0.06795896
0.056171775
0.029767929
0.031046614
0.029924044
0.022353018
0.02644445
0.028801158
0.023288207
0.021281118
0.022498539
0.021008655
0.021691369
0.022511607
0.021232517
0.020945502
0.021474794
0.021047616
0.020408284
0.02098947
0.021144941
0.020157313
0.02153599
0.022723192
0.02140826
0.020077689
0.020665452
0.020825354
0.02053845
0.020120027
0.019812392
0.01956913
0.019796895
0.019302338
0.019316604
0.019371916
0.019215679
0.018849352
0.0187866
0.018836396
0.018742844
0.018471656
0.018460238
0.018404832
0.018291052
0.018077442
0.017804196
0.017647987
0.017701799
0.017268196
0.017720653
0.017181225
0.017100556
0.017129885
0.01643038
0.016832685
0.016496226
0.016858751
0.016724972
0.016020754
0.015927484
0.016377427
0.016071983
0.015767608
0.01571011
0.015690368
0.01553341
0.015742965
0.015678788
0.01544905
0.0152899325
0.015858559
0.015806504
0.015221435
0.0151789235
0.015279957
0.0150542455
0.015877696
0.015675565
0.015016957
0.014872643
0.015468535
0.015443954
0.015037824
0.014999952
0.014855079
0.014701064
0.015307136
0.0153493555
0.01465679
0.014630147
0.014705449
0.014656876
0.014653775
0.014473622
0.014805301
0.014697229
0.015238706
0.014650752
0.0149442
0.015134022
0.014668469
0.014754954
0.014482171
0.014567976
0.014584732
0.014630377
0.014343061
0.014669049
0.014721406
0.014280193
0.014317204
0.01404005
0.014321815
0.01412589
0.014160134
0.014184517
0.013879962
0.0142352255
0.013767014
0.015323427
0.016339416
0.015023842
0.014164832
0.014658719
0.014407307
0.013879138
0.014074221
0.014193098
0.013657126
0.013916849
0.013977169
0.013337684
0.013659827
0.013516266
0.013452259
0.013303075
0.013352662
0.013106988
0.013288769
0.013288255
0.012863744
0.013208196
0.013160256
0.01310651
0.012610131
0.013715056
0.013420251
0.01317973
0.013076204
0.013411266
0.012970008
0.012942004
0.013025577
0.012168667
0.012614661
0.013002097
0.0121885175
0.014581081
0.01513654
0.014701647
0.014749561
0.0136923
0.012945811
0.013308602
0.013066214
0.012719949
0.012842439
0.012753668
0.012054796
0.01244754
0.012446704
0.012141243
0.012101804
0.011929062
0.01210541
0.011939466
0.011843813
0.011723197
0.011856232
0.011509522
0.011750661
0.012085152
0.012040276
0.011928017
0.011727925
0.011572014
0.011575777
0.01177471
0.011402719
0.012334387
0.012685941
0.011425029
0.012728793
0.01366889
0.012959219
0.012262286
0.012507371
0.012007348
0.012091824
0.012534943
0.011680837
0.012251881
0.013081096
0.011992429
0.011417043
0.011842437
0.011363503
0.011385421
0.011518903
0.011237274
0.01126705
0.0113000125
0.011356692
0.01109762
0.011421926
0.011300471
0.011128801
0.011131004
0.0109674
0.011179221
0.010949212
0.011087344
0.010946013
0.010985023
0.01089014
0.011088502
0.010905231
0.01116323
0.011003417
0.011056479
0.010935831
0.010862603
0.010798457
0.010951647
0.010854722
0.010962918
0.011031468
0.010762819
0.010794709
0.010747485
0.010708035
0.010704048
0.010614037
0.010768585
0.010734494
0.010697565
0.010645612
0.010701473
0.010556669
0.010980093
0.01087175
0.010531224
0.010507089
0.010602165
0.010468313
0.010812633
0.010662659
0.010550153
0.010558953
0.010411344
0.010344144
0.0108108735
0.0108606815
0.01030817
0.011292306
0.010920715
0.010674234
0.010798313
0.010761578
0.010423972
0.01115491
0.0113547975
0.010375495
0.010962624
0.010997052
0.010541369
0.010419016
0.0107314335
0.010360834
0.010504176
0.010407449
0.010374958
0.010180096
0.01019501
0.010199443
0.010015042
0.0101764565
0.010051923
0.009982646
0.010130533
0.010010147
0.010019465
0.009948582
0.00988597
0.01010706
0.010020233
0.010263846
0.009996455
0.010356355
0.010209276
0.01017328
0.0100846365
0.010175421
0.010075835
0.009855623
0.0099273985
0.009747347
0.009767757
0.009670532
0.009579697
0.009925758
0.009856497
0.009536822
0.009518693
0.009532896
0.009552858
0.009700398
0.0094871055
0.009937533
0.009946546
0.009423557
0.010357223
0.0103199715
0.009516217
0.010372476
0.010677832
0.009716141
0.0100737875
0.010518503
0.009830617
0.009409401
0.00988114
0.00953656
0.009608876
0.009732188
0.009408939
0.009786472
0.009917381
0.00923584
0.010156204
0.009614269
0.0102692535
0.010007509
0.009561851
0.010109262
0.009547382
0.009366956
0.009646082
0.009612138
0.0092852255
0.009487174
0.009266631
0.0094742505
0.009242379
0.009620667
0.009539086
0.0095873745
0.009543604
0.009184521
0.009407922
0.00920831
0.0093049565
0.009027939
0.009468815
0.009278107
0.009169113
0.00905282
0.009141477
0.00903456
0.00921847
0.009264394
0.0088738175
0.009167408
0.0092487885
0.008797925
0.009155019
0.00940086
0.008944749
0.008749138
0.009302104
0.009021774
0.00926595
0.0091447355
0.008784063
0.009018955
0.009115528
0.00883763
0.008588177
0.009254224
0.008854462
0.00873368
0.008619638
0.0088566495
0.008601031
0.008293264
0.008584638
0.008507078
0.008739955
0.008671253
0.008625932
0.008569383
0.008349227
0.0084759
0.008229847
0.008506375
0.008240134
0.008392721
0.008812807
0.008114319
0.009520079
0.009729252
0.009286989
0.008811597
0.009231172
0.009164781
0.008837941
0.008357612
0.008915554
0.008699198
0.008502427
0.008517413
0.008781072
0.0085007185
0.008501167
0.008214034
0.008399677
0.0082116285
0.008441394
0.008462039
0.008096647
0.007868324
0.007874924
0.007830732
0.0085201925
0.00801186
0.008332732
0.008174988
0.008211057
0.008221555
0.008132711
0.007936227
0.0077324216
0.0076559614
0.007561547
0.00799427
0.0073919906
0.009539962
0.009336938
0.00839051
0.008457611
0.008375448
0.008415328
0.008167967
0.007632389
0.007576365
0.007391308
0.0074765445
0.007583469
0.0075171944
0.007959395
0.0077724583
0.0077182804
0.0076544317
0.0075468495
0.00785051
0.008054659
0.007800261
0.0076191295
0.0076250248
0.0075040758
0.0072078328
0.007117121
0.007260217
0.0070559816
0.0071866983
0.007218166
0.0067298803
0.0075427718
0.00750024
0.007146392
0.00709676
0.0070540067
0.0067578754
0.0069646463
0.0068196715
0.006736509
0.006829772
0.007135146
0.0067827962
0.006382449
0.006770575
0.0065694004
0.006440773
0.0063175918
0.006558778
0.0070980447
0.0064638653
0.0066542714
0.006498471
0.0067098127
