0.4241372
0.06692276
0.099605255
0.07961999
0.05884227
0.058303524
0.05932857
0.0576828
0.05508614
0.05404961
0.054464832
0.053798646
0.052434623
0.052414116
0.052094717
0.050889228
0.049609598
0.049011726
0.048777055
0.048755053
0.049005877
0.049342334
0.04956812
0.048739854
0.04997864
0.05026586
0.04839434
0.049483728
0.050625056
0.049257476
0.049195137
0.049700644
0.04880649
0.049011234
0.0495455
0.04848135
0.048318256
0.048550557
0.047804296
0.048610315
0.049413305
0.048503768
0.048122853
0.048507933
0.04819842
0.048136737
0.048053518
0.047581535
0.04800622
0.04809351
0.047492296
0.048197865
0.048879053
0.048160892
0.04736073
0.047581445
0.04755378
0.047526512
0.047202677
0.04738758
0.047503587
0.04716134
0.046945766
0.04729004
0.047366887
0.04698938
0.046868533
0.047075097
0.046997596
0.046920557
0.04675444
0.047286123
0.04744936
0.046726525
0.047532063
0.048064638
0.047179762
0.047307808
0.04772362
0.0468524
0.04699107
0.04756691
0.046947706
0.046992432
0.047339812
0.046679746
0.047057938
0.047598302
0.046879712
0.046841364
0.047219247
0.04663734
0.04702127
0.04747873
0.046770234
0.046832055
0.04727528
0.046666294
0.04687253
0.047297407
0.04666398
0.046820868
0.047267403
0.046641808
0.04681368
0.04720342
0.04659151
0.046838257
0.047323316
0.046654683
0.046720292
0.047118265
0.04654445
0.046787202
0.047240634
0.04659039
0.0467129
0.047121894
0.046533983
0.04674533
0.047219116
0.046572614
0.04664595
0.047026396
0.046475578
0.04674455
0.04720063
0.04654048
0.046615023
0.04701383
0.046452854
0.046700973
0.047173757
0.046529222
0.046547204
0.0469116
0.04639125
0.046705786
0.047177818
0.046518024
0.046490878
0.046832304
0.046338737
0.046701938
0.047171373
0.046504762
0.04644594
0.04679509
0.046330053
0.046587944
0.046967868
0.046385344
0.046494197
0.046854477
0.046360403
0.046467558
0.046785433
0.046322137
0.04646209
0.046733398
0.04630035
0.04645754
0.04671066
0.04631108
0.04645084
0.046596628
0.04631294
0.046334457
0.046345156
0.04626446
0.046213478
0.046066966
0.046253603
0.0461468
0.046002638
0.046008736
0.04590513
0.04584551
0.04613216
0.046044286
0.04577888
0.045717735
0.045670465
0.045639742
0.045466613
0.045696754
0.045627058
0.045342613
0.04514606
0.04523304
0.045073133
0.044667434
0.044526745
0.044276316
0.044161927
0.043817658
0.043760132
0.043650135
0.04296261
0.043749273
0.043477472
0.04214741
0.042954788
0.0434798
0.04307681
0.041686174
0.043134574
0.04400763
0.04333913
0.04219081
0.04181193
0.04202505
0.0417638
0.041290898
0.04155553
0.04105106
0.04137024
0.041754488
0.040271208
0.041634157
0.04190359
0.04043628
0.04176891
0.041372407
0.039077032
0.041046742
0.043260258
0.04117962
0.03910981
0.04013217
0.04003082
0.039153557
0.039026283
0.03885494
0.03892085
0.039052207
0.037955552
0.03935955
0.040260337
0.038473118
0.038698796
0.039323907
0.037711266
0.038735826
0.03965341
0.038105994
0.038589835
0.039527882
0.037821386
0.03771567
0.038455438
0.037314504
0.038151417
0.038896795
0.037414707
0.037955802
0.038861156
0.03727915
0.037635878
0.03917029
0.03768548
0.036710598
0.03727417
0.036778588
0.037114594
0.037581623
0.036498357
0.03751137
0.038936194
0.0371765
0.036875635
0.03878161
0.037890304
0.036708284
0.03691194
0.036791135
0.03649159
0.036311615
0.0356399
0.036178026
0.036630005
0.035354555
0.036044408
0.037556555
0.035699908
0.03519844
0.036365066
0.03525001
0.03449306
0.035513323
0.034629405
0.034038465
0.034562137
0.033816945
0.033581514
0.034288343
0.03324312
0.032563392
0.03305583
0.032178532
0.031830188
0.031472746
0.030998098
0.030678818
0.030296197
0.030098459
0.030226225
0.02978555
0.02974677
0.029721102
0.03010909
0.029295316
0.027832791
0.029348195
0.02784764
0.03202671
0.031908497
0.02805224
0.031125037
0.029881775
0.02990911
0.030089729
0.026690906
0.027699733
0.026755728
0.028817197
0.02770122
0.034323465
0.03515676
0.02589643
0.03457624
0.037280917
0.030783808
0.032021914
0.037585452
0.031764563
0.027461821
0.028128996
0.026502268
0.029844278
0.031703565
0.026610235
0.028941175
0.03195631
0.028342932
0.026136333
0.02669172
0.024340436
0.02483709
0.025832059
0.024447853
0.02489624
0.024223218
0.024884438
0.024266696
0.023081347
0.02281248
0.023227455
0.022257237
0.0220026
0.024685731
0.023831358
0.026342137
0.0273994
0.022013707
0.031611
0.03573573
0.027336136
0.02321224
0.027050642
0.022856763
0.023708737
0.025363887
0.02163898
0.023029918
0.024308609
0.020359417
0.023985123
0.02518545
0.02066068
0.024455307
0.02832847
0.021803416
0.020254873
0.02190119
0.018469512
0.023576194
0.027909404
0.021992425
0.01973977
0.021358728
0.018190904
0.023006966
0.025566334
0.019668818
0.02099871
0.02445201
0.020514883
0.018689917
0.020105096
0.01847454
0.018421538
0.018465454
0.018144434
0.017333368
0.016826093
0.01668833
0.017797872
0.017176988
0.016719958
0.016340649
0.017518705
0.01712388
0.01635066
0.015655976
0.015551741
0.015506669
0.01591266
0.01522855
0.016410911
0.01584761
0.015016773
0.014658817
0.014764381
0.014174581
0.015651235
0.015376601
0.013410427
0.0131554855
0.014899383
0.015053266
0.013144749
0.0143995555
0.015449035
0.013490505
0.015474168
0.01636257
0.01571711
0.013604877
0.013599421
0.014374994
0.013154395
0.012621866
0.012661129
0.012320235
0.013128581
0.012556967
0.012036744
0.012045528
0.011537765
0.012657116
0.011805952
0.01367757
0.012383382
0.01557145
0.016393438
0.012866318
0.013534895
0.013558421
0.014300908
0.015073358
0.01177981
0.011063229
0.01228721
0.011432682
0.011052628
0.012016311
0.011753045
0.010674526
0.010623373
0.011917751
0.011097201
0.012639436
0.012384228
0.011207546
0.0111961635
0.010825948
0.010571271
0.01006627
0.009795579
0.009491987
0.009629567
0.0091226455
0.00963927
0.009446201
0.00986757
0.00937777
0.010103244
0.009815737
0.00911406
0.008995772
0.008879288
0.008667508
0.008874681
0.008884099
0.008331932
0.009369382
0.008201974
0.009077804
0.008401851
0.008908939
0.008851786
0.007803565
0.008233317
0.008093756
0.007426349
0.010181722
0.011389564
0.00916966
0.00812821
0.0090191355
0.008603035
0.010363135
0.008607502
0.010563669
0.012653123
0.008575183
0.012163207
0.013112031
0.009795078
0.010935145
0.010734898
0.009007764
0.009307451
0.008349668
0.0088887075
0.009072271
0.009592553
0.0090266885
0.008467682
0.008461411
0.008793526
0.008202337
0.007927763
0.0075310916
0.00816979
0.008207533
0.0078065363
0.007691135
0.0077224746
0.007338217
0.008733279
0.0076955264
0.0077175363
0.0074333786
0.007161603
0.006851392
0.0077486914
0.0074942545
0.0072580148
0.0071745985
0.007140519
0.007004662
0.0071790908
0.0068687587
0.007203043
0.0071049538
0.0069193565
0.0066096783
0.007191463
0.0068579745
0.0071677454
0.0069101397
0.006839519
0.006631294
0.0072394595
0.007107874
0.006587287
0.0064306078
0.0071503096
0.00672836
0.006749856
0.0066098175
0.006477808
0.0061217514
0.0067806863
0.006535934
