0.28731623
0.10597525
0.05083205
0.031423215
0.03136869
0.024666192
0.025652984
0.02610547
0.021304667
0.025326015
0.028451039
0.024201205
0.020996643
0.023149952
0.025011992
0.023051376
0.02055752
0.023698106
0.024029417
0.022153601
0.021073664
0.021861492
0.022730714
0.021143407
0.021094404
0.02157939
0.0217331
0.020913148
0.020733451
0.021060431
0.0206492
0.020491866
0.021105831
0.020651298
0.02093744
0.020920703
0.020877369
0.02072771
0.020537416
0.020791326
0.020518767
0.020729842
0.020719597
0.020600796
0.020527065
0.02045687
0.02049346
0.020388298
0.020397695
0.02028195
0.020601235
0.020416489
0.02072558
0.020629724
0.020304935
0.020357419
0.020256178
0.02022293
0.0203596
0.02023722
0.020467361
0.020372754
0.020244371
0.020639725
0.020232158
0.0212228
0.02155619
0.020409962
0.02075207
0.020846365
0.02091895
0.020423798
0.02035374
0.020514486
0.020041404
0.020098396
0.020066077
0.02000447
0.019962285
0.019922534
0.019865617
0.020153658
0.020040663
0.019988662
0.020071007
0.019898938
0.020184876
0.020204542
0.020256853
0.019954896
0.020410428
0.020546336
0.019796615
0.019986687
0.02026119
0.019929374
0.020016659
0.020171525
0.020257752
0.01982169
0.02026424
0.0205498
0.020015992
0.019817917
0.019818032
0.019840961
0.019738039
0.019617375
0.019778598
0.019467324
0.019764047
0.019566847
0.019552493
0.01950374
0.019342624
0.019543825
0.019586211
0.019530103
0.019030182
0.019032326
0.01893502
0.018925568
0.018903479
0.018642144
0.01839098
0.018557383
0.018332003
0.018910652
0.017684868
0.021540657
0.023270868
0.020840831
0.022531912
0.024040649
0.021354765
0.01861018
0.019071873
0.020249581
0.019224232
0.017985009
0.018966274
0.019071957
0.0192897
0.018995084
0.018112486
0.017593516
0.018115891
0.017982801
0.017384144
0.018428931
0.018608106
0.018660499
0.01862741
0.017464042
0.018540416
0.01990088
0.020839179
0.02063837
0.018417215
0.017901754
0.017832013
0.018976593
0.019784022
0.018907836
0.018907977
0.018644277
0.017473279
0.01814885
0.018414276
0.01838114
0.01779933
0.016888529
0.017179152
0.017887173
0.017972775
0.017687118
0.016910236
0.017468415
0.01819885
0.017726144
0.018596558
0.019669794
0.018007455
0.016609335
0.0167655
0.016596407
0.016442271
0.016473776
0.016590152
0.016345726
0.016143568
0.016207075
0.016099129
0.015873883
0.016111916
0.016273549
0.016044283
0.015833367
0.015764087
0.015616273
0.015561439
0.015572396
0.015397231
0.015464265
0.015456222
0.015329175
0.015265904
0.015146871
0.014956308
0.015003434
0.0148578985
0.015197995
0.015445963
0.015164676
0.0148201035
0.015071467
0.014964049
0.014623965
0.014983278
0.015212326
0.015101701
0.014724559
0.014628031
0.01467409
0.014952737
0.01476255
0.014500479
0.014418234
0.014802645
0.014772219
0.014409489
0.014278744
0.014478378
0.014413406
0.014622211
0.014575429
0.014141965
0.014068457
0.014684543
0.014653531
0.014079686
0.014038891
0.014223098
0.01403677
0.014280598
0.014092751
0.014398597
0.014437969
0.013966404
0.013883124
0.014204445
0.014033563
0.014391326
0.014282405
0.013935543
0.01408603
0.013760866
0.013575944
0.014236409
0.014273795
0.01382349
0.013755738
0.013602431
0.013528195
0.013494491
0.013586298
0.013444277
0.013404357
0.01344311
0.013561363
0.013272583
0.013306111
0.0135172205
0.01329764
0.013624914
0.01379098
0.013666124
0.013930236
0.01351533
0.013509631
0.01339291
0.014128466
0.013644785
0.0137616545
0.013910008
0.013231643
0.013389851
0.013258249
0.013156268
0.0133524835
0.0132863335
0.0133141475
0.013049428
0.013620612
0.013373315
0.013445635
0.013452869
0.013340664
0.013134085
0.013175667
0.013121071
0.013320443
0.013414341
0.013305317
0.013343518
0.012971814
0.013087769
0.0130939195
0.013016687
0.013044172
0.013063666
0.012931404
0.012877909
0.012795811
0.013027676
0.012716482
0.013994797
0.014485662
0.0132389935
0.0132393995
0.013641666
0.013341094
0.013044569
0.013116295
0.013090498
0.012905111
0.013051529
0.012649864
0.013653574
0.0139493765
0.013195727
0.012932678
0.012922096
0.012993229
0.012740605
0.012716358
0.0127886245
0.012655542
0.012747892
0.012862776
0.012692575
0.012535398
0.01259559
0.012518165
0.012609288
0.0125932535
0.012958297
0.012797382
0.012468132
0.012492403
0.012466234
0.012409617
0.012309263
0.012371448
0.012288199
0.01230559
0.0123441545
0.01230755
0.012243755
0.012143295
0.012117605
0.012448096
0.012138088
0.012970894
0.01343244
0.012678131
0.012943529
0.013047504
0.012164825
0.0129451305
0.013125322
0.01211607
0.013761237
0.014525786
0.014081585
0.013515617
0.012554132
0.012934384
0.013165474
0.012830223
0.012413755
0.013154745
0.013271529
0.01294975
0.01291465
0.012606251
0.012565454
0.012259412
0.012300625
0.0125547005
0.011996254
0.012250015
0.012579583
0.012384993
0.012109303
0.011819378
0.0123177245
0.012263536
0.012115953
0.012060097
0.012233186
0.012319167
0.011919287
0.011750437
0.011763357
0.011723538
0.011862562
0.011675504
0.0116850855
0.011575185
0.011799276
0.011501056
0.011720524
0.011510006
0.011551261
0.011591293
0.011266478
0.011682582
0.01158528
0.011308144
0.011490349
0.011093065
0.011668061
0.011317205
0.0116852075
0.01176316
0.011138185
0.011472334
0.011024214
0.011347591
0.011435675
0.010918997
0.011209193
0.011131187
0.010565281
0.010999481
0.010832815
0.010710202
0.010585123
0.010718565
0.010679967
0.011304274
0.010814984
0.01081005
0.0107302265
0.011007634
0.010418281
0.010517147
0.01030218
0.010592948
0.010700435
0.01024595
0.011554574
0.011290043
0.01102937
0.010693631
0.010301543
0.010602335
0.010518282
0.009896451
0.011426185
0.012088794
0.01092916
0.011574402
0.011638201
0.01114525
0.010855739
0.010225509
0.010704259
0.010427222
0.010671203
0.010252178
0.010312288
0.010286496
0.010214701
0.0102885915
0.010025559
0.009866019
0.009977784
0.009855349
0.010755117
0.01064822
0.009783719
0.010771473
0.009821608
0.010247964
0.010492663
0.010216782
0.010140714
0.010263757
0.009918548
0.0100867655
0.009961788
0.009821267
0.009724978
0.00960303
0.009820409
0.009636453
0.009834679
0.009629744
0.01061084
0.010882785
0.010416544
0.009913954
0.009846672
0.009735803
0.010082932
0.010011413
0.01042495
0.010037134
0.010132298
0.009427065
0.01013668
0.010397711
0.009955016
0.009600497
0.009522988
0.009589625
0.009304379
0.009505035
0.009694602
0.009567585
0.009542219
0.009478782
0.010782316
0.010837551
0.010535985
0.009980348
0.010975315
0.010894391
0.010167561
0.009721872
0.00992803
0.009734713
0.009570749
0.0098362565
0.009622
0.009595186
0.009245937
0.009750604
0.009644609
0.009599634
0.009236026
0.009308703
0.00944486
0.009454073
0.009895564
0.009343748
0.010654333
0.011218575
0.010150786
0.009895585
0.009891602
0.010144151
0.009598666
0.009978276
0.00997725
0.010186742
0.0101232575
0.009217794
0.009447713
0.010539317
0.0114880465
0.00999881
0.010373487
0.010268829
0.0097796535
0.009724174
0.009748548
0.009714083
0.009266995
0.009406506
0.00953628
0.009271557
0.009207296
0.00922265
0.008958603
0.009386667
0.009105605
0.008891057
0.009215268
0.009315758
0.008994878
0.008846614
0.008737219
0.008795117
0.008837905
0.0088331
0.008739193
0.008719258
0.008355812
0.009267212
0.00898106
