0.2871733
0.04935417
0.07740905
0.046228822
0.021271868
0.033541728
0.033443574
0.023702925
0.023236876
0.025756806
0.024537973
0.02137068
0.022032537
0.02394709
0.022795817
0.020269856
0.022367382
0.02475316
0.023046777
0.020430224
0.02109485
0.021967994
0.021803686
0.020882124
0.019743292
0.020062856
0.020471072
0.019384375
0.019206174
0.019737273
0.019694062
0.01922146
0.018672546
0.018575808
0.018409068
0.018056517
0.017861674
0.017672772
0.017425446
0.017006991
0.016806288
0.01657445
0.016266612
0.01605923
0.01600092
0.01581624
0.01551446
0.015541193
0.015380592
0.015645461
0.01523034
0.015932646
0.016161278
0.015242101
0.016029319
0.016225507
0.014967665
0.016126463
0.017257737
0.01598864
0.014784371
0.015877465
0.016213909
0.014884633
0.015580506
0.01673265
0.016103225
0.01491915
0.015142915
0.015820682
0.014885769
0.014746872
0.015177117
0.014583242
0.014655906
0.014910693
0.014332548
0.015416811
0.016340243
0.015407494
0.0143073285
0.015237417
0.015801592
0.014811055
0.0146516
0.014936249
0.01481465
0.014321789
0.015006178
0.015330722
0.015327118
0.015197791
0.014865083
0.014359956
0.014679305
0.015066476
0.014794148
0.014461587
0.014458827
0.014384286
0.014874332
0.014891058
0.014320791
0.014148544
0.0143984035
0.014378582
0.014491976
0.014175788
0.014288413
0.014404391
0.014302224
0.014199006
0.014105816
0.013999554
0.014322016
0.01427089
0.014032456
0.013968664
0.01410257
0.0139878215
0.014186013
0.014075329
0.013904676
0.013879078
0.014115038
0.014074373
0.013828188
0.013816584
0.013948291
0.013833129
0.013931344
0.0139184445
0.013771128
0.013724904
0.013944302
0.01386317
0.013779762
0.01372939
0.013864052
0.013782819
0.013800251
0.013780854
0.013725857
0.013677114
0.013855369
0.0138320485
0.01365302
0.013618752
0.013857737
0.013800216
0.01364668
0.013624988
0.013760346
0.013707135
0.013651607
0.013614413
0.013726632
0.013678876
0.013622261
0.013590041
0.013693898
0.013650124
0.013597089
0.0135610625
0.013676237
0.013637499
0.013556977
0.013516507
0.013692483
0.013659097
0.0134993335
0.013467
0.013712236
0.013675243
0.013450251
0.013425484
0.013725377
0.013678248
0.013421322
0.013422281
0.013576218
0.013497016
0.013542697
0.013556304
0.013419281
0.013438229
0.013434097
0.013396196
0.013473491
0.01342572
0.013451461
0.013441496
0.013381657
0.013397448
0.013348485
0.0133403465
0.013369285
0.013277136
0.013609295
0.013582799
0.0132765025
0.013420696
0.013308109
0.0135899745
0.013762624
0.013330472
0.013385753
0.01339012
0.013182734
0.01353711
0.013392686
0.013285345
0.013350673
0.01319963
0.013201892
0.013330091
0.0133096455
0.013134363
0.0131483255
0.013067168
0.013038132
0.013281874
0.013270921
0.013121215
0.013379827
0.013054927
0.013255623
0.013163493
0.013285865
0.013752595
0.013194446
0.013051893
0.013310465
0.013106738
0.012860016
0.013145448
0.012965324
0.013218142
0.0133270845
0.012919194
0.01301906
0.013058743
0.013253835
0.013141003
0.012797681
0.012931064
0.012950051
0.012721926
0.01307369
0.013163336
0.012752161
0.012853195
0.012957308
0.0128803775
0.012712903
0.012666654
0.0126047805
0.012685284
0.012691165
0.012787956
0.01266794
0.012734492
0.012751213
0.012687576
0.0125421705
0.012716678
0.012696743
0.012425273
0.01236664
0.012624127
0.012571234
0.012420046
0.012381553
0.012505976
0.012387979
0.012401093
0.012383892
0.01231999
0.01222984
0.012389548
0.0123788
0.012259089
0.012148585
0.012356438
0.012300715
0.012148437
0.012101342
0.012212095
0.012137849
0.012098727
0.012039572
0.012098084
0.012032449
0.0120323645
0.011979848
0.012000593
0.011915711
0.01195792
0.01190382
0.011828591
0.011755641
0.011911764
0.011864866
0.011634565
0.011709645
0.01170303
0.0115329
0.011661385
0.011517732
0.011597678
0.011635818
0.011478163
0.01144658
0.011298067
0.011406143
0.011465316
0.011229441
0.011217865
0.011432408
0.011045165
0.011104534
0.011017688
0.011096172
0.01099734
0.010719362
0.010767021
0.010828733
0.011197259
0.010722231
0.012028798
0.011732571
0.011099423
0.011050343
0.010830996
0.010639337
0.01111769
0.010739355
0.01100685
0.010811423
0.010610302
0.010523744
0.010615769
0.010470375
0.010543007
0.010461503
0.010300886
0.010261706
0.010295466
0.010164551
0.010266141
0.010052336
0.010269954
0.009983142
0.010476932
0.01033973
0.009977833
0.009974902
0.00994173
0.009667679
0.010348193
0.010384901
0.0094838245
0.011050451
0.010791939
0.00960486
0.009949051
0.00952632
0.010222706
0.010319906
0.009477609
0.009882546
0.010114905
0.009954419
0.009647844
0.009559947
0.009727511
0.00954936
0.0096217925
0.009608324
0.009124468
0.009248848
0.009129821
0.008968414
0.009236153
0.009128764
0.009438676
0.009223575
0.008954003
0.009037019
0.008881397
0.008874399
0.008693416
0.008730269
0.008577473
0.008797661
0.008496131
0.008858405
0.008799908
0.008664058
0.008495906
0.008401682
0.008453492
0.008271478
0.008725707
0.008680526
0.008494411
0.008259126
0.008555096
0.008090553
0.008789659
0.008548847
0.008228097
0.008626281
0.008110396
0.008516301
0.008486394
0.0080818385
0.008248398
0.008004393
0.007980568
0.008084546
0.007856075
0.007967223
0.008054227
0.0077313483
0.007873747
0.007700833
0.007634159
0.0076309093
0.0077370186
0.007367926
0.00841895
0.008182263
0.008464232
0.008215486
0.00832448
0.008138922
0.007927486
0.007727889
0.0074794577
0.0074021886
0.007797625
0.0075318217
0.007578468
0.0074319057
0.007372439
0.007319366
0.0074042915
0.007178079
0.0073677655
0.0071589784
0.0074260756
0.0072945473
0.007210687
0.007289476
0.007348088
0.006991122
0.0072530564
0.0071663507
0.0070074
0.006983531
0.0069397744
0.007012926
0.00666651
0.0071078767
0.006877581
0.006957728
0.007009718
0.0067092427
0.0070137694
0.006532192
0.007494357
0.00730783
0.0067556095
0.0070156218
0.006628193
0.006727366
0.006798019
0.006779427
0.0063892403
0.007336451
0.006901787
0.007122146
0.0071962452
0.00721132
0.0066054724
0.007342397
0.007297764
0.0066914256
0.006598998
0.006797387
0.0065042228
0.0069700107
0.0068130265
0.0065069296
0.0066913827
0.006911442
0.0065449774
0.0064339973
0.0064380267
0.0064222976
0.0061595296
0.0066510974
0.0064213127
0.006422864
0.0063737817
0.0063889604
0.006439529
0.0060534724
0.0063733174
0.006053516
0.006611859
0.0067280815
0.0059435237
0.006054171
0.005868374
0.006204928
0.0061128647
0.0057861614
0.0059874593
0.005876683
0.0062725544
0.0059885024
0.0066012125
0.0064624436
0.0065466445
0.00599546
0.006350849
0.0058440785
0.0066668787
0.0067939977
0.006361149
0.0060117976
0.0066348515
0.0064805276
0.005883377
0.0055620293
0.006121361
0.0056842924
0.0063311663
0.006323339
0.0058538993
0.0058184247
0.005633215
0.005438918
0.00614127
0.0057773404
0.0059093344
0.0059260256
0.005580216
