0.28811282
0.053960472
0.06559104
0.038530134
0.025556482
0.026950436
0.024256716
0.023183659
0.023095598
0.02242863
0.021736948
0.022118604
0.021612005
0.021368466
0.021645041
0.02072832
0.021912927
0.022394106
0.02079499
0.021392062
0.022548348
0.02125682
0.019911183
0.0215459
0.021584826
0.01977092
0.020622607
0.021389505
0.020542027
0.019458817
0.019845681
0.02037953
0.019257447
0.019510753
0.019953398
0.019200636
0.019192815
0.019162808
0.018782543
0.018689709
0.018638005
0.01809801
0.018154694
0.018017625
0.017312942
0.01753567
0.017259365
0.016991222
0.016952887
0.016877944
0.016742062
0.016501889
0.016837869
0.016792534
0.016307324
0.016269248
0.01627112
0.015890123
0.015762893
0.01579575
0.015608729
0.015576403
0.015312891
0.015534581
0.015422809
0.015040848
0.015489516
0.014982753
0.016336491
0.01667761
0.015660742
0.015654055
0.015511565
0.01577639
0.015398753
0.014736242
0.014733362
0.014807653
0.014679742
0.014762604
0.014647366
0.014615383
0.014813122
0.014419111
0.01570585
0.015952164
0.01465731
0.015625264
0.016474916
0.015333538
0.014873162
0.015211574
0.015111923
0.015036366
0.014433265
0.014969088
0.015425153
0.014321901
0.014839503
0.015585326
0.014754946
0.0144481575
0.014587077
0.014695883
0.014111583
0.0142587945
0.014156357
0.014073891
0.014096511
0.014040823
0.013922299
0.0139960395
0.013643321
0.01474592
0.015233743
0.013928048
0.014973648
0.016300716
0.015033188
0.013939924
0.014249849
0.014282172
0.014054907
0.013716777
0.0139511125
0.013807786
0.013659976
0.013716556
0.013767424
0.0135912625
0.013924935
0.013806964
0.013526987
0.013463597
0.013602468
0.013519553
0.013631959
0.013527784
0.013363168
0.013327551
0.013474788
0.013375458
0.01336274
0.013255268
0.013280188
0.013190837
0.013324447
0.013271511
0.013018742
0.012932955
0.013277915
0.01317327
0.012886743
0.0128126545
0.013024929
0.01289925
0.012764608
0.012684476
0.012759843
0.012653377
0.012564428
0.012463179
0.0125973215
0.012457788
0.012336332
0.012249234
0.012384448
0.012289447
0.012071367
0.011943221
0.012291479
0.012125527
0.011807449
0.011676102
0.012029712
0.011914889
0.011645098
0.011518341
0.011733375
0.011589778
0.011547047
0.011475998
0.011459112
0.011334487
0.0114636095
0.011379264
0.011249531
0.011119465
0.011342128
0.011214945
0.011128903
0.011085622
0.011046976
0.011013259
0.010994955
0.010937232
0.010944176
0.010870363
0.010823302
0.010675029
0.010904326
0.010737966
0.010667975
0.010551322
0.010605357
0.010483276
0.010588169
0.010525676
0.010333203
0.010331913
0.010606997
0.01030232
0.010560776
0.010347348
0.010187031
0.010488319
0.009965894
0.010817606
0.009905239
0.010930267
0.010510464
0.010384029
0.010130324
0.010124091
0.009838202
0.009961932
0.009895775
0.009718544
0.010355086
0.010127935
0.009924623
0.010309939
0.009564202
0.01005081
0.009583159
0.009816426
0.009828654
0.009312338
0.009726604
0.00961676
0.009168586
0.009383151
0.009087217
0.009555724
0.009383029
0.009293591
0.009133552
0.009112868
0.009018318
0.008882527
0.009179144
0.008954577
0.009177214
0.009276886
0.008710467
0.009349852
0.009729701
0.009256598
0.008481593
0.009430914
0.008962318
0.009675521
0.010178852
0.00854466
0.010466855
0.011657231
0.009575036
0.009738137
0.010221177
0.009451824
0.009641543
0.009473461
0.008596997
0.009447212
0.009411388
0.008302859
0.008762387
0.008340648
0.0088632675
0.009396881
0.0080158
0.010489915
0.01282272
0.0104098255
0.007828533
0.009178779
0.0085102925
0.0088089565
0.00907549
0.008317268
0.0085673025
0.008389969
0.008316197
0.008215093
0.007853279
0.008025688
0.007705791
0.0077644796
0.0077475053
0.007484285
0.0078796465
0.0077408454
0.0074437875
0.0074894237
0.0073900074
0.007355828
0.0072188955
0.0074480716
0.007114952
0.008150526
0.007731126
0.007911618
0.0076863654
0.0075981966
0.0077329203
0.0071888305
0.008036952
0.0080717625
0.007276319
0.0074836197
0.006906856
0.008271768
0.008387496
0.006942461
0.0076992735
0.007828561
0.0076559037
0.0073218863
0.0070728394
0.0074028424
0.0066540916
0.008208745
0.008119609
0.007196607
0.0070189624
0.007155729
0.00741744
0.0068279505
0.0070908596
0.0072706244
0.00655463
0.007086102
0.006899001
0.0066049336
0.006785784
0.007024259
0.0064748544
0.00742995
0.0073700882
0.0074801273
0.006811686
0.007093118
0.007054945
0.007534592
0.0066340654
0.0077239294
0.0072010313
0.0077020633
0.007531279
0.006601988
0.0064906194
0.007071988
0.0068563023
0.0070084403
0.0067066927
0.0069757854
0.0068429387
0.00655542
0.00652732
0.00663506
0.006543758
0.0064562415
0.006339114
0.0065034986
0.006318029
0.0066663246
0.006425044
0.006356945
0.006452538
0.0062550143
0.00609299
0.00629559
0.006307336
0.006179027
0.0061149695
0.005976964
0.005927974
0.0060864375
0.005916523
0.006210612
0.0059866146
0.006042296
0.005985251
0.0057353745
0.0055726506
0.006012322
0.005790396
0.005686755
0.005604492
0.0054445197
0.005453571
0.0053087994
0.005350878
0.005411649
0.0052008205
0.005159654
0.005520756
0.0052743107
0.00576514
0.005799724
0.005554998
0.0056924424
0.0058592986
0.0053124297
0.0064482945
0.0066315313
0.005154798
0.006007172
0.0058096345
0.0054220133
0.0055788495
0.005474524
0.0052060615
0.005763165
0.005752346
0.005067485
0.0051441486
0.0054969806
0.0050577084
0.0054066577
0.0054286816
0.0051459963
0.005038321
0.0052958936
0.0051821065
0.0049675754
0.005071199
0.0048749447
0.004739827
0.005005391
0.0047543137
0.005647043
0.0054880646
0.004782694
0.0047309245
0.0048701004
0.0045382376
0.005745582
0.005604546
0.004688851
0.004722022
0.004743975
0.0045394786
0.0047447416
0.004485929
0.0048641693
0.0047142557
0.0047008493
0.00454702
0.0047877682
0.004585419
0.0045858254
0.004510816
0.0047455514
0.0046126465
0.0045338087
0.0045085493
0.0043734633
0.0044457125
0.004278607
0.0042463797
0.0044968543
0.0041960063
0.004981223
0.0050003417
0.004174335
0.0046150354
0.004488712
0.004120622
0.004435756
0.0044475524
0.0043051485
0.0040101307
0.004594737
0.004388191
0.004228514
0.004259641
0.0043342686
0.0040823217
0.004189873
0.0042118784
0.0041777766
0.0038648185
0.0046030083
0.00432451
0.0041057393
0.004518419
0.003896069
0.004743022
0.004650469
0.004375033
0.0046452177
0.00406294
0.0049677957
0.0054736673
0.004211134
0.0044767056
0.004667191
0.0043505877
0.0041773315
0.004107128
0.004194073
0.0038272813
0.004156188
0.003914164
0.0043291524
0.0041755177
0.004175043
0.004222238
0.004024926
0.004259974
0.0039344695
0.0045297467
0.004385053
0.0041077198
0.0042858142
0.0040114094
0.003939579
0.0040020146
0.0037976366
