0.28862342
0.04847804
0.07013676
0.046951607
0.023065398
0.033517748
0.03427127
0.025667697
0.024140129
0.026103884
0.024838455
0.022940546
0.02279433
0.023397654
0.022830186
0.021847324
0.0228043
0.023244962
0.021883732
0.02252646
0.0235791
0.02273455
0.021442326
0.023077875
0.023682257
0.022642145
0.021588365
0.02212072
0.02270496
0.021674069
0.021653371
0.021792015
0.021720113
0.021115666
0.02152097
0.021300502
0.02082798
0.020867193
0.020516058
0.020436062
0.020463733
0.02026415
0.02049817
0.020388288
0.020179907
0.020081228
0.020091837
0.019772934
0.020159489
0.020094397
0.019290542
0.01986353
0.02017899
0.019426646
0.018672407
0.018753488
0.018830923
0.01825583
0.017959822
0.017944654
0.017466638
0.01768029
0.017746804
0.017318701
0.017146748
0.017204987
0.016840383
0.017210554
0.017250488
0.01715279
0.016561352
0.017357342
0.01739241
0.016212238
0.016701613
0.016611269
0.016838515
0.016451327
0.015772417
0.015738146
0.015728604
0.015444695
0.015427145
0.01538683
0.015254252
0.014897342
0.015189909
0.01518402
0.01478035
0.014568747
0.014392115
0.014424208
0.014088499
0.014284876
0.014059394
0.01414239
0.013948289
0.013556544
0.013579811
0.013603327
0.013395347
0.013536605
0.013335347
0.013315919
0.0131462915
0.013065119
0.012936677
0.012902722
0.012698452
0.013167031
0.012993001
0.012838729
0.012979541
0.01237236
0.012732458
0.012512237
0.01236368
0.012528565
0.012299274
0.0123727145
0.012245712
0.012161147
0.011928298
0.011911093
0.011815895
0.012192979
0.011747383
0.011946929
0.011727944
0.0117367795
0.011540964
0.011594492
0.0114126755
0.011612184
0.011161398
0.011907664
0.011915166
0.011396334
0.01153959
0.011294103
0.010971981
0.011263706
0.010772566
0.011264477
0.011287909
0.010883115
0.010684483
0.01082167
0.0105552105
0.010753162
0.010804442
0.010411979
0.010275813
0.0105590625
0.0102312155
0.010376281
0.010399914
0.009894978
0.009945381
0.009945289
0.009597209
0.010037164
0.009956573
0.00964807
0.009870459
0.009658716
0.009665869
0.009689335
0.009639282
0.0093461005
0.009570453
0.0094819
0.009316295
0.00920244
0.009427122
0.0090224445
0.009651572
0.009829977
0.008906972
0.009894836
0.010469814
0.009411225
0.0090119345
0.009435818
0.009283289
0.008894573
0.0089198155
0.008973203
0.008633832
0.008643982
0.008603162
0.008635323
0.008507614
0.008556093
0.008567524
0.008367706
0.008489468
0.008328279
0.008490127
0.008561481
0.008437604
0.008140177
0.008652651
0.0085248025
0.0079634115
0.007915357
0.0082392795
0.008116872
0.008087114
0.00810382
0.0078055225
0.007926397
0.007722482
0.0075986017
0.008330934
0.008041847
0.00832145
0.008185885
0.007906098
0.007958547
0.007538141
0.007857697
0.0077150273
0.007530467
0.0075676464
0.0075492784
0.0073393458
0.0076740594
0.007700246
0.007239919
0.0073055527
0.007390735
0.0071948175
0.00750214
0.0075243353
0.0072033345
0.0071898215
0.007264165
0.007153721
0.0073250593
0.007237241
0.007042264
0.006995058
0.0069741826
0.0067473915
0.0071037873
0.006968524
0.0068751597
0.0067905257
0.0067714807
0.006762039
0.006683823
0.006521843
0.0073918724
0.007377529
0.0065062195
0.0072601885
0.007532835
0.0065763057
0.0074922643
0.008575323
0.0075320546
0.006534157
0.007016912
0.0070684827
0.0064372756
0.007057538
0.0068429685
0.006655129
0.006726851
0.0065897126
0.0064776223
0.006558705
0.006530059
0.0060669943
0.006240128
0.005973292
0.006340546
0.0062786806
0.0060035908
0.0059963153
0.006129774
0.006000392
0.0057999655
0.0058626584
0.0058287736
0.005795158
0.0058241338
0.0055680606
0.0055283927
0.0062673204
0.00579506
0.006530974
0.006700774
0.0056735747
0.007014552
0.0076624653
0.0069087553
0.0064590513
0.0062017646
0.0058126827
0.0059748455
0.006283375
0.00603238
0.0059086625
0.0056785517
0.0057605766
0.0056375577
0.0057505057
0.005626013
0.005515149
0.005388494
0.005772985
0.0058220625
0.0056563145
0.005809358
0.005830422
0.005508598
0.005779331
0.005761868
0.0052617
0.005196135
0.0053136386
0.0052098683
0.0055016563
0.005429139
0.005016956
0.004950848
0.005089835
0.0049767722
0.0051502693
0.0049914513
0.0052337362
0.0050794906
0.0052861203
0.0050616544
0.0050170464
0.0049950336
0.0049479324
0.0048506614
0.0051674363
0.0050576297
0.004857416
0.004801152
0.004887061
0.0046794
0.0050770952
0.005087309
0.0047068833
0.0046661296
0.0048427978
0.0045791715
0.005091335
0.005095126
0.00467107
0.004604588
0.004733529
0.0045902957
0.004995996
0.0049697445
0.004635422
0.0045194584
0.004699472
0.0046247113
0.004735368
0.0046372064
0.004535976
0.0044809487
0.004655457
0.0045445873
0.0045236424
0.004473614
0.0045535527
0.004540853
