0.28827623
0.04390331
0.07428523
0.0558639
0.024255866
0.03254893
0.036455423
0.028698608
0.022036878
0.025209302
0.028171008
0.0249015
0.021437662
0.021944096
0.02340713
0.02232421
0.02060558
0.021700477
0.02289237
0.02242352
0.02098254
0.020702997
0.021292659
0.021165634
0.020449268
0.02106154
0.021560496
0.021312252
0.020930396
0.020349687
0.020958452
0.021415183
0.020860657
0.020918673
0.020632932
0.02036619
0.020536175
0.020182228
0.020423071
0.020458588
0.020524822
0.020443626
0.020024532
0.020162541
0.020260759
0.02003746
0.019901274
0.019707385
0.019963967
0.01970397
0.020070512
0.020045772
0.019506456
0.019650184
0.01964337
0.019293861
0.019863216
0.020001257
0.019307932
0.019742927
0.019933453
0.01948293
0.019247241
0.0196328
0.01936928
0.01915094
0.01921884
0.019120418
0.01904018
0.019109221
0.018940458
0.019013634
0.018928949
0.01885257
0.018959152
0.018737582
0.019204913
0.019034632
0.018591596
0.018385509
0.018351443
0.018009372
0.017836567
0.017716477
0.017141128
0.017223023
0.017240211
0.016643494
0.016654842
0.016345272
0.016434612
0.01656906
0.016180754
0.016145432
0.01600924
0.015726374
0.01584676
0.015623755
0.015467565
0.015503985
0.015263088
0.015195786
0.0150709925
0.015154399
0.014930745
0.015015177
0.014947294
0.014925596
0.014929849
0.014819886
0.014784187
0.014765474
0.014594664
0.014531749
0.014381807
0.014529131
0.0144559955
0.014314488
0.014376183
0.014168218
0.01473182
0.014842446
0.014480914
0.013992782
0.0141494125
0.0142623605
0.014007873
0.013666359
0.01418634
0.014041345
0.0134567795
0.013596927
0.013618328
0.013264346
0.0136619955
0.013664714
0.013192887
0.013120544
0.013291652
0.012864541
0.013473078
0.013634202
0.0128721865
0.013105559
0.0134277595
0.0129196225
0.012497999
0.013054748
0.012972149
0.012267756
0.012449953
0.012558535
0.011977524
0.012559257
0.012772401
0.012071225
0.011841944
0.012112425
0.012015964
0.011348057
0.01142069
0.011537976
0.011085664
0.011452816
0.011570287
0.011318673
0.010840811
0.01174345
0.012309011
0.011363263
0.011266966
0.011211514
0.011130359
0.011235851
0.010615892
0.011598443
0.012173877
0.011385366
0.011035971
0.011075282
0.011278507
0.011293247
0.010837481
0.010688137
0.010836353
0.010836102
0.0105506815
0.010477263
0.010543521
0.010501365
0.010488525
0.010380197
0.010674915
0.010659363
0.0103567615
0.010240756
0.010514352
0.010508709
0.010358187
0.010252275
0.0104201725
0.010369606
0.010345354
0.01028391
0.0102141565
0.010172018
0.010178451
0.010064371
0.010133474
0.010047321
0.010147031
0.01002884
0.0100380145
0.009942657
0.010001934
0.009957973
0.009938065
0.009908591
0.00992972
0.009898841
0.009832338
0.009813244
0.0097827455
0.0097358655
0.009844375
0.009786993
0.009709361
0.009679902
0.009728406
0.009664621
0.009719276
0.009687733
0.009582403
0.009537872
0.009766988
0.009702277
0.009526423
0.00959111
0.009497338
0.009451649
0.009978884
0.0098727085
0.0095214825
0.009586311
0.009546842
0.009458195
0.009499015
0.009484865
0.009401284
0.009583886
0.00935766
0.009649622
0.00959456
0.009359032
0.009433698
0.009325893
0.009534448
0.009384592
0.009690371
0.009674235
0.009539946
0.009499901
0.0095064035
0.009396502
0.009419872
0.009490035
0.009296521
0.009289342
0.009313279
0.0093072625
0.009305432
0.009161254
0.009517729
0.009293987
0.009284349
0.009196576
0.009230576
0.0091634635
0.009172697
0.009113486
0.009230093
0.009207506
0.00906337
0.009001373
0.009078351
0.008919944
0.009223022
0.009156967
0.008957059
0.0090131145
0.009036146
0.008886096
0.00903841
0.008888237
0.009102947
0.00904645
0.008857287
0.008856057
0.008786558
0.008855059
0.008802015
0.008818549
0.008784306
0.008847634
0.008762625
0.008821722
0.008783118
0.008697424
0.008650444
0.008710803
0.0085926065
0.008817536
0.008823133
0.008465267
0.00868716
0.008361326
0.008545365
0.008435146
0.00840808
0.008529763
0.008447555
0.008220557
0.008273222
0.008265463
0.008240531
0.008204812
0.008146792
0.008158696
0.008095616
0.008013311
0.008098143
0.008001107
0.008015858
0.007867747
0.008016047
0.007959891
0.008068656
0.00799317
0.007904834
0.0077892966
0.00802341
0.0078290505
0.00789323
0.00788542
0.00762579
0.007904937
0.0075243204
0.008453999
0.008366108
0.0077146688
0.0077204653
0.0076611657
0.00767792
0.0075931195
0.007300906
0.007229036
0.007553904
0.0074836183
0.007713923
0.0074826367
0.0075450614
0.007664883
0.007135201
0.0080749495
0.008108806
0.0072284187
0.007533616
0.00719595
0.007613709
0.007670229
0.006896049
0.007706826
0.0077400305
0.0073163784
0.0073129483
0.007258219
0.007169068
0.00738416
0.0067821867
0.0069444054
0.006877549
0.006997352
0.006696388
