0.28888896
0.1063549
0.061344255
0.034448795
0.03638785
0.03045342
0.024653146
0.028465495
0.028149674
0.022644112
0.025307387
0.028481625
0.02531594
0.02192311
0.02385963
0.02550099
0.02418203
0.02186579
0.022628224
0.024352213
0.024075948
0.022700578
0.02118999
0.022323191
0.023647493
0.023240255
0.021882996
0.021284834
0.020722793
0.021780005
0.022078296
0.020984748
0.020363925
0.020440781
0.02027057
0.020340532
0.020001529
0.019647254
0.019905051
0.01946046
0.019185835
0.019203259
0.018710634
0.019365186
0.019262126
0.019016245
0.018684776
0.018121315
0.018010283
0.017778186
0.018222488
0.017869975
0.018047517
0.017807918
0.017615527
0.017509421
0.01720498
0.016935552
0.01756304
0.017635109
0.016730996
0.016776057
0.016676584
0.016455317
0.016466303
0.016576348
0.01635139
0.016120128
0.016011
0.015850814
0.015863495
0.015753
0.01577068
0.015444514
0.016502047
0.016573029
0.015301049
0.017584285
0.019510442
0.017684242
0.01524515
0.01798763
0.021341175
0.020115746
0.016340628
0.015888127
0.017611263
0.016964165
0.015041351
0.016432045
0.018836113
0.01774279
0.015099362
0.01703559
0.019363306
0.017881138
0.015089527
0.015930546
0.017567003
0.016717294
0.015024175
0.016137702
0.017919684
0.017235387
0.015256324
0.015739031
0.017460512
0.016892614
0.0147482855
0.014778714
0.016103895
0.015597503
0.014223627
0.015351285
0.016920744
0.016224263
0.014437765
0.015023577
0.016013049
0.015399492
0.014048461
0.014805503
0.015968429
0.015253459
0.013721206
0.01477245
0.016466176
0.015994875
0.014085636
0.013631523
0.014348577
0.014000163
0.0134099545
0.013694264
0.014192633
0.013704102
0.01345216
0.013680506
0.0135496305
0.013020034
0.013398935
0.013136442
0.012891433
0.012707914
0.012837663
0.012699227
0.012592732
0.012615204
0.012443226
0.012513536
0.012433834
0.01219583
0.012275501
0.012122576
0.01216843
0.012117192
0.011888839
0.011852376
0.011815679
0.011653267
0.011643853
0.011426928
0.011552141
0.011409916
0.011325066
0.011192374
0.011362291
0.011046845
0.011300929
0.011393584
0.010751146
0.011163843
0.011010979
0.01091783
0.010568672
0.011559871
0.011753403
0.011167663
0.011073715
0.010300971
0.011772272
0.012896494
0.01200536
0.01193928
0.011610285
0.011475149
0.010679697
0.011155886
0.011321634
0.010869224
0.0107618645
0.010330555
0.010157437
0.010704136
0.010492109
0.01030077
0.009763286
0.010110386
0.009928483
0.009634958
0.009677066
0.009650371
0.009471759
0.009190496
0.009265796
0.009049838
0.009006974
0.008836944
0.008776293
0.008648264
0.008748644
0.008498714
0.0088644875
0.008525471
0.008201442
0.008616517
0.008117982
0.007942019
0.008278556
0.007939794
0.008858071
0.009181489
0.008138434
0.0090348
0.009496562
0.007872158
0.008549829
0.0086581465
0.008662916
0.008789471
0.008011036
0.008676226
0.009236351
0.008231214
0.008494939
0.0089005185
0.0087318355
0.0083930725
0.007596833
0.008257313
0.008762885
0.0074560344
0.007941513
0.00786339
0.0077193617
0.0075307866
0.007458107
0.007239384
0.007456632
0.00753851
0.0071291197
0.0077028126
0.007134398
0.008508104
0.008814607
0.007248252
0.007768072
0.008019242
0.007043443
0.0076308264
0.008365105
0.007315729
0.0073400154
0.008175194
0.0077258274
0.0068903924
0.0077972133
0.0075833905
0.007133005
0.0070750173
0.0068010674
0.006984254
0.0069377944
0.0064426535
0.0070424504
0.006759456
0.00663259
0.006914171
0.006655792
0.0065536536
0.0063120895
0.0065593882
0.006261813
0.0067684003
0.006818158
0.0063448474
0.006688844
0.006285556
0.0063749887
0.006393237
0.006216634
0.0063991398
0.0059822076
0.0061085173
0.0065733716
0.0062638684
0.0066885944
0.006371301
0.0068644546
0.006989231
0.0071170735
0.006839099
0.006030634
0.006832169
0.0071403696
0.006676273
0.0062175263
0.0064351247
0.006185102
0.0058664395
0.006079552
0.0059132897
0.0058476287
0.0056897732
0.0057872967
0.0055682287
0.0058609047
0.005918901
0.0059026703
0.005741203
0.0061790585
0.006137239
0.005600829
0.005362289
0.005863311
0.005653336
0.0060634147
0.0062053315
0.0053017773
0.006213373
0.0067017474
0.0058660433
0.005873179
0.0062362314
0.0055896123
0.0056672543
0.005863643
0.0053418125
0.0055012233
0.005441942
0.00553015
0.005361346
0.005632167
0.0056573492
0.0055419244
0.005250631
0.0055233254
0.005416596
0.0052444725
0.0053096735
0.0051476103
0.005039867
0.0052964888
0.005154366
0.0055129067
0.005407942
0.004990269
0.0049721235
0.004906282
0.004749527
0.005407598
0.005441358
0.0051411153
0.005073173
0.0049511357
0.0047722575
0.004981274
0.00491589
0.0048370454
0.0048185177
0.004997447
0.004754036
0.0049828
0.0048118327
0.004681887
0.0047080494
0.0047694705
0.0047333515
0.0046450775
0.0045444276
0.004723219
0.004606365
0.0046003666
0.0045659267
0.0044980734
0.004402513
0.0047187125
0.0045872764
0.0044454182
0.0043962775
0.004550224
0.0044275345
0.0044595613
0.004377533
0.0044386215
0.0043617995
0.004400078
0.0043515195
0.004271573
0.0041879867
0.004435056
0.004324428
0.0042079836
0.0041499655
0.0043103285
0.004219908
0.004182149
0.0040985537
0.004199728
0.0040792692
0.004204609
0.0041297344
0.0040345783
0.0039581344
0.0041500754
0.004046079
0.0039852746
0.0039098174
0.0040434105
0.003959186
0.003938344
0.0038816577
0.0039192024
0.0038227306
0.0039649983
0.003885872
0.0038066395
0.0037399617
0.00388119
0.0037973232
0.0037323534
0.0036748631
0.0038033735
0.00370924
0.0037107046
