0.28634608
0.04402509
0.07176875
0.047943424
0.021089869
0.03862519
0.044239458
0.030922318
0.02138192
0.025859008
0.030557344
0.027371025
0.023490882
0.02141433
0.02177796
0.02341453
0.022376524
0.020190543
0.02128526
0.022541253
0.021826632
0.02116193
0.02064828
0.019972382
0.021236971
0.021813294
0.020427706
0.020232258
0.020579787
0.019990517
0.020298922
0.020487344
0.019672453
0.020532906
0.021562612
0.020569399
0.019729579
0.020066272
0.019664647
0.019711087
0.01997738
0.019490078
0.019872526
0.020019108
0.019492915
0.02017281
0.020399442
0.019473368
0.019683741
0.020182438
0.01955177
0.019559624
0.02002997
0.019469982
0.019256735
0.01942134
0.019030249
0.019684557
0.019743105
0.019195057
0.019034492
0.018787617
0.01879371
0.018916605
0.018189589
0.021294227
0.021154677
0.017979367
0.020547314
0.022231752
0.019272251
0.01774818
0.018372988
0.017355109
0.01795332
0.018310472
0.016884053
0.018905157
0.02081345
0.019062927
0.016465785
0.02000741
0.02391363
0.02249887
0.018392466
0.019057592
0.02228058
0.02106574
0.017476207
0.017580234
0.018882701
0.017631767
0.015819648
0.016765893
0.01773012
0.016900603
0.01606547
0.016052527
0.015708672
0.01527483
0.01537694
0.015396786
0.015115586
0.014758316
0.014805201
0.014806566
0.014539639
0.014490233
0.014283148
0.014406298
0.014374775
0.014054329
0.0138991475
0.013999499
0.01377853
0.013779777
0.013632226
0.013578433
0.013465404
0.013368905
0.013224107
0.013226221
0.013099328
0.013017471
0.012900407
0.012840978
0.012768959
0.012532726
0.012889739
0.012680526
0.0124580385
0.012441472
0.012263712
0.012160104
0.012285754
0.012208049
0.01192755
0.011829254
0.012024256
0.011920287
0.011792407
0.011720623
0.011691014
0.011534127
0.011840753
0.011672202
0.011445942
0.011380318
0.011515699
0.011460722
0.0112816645
0.011343367
0.011083213
0.011233187
0.010868554
0.011103733
0.010669149
0.011658574
0.011814948
0.01066788
0.0114764655
0.012348324
0.011294846
0.010799798
0.010985929
0.010453925
0.010572453
0.010852565
0.010473176
0.010338506
0.010549777
0.010104147
0.010218592
0.010470692
0.009894085
0.010164377
0.010576638
0.010106539
0.009786715
0.010167135
0.0097110225
0.009703648
0.009621492
0.009408931
0.009417524
0.009410539
0.009328327
0.009224708
0.009107094
0.009104093
0.009063859
0.008900058
0.008889719
0.00887451
0.008734533
0.00871581
0.008606591
0.00864139
0.008486337
0.008448546
0.008428795
0.008242271
0.008580953
0.008503466
0.008496997
0.008348941
0.008206013
0.008067711
0.008339978
0.0077792504
0.008903072
0.009061092
0.007615496
0.0084225265
0.00828733
0.008481725
0.008384732
0.007439468
0.007969678
0.0076245107
0.00813204
0.007957113
0.007943608
0.008281953
0.007552289
0.0077081844
0.0076317005
0.007651962
0.0077370903
0.0073031313
0.007226888
0.007428343
0.0071052313
0.0075363717
0.007344116
0.006890157
0.0069128326
0.0067404904
0.0068297996
0.0065303785
0.007657764
0.007662372
0.0066807996
0.006770062
0.0066895536
0.006393925
0.007159201
0.0070002987
0.0061838026
0.006094415
0.006220948
0.006164115
0.005863858
0.0058593675
0.0060601593
0.0057458933
0.0058366
0.0056868508
0.006007217
0.0061502582
0.005734999
0.0063193846
0.006561509
0.006400384
0.005803019
0.00655413
0.0068949834
0.005798541
0.006373201
0.0063130893
0.006604474
0.006516194
0.005214134
0.0063072345
0.0062393025
0.006373532
0.005935667
0.0055836006
0.0059399107
0.005616572
0.0053094164
0.005736835
0.005822772
0.005399115
0.005142106
0.0056653433
0.005514436
0.0056108045
0.0052295825
0.0056509613
0.00599833
0.005261922
0.005216256
0.0053220466
0.0051373593
0.0052126106
0.0053114686
0.0054076756
0.005123868
0.0052403198
0.0051406147
0.005513582
0.0052994527
0.004917665
0.0049529388
0.0051925853
0.004951625
0.0050443853
0.005078158
0.0047914535
0.004627602
0.005201001
0.005166157
0.0046956916
0.004667657
0.00493499
0.0047325063
0.005070698
0.004981601
0.004860531
0.0047565643
0.004679452
0.0045895167
0.00500477
0.0048785172
0.004603991
0.004626788
0.0046518873
0.0045043016
0.0048030973
0.0046771434
0.004589691
0.00455372
0.0046955044
0.0045114458
0.004686229
0.0046520247
0.004370039
0.00440561
0.0046925186
0.0046390146
0.0044306354
0.0044183396
0.0044494714
0.0043319096
0.0044657476
0.0043331888
0.004392316
0.0043089897
0.0043357285
0.004258894
0.0043619643
0.00440948
0.0041649695
0.0041338927
0.004572826
0.0042750165
0.0048569557
0.0048387446
0.0040975534
0.0044837706
0.0040939846
0.004921676
0.0051404526
0.0039478205
0.005213566
0.005868872
0.00467555
