0.28804132
0.042843293
0.07715664
0.05738082
0.024517825
0.03325278
0.037093896
0.028520525
0.022853486
0.025334254
0.027543522
0.024305232
0.021081438
0.02287543
0.024125269
0.022976918
0.021042204
0.021920785
0.023455938
0.02319842
0.02203091
0.020791104
0.021303529
0.021946028
0.021800673
0.020999148
0.020700738
0.021135414
0.021449305
0.021222675
0.020819107
0.02073281
0.020804295
0.021218123
0.02098255
0.0208107
0.020672748
0.02071699
0.020791447
0.020758508
0.020686075
0.02056873
0.020564007
0.020677397
0.020592207
0.020688852
0.020613076
0.020590672
0.020637318
0.020519458
0.020567654
0.020427413
0.020882793
0.02088069
0.020456119
0.020597242
0.020503372
0.02045594
0.020506429
0.020351471
0.020369511
0.020375086
0.020319996
0.020284628
0.02046079
0.02037701
0.020587279
0.020470649
0.020260526
0.020231552
0.020332502
0.020230241
0.020229893
0.02016352
0.020096937
0.020020993
0.020071233
0.019993844
0.019863185
0.01979095
0.019965269
0.019855531
0.019774033
0.019708598
0.019634636
0.01958293
0.019703498
0.019607428
0.019554298
0.019482529
0.019544497
0.019549377
0.01935017
0.019309118
0.019386064
0.019323295
0.019262088
0.019187761
0.019308785
0.019213656
0.01910226
0.019051414
0.019077443
0.019007603
0.018948754
0.018867766
0.018877195
0.018815259
0.01872491
0.018600633
0.01890492
0.018670892
0.0185141
0.018322024
0.019007873
0.018745502
0.018352507
0.018251494
0.018515667
0.01837713
0.018027067
0.017983438
0.017845618
0.017692495
0.017566243
0.017388871
0.017337732
0.017040633
0.017160213
0.017074527
0.01659906
0.016726926
0.016433962
0.01591304
0.016337425
0.016323887
0.015563694
0.015702274
0.015972251
0.015668
0.015196684
0.015771098
0.015373108
0.015454836
0.015217148
0.015105881
0.015280637
0.015016173
0.014702864
0.014665154
0.014726378
0.014307995
0.014528096
0.0144594265
0.014146763
0.014055722
0.014236216
0.01399824
0.01383175
0.013903815
0.013640999
0.013519752
0.014061955
0.01368375
0.013885215
0.013798483
0.01379167
0.013293411
0.013962276
0.013813504
0.013681759
0.013666563
0.013248533
0.013144486
0.013807808
0.013650359
0.013083905
0.012961497
0.013572092
0.013220567
0.0131318355
0.013133165
0.012924491
0.012851693
0.013082765
0.013035097
0.012776141
0.012652711
0.013140659
0.013056122
0.012823085
0.012697068
0.012841363
0.012548869
0.013769538
0.014175949
0.012722638
0.013929709
0.015294135
0.014238807
0.013542757
0.013765286
0.013245061
0.013477567
0.013804641
0.012863343
0.0130230365
0.013470926
0.012764913
0.012966543
0.013119957
0.012584467
0.012945651
0.013017272
0.012600623
0.012700065
0.012610651
0.012692879
0.0125515945
0.012496461
0.012311201
0.012484047
0.012512199
0.012571649
0.0125026405
0.012406466
0.012416999
0.012208071
0.01210526
0.012395107
0.012374255
0.012275171
0.012244285
0.012499425
0.012377742
0.01223397
0.012146983
0.012302123
0.012198183
0.012229596
0.012128507
0.012028858
0.012007509
0.012147668
0.012045368
0.011991304
0.0119530065
0.012023288
0.011959949
0.011999824
0.011963658
0.011897755
0.011912454
0.011883293
0.011785257
0.012278259
0.01239539
0.011801608
0.012147512
0.012036055
0.011886824
0.012029943
0.011901163
0.011857181
0.011899986
0.0117453
0.011841019
0.011713711
0.011958186
0.012153238
0.011854351
0.011679739
0.011948899
0.011753547
0.0118652
0.012089702
0.011744785
0.011692591
0.011737102
0.011747261
0.01149669
0.011988852
0.011644724
0.0123114055
0.012682942
0.01187598
0.012172925
0.012818488
0.0121654095
0.012034457
0.0119335195
0.012383823
0.012628779
0.011907077
0.012088771
0.012462165
0.012251519
0.012041553
0.011816342
0.012142401
0.0119661065
0.0116652725
0.011627256
0.011818235
0.011808845
0.011681844
0.0115162255
0.011878286
0.011843115
0.011592765
0.0114767
0.01177171
0.011676989
0.011535749
0.011527388
0.011619325
0.011494197
0.011666191
0.011757634
0.011407278
0.011422351
0.011511962
0.011371072
0.0116513735
0.011718622
0.011544745
0.011381392
0.011606394
0.01157361
0.011576905
0.011510276
0.011430733
0.011377337
0.011383884
0.011299957
0.011689478
0.011628133
0.0113524785
0.011354939
0.011363015
0.011348206
0.011428249
0.011388737
0.01136116
0.011304598
0.011372278
0.011288297
0.011477607
0.0114315
0.0112413475
0.011225834
0.01143872
0.011378177
0.011239573
0.011194398
0.011298512
0.01121024
0.011387485
0.011313678
0.011239172
0.011136924
0.011452171
0.01137716
0.011161312
0.011146549
0.011295576
0.011198823
0.011267584
0.0112383
0.011134257
0.011059972
0.011391886
0.0113000795
0.011110003
0.011052559
0.011322494
0.011238984
0.011110554
0.011065438
0.0112403035
0.011175513
0.011129591
0.011145626
0.0111210095
0.011081007
0.011141791
0.011098226
0.011068433
0.011016645
0.011161749
0.011095114
0.011080199
0.011023209
0.011121382
0.011032199
0.011162412
0.011069066
0.011088596
0.011012379
0.0110779
0.011005255
0.011121348
0.011066153
0.011030498
0.010954373
0.011125196
0.011020337
0.011047024
0.011006887
0.010999002
0.01093379
0.011127806
0.011086588
0.010931689
0.010916586
0.010961217
0.010846709
0.011197335
0.011172122
0.010877783
0.0108600035
0.011084966
0.011003126
0.011071302
0.011091113
0.010929468
0.010932774
0.010988802
0.011010054
0.01102065
0.010965091
0.01101358
0.011030607
0.010966107
0.010905095
0.0109443255
0.010899586
0.010837001
0.0108677
0.010955381
0.010883994
0.010972383
0.010901201
0.010900296
0.010898554
0.010928664
0.0107886465
0.010906253
0.010878884
0.010977139
0.0108607635
0.010852418
0.010834139
0.01088614
0.010988723
0.010755775
0.011065145
0.0107186185
0.0117292255
0.011956069
0.011317271
0.011145127
0.0115740495
0.011769809
0.011110097
0.011487597
0.012215604
0.012128189
0.011609572
0.011298687
0.011269472
0.011297985
0.011237946
0.011140731
0.01089559
0.011704029
0.012083483
0.011282298
0.011444199
0.011935338
0.011413655
0.011568566
0.011769932
0.010996821
0.011497046
0.012214512
0.011519163
0.011193757
0.011557405
0.011034961
0.011179186
0.011544573
0.010924148
0.011078973
0.011420931
0.010801296
0.011262263
0.011651439
0.010967153
0.0111218095
0.011533856
0.010878629
0.011233654
0.011740056
0.011073197
0.01097026
0.011306274
0.010736202
0.011167242
0.011646479
0.010885247
0.010955858
0.0114665665
0.010877139
0.010985722
0.011331842
0.010788274
0.010960293
0.011307011
0.01076588
0.010916828
0.0112257
0.010669877
0.011042349
0.011476875
0.010904056
0.010958138
0.011121762
0.010593064
0.011082795
0.0114157
0.01077639
0.011034316
0.011431838
0.010818574
0.010856633
0.011121134
0.010559059
0.011038404
0.011459117
0.010652959
0.010955706
0.011644094
0.010914798
0.010620213
0.010922733
0.010487717
0.010947767
0.01144201
0.010685536
0.010702398
0.011210523
0.010592827
0.010649526
0.011040899
0.010458584
0.010807507
0.011235479
0.010570664
0.010658707
0.0110610165
0.010504047
0.010726274
0.011131577
0.010540716
0.010794173
0.011334321
0.010713253
0.010622247
0.010976727
0.010516255
0.010798241
0.011188724
0.010573599
0.010697536
0.011139427
0.010562099
0.010579493
0.010997214
0.010485818
0.010820822
0.011239196
0.01065532
0.0105383275
0.010769618
0.010459376
0.0108802095
0.01119715
0.0108377235
0.010782122
0.010999401
0.010510571
0.010876842
0.01128151
0.0105817495
0.010732991
0.011177372
0.010477529
