0.28763285
0.07150071
0.059227776
0.032168627
0.027393067
0.024808958
0.02321572
0.025000775
0.02243504
0.022643574
0.02334329
0.022001753
0.021354968
0.02273879
0.0220332
0.021225823
0.021450544
0.021454364
0.020899797
0.021249296
0.021234808
0.020715674
0.020671003
0.020931935
0.02050613
0.021406228
0.021594517
0.020409191
0.022073736
0.023558423
0.022127682
0.020508287
0.021095207
0.021525748
0.021224208
0.020747218
0.020274607
0.020693352
0.020827537
0.019966839
0.02045327
0.021108769
0.020324687
0.019591251
0.01949378
0.019596575
0.018890256
0.018701822
0.018605893
0.017879697
0.01739629
0.017232161
0.016909417
0.017184721
0.016693873
0.01672639
0.016063275
0.016585879
0.01621716
0.016036062
0.015828079
0.01601392
0.015621138
0.015760107
0.015708687
0.015465501
0.015454275
0.015441936
0.015405458
0.015260893
0.015442915
0.015101853
0.015408932
0.015281462
0.014873995
0.014833516
0.014868759
0.014638136
0.01464054
0.014563695
0.01443402
0.014398177
0.014434945
0.014178236
0.014178968
0.01436139
0.013987668
0.014248957
0.013888243
0.015219388
0.015566945
0.015316312
0.014368993
0.014119011
0.014240618
0.013898112
0.014120854
0.014016074
0.01353458
0.013617194
0.013550676
0.013372754
0.013887224
0.0138832005
0.0131081715
0.0139294015
0.014439091
0.013442292
0.013773772
0.014573581
0.013685924
0.013091053
0.013414617
0.013181637
0.012976068
0.013074939
0.0129820295
0.012653847
0.012795943
0.0125826
0.012453052
0.012368307
0.012268643
0.012194701
0.012171172
0.012034483
0.012096912
0.012105611
0.011787832
0.012000748
0.011877798
0.011839762
0.011680726
0.011715806
0.011561642
0.011585713
0.011376381
0.011580185
0.011397693
0.011069444
0.011023934
0.010938999
0.010723931
0.010968638
0.010510244
0.010972041
0.0107538
0.010431058
0.0102626225
0.01021918
0.010028329
0.010137554
0.009658657
0.009892996
0.009357588
0.010173355
0.01018943
0.009418339
0.009731765
0.009748598
0.009387161
0.009242992
0.00915869
0.009294388
0.008855977
0.009427745
0.0090307435
0.009445834
0.009047437
0.009546189
0.009587806
0.008386616
0.008444789
0.008738112
0.008169239
0.009711397
0.010087541
0.008952739
0.008563031
0.008595471
0.008449452
0.007926221
0.008037191
0.007847905
0.008009822
0.00810716
0.007664681
0.008631508
0.008699802
0.008377303
0.007923326
0.008348192
0.008620639
0.0077269473
0.007530113
0.008287671
0.007790999
0.008177464
0.008028285
0.007904897
0.007734958
0.0077550258
0.007683339
0.007699355
0.007556535
0.007588845
0.0073956884
0.0076672635
0.0074495957
0.0077286176
0.0077681355
0.007111533
0.0070832097
0.0076005515
0.007389661
0.00726747
0.0070937853
0.0074321926
0.007261922
0.007247824
0.0072139255
0.006995149
0.006873579
0.0073356177
0.0071895234
0.0069136345
0.006743446
0.007362177
0.0071884557
0.0068139117
0.0067980946
0.0068782098
0.00667105
0.0070759524
0.006921474
0.006732892
0.006505007
0.007131806
0.006849283
0.0066474066
0.006504478
0.006688623
0.0064548533
0.0068844925
0.006670831
0.006470986
0.0063627423
0.006762342
0.0067088143
0.0063040536
0.0063129277
0.006496741
0.006452661
0.0064377426
0.006447844
0.006298164
0.006209893
0.0064547868
0.0062730997
0.0063662715
0.006318887
0.0060110185
0.005902406
0.00631584
0.0060514566
0.006205046
0.006181845
0.0058433698
0.0057769413
0.006199129
0.0060756146
0.0059045567
0.005995535
0.0057776924
0.005810132
0.006047862
0.005720724
0.006393229
0.006951276
0.00580191
0.006358173
0.006278586
0.0060327477
0.005850885
0.0062711523
0.006013339
0.006063208
0.0059851133
0.0063006678
0.006200968
0.0060989615
0.0059113503
0.005961834
0.0058395644
0.005561194
0.00548848
0.0058241948
0.0056932047
0.005486348
0.0053599305
0.0056769475
0.0053160503
0.0059888954
0.005946018
0.0051440857
0.0051084035
0.0054650865
0.005031697
0.006074957
0.006094715
0.0048274244
0.004920633
0.0049979226
0.004864246
0.004899708
0.0048486753
0.004723814
0.005006007
0.004620592
0.0061952197
0.0063673854
0.006319616
0.0062192664
0.005359163
0.00509977
0.0051475205
0.005004015
0.0056708497
0.0055412813
0.0051114974
0.0048960303
0.005504741
0.0050305757
0.0056042434
0.0058003757
0.004673923
0.004853355
0.00487972
0.0045043626
0.005496753
0.005707893
0.005161085
0.004679146
0.0052432953
0.0048914696
0.0054243635
0.0056799985
0.0051073954
0.0050443127
0.004514566
0.0044154353
0.004735741
0.004673668
0.005035578
0.0046368614
0.005159918
0.004947685
0.004789702
0.0047608246
0.0043631657
0.0042352397
0.0048615276
0.004713666
0.0048669293
0.00457681
0.0046097916
0.004602058
0.0045114905
0.004415402
0.0044390927
0.0042319507
0.004759464
0.0044694017
0.0045195897
0.0044327877
0.004265017
0.004076067
0.004815417
0.0048001334
0.0041070436
0.004079816
0.004469069
0.0041956836
0.0045908834
0.0046026874
0.004072296
0.0038718146
0.004761619
0.004574575
0.004176544
0.004132965
0.004276153
0.0040497608
0.0042612385
0.004155162
0.0041153845
0.0038227544
0.004280943
0.004164958
0.0037243392
0.0036880036
0.004113319
0.0039555375
0.0036807444
0.003567473
0.0038182123
0.003716331
0.003777121
0.003591976
0.0038523537
0.0036897797
0.0036416315
0.0035416905
0.003736723
0.0036257356
0.0035939214
0.0034163054
0.0036631813
0.0035418377
0.0036038782
0.0034584226
0.0036459463
0.0034883146
0.0035367708
0.003489267
0.0034597267
0.003379707
0.0036246881
0.0035372812
0.0033285422
0.0033435856
0.0033915874
0.003351489
0.003304113
0.0033184655
0.0033761498
0.003264622
0.00360687
0.0034585223
0.0036984768
0.0037280172
0.003374406
0.003630667
0.0031896012
0.0035222445
0.0032801826
0.003430631
0.0034053528
0.0032203638
0.0029862586
0.0034622892
0.0033740907
0.0032059199
0.0030329821
0.003582345
0.0037342126
0.0032086673
0.0036818546
0.0032108703
0.004069484
0.0043014544
0.003976974
0.0035429404
0.0045708637
0.0046767606
0.0033830495
0.0050218333
0.0064892597
0.00475463
0.0045140143
0.0051657814
0.004635651
0.0046001673
0.0047532213
0.003632758
0.0043752883
0.005093344
0.0038354192
0.003731578
0.004270286
0.0034154605
0.0034224212
0.003559326
0.0031874848
0.0033249396
0.0031258736
0.0030434784
0.0028729227
0.0032456152
0.0033109467
0.0028252683
0.0030672688
0.0028754936
0.0029372873
0.0026560547
0.0037915336
0.004041863
0.0028515288
0.00356148
0.003951795
0.0028501519
0.003532487
0.0041662143
0.0031086218
0.0029738618
0.0036123649
