0.28837836
0.06340382
0.069041744
0.037806854
0.027469063
0.029124029
0.02329734
0.027080411
0.02880021
0.02326759
0.023981288
0.026264248
0.023946494
0.022726258
0.022854099
0.023071876
0.022778459
0.021785928
0.022953296
0.023318216
0.021818332
0.02230683
0.023019627
0.021983774
0.021381019
0.021860937
0.02133798
0.021344192
0.021506011
0.020951817
0.021848893
0.02177594
0.021178344
0.020978948
0.021153651
0.02052795
0.021169284
0.020711137
0.021025514
0.02098311
0.020806441
0.02044588
0.020783419
0.020691007
0.020252371
0.02018831
0.020434221
0.02001994
0.02100581
0.021185294
0.019794604
0.020387879
0.020421488
0.019835604
0.019603899
0.01946739
0.019264018
0.019039145
0.018697545
0.018850496
0.01871751
0.01815275
0.018390253
0.018225366
0.018071176
0.018171484
0.01782002
0.018075021
0.017818768
0.017659925
0.017617598
0.017588332
0.017363386
0.017613135
0.017459223
0.017291246
0.017182183
0.017403403
0.01723046
0.017334009
0.017188389
0.017037792
0.016977401
0.017022265
0.01691084
0.017074604
0.016955426
0.016900787
0.016816184
0.016897375
0.016890077
0.01665542
0.016613098
0.016747326
0.016676197
0.016605182
0.016557949
0.016606184
0.016518569
0.016602496
0.016551709
0.016447524
0.016400155
0.016567037
0.01652434
0.016296027
0.016314514
0.01627138
0.016176596
0.016535237
0.016430208
0.016193457
0.016454464
0.016069276
0.017474296
0.017975865
0.016576884
0.017166255
0.017903004
0.016947012
0.016677437
0.01678562
0.01667262
0.016568158
0.016262127
0.01662456
0.016225047
0.016470013
0.016502542
0.015918542
0.01605809
0.015917897
0.016061274
0.0158585
0.016549347
0.016676078
0.015859796
0.016896034
0.01772803
0.016845105
0.016461633
0.016960025
0.017100498
0.016233217
0.016452895
0.016790492
0.016216628
0.016168306
0.016240185
0.016112154
0.016074792
0.015901333
0.016046857
0.016048444
0.015690867
0.01597264
0.01588229
0.015767733
0.015808167
0.015717665
0.015782379
0.015674971
0.016022474
0.016050883
0.015631894
0.01560827
0.015783563
0.015373419
0.016218856
0.016230593
0.015650729
0.015625408
0.015391018
0.015359593
0.015786156
0.015541583
0.015562144
0.015378569
0.015482816
0.015301821
0.015725525
0.01563849
0.0151101835
0.015057179
0.015588279
0.015308239
0.015503091
0.015688064
0.014995859
0.015071639
0.015259631
0.015209968
0.015144154
0.015078482
0.015013609
0.014872487
0.015245515
0.015161532
0.015101132
0.014867686
0.015151004
0.014821466
0.015396986
0.015269388
0.014860454
0.014987393
0.014892812
0.014851074
0.014823615
0.014750573
0.014864605
0.014712881
0.014918051
0.014677669
0.01504488
0.014821328
0.014803507
0.014703118
0.014814521
0.014846105
0.014595351
0.014603477
0.014675065
0.014633889
0.014531858
0.014469895
0.014593922
0.014525111
0.014518763
0.014439111
0.014563921
0.0144057935
0.014595526
0.014449506
0.014499542
0.014409624
0.014440254
0.014395953
0.014471504
0.014422228
0.014355733
0.014306099
0.014369962
0.014354731
0.014278348
0.014236395
0.014239188
0.014193756
0.014226712
0.014148239
0.014194104
0.014099967
0.01422662
0.014159948
0.014111121
0.014015749
0.014182478
0.014065749
0.014119598
0.013997053
0.014130764
0.013985235
0.014093954
0.014027757
0.013997381
0.0139105255
0.014045558
0.014010079
0.013891439
0.013832276
0.014026972
0.013989677
0.013790247
0.013798561
0.013879401
0.0138604045
0.013756123
0.013749664
0.013756339
0.01369677
0.013724846
0.013692625
0.0135844955
0.013545829
0.0136266835
0.013574141
0.013446078
0.013386455
0.013486143
0.013419253
0.013336659
0.013281981
0.013282257
0.013213426
0.013203487
0.013160148
0.012942667
0.013073555
0.012793075
0.0126316035
0.01325003
0.013403803
0.012384827
0.013054773
0.013007444
0.013914634
0.013707685
0.012909435
0.013031938
0.012986492
0.012737612
0.012506314
0.012324981
0.011964142
0.0121992035
0.012098014
0.0119444085
0.011989969
0.011937603
0.011871621
0.011612933
0.01164426
0.011549917
0.0112673445
0.01181526
0.011499991
0.011528234
0.011580437
0.011576291
0.011170194
0.011256502
0.011320427
0.01121559
0.011272174
0.011350333
0.010732987
0.011239787
0.011002184
0.010971229
0.01101213
0.010861474
0.010905272
0.011038184
0.011191283
0.010862756
0.010446436
0.010473214
0.01048591
0.010329688
0.010200356
0.010577471
0.010371606
0.010370328
0.010365311
0.010595729
0.0104076
0.010741108
0.010487131
0.010227362
0.010013606
0.010204042
0.010227029
0.010077845
0.010002463
0.01001911
0.010088994
0.009966259
0.009746359
0.009812448
0.009574796
0.010040867
0.009802791
0.009485325
0.009254158
0.009681433
0.009725259
0.009325455
0.009313197
0.009313243
0.009302519
0.009296652
0.009390769
0.009293408
0.009073343
0.009229223
0.008841447
0.009136427
0.008865941
0.008911842
0.008912695
0.008733258
0.008877679
0.008841353
0.008735613
0.008716351
0.008440339
0.008522458
0.008373707
0.00847595
0.008598026
0.00842883
0.008164857
0.008648892
0.008416966
0.007990754
0.008015462
0.008192283
0.008004676
0.008133742
0.007953425
0.00802393
0.007901076
0.00784915
0.007800898
0.007799356
0.0077596935
0.007713415
0.007704211
0.0076349736
0.00765683
0.007700457
0.007583792
0.007656306
0.007562885
0.007523658
0.007423242
0.0074835476
0.0073953085
0.007387321
0.007311553
0.007403882
0.0073050275
0.0073096803
0.007181963
0.0072493465
0.007123044
0.0072339033
0.007164063
0.0071452805
0.0070852465
0.007189444
0.007115809
0.007062042
0.0070650484
0.0070406552
