0.28778604
0.042388674
0.10272341
0.12987636
0.0783161
0.02838094
0.035895694
0.05626243
0.056075115
0.043130904
0.028868036
0.022277439
0.030286402
0.034447808
0.028904716
0.023927182
0.023218967
0.023299396
0.025738215
0.025253637
0.021765677
0.023132466
0.024515793
0.0241056
0.024056243
0.022355327
0.021097912
0.021754364
0.021449668
0.02104564
0.021225773
0.021369511
0.021051742
0.02064149
0.02090626
0.020784972
0.020847613
0.020386398
0.021322241
0.021514421
0.02045188
0.020914594
0.020957278
0.020199018
0.021049501
0.02080779
0.019992238
0.02051793
0.02015452
0.020259134
0.020340458
0.019851705
0.020087533
0.01971613
0.020868653
0.021154294
0.019916015
0.020359265
0.02110455
0.020364888
0.019609507
0.020505426
0.020458203
0.019372676
0.020183004
0.020630091
0.019547971
0.019629844
0.020143524
0.019367697
0.019379431
0.01975718
0.01898545
0.019092454
0.019385874
0.018692754
0.019020502
0.01954069
0.018774157
0.018290086
0.01843259
0.018131213
0.018030964
0.017974207
0.017750038
0.017522512
0.017401827
0.017168475
0.016876817
0.016930373
0.016689314
0.016353216
0.016759528
0.016258823
0.016494138
0.016489383
0.01612831
0.015899329
0.015913114
0.015519219
0.016396482
0.01595719
0.015515834
0.015489382
0.01533486
0.01510941
0.015630113
0.015585109
0.014849643
0.014826596
0.01500769
0.014798306
0.015215266
0.015140429
0.0147826895
0.014736888
0.014820767
0.014546919
0.015185236
0.01516496
0.014364015
0.014567793
0.014435593
0.0143616395
0.0143586
0.014211732
0.014218745
0.014256324
0.014020629
0.014589404
0.014676288
0.014125613
0.014178987
0.014348115
0.014014901
0.014083281
0.014032503
0.0139315585
0.013861024
0.013802846
0.0137859965
0.013661437
0.013700276
0.013581864
0.013566063
0.013593811
0.013542787
0.013512302
0.013461874
0.013484671
0.013490542
0.013372897
0.013506432
0.013338531
0.013984412
0.014171265
0.013390417
0.014057404
0.014713767
0.013831575
0.013397577
0.0138339745
0.013454117
0.013467819
0.013662052
0.013295963
0.013558027
0.013718382
0.013244816
0.013511926
0.01367898
0.0131311575
0.013966369
0.014722742
0.013905573
0.013090603
0.013589869
0.013681504
0.013291075
0.013267752
0.01335564
0.013227813
0.013148442
0.013193056
0.013061345
0.013193767
0.013209361
0.012952983
0.013639604
0.013697495
0.013102691
0.013139511
0.013376501
0.013182052
0.01301962
0.013073889
0.013077471
0.012966902
0.013055932
0.01303795
0.012965607
0.012963034
0.012913044
0.012929072
0.012914367
0.012908849
0.012858001
0.0127939535
0.012990688
0.012863651
0.012999467
0.012999809
0.012854397
0.012758079
0.013028714
0.012939659
0.012801572
0.012810727
0.012777765
0.012702196
0.012884934
0.012802265
0.012762192
0.012695451
0.0127799
0.012726247
0.012738682
0.012718043
0.012692059
0.012654808
0.012645837
0.012598907
0.012685128
0.012615898
0.012665133
0.012600597
0.012627694
0.012582165
0.012608551
0.012569879
0.012569077
0.0125188045
0.012590957
0.0125509305
0.012519398
0.012472334
0.0125766015
0.012523238
0.012468438
0.012424707
0.012548258
0.012501106
0.012421928
0.012380324
0.012524546
0.012472128
0.012384941
0.012341912
0.012493476
0.01244064
0.012341809
0.012299876
0.012477529
0.012431465
0.012288558
0.012245402
0.0124794515
0.012416057
0.012254198
0.012218356
0.012431533
0.012374041
0.012221698
0.012185375
0.012388765
0.012333543
0.012185995
0.012145846
0.012377619
0.012318678
0.012146476
0.012112121
0.0123317735
0.012272718
0.012119542
0.012081553
0.0122917695
0.012225631
0.01210256
0.012062105
0.012233246
0.012170747
0.012085057
0.012044624
0.01217563
0.01212537
0.0120442705
0.012000804
0.012144902
0.01208531
0.012017381
0.011964991
0.012121293
0.01206633
0.011965774
0.011917665
0.012102726
0.012050711
0.011909194
0.011864419
0.012090247
0.01203139
0.011860627
0.0118157305
0.012076565
0.01200886
0.011818572
0.011773839
0.012037079
0.011956879
0.011801161
0.0117594
0.011980452
0.011922312
0.011777677
0.011762922
0.011861868
0.011802383
0.011824739
0.01181333
0.011738229
0.011692941
0.011863835
0.011811707
0.011698584
0.011663877
0.011756367
0.01164639
0.011782494
0.011700687
0.01167008
0.011571087
0.011739521
0.01158978
0.011737901
0.01164375
0.011596351
0.0115318345
0.011640139
0.0115314005
0.011656924
0.011598542
0.011509246
0.011456969
0.011600263
0.011524074
0.011507231
0.011462711
0.011493887
0.011436127
0.011494182
0.011435994
0.011462317
0.011424552
0.011421674
0.011393565
0.011391272
0.011353575
0.011392786
0.011339436
0.011367341
0.011317895
0.011367455
0.011312393
0.011346723
0.0113233
0.011294092
0.011260696
0.011304155
0.0112626
0.011269559
0.011228825
0.011243526
0.011201151
0.011252065
0.011199166
0.011218595
0.011188705
0.011172899
0.011151497
0.0111562535
0.011117076
0.011149611
0.01111978
0.011070619
0.011029392
0.0111191
0.011038944
0.011087511
0.011012524
0.011065145
0.0109953135
0.01107744
0.011093955
0.010902382
0.010951929
0.010929923
0.010900837
0.010941428
0.01091139
0.010905606
0.01091351
0.010847014
0.010840221
0.010920028
0.010876592
0.010898835
0.010932844
0.0107542025
0.010757958
0.01086944
0.010890235
0.010735922
0.010775316
0.010753825
0.010775219
0.010744634
0.010735461
0.010723556
0.01069793
0.010701771
0.010623221
0.010730955
0.010624941
0.01072939
0.010606229
0.010694328
0.010576679
0.010702093
0.01061454
0.010598007
0.010535174
0.01059591
0.010521424
0.010589893
0.010507777
0.0105653005
0.010501519
0.010561138
0.010522804
0.010484062
0.010445739
0.010510099
0.010444569
0.010494132
0.010488048
0.010423976
0.01044007
0.010451299
0.010446905
0.010444891
0.010494523
0.010414999
0.010470379
0.010432574
0.0104532875
0.010394642
0.010315902
0.010499316
0.010417692
0.010426284
0.010357264
0.01043652
0.010250823
0.010478932
0.010225576
0.010529287
0.01039295
0.01028232
0.010223565
0.010313727
0.010159742
0.010359163
0.010181832
0.010303643
0.01016409
0.010294356
0.0101209115
0.010350772
0.010245617
0.010152098
0.010065307
0.010338108
0.010302635
0.010042418
0.010075773
0.010148293
0.010089799
0.010206325
0.01021279
0.010034754
0.010065626
0.01009144
0.010058508
0.010113575
0.010122939
0.009984085
0.00996365
0.0100846775
0.010024719
0.009983002
0.009948795
0.009962228
0.009906528
0.01002166
0.00996765
0.009902701
0.009838865
0.010037037
0.009926395
0.009928406
0.009871011
0.009919212
0.009810773
0.009989016
0.009888315
0.009900863
0.009808492
0.009915198
0.009790655
0.009976249
0.009865773
0.009817895
0.00971254
0.010064521
0.0098932525
0.009785767
0.009705669
0.009950649
0.009828864
0.009778874
0.009706479
0.009826488
0.009689397
0.009875185
0.009795442
0.0097272685
0.009636202
0.009877495
0.009782837
0.009702864
0.009661481
0.00978931
0.009692076
0.0097235
0.009661426
0.00973861
0.009740308
0.009653125
0.009605512
0.009715728
0.009664149
0.009678575
0.009605954
0.009705124
0.009670881
0.009630275
0.0096066
0.009611237
0.009607699
0.009581066
0.00949918
0.009647426
0.009585824
