0.28825578
0.050553992
0.04753782
0.06974087
0.048569698
0.026286757
0.026502907
0.0360129
0.03358848
0.025354994
0.0214429
0.02619127
0.029547237
0.026240071
0.02280649
0.021545144
0.023395872
0.024412796
0.022372628
0.0210493
0.0215464
0.02205222
0.021294275
0.020657303
0.020993406
0.020878794
0.02056168
0.02082783
0.020592034
0.020888835
0.020864323
0.020746367
0.020598
0.02095519
0.020778496
0.02062021
0.020637741
0.02061343
0.020553054
0.020754863
0.02069309
0.020571344
0.020601792
0.020555325
0.0205002
0.020676587
0.020605613
0.020579318
0.02066639
0.020464608
0.020615445
0.020616563
0.020443246
0.021087179
0.021170884
0.020737171
0.020621404
0.020881385
0.020796947
0.020626998
0.020621657
0.020735597
0.020646367
0.020513214
0.020536743
0.020509953
0.020522304
0.020445386
0.020680742
0.02060867
0.020623434
0.02054709
0.020628583
0.020625757
0.020429382
0.020449884
0.020454356
0.020402858
0.020475274
0.020369044
0.020498855
0.020409504
0.020487009
0.020457378
0.020395325
0.020422434
0.020344133
0.020458804
0.020347035
0.020550862
0.020553881
0.020282244
0.02035223
0.020267377
0.020483544
0.020351755
0.02049316
0.02054163
0.020251539
0.020337919
0.02026358
0.020382022
0.020317137
0.020376695
0.020376356
0.02034718
0.020313358
0.02038947
0.02031769
0.020347342
0.020355275
0.020252904
0.020327726
0.020234114
0.020414928
0.020366464
0.020266073
0.020468941
0.020338638
0.020255757
0.020304786
0.02019494
0.02021131
0.020220838
0.020160884
0.020307181
0.02024681
0.020238807
0.02026089
0.02018754
0.020211022
0.02017262
0.020169675
0.020168744
0.020105308
0.02032793
0.020287886
0.020105688
0.020207854
0.020121433
0.020183668
0.020197658
0.020104825
0.020113425
0.020092295
0.020052133
0.020072775
0.020000571
0.020179939
0.020096118
0.020061778
0.020081153
0.020021161
0.020014666
0.019957555
0.020031186
0.019958617
0.0201276
0.020161597
0.01988857
0.020009145
0.019954372
0.019955585
0.01991414
0.019847687
0.019835474
0.019959258
0.019861486
0.020018836
0.020050114
0.019831039
0.019917645
0.019875625
0.019767301
0.019978521
0.019901324
0.01980549
0.019797595
0.019794187
0.019752622
0.019843265
0.01981175
0.019754343
0.019724457
0.01978469
0.01973175
0.019742617
0.019719275
0.01969865
0.019666867
0.019736305
0.019710483
0.019632278
0.019607678
0.019702751
0.019658783
0.019616114
0.01959364
0.019622521
0.019583898
0.019589879
0.019558927
0.019572902
0.019543897
0.019543758
0.01951167
0.01952623
0.019496983
0.019482851
0.019439893
0.019507475
0.01948005
0.019393861
0.0193565
0.01947315
0.0194339
0.019314958
0.019277764
0.019398017
0.019341081
0.019261656
0.019237544
0.019233115
0.019174656
0.019228974
0.019168107
0.019091377
0.019091938
0.019168118
0.019041512
0.019113246
0.019045116
0.018947346
0.018904768
0.018899284
0.018803483
0.018785015
0.018679634
0.018681018
0.018580927
0.018539665
0.018429393
0.018552989
0.018431118
0.018296974
0.0182561
0.018128613
0.018015722
0.017977403
0.017802035
0.018228171
0.017795276
0.017645935
0.017463282
0.017429411
0.01720776
0.017121991
0.017067358
0.016811194
0.01714849
0.016932929
0.016699085
0.016603101
0.016641142
0.016494347
0.016525313
0.016328735
0.016141247
0.015994973
0.016134793
0.015998699
0.015684629
0.015561107
0.015824554
0.015534145
0.015594371
0.015592053
0.015200918
0.015091218
0.015064876
0.014838174
0.015186933
0.014846754
0.015021195
0.014946632
0.014606628
0.01448714
0.01436615
0.014194496
0.014458209
0.014267336
0.014301005
0.0142413555
0.014087372
0.01399484
0.0137959095
0.013690918
0.014209951
0.013722964
0.014078583
0.0140787745
0.013696346
0.013693433
0.0134808915
0.013391227
0.013540459
0.013311908
0.013827671
0.013825744
0.013616316
0.01366065
0.013601675
0.013490449
0.013448742
0.013248763
0.01337029
0.013196346
0.013180248
0.013167466
0.013364832
0.013273433
0.013144921
0.013078441
0.01295597
0.012850612
0.013088624
0.012823325
0.0133150695
0.013339117
0.012935229
0.012977343
0.012824163
0.012675599
0.012833756
0.012708389
0.012795907
0.012791279
0.012866568
0.012664944
0.012904209
0.0128117865
0.012664382
0.012580931
0.012896098
0.012772587
0.012725785
0.012639756
0.012602347
0.012456181
0.012862655
0.012642245
0.012647641
0.012606173
0.012591876
0.012556873
0.0127091585
0.012773241
0.012485634
0.012489037
0.012495701
0.01241867
0.012496105
0.0124511095
0.0124220885
0.012366035
0.01246469
0.0123912925
0.012619018
0.012520947
0.0125613585
0.01241643
0.0126637025
0.0125290835
0.012500825
0.012607823
0.012245543
0.012314205
0.012331735
0.01224335
0.012534372
0.012487653
0.012275856
0.012262571
0.01233947
0.012197866
0.01276311
0.012673422
0.012137511
0.012171987
0.012323711
0.012236235
0.012323017
0.01225293
0.012278912
0.012213334
0.012277144
0.012288679
0.012162522
0.012193612
0.012160875
0.01213302
0.012160443
0.012165695
0.012137829
0.012060118
0.012319627
0.012366548
0.011998466
0.012072057
0.012152389
0.012148067
0.012109469
0.012157147
0.012094344
0.012230628
0.0119901635
0.012065377
0.012220163
0.012320657
0.012058106
0.012137611
0.01224224
0.012143907
0.012007252
0.012070599
0.01203129
0.012007806
0.011967506
0.012056437
0.01194365
0.012109692
0.012110892
0.012187499
0.012027415
0.012129708
0.012107514
0.011930775
0.011961517
0.01200164
0.011914909
0.012059887
0.011998042
0.011902553
0.0118592875
0.012045716
0.01198933
0.012036541
0.012097719
0.011903111
0.011851649
0.012012412
0.01179018
