0.287929
0.0909585
0.04844633
0.031593308
0.031184325
0.025338186
0.026024828
0.026147733
0.023006184
0.022494078
0.023590885
0.021471085
0.022413583
0.023609983
0.02169838
0.021431208
0.021954
0.021939903
0.02081483
0.022000052
0.02267886
0.021012248
0.021629304
0.022745043
0.021643365
0.020962143
0.021368876
0.021510899
0.020889098
0.02094839
0.021299658
0.020622147
0.021435251
0.022174574
0.021148408
0.0207833
0.021159172
0.021077275
0.020635268
0.02103275
0.021271994
0.02051463
0.021935916
0.023125269
0.022308094
0.02062626
0.021441622
0.022411251
0.02179441
0.020709038
0.021127367
0.02194903
0.0215556
0.020735191
0.021165125
0.02163791
0.02139231
0.020463528
0.021543955
0.02195262
0.021878779
0.020637013
0.021954708
0.0227777
0.02248241
0.022307992
0.02057792
0.022604264
0.024429457
0.023025172
0.022669783
0.022473933
0.020658294
0.022178521
0.023972014
0.022590557
0.021236697
0.021247864
0.020972243
0.021402022
0.02153408
0.020700311
0.020616332
0.020978957
0.020605331
0.02056961
0.020480998
0.020726925
0.020583594
0.020338306
0.02035213
0.020499052
0.020315
0.020713653
0.02085794
0.020186586
0.021381272
0.022090562
0.021020278
0.02054852
0.020801624
0.020314427
0.020626934
0.020791637
0.020054352
0.020681076
0.021328537
0.020658651
0.020217003
0.02043854
0.020095991
0.02024904
0.020345174
0.019855892
0.020629195
0.021132497
0.02016732
0.020083785
0.020493964
0.02003789
0.019901946
0.0201983
0.019766798
0.020068118
0.020305773
0.019846076
0.019803435
0.019986859
0.019644009
0.020229358
0.020534826
0.019951854
0.01975031
0.020048054
0.020081682
0.019455211
0.020696076
0.021558443
0.020573998
0.019904083
0.01998391
0.0200847
0.02020715
0.019622289
0.019637825
0.019966405
0.019409657
0.019649358
0.019852625
0.019684725
0.019328007
0.019247785
0.01925427
0.018998684
0.018907586
0.019343754
0.019209085
0.019012759
0.018970884
0.019036656
0.018872725
0.019029377
0.018962527
0.019264875
0.018839683
0.019036265
0.019005992
0.019030547
0.019004017
0.01886189
0.018769642
0.01899716
0.018963449
0.0185853
0.01856535
0.018510727
0.018438198
0.018476013
0.01871928
0.018354317
0.018649044
0.018648507
0.019157946
0.018845074
0.018275952
0.018080054
0.01908084
0.018931562
0.018439736
0.01833813
0.017962389
0.017724173
0.017940296
0.01728333
0.017191866
0.01981733
0.017240299
0.01681059
0.017320655
0.01665786
0.0184647
0.016300455
0.017654203
0.016755471
0.021138573
0.018282598
0.017621368
0.01772554
0.016663104
0.017985567
0.020268729
0.01742646
0.017633613
0.018649654
0.01734094
0.01664337
0.016794836
0.015346214
0.017072381
0.018485151
0.017427024
0.01575384
0.016628591
0.0174639
0.017027656
0.016346077
0.015645884
0.015683493
0.016111275
0.015330158
0.015171205
0.01550746
0.015014241
0.014935568
0.015224417
0.015049596
0.014550117
0.015039939
0.015067965
0.014824162
0.014744953
0.014252857
0.014280786
0.014512499
0.014201667
0.014485695
0.01470837
0.014618474
0.014513846
0.014436466
0.01420711
0.013797797
0.013842016
0.013851728
0.013737846
0.0135353925
0.014180602
0.014135216
0.014126529
0.014356437
0.013531475
0.01470054
0.015228272
0.013797819
0.0144707775
0.015237473
0.014266792
0.013863456
0.014401068
0.013621884
0.0134817185
0.013714179
0.013193447
0.014004416
0.014436029
0.013877653
0.013851053
0.013886253
0.013537087
0.013340245
0.013250205
0.01335078
0.013119166
0.013409617
0.013197
0.013075501
0.01307937
0.013112165
0.013005775
0.013023806
0.012966603
0.0129987635
0.012891799
0.012955737
0.013004626
0.012760687
0.012693058
0.012744601
0.012745298
0.012647736
0.012603245
0.012706828
0.012742016
0.012559857
0.012527834
0.0125928195
0.012629174
0.012614019
0.012639955
0.013106857
0.013363343
0.012813778
0.013041467
0.013401794
0.01331265
0.013132923
0.012860606
0.01287599
0.013027296
0.012673627
0.012810755
0.01277259
0.012867269
0.01290654
0.012430132
0.012455869
0.012735963
0.012573014
0.012497687
0.01265933
0.012973081
0.0129184155
0.012328036
0.012637645
0.013372702
0.013587318
0.012939885
0.012678355
0.012816048
0.0130282035
0.012948013
0.012498234
0.01230742
0.012646824
0.0127959205
0.012429017
0.012377272
0.0124573745
0.0126300305
0.012723659
0.012379345
0.012456983
0.012568559
0.012472992
0.012397305
0.012607562
0.012202659
0.01255469
0.012789674
0.012532922
0.012342305
0.012506299
0.012516885
0.012170897
0.012615617
0.013054223
0.012805022
0.012556958
0.01251087
0.012717389
0.012459219
0.012549773
0.012635027
0.012261172
0.012248208
0.012396152
0.012283102
0.012211551
0.012219489
0.0121132955
0.012164384
0.012066382
0.012267922
0.012417761
0.012266152
0.012241249
0.012161712
0.012058488
0.0121816965
0.012003404
0.0123152835
0.012436249
0.012202252
0.012223306
0.012191636
0.011936295
0.012433129
0.012482381
0.012197285
0.012052305
0.01235618
0.012420881
0.011959155
0.012747214
0.013287607
0.012572606
0.012629173
0.012619474
0.012309894
0.012400493
0.0122206025
0.012012658
0.01197175
0.011935909
0.011935063
0.012108281
0.012018929
0.01212165
0.012144559
0.012021974
0.011984676
0.0118558975
0.011828852
0.01196589
0.01197511
0.011920181
0.011839077
0.012025998
0.011872306
0.012013528
0.011990025
0.01177374
0.011756646
0.012001231
0.011968039
0.011815205
0.011813327
0.011793987
0.011735034
0.012010604
0.011991501
0.011774458
0.011742112
0.01198174
0.011760804
0.011970043
0.012047813
0.011835749
0.0118112005
0.011840277
0.011801262
0.011658956
0.011672113
0.011692017
0.011770229
0.0115918545
0.011828661
0.01202188
0.011747581
0.01176818
0.01187029
0.011807524
0.011698399
0.011707708
0.011734265
0.011768334
0.011710185
0.01213492
0.0121043315
0.012022059
0.012099621
0.01204406
0.011982747
0.011701797
0.01154575
0.011789598
0.011864401
0.012017414
0.011920527
0.012024392
0.01176438
0.011778101
0.011743003
0.011774416
0.011888806
0.011680399
0.01160999
0.011691228
0.011608951
0.011673187
0.011684152
0.011707981
0.011576641
0.011714239
0.011600305
0.011716462
0.011832368
0.011521466
0.011532992
0.011599611
0.011475247
0.0116081415
0.011625645
0.011530436
0.011464912
0.01158828
0.011454921
0.011761478
0.01181933
0.011387846
0.011435077
0.011552602
0.0114154285
0.011563424
0.011694263
0.011607352
0.011674722
0.011591536
0.011781669
0.011830844
0.01174216
0.011648583
0.011381902
0.011461485
0.011391749
0.011634369
0.011739495
0.011536951
0.011530615
0.0114615215
0.011529486
0.011555974
0.011480688
0.011422199
0.011371317
0.01133673
0.01125395
0.0113792615
0.011314186
0.011564505
0.011631742
0.01149444
0.011286583
0.011510978
