0.2899
0.074195154
0.04529049
0.029337918
0.030827323
0.026192216
0.026678622
0.02679571
0.022647291
0.027091606
0.029953977
0.025129488
0.022545775
0.023954092
0.023924947
0.022597888
0.022985293
0.023732936
0.022415759
0.022651076
0.023338666
0.022472605
0.022423303
0.022911629
0.022512965
0.022053257
0.021858608
0.02193282
0.021529108
0.021310963
0.021586493
0.020889377
0.02093987
0.021211075
0.02054189
0.020435281
0.020843908
0.020568363
0.020165056
0.019922527
0.020443594
0.020117728
0.020025067
0.019901115
0.020011999
0.019548882
0.020342393
0.019029083
0.020755671
0.020576933
0.019776456
0.019477367
0.019452238
0.019428099
0.018834585
0.01895445
0.018671889
0.01962916
0.019808872
0.019605212
0.01879056
0.020797594
0.020947332
0.018987799
0.019402375
0.019380214
0.019703
0.019012181
0.018905066
0.019153675
0.018642979
0.018539742
0.018912055
0.01845452
0.019467928
0.019922884
0.018546471
0.019539677
0.019982874
0.01911862
0.019336233
0.01896456
0.018868087
0.019066533
0.018141149
0.020489186
0.022097664
0.019862419
0.018496484
0.019055283
0.01889143
0.018873889
0.018342486
0.018925797
0.018933065
0.018183878
0.01829218
0.018336065
0.018183311
0.018015997
0.018301958
0.018336955
0.018011032
0.018029943
0.018107584
0.017946627
0.017983409
0.018086985
0.01791183
0.017996784
0.017896486
0.017873192
0.017762773
0.018457554
0.018304234
0.01825299
0.018040994
0.018353699
0.018362096
0.017795678
0.0177884
0.018036598
0.017722668
0.019025402
0.01924906
0.017718688
0.020132786
0.022259066
0.020244388
0.018051496
0.0191066
0.01973739
0.018813401
0.018909464
0.019137124
0.01825569
0.018989919
0.01919681
0.017875278
0.018916795
0.020040728
0.018861534
0.018131198
0.018291397
0.017617097
0.018807663
0.019128328
0.018686634
0.018584402
0.01864227
0.018652748
0.018197661
0.017803218
0.018361205
0.018529266
0.017797085
0.018791785
0.01958161
0.018685473
0.018201062
0.01824333
0.018134402
0.018321218
0.017840527
0.017793389
0.01801035
0.017492017
0.017974228
0.018353691
0.017971013
0.017365715
0.018112438
0.018559504
0.01760382
0.017849242
0.018192075
0.017652357
0.017609658
0.017355202
0.017706065
0.017731914
0.016910352
0.018305825
0.019638835
0.018559255
0.017193101
0.017457696
0.017832233
0.017609248
0.017483456
0.017001124
0.016910212
0.017069286
0.016509615
0.017239375
0.017851906
0.017044261
0.0169356
0.016979095
0.016634233
0.01675751
0.01644361
0.016118472
0.016088655
0.015781024
0.01573457
0.015552945
0.015539016
0.015285389
0.015465568
0.01551253
0.015176714
0.015139893
0.014817931
0.014775872
0.014672789
0.014654382
0.014399921
0.014344488
0.014239912
0.014696956
0.014201194
0.014256902
0.014233261
0.013973549
0.014015975
0.013715796
0.013522412
0.013958593
0.01403822
0.013774801
0.01384044
0.013513063
0.013563595
0.01351343
0.013209853
0.013252445
0.013111151
0.012986258
0.012984945
0.012822986
0.012856655
0.012731384
0.012766787
0.012700051
0.012548987
0.01250241
0.012524438
0.012467962
0.01235234
0.012402389
0.012112758
0.012036897
0.012396255
0.012204059
0.01211604
0.012350227
0.011917959
0.012009521
0.012434396
0.011882731
0.011782348
0.012615249
0.01249985
0.012275468
0.011671808
0.012267706
0.01263236
0.011976733
0.012391319
0.0119228335
0.011595982
0.011645199
0.011516887
0.011559839
0.011333659
0.011397363
0.0110739255
0.011304666
0.011159398
0.011394157
0.011417419
0.010871217
0.011513849
0.011420638
0.010646831
0.010832098
0.010855488
0.010504551
0.010640244
0.010519364
0.010651939
0.010429669
0.010711796
0.010493654
0.010520332
0.010282431
0.010383598
0.010096117
0.010758738
0.010592184
0.010025661
0.01023125
0.009981808
0.010338619
0.010361818
0.009765252
0.0100000175
0.009822211
0.010059171
0.010091387
0.009603657
0.010122511
0.010050534
0.009489411
0.009700505
0.009501651
0.009566515
0.009586076
0.00937606
0.009413918
0.009316302
0.009388603
0.009425652
0.009131734
0.009295349
0.009178861
0.009093594
0.009079339
0.009153805
0.008954088
0.009108628
0.009201552
0.00904825
0.008984997
0.009097189
0.009289724
0.009124691
0.009505449
0.009303758
0.009644014
0.00910333
0.00954043
0.009450916
0.00933067
0.009416685
0.008968611
0.008987923
0.009016957
0.008867801
0.009014194
0.0088646775
0.009062119
0.00894438
0.008915263
0.00867353
0.009564803
0.009408458
0.008711337
0.00870973
0.008562491
0.008429474
0.0084504755
0.008532904
0.008441986
0.0090120295
0.00862795
0.009647685
0.010001304
0.0087409085
0.0098064495
0.010775638
0.009792288
0.009516077
0.008828583
0.009695999
0.010463635
0.008853082
0.008730432
0.009326441
0.008634993
0.008605161
0.008762539
