0.28790858
0.047082737
0.060842033
0.0861632
0.05612691
0.02603467
0.028340504
0.04068908
0.038348556
0.02758032
0.021383807
0.028197242
0.032384206
0.029040335
0.025439562
0.02182251
0.023512706
0.026603587
0.024900364
0.022150783
0.021110194
0.021870406
0.022620564
0.0211452
0.020316215
0.020771831
0.021030888
0.020357186
0.020250633
0.020526886
0.020285731
0.019958116
0.020648535
0.020543287
0.020045074
0.020219386
0.02012507
0.02026435
0.019960167
0.020375954
0.020526297
0.020020397
0.02011151
0.02019096
0.019859849
0.019865887
0.019890701
0.019852502
0.019666815
0.019832922
0.01960869
0.019722473
0.019586032
0.019726291
0.019661915
0.019598842
0.019522937
0.019471325
0.01939574
0.019279283
0.01924432
0.019096231
0.019050574
0.018770145
0.018947495
0.018768126
0.018720984
0.018502014
0.018278359
0.017905036
0.018664695
0.018521586
0.018047325
0.017690772
0.01771571
0.017699234
0.017696602
0.017388532
0.017488686
0.017481377
0.016978132
0.016750552
0.017117912
0.01691606
0.01698984
0.01686109
0.01659348
0.0165753
0.016427249
0.016189884
0.016737098
0.016773043
0.016149564
0.015998716
0.016010419
0.015923914
0.016037561
0.015842484
0.016138917
0.016044257
0.015538956
0.015572439
0.015485987
0.015289846
0.015342104
0.015199043
0.015236127
0.015143305
0.014993799
0.014808029
0.014916342
0.014696166
0.014823772
0.014577267
0.014705722
0.014351197
0.014742981
0.014787711
0.014164972
0.014182099
0.014188953
0.014348307
0.014289518
0.013682819
0.013997632
0.0141665265
0.013469252
0.0134141175
0.013580252
0.013267036
0.012998058
0.013091467
0.0129355565
0.012687732
0.012707484
0.0124875875
0.012706039
0.012648289
0.012277029
0.012477167
0.012160085
0.012216681
0.012263534
0.012007453
0.011854346
0.01191475
0.011737461
0.011670978
0.0116851255
0.011620247
0.01153816
0.011482597
0.011303882
0.011279046
0.011102927
0.0113913445
0.011007085
0.011547915
0.011630836
0.011140379
0.010803294
0.011035219
0.0106062265
0.01121313
0.011409848
0.010615104
0.011059631
0.011272249
0.011144281
0.010304958
0.011507968
0.012168609
0.011216248
0.010707355
0.01068335
0.011163749
0.01141986
0.010295584
0.010425818
0.010891474
0.010573599
0.010191812
0.009938454
0.010217873
0.010035367
0.009938911
0.009878722
0.009792133
0.010155812
0.009474446
0.0100479005
0.009774835
0.0097030485
0.009647779
0.009196796
0.009560287
0.009612676
0.0092388615
0.009152968
0.009233427
0.009126741
0.009056341
0.008866628
0.009118933
0.009044894
0.008785622
0.008937596
0.008771032
0.009079817
0.008874466
0.008796824
0.008732496
0.008626412
0.008429617
0.008671285
0.008486855
0.00853045
0.008477886
0.0082686795
0.008258693
0.008301243
0.008143483
0.008195012
0.008099254
0.008030129
0.007826758
0.008145969
0.007966363
0.007857951
0.0077938647
0.00773048
0.007634552
0.007695673
0.0075662136
0.0076049995
0.007531799
0.0073385104
0.0072620786
0.0073633357
0.0072163907
0.0072569507
0.0071715876
0.007022295
0.006912326
0.0070355902
0.006875457
0.006907148
0.0068247337
0.006618418
0.006532265
0.0065755956
0.0064325645
0.006536292
0.0063276677
0.006363496
0.006306848
0.00601897
0.0059536197
0.0061651897
0.0059530563
0.0060327384
0.0058563855
0.0058083446
0.0057421364
0.0058084805
0.005674284
0.005790928
0.0058685075
0.005433951
0.006047717
0.0057229116
0.005736184
0.006000243
0.0055882237
0.005445216
0.005481713
0.0051326603
0.005247725
0.0050717215
0.0054794154
0.00524265
0.005347947
0.005089789
0.0059035304
0.005867103
0.0051204083
0.0050700484
0.005144462
0.005024245
0.004759564
0.005304744
0.0049969894
0.0056330985
0.005375042
0.0054615554
0.0056414767
0.004643289
0.005002935
0.0048439396
0.004848966
0.004524718
0.0053996854
0.005367694
0.004727951
0.004913414
0.004735065
0.0051179887
0.0050930846
0.004754218
0.004986905
0.0046868995
0.004601752
0.004754353
0.0045153275
0.0048757116
0.0046968274
0.0044938684
0.004529077
0.004409144
0.0043023494
0.0043547493
0.004338118
0.004524263
0.0044641816
0.0043354626
0.004504668
0.0041719987
0.004660635
0.0044116774
0.0043657664
0.0044349157
0.004223535
0.004234366
0.004129317
0.004489758
0.004295102
0.004280483
0.0044531287
0.004238414
0.004225306
0.004162444
0.004070182
0.0042499327
0.0039370866
0.0042005754
0.00387852
0.0043705855
0.0042202915
0.004452443
0.0044151447
0.003948414
0.0041152625
0.003862664
0.004510677
0.004245773
0.004387506
0.0044957343
0.0041663516
0.004259908
0.004233798
0.0040136804
0.004412729
0.004362539
0.0039001864
0.0040238798
0.004166655
0.0037682084
0.0044944556
0.004649846
0.003577513
0.003702605
0.0038301137
0.0036970994
0.00358821
0.0035993743
0.0037817059
0.0034496551
0.004021842
0.0040863208
0.004092996
0.0038758859
0.003912082
0.00362405
0.0041570147
0.004370243
0.0038053442
0.0038176442
0.0036980829
0.0038181522
0.0035881547
0.00399567
0.004052406
0.0036456473
0.003972395
0.0037807582
0.0035956206
0.0036609673
0.0034168286
0.0037350093
0.0034765096
0.0039532916
0.00393733
0.0035735334
0.0035726794
0.0036709306
0.0036181335
0.0036188315
0.0035497143
0.0037248852
0.0037633702
0.0034222174
0.0033717763
0.003758601
0.0036391467
0.0033603013
0.0033426348
0.0033925052
0.003172908
0.0038416681
0.003599802
0.0035655166
0.0036525961
0.0032485167
0.0034310294
0.0032203847
0.0031789287
0.0032969024
0.0031294425
0.0036833528
0.0033010684
0.0038302557
0.0038193867
0.0032731837
0.0035683857
0.003136013
0.0041712667
0.004405895
0.003263615
0.0038600452
0.0042096735
0.0032944756
0.004184212
0.004022393
0.0037311763
0.0036742345
0.0035514145
0.0035488792
0.0036097793
0.003595598
0.0033851096
0.0034239758
0.0033678047
0.003278949
0.0034645407
0.0031139718
0.003993749
0.0040209894
0.00308742
0.0039404277
0.0038688472
