0.29029825
0.04526176
0.069966555
0.04938804
0.025478458
0.030535521
0.031090012
0.02509894
0.024432264
0.025425589
0.02425473
0.022836113
0.023340723
0.023845
0.022738243
0.022239948
0.022884607
0.022233268
0.022459036
0.022726642
0.022390954
0.02218017
0.022124538
0.022088813
0.022113966
0.021728054
0.022820145
0.022853842
0.02180945
0.02177226
0.022022769
0.02138015
0.021040425
0.021020016
0.020414231
0.020667901
0.020532293
0.0199882
0.019931415
0.020007536
0.019847436
0.019547654
0.019558541
0.019330086
0.019740412
0.019434249
0.019482123
0.019328078
0.019717583
0.019479278
0.019057067
0.01961561
0.019569958
0.018877858
0.019021133
0.01888855
0.01887556
0.018695725
0.018816827
0.018528648
0.018924009
0.018945247
0.018304514
0.018790042
0.01879197
0.018149937
0.018256748
0.018005034
0.017650688
0.01767046
0.017057547
0.017247781
0.017081989
0.016449941
0.016471505
0.016314529
0.016114054
0.015791288
0.01580902
0.015510465
0.015163877
0.015562291
0.015443676
0.014992562
0.014685266
0.014773391
0.014612764
0.0144694485
0.014121593
0.014423889
0.014436987
0.014421525
0.013892717
0.013873938
0.013865486
0.013747588
0.013447954
0.01348329
0.01334646
0.013507339
0.013388462
0.012930672
0.012835677
0.01280465
0.012658171
0.013142272
0.012811296
0.012815882
0.012751647
0.012328391
0.012345995
0.012394358
0.012206282
0.012450896
0.012137517
0.0123578
0.012394699
0.012046903
0.01194147
0.011845048
0.01176966
0.011922233
0.011583611
0.012265247
0.012360779
0.011498076
0.011981663
0.012050531
0.0115161715
0.011734177
0.011575562
0.01142126
0.011242613
0.0113866
0.011167578
0.011722089
0.011476156
0.011728602
0.01220521
0.0114849955
0.011484408
0.011701745
0.011510647
0.011067572
0.011533278
0.011512969
0.010854852
0.010966659
0.010841844
0.010861049
0.010853377
0.010619495
0.010718676
0.010661244
0.010498947
0.010779597
0.0106333345
0.011045445
0.0106223
0.011016168
0.011130903
0.010590828
0.01066948
0.010391115
0.010442864
0.010432445
0.010225481
0.010226319
0.010355562
0.010174588
0.010573109
0.010471209
0.010270835
0.010127776
0.010400967
0.010339081
0.010196454
0.010146294
0.00994845
0.009794752
0.01070032
0.010722329
0.009926523
0.010238979
0.010365206
0.010126944
0.01016385
0.010146328
0.009844412
0.010262749
0.010398652
0.009762356
0.009888743
0.010033394
0.009719604
0.009666939
0.00969797
0.009714071
0.009387311
0.009366596
0.009577963
0.009380371
0.009750957
0.009731106
0.009418272
0.009319865
0.009352154
0.009295774
0.009302448
0.009252556
0.009245246
0.009238034
0.0090115415
0.009326063
0.008906707
0.009741361
0.009948726
0.009637048
0.009422344
0.009114238
0.009227858
0.009456436
0.009074716
0.009311023
0.009546307
0.0090326695
0.009051713
0.009364783
0.009190398
0.009095821
0.008955392
0.008858134
0.008783226
0.008937283
0.00872475
0.009022336
0.009223047
0.008658691
0.008638529
0.008745864
0.008601761
0.008537945
0.008584901
0.00844702
0.008383867
0.008422621
0.008220254
0.008749335
0.008856657
0.0083081825
0.008454036
0.008480166
0.008132769
0.0082271835
0.008251941
0.007967681
0.008270878
0.00829438
0.007951201
0.008154832
0.008376682
0.008134217
0.007740187
0.008995761
0.009267562
0.0087294085
0.008568132
0.00805163
0.008215795
0.008231956
0.007848225
0.007962431
0.007979512
0.008292463
0.007982311
0.0077495985
0.007730494
0.007823995
0.0075996984
0.007937556
0.007928199
0.0077448464
0.007680237
0.0075082146
0.007496754
0.0075658285
0.0073000374
0.007484322
0.007331278
0.007630708
0.007542999
0.00727829
0.0073326095
0.007338248
0.007067986
0.007434229
0.007153217
0.0074024335
0.0072957985
0.006997263
0.006968852
0.0070546926
0.0068010637
0.0074555487
0.00757683
0.006660136
0.007096185
0.0070035052
0.006917911
0.0066490727
0.00705269
0.006783756
0.007385166
0.007548125
0.0070178458
0.007000889
0.006812366
0.0066855797
0.006936031
0.006327664
0.007439457
0.0077049937
0.0069330097
0.0066077285
0.0074986177
0.00745659
0.0067091403
0.006648635
0.0067093726
0.006348528
0.0067720315
0.006586183
0.006736718
0.00659129
0.006840467
0.006782444
0.0061664
0.0061642877
0.006281042
0.0060967193
0.006627844
0.0065433052
0.006108608
0.0062418007
0.0060316306
0.006060784
0.0058157877
0.006292343
0.0059399283
0.006317068
0.006272132
0.005761324
0.005673612
0.0064899437
0.0065015913
0.005660057
0.0059387474
0.005683783
0.0058654784
0.005612412
0.006011575
0.0057696537
0.0060216845
0.0061199237
0.005556579
0.0056388495
0.0055295504
0.005669461
0.005395004
0.0058233743
0.0054960903
0.006009066
0.005937416
0.0053466507
0.005284687
0.0058206
0.0056946743
0.0054816753
0.005567888
0.00538466
0.0053715557
0.005332721
0.0052752555
0.005338993
0.0052282442
0.005395835
0.005173491
0.005841373
0.0058710934
0.00517433
0.005601917
0.0052935784
0.005901609
0.0061567463
0.0052054073
0.0052975337
0.005469927
0.005208982
0.00515143
0.005076524
0.005181859
0.0053186365
0.0049568093
0.0056916527
0.005758262
0.0054296865
0.0052172025
0.0060044266
0.0061211376
0.0051601273
0.005377257
0.0053517404
0.0051663998
0.005357241
0.0050515486
