0.28898087
0.07184034
0.05858838
0.032161538
0.035456043
0.03130871
0.023665989
0.028775603
0.030018395
0.023854246
0.023310991
0.02521287
0.02299892
0.022136675
0.022575108
0.022008544
0.022257717
0.022387616
0.021816114
0.02220133
0.022402475
0.021957435
0.021487182
0.02157936
0.021234894
0.021094685
0.021037763
0.020610932
0.020424841
0.020309111
0.02000814
0.020092847
0.019952938
0.019793212
0.019400083
0.019954717
0.020046324
0.019107707
0.02005967
0.020666761
0.019449137
0.019063968
0.018555885
0.018996395
0.018547798
0.01806183
0.017813213
0.01749555
0.017494736
0.017213315
0.01735249
0.017121216
0.016787527
0.017298378
0.017276747
0.016331853
0.017607601
0.017077485
0.01601938
0.017094828
0.0179442
0.016572157
0.016025536
0.016369252
0.015516296
0.015882352
0.015752962
0.01569525
0.015575285
0.015257503
0.015582234
0.015313021
0.015779192
0.015679428
0.014982935
0.015088126
0.015126653
0.01460129
0.015640056
0.01573922
0.014528532
0.015494307
0.015709566
0.014817511
0.014826958
0.014851631
0.0146368
0.014246752
0.014522067
0.014060077
0.014777253
0.015041861
0.013881236
0.0151348375
0.016184976
0.014962237
0.01488478
0.0147450315
0.013793841
0.014603202
0.014728921
0.013846926
0.014371519
0.014706784
0.014244682
0.013953012
0.013752061
0.01356407
0.013534442
0.013342283
0.013460081
0.013437475
0.0127810165
0.013119181
0.0129764145
0.012723811
0.012462829
0.0126161175
0.012435055
0.012215179
0.012172766
0.012107945
0.011858833
0.01194542
0.011861808
0.011685829
0.011520679
0.011471088
0.011439544
0.010973548
0.011163694
0.011060688
0.010957021
0.010802253
0.010300287
0.01167388
0.010997747
0.0116794845
0.010709944
0.011581856
0.011618629
0.009866174
0.009836592
0.010252834
0.009468177
0.011345421
0.011658591
0.009082924
0.010630148
0.010536537
0.009943286
0.009572969
0.00918435
0.0090368455
0.008329184
0.008365492
0.0080969585
0.008274775
0.008044795
0.0077437726
0.0074531473
0.0075992583
0.007312499
0.0074120723
0.00707687
0.0071071475
0.007189506
0.006561768
0.0067091472
0.006883442
0.0064374725
0.006190689
0.0062331925
0.006484034
0.006011555
0.0060897865
0.0064119804
0.0058305576
0.0059501645
0.006093495
0.0059208088
0.0056906254
0.0056967135
0.005678009
0.005393537
0.0057232887
0.0057044313
0.005906479
0.0054000453
0.0062303008
0.0063634315
0.0056380765
0.0053159595
0.0054392386
0.0051494404
0.005899448
0.0056922645
0.0057368963
0.0060268245
0.0053527355
0.005357778
0.005186614
0.0053372025
0.0051686983
0.0055563464
0.0055368077
0.005034365
0.005057399
0.0049448046
0.004754125
0.005131942
0.0049253223
0.005017916
0.004873803
0.004882515
0.0046813623
0.005027216
0.0050802436
0.0046020127
0.004601363
0.0047461945
0.0046149096
0.004595039
0.004509773
0.004620673
0.0045067165
0.0046075387
0.004511706
0.0044949665
0.004404017
0.0045023467
0.00441092
0.004435404
0.0043645115
0.0043567186
0.0042605256
0.004413334
0.0043589086
0.004180494
0.0041049295
0.0044373428
0.0043663085
0.0040788692
0.0040099435
0.004393292
0.0042528384
0.0040660966
0.0039882143
0.004223856
0.0040770695
0.004043245
0.003940375
0.0041076564
0.0039852355
0.0039805435
0.0039003093
0.0039793854
0.0038993803
0.0038963938
0.0038250436
0.0038607158
0.0037898577
0.0038244643
0.0037667407
0.0037896188
0.0037549455
0.0036933713
0.0036606388
0.0037319409
0.0036836283
0.0036691937
0.0036291361
0.0036593452
0.003622951
0.0035672158
0.0035210394
0.0036232797
0.003571885
0.0035026178
0.0034832023
0.0034899625
0.0033912566
0.003630555
0.003636403
0.0032798655
0.003578335
0.003299309
0.0032775511
0.0034211762
0.0031425117
0.0046853847
0.005021415
0.0038556203
0.003867225
0.0047829426
0.0035852445
0.003957946
0.0042178663
0.0032956966
0.0040228306
0.0045504416
0.003610078
0.003727544
0.004272437
0.0035994397
0.003552045
0.0040730215
0.0034151303
0.0036763165
0.004072105
0.0032730617
0.0037150271
0.0043512997
0.0034276836
0.003513242
0.0039110617
0.0032948647
0.003552818
0.0039503933
0.003248471
0.0035006963
0.0038377494
0.0032602176
0.0033441351
0.0033915434
0.0032282558
0.0031806144
0.0031769592
0.0030561362
0.0031228997
0.0032408396
0.0029705472
0.0030493708
0.0034484423
0.0030466982
0.0032394791
0.0035199004
0.003489664
0.0028944153
0.0033466008
0.0034717533
0.0032945035
0.003048396
0.0031533483
0.0031630003
0.0029811
0.0028026856
0.0034034222
0.0033246977
0.0030213546
0.003170951
0.0029314414
0.0030160437
0.0030107598
0.0027792833
0.00307082
0.0029555254
0.0026821394
0.0026556973
0.002745372
0.0026076725
0.0030436136
0.0029816076
0.002527576
0.0025857508
0.0026576736
0.002537859
0.0027384171
0.0026996725
0.0026435275
0.0025771474
0.0026940529
0.002619284
0.00258933
0.002551541
0.0025096235
0.0023968637
0.0027184037
0.002606717
0.0024385208
0.0024182487
0.0024975813
0.002372293
0.0025495284
0.0024907156
0.0023734588
0.002394821
0.0024110095
0.0023776747
0.002301584
0.0022948117
0.0024796391
0.002311669
0.0024141201
0.002597956
0.0021744217
0.004191212
0.004803769
0.0027406625
0.0036531796
0.0040640305
0.0034767874
0.003368559
0.0025223277
0.0032910444
0.0028979715
0.0028674088
0.0028507847
0.0024897133
0.002322899
0.0025757272
0.0023911167
0.0023776118
0.0024906246
0.0023565274
0.0025065478
0.0024091576
0.0025485842
0.0022519594
0.002745822
0.0023922436
0.0028655399
0.0028641429
0.002425138
0.0023988
0.0023975158
0.0022104897
0.0025220679
0.0024181574
0.002484114
0.002332653
