0.28827623
0.051231805
0.06568909
0.04725908
0.02276787
0.038256813
0.040157963
0.027801549
0.024274064
0.02711043
0.026450267
0.023608379
0.02299721
0.023854753
0.023444323
0.022219023
0.022798255
0.023580829
0.022294404
0.022061994
0.022820026
0.02204667
0.021657294
0.022052921
0.021781258
0.021501899
0.021659255
0.02148462
0.021109907
0.021645477
0.021442145
0.02098539
0.021482805
0.021629289
0.021004504
0.020695033
0.02121234
0.020814082
0.021071618
0.021131044
0.02095986
0.020831265
0.020740703
0.02080437
0.02050723
0.02076648
0.020657627
0.020583654
0.02053942
0.02069549
0.020502277
0.020759113
0.020791946
0.020375252
0.0205754
0.02037256
0.020721562
0.020667404
0.020519217
0.020445168
0.020517603
0.02047463
0.02027332
0.020473583
0.020306828
0.020335747
0.02037252
0.020222174
0.020087896
0.020229992
0.020034945
0.020189255
0.020076595
0.020006081
0.019735673
0.0199924
0.019742444
0.019548854
0.019442476
0.019460237
0.019418659
0.019012803
0.018921828
0.018873654
0.018665602
0.018814782
0.01859687
0.018461632
0.018726123
0.018476032
0.018882724
0.01862725
0.018588593
0.018556045
0.018105412
0.017975168
0.017987343
0.017851746
0.01788174
0.017830111
0.017690137
0.017846217
0.017620457
0.018160483
0.01830705
0.017715128
0.017537897
0.017816981
0.017593728
0.01760788
0.017597908
0.017458968
0.017230533
0.018056497
0.017893424
0.0171808
0.017278882
0.017233117
0.017040126
0.017553845
0.01757412
0.016932195
0.017545305
0.017441891
0.017200604
0.017331012
0.0172355
0.017251829
0.016788261
0.017224856
0.017394392
0.016781768
0.016710848
0.01699453
0.016736224
0.016543595
0.016609432
0.016539263
0.016303608
0.016443936
0.016234322
0.016357929
0.016271865
0.01611592
0.01617053
0.015941314
0.015759723
0.015899615
0.015813023
0.015426253
0.015786933
0.015674552
0.015422638
0.015012124
0.014653859
0.01441693
0.014521633
0.013932909
0.014125489
0.01400352
0.013230038
0.013067282
0.01293604
0.012676465
0.012802791
0.012670118
0.012285772
0.012063389
0.011959341
0.011743671
0.011844895
0.011597048
0.011620566
0.011610255
0.011029164
0.011333247
0.011356101
0.011129297
0.010916862
0.0108980825
0.010631655
0.010741286
0.010781125
0.010280449
0.010250082
0.010197521
0.009994368
0.0100870775
0.009917117
0.009833646
0.009721416
0.009617429
0.009577925
0.009522234
0.009366857
0.0093755005
0.009167605
0.009587244
0.009569648
0.009216358
0.009309984
0.009180178
0.009373312
0.009295655
0.009254827
0.008921023
0.00887996
0.009015202
0.008916195
0.008910858
0.008720548
0.009268328
0.009149925
0.008569215
0.008574161
0.008596002
0.008458084
0.008691301
0.008522795
0.0085427305
0.008339049
0.008667279
0.008343988
0.008400911
0.008255358
0.008315375
0.008187597
0.008394744
0.0081429975
0.008237445
0.00808818
0.00810732
0.00791938
0.00823298
0.008142377
0.008367353
0.008100371
0.007853818
0.007838386
0.007994547
0.008016349
0.007845099
0.007739416
0.008001495
0.0078097284
0.007902419
0.00792577
0.007695516
0.0077800327
0.007654454
0.007854488
0.007718381
0.0076997573
0.0075837374
0.0075098653
0.0074987267
0.007503606
0.007424855
0.0075320476
0.0074272994
0.0075001293
0.0075185946
0.0072923843
0.0074111633
0.0074657425
0.007468304
0.0073706037
0.0073334887
0.007226269
0.0071146213
0.007360432
0.007341711
0.007151903
0.007082707
0.007858316
0.0076909647
0.007512028
0.007885574
0.007785996
0.007595025
0.0075033405
0.0073201098
0.007247541
0.0073056505
0.007091289
0.007171313
0.007047313
0.0071013905
0.0071025104
0.0070931017
0.006938392
0.006981501
0.0068868822
0.0069198906
0.006896194
0.006790753
0.0067954306
0.006695585
0.006625796
0.00693864
0.006945307
0.0065163136
0.006623088
0.0067507266
0.006473958
0.006685479
0.0066373977
0.006486745
0.006532314
0.0064444295
0.0063837003
0.006543308
0.006394168
0.0065741823
0.0064648404
0.0063846023
0.0064753764
0.0061718132
0.006958487
0.0070675598
0.006181553
0.0067739785
0.007092448
0.0067430497
0.006413506
0.0063782763
0.0065476117
0.006284013
0.0062704026
0.0061228857
0.0065632523
0.006382771
0.006070405
0.0063627637
0.006138088
0.0064202235
0.0064244107
0.0061889812
0.00612114
0.0060457313
0.006008046
0.0058386545
0.00598154
0.005831409
0.005982589
0.005921621
0.005816503
0.005780594
0.0056901933
0.0056090206
0.005927281
0.005533473
0.007049469
0.007568031
0.005960779
0.007866085
0.0099973455
0.008318677
0.006279563
0.0069826054
0.006840547
0.006214511
0.0065568513
0.006469764
0.005908906
0.0060219592
0.005823388
0.005814176
0.0056412793
0.0059330785
0.0057663727
0.005513798
0.0054464717
0.0057080947
0.005709721
0.0054600867
0.0054485365
0.0054448326
0.005260112
0.0055410024
0.005232232
0.005926764
0.005948544
0.005177695
0.005873885
0.00609454
0.005764811
0.005329111
0.0055242893
0.005439743
0.005239188
0.005196933
0.0052449144
0.005077338
0.0051440485
0.005310508
0.0050881314
0.0052195783
0.005345655
0.005052551
0.005337116
0.0054407865
0.005665717
0.0052870424
0.0052605816
0.005199337
0.0053415666
0.005122054
0.0053359494
0.005318212
0.005106315
0.005021355
0.0050713797
0.005057797
0.005147508
0.005062374
0.0049235816
0.0048198644
0.005085169
0.004983556
0.0049377475
0.004769284
0.005044302
0.005016601
0.004827885
0.00480919
0.0048322985
0.0047588483
0.0048612114
0.0047779847
0.0048923832
0.004868444
0.0047022486
0.0046447963
0.0048107877
0.00470167
0.0047353213
0.004693003
0.0046760617
0.0045920857
0.0046833376
0.0045883353
0.004645698
0.0045191655
0.004653644
0.0045381337
0.004529736
0.004432094
0.004547618
0.0044999644
0.004431755
0.004414255
0.0044078277
0.0043795854
0.0044544097
0.004453693
0.004499471
0.004282526
0.0044368743
0.0043377522
0.0043686857
0.0043309634
0.0043284986
0.004279036
0.004333977
0.004289958
0.0042959913
0.004224784
0.0042718328
0.0042155194
0.0042231404
0.004181798
0.0041923975
0.0041220733
0.004238864
0.0041900375
0.0041026487
0.004076735
0.0041529574
0.0040646573
0.004146528
0.0041281767
0.004092711
0.0040471577
0.0040591024
0.004037486
0.0040728855
0.0040664505
0.0040909755
0.0040899334
0.003971081
0.0039826664
0.0039792303
0.0040771603
0.0039881845
0.0041007404
0.0038899004
0.0044790055
0.004085207
0.0048676957
0.0044509675
0.004799992
0.0046948213
0.00449471
0.0048015094
0.0044860025
0.004191792
0.00432293
0.0043462864
0.004045053
0.004433984
0.004438349
0.003932592
0.003976871
0.003941339
0.004000949
0.0037525308
0.0041199643
0.0041274726
0.0038132977
0.004045283
0.003950441
0.0038901474
0.0038683712
0.003790661
0.0038270643
0.003867455
0.0038361016
0.0037221648
0.0038244736
0.0037364094
0.003927452
0.0038590913
0.0037315402
0.0038208382
0.0038209117
0.0037845038
0.0036191654
