0.28904215
0.0544356
0.07467181
0.045210123
0.023001378
0.034336988
0.029355971
0.022800194
0.02503488
0.022921225
0.024366057
0.025004165
0.022039287
0.025597587
0.027779102
0.024458265
0.022161871
0.022978693
0.02299531
0.022512408
0.021652466
0.022324672
0.022698857
0.021468496
0.021542823
0.021912163
0.021166833
0.021000145
0.02120188
0.02094286
0.020464696
0.020632537
0.02057605
0.020123947
0.021398803
0.02141588
0.020790406
0.01990542
0.02131918
0.02145719
0.019765658
0.02029826
0.02017059
0.02004684
0.01983219
0.01922874
0.019458992
0.019138614
0.01968391
0.019817246
0.019234605
0.019143697
0.018935101
0.019354805
0.01921207
0.018623944
0.019026136
0.018722713
0.018717598
0.018570408
0.018654522
0.01853323
0.0183871
0.018351326
0.018420974
0.01836778
0.018247291
0.018121457
0.018122451
0.018136756
0.018016556
0.01785745
0.017963998
0.017848454
0.018068694
0.017855437
0.017679261
0.017635887
0.017493976
0.017382734
0.017376462
0.017272169
0.017214386
0.017078517
0.016970927
0.016799385
0.0167141
0.016489642
0.016379934
0.016205657
0.016203946
0.016205562
0.015779069
0.015982158
0.015531789
0.015633805
0.015410793
0.015417873
0.0150886895
0.015268427
0.015446293
0.014785829
0.015739815
0.015614889
0.015092984
0.01455379
0.014807913
0.014342454
0.015023018
0.015637027
0.014851685
0.014162857
0.014756373
0.014271098
0.013866399
0.014413376
0.014278582
0.013736214
0.013858326
0.013725261
0.013695903
0.013807383
0.01398104
0.013923198
0.013539706
0.013662924
0.01363458
0.013211343
0.013257598
0.01328991
0.01280354
0.013182852
0.013190654
0.012598467
0.0129682245
0.01320571
0.012555462
0.012261289
0.012509628
0.0120693
0.0120146675
0.012096089
0.011582493
0.0122138485
0.012924235
0.013054151
0.012038761
0.01141765
0.011413177
0.012251336
0.011902228
0.011649873
0.011580777
0.011607993
0.011450008
0.011134046
0.010833281
0.011887505
0.011908755
0.0108011635
0.010747108
0.010722962
0.010588805
0.011105452
0.010724212
0.0110028805
0.011097732
0.010289264
0.010215368
0.010472697
0.01019615
0.010244717
0.010296487
0.010010832
0.010953516
0.011081285
0.010538571
0.010314832
0.010106811
0.010024898
0.0100986725
0.010011875
0.010241762
0.010003746
0.010374897
0.010182624
0.009779667
0.009641276
0.010302071
0.010405938
0.009815362
0.0096536735
0.009616201
0.009551335
0.009698659
0.009548026
0.010075645
0.009845223
0.009478003
0.009361914
0.009771916
0.009671955
0.009317038
0.009254727
0.009651844
0.009518575
0.009296217
0.009289277
0.009241471
0.009087735
0.009530364
0.009533142
0.00901754
0.0089392355
0.0093744
0.009144903
0.009293627
0.009201274
0.009055165
0.008990669
0.009067752
0.00902193
0.008976183
0.008884248
0.009046297
0.008984507
0.008812553
0.008701508
0.009126101
0.009035413
0.008701072
0.008669648
0.0088581955
0.008755335
0.008757689
0.008654068
0.008776563
0.00870039
0.008680957
0.008649434
0.008570044
0.008518319
0.0086542005
0.00857103
0.008528779
0.008464457
0.008553558
0.008510509
0.008441352
0.008408623
0.008481871
0.008437821
0.008376301
0.008338568
0.008445303
0.008436214
0.008292011
0.00829934
0.008302597
0.008323482
0.008234804
0.008181553
0.008441166
0.008518099
0.008056792
0.008159433
0.008128796
0.008151162
0.008177103
0.008194509
0.007980522
0.007863649
0.008617327
0.0085873
0.008110247
0.008458481
0.008179608
0.008266152
0.008445988
0.008185643
0.008155688
0.007969483
0.008050338
0.007897648
0.008114458
0.008187969
0.007859961
0.0079899905
0.007888657
0.0078010536
0.007818731
0.0076867347
0.0080996165
0.0077486658
0.0086082965
0.008831859
0.007909304
0.00826593
0.0082533555
0.0077964165
0.007994468
0.007785503
0.007832525
0.007846025
0.0077267773
0.0078884745
0.007865846
0.0076935575
0.007624496
0.007656694
0.007472741
0.007808406
0.0077786124
0.0074744397
0.0074030957
0.0076413355
0.0075563607
0.0076069273
0.0076099
0.0074596293
0.0073475367
0.0075277523
0.007311694
0.007645113
0.00768109
0.007291245
0.0073014307
0.0073983483
0.007315296
0.007431934
0.0074229143
0.007341165
0.007239893
0.007293746
0.007151392
0.0074794535
0.0074214214
0.007140433
0.0070541487
0.007362965
0.007196663
0.00723383
0.007214567
0.0071442463
0.00706717
0.0071823974
0.0071148314
0.007126186
0.007071735
0.0071227048
0.0070878766
0.00701795
0.0069716666
0.007130396
0.007073089
0.006994178
0.0069478736
0.007002249
0.006956242
0.0069841384
0.0069274735
0.0069582225
0.0068928148
0.006923974
0.006872352
0.00691496
0.006828852
0.0069600255
0.006913321
0.0067771934
0.0067467443
0.006851477
0.0067960396
0.006835872
0.006834851
0.0067333025
0.006707424
0.0068390947
0.006748753
