0.28837833
0.07991496
0.054810327
0.032903824
0.029842352
0.028360575
0.023797384
0.026689114
0.025382081
0.022321811
0.023909176
0.023593009
0.022310818
0.022828564
0.02340939
0.022252902
0.022309007
0.023000317
0.02202729
0.02206379
0.022796035
0.02176725
0.021723345
0.022135286
0.021405324
0.021223197
0.021430664
0.02083511
0.021404274
0.021770671
0.020883469
0.02114926
0.021750033
0.021262987
0.020565042
0.021367416
0.021524966
0.020678706
0.02078241
0.020990193
0.02106577
0.020634094
0.020365542
0.020895967
0.020794561
0.02026833
0.020219369
0.020262519
0.020306136
0.019865537
0.021153703
0.0209304
0.019865615
0.019854262
0.020187268
0.019269401
0.020510748
0.020178877
0.019406103
0.019339392
0.01912842
0.018806968
0.018726945
0.01810237
0.018648954
0.018345444
0.017789155
0.017449083
0.016689455
0.016303634
0.016127465
0.015419808
0.016224556
0.01599417
0.014369019
0.015448585
0.015848964
0.013956782
0.014952461
0.0156007
0.013901134
0.01340012
0.014681969
0.014191836
0.012611722
0.013171907
0.013648343
0.012678129
0.011913846
0.012736331
0.011625928
0.011925906
0.012069785
0.011150395
0.011825713
0.012067688
0.011115185
0.011183408
0.011705891
0.01144318
0.011007463
0.010737811
0.010935386
0.0104002645
0.010560795
0.010689904
0.01049606
0.0101671675
0.010259916
0.010281424
0.010043266
0.00979944
0.010322393
0.010290172
0.010356915
0.009450716
0.0112039745
0.011702354
0.01171273
0.011174456
0.009654232
0.009316924
0.011075859
0.011296477
0.010911453
0.010884327
0.009355687
0.010474329
0.010475516
0.010467672
0.0107454965
0.009953701
0.009438426
0.009106338
0.009093295
0.0094030015
0.009009513
0.009815162
0.009936917
0.009241283
0.009095046
0.009184227
0.008812853
0.009020938
0.008999854
0.008705894
0.008668668
0.008832753
0.008458782
0.009231422
0.009248425
0.008214348
0.008291385
0.008234777
0.008034602
0.009192624
0.00903742
0.007965315
0.007870414
0.008248647
0.007956643
0.008642386
0.008401226
0.007847171
0.007669334
0.008175269
0.007698719
0.00845739
0.008516133
0.0073888917
0.007400283
0.0074775056
0.007373391
0.0073092543
0.0070938817
0.007504744
0.0073480136
0.007247104
0.007073498
0.007106114
0.0069504348
0.006670846
0.006552624
0.006744658
0.006538952
0.0063706376
0.0062802085
0.006088032
0.0059136166
0.006136492
0.006055622
0.005563257
0.0062657953
0.005876532
0.0058959513
0.00560347
0.0058883377
0.005346699
0.005873084
0.0059890435
0.004826441
0.004916463
0.0050485674
0.004660008
0.0055937464
0.0052926135
0.00527701
0.0051258393
0.004628148
0.004316822
0.0058569666
0.0062688254
0.0046113036
0.004844885
0.0048355283
0.00487294
0.004538568
0.00473842
0.004900758
0.0044959704
0.004161589
0.004740318
0.0046783155
0.004140097
0.004114905
0.004303537
0.0042217565
0.0038566955
0.0038185164
0.004193608
0.0038551989
0.0045054327
0.004572765
0.0037627777
0.0038494936
0.004018115
0.003509891
0.0046692337
0.0048649698
0.0035220413
0.004365758
0.0048546246
0.0041223266
0.003671496
0.0041889176
0.0038972765
0.004176052
0.0043004244
0.004305422
0.004312964
0.0032850748
0.00472823
0.006096563
0.004998836
0.0037661903
0.0041823075
0.004601874
0.0038242042
0.0037493082
0.004094392
0.0037955318
0.0035172366
0.0034372043
0.0036218818
0.0035321347
0.0034183075
0.0034128109
0.003412551
0.0033391174
0.003083149
0.0036091215
0.003533016
0.003275824
0.0033635907
0.003273451
0.003126203
0.0030634648
0.00349641
0.0033429228
0.0037009164
0.0036340058
0.0035046686
0.003570733
0.003004767
0.003111196
0.0031409573
0.0027447783
0.0035549623
0.0032958623
0.0034870754
0.0033779927
0.0028857961
0.002759495
0.003553763
0.0033725987
0.0030187692
0.002897972
0.003259955
0.0032025885
0.0027622927
0.0027730411
0.0030479673
0.0028091287
0.0029863352
0.0028853763
0.0029113877
0.0027610057
0.002971284
0.0029241864
0.0027130973
0.0026807904
0.0028315503
0.0027408376
0.0027184363
0.0025765349
0.0029132124
0.0027624604
0.002712885
0.0026521932
0.002724517
0.0026498467
0.0026645467
0.0026135019
0.0026203834
0.0025290356
0.002678144
0.002562702
0.0026476476
0.0025210876
0.0026975332
0.0026270526
0.00253394
0.0024684463
0.002662345
0.0025878912
0.0024737965
0.002412027
0.0026030426
0.0024965398
0.0024896741
0.0023774465
0.002654475
0.0025624947
0.002399986
0.002333924
0.002630443
0.0025681385
0.0023277558
0.002278991
0.0025923785
0.0025167018
0.0022934924
0.002216582
0.002626822
0.002522611
0.002262703
0.00219211
0.0026017667
0.0024824676
0.0022679456
0.0022148492
0.0024872327
0.0023840917
0.002302752
0.0022504244
0.0023786584
0.002293093
0.0023485061
0.002295595
0.0022814933
0.0022356163
0.0023333395
0.0022856107
0.002282004
0.0022866556
0.0022273252
0.0021681327
0.0024241856
0.0023794214
0.0021476503
0.0020762028
0.002487349
0.0023882992
0.002092496
0.0020356693
0.002447067
0.002397401
0.0020353647
0.0020575759
0.0023552482
0.002186131
0.0022946007
0.0022229322
0.002094588
0.0019754407
0.002380159
0.0023377514
0.0019568123
0.0020157408
0.002191596
0.0019918575
0.0025344936
0.0025036347
0.0018793944
0.0019732926
0.0020089264
0.001811717
0.0028190166
0.0029373318
0.0023062986
0.0022169424
0.0021745153
0.0023358602
0.0021668423
0.0024303785
0.0024282264
0.0022349746
0.0023522123
0.0023799597
0.0022545354
0.0021828997
0.002407363
0.0022893078
0.0022227552
0.0021838434
0.0022906878
0.0020913903
0.0025274726
0.002535816
0.0018716538
0.001987721
0.0021895312
0.00199351
0.0024374276
0.0025552774
0.0018241983
0.001933071
0.0021879624
0.0019349462
0.0022299844
0.0022789314
0.002261666
0.0018722146
0.0023203683
0.002366087
0.0021051157
0.0019374164
0.0021977497
0.0021393655
0.0019299178
0.00190267
0.0021845545
0.0021020938
0.001822785
0.0017904636
0.0021481982
0.002067357
0.0017565388
0.0016917986
0.0022025558
0.002065017
0.0017914883
0.0017193248
0.002065648
0.0019467678
0.0018605975
0.0018225693
0.001847351
0.0017483085
0.0020021668
0.0019392135
0.001750683
0.0017126631
0.0019461586
0.0018683973
