0.28778604
0.09450207
0.056649555
0.027831346
0.03929421
0.032700937
0.022264058
0.03034778
0.030216197
0.022174373
0.027627463
0.03278551
0.028508378
0.022615433
0.024343008
0.027639946
0.025573432
0.022331543
0.022348633
0.02325279
0.023076244
0.021742858
0.021485364
0.022349939
0.021362534
0.02112641
0.021385813
0.020977974
0.020722227
0.021027388
0.021000335
0.020462295
0.021067267
0.020669084
0.020821068
0.020641243
0.0205774
0.020902527
0.02061787
0.021195041
0.021205997
0.02048265
0.02045974
0.020782225
0.020285735
0.021703422
0.022057123
0.020507453
0.021695577
0.022353655
0.021186093
0.021445656
0.021852909
0.020654844
0.021101147
0.021861637
0.02102683
0.020446
0.020570062
0.020659031
0.020486293
0.019896647
0.020361254
0.020408569
0.019652558
0.020441867
0.020838385
0.019986734
0.02027216
0.020475822
0.01975043
0.020365229
0.02100479
0.019891448
0.019626157
0.020104056
0.01953874
0.019670855
0.020013785
0.019407893
0.01979072
0.020230846
0.019507179
0.01955703
0.02006173
0.019426279
0.019423053
0.019773632
0.019212939
0.01961647
0.020069165
0.019333674
0.019461324
0.019875882
0.019293249
0.019283533
0.019577539
0.01909756
0.019266233
0.019397387
0.018993167
0.019281525
0.019336848
0.018945556
0.019086542
0.01915302
0.019081397
0.01899545
0.019076934
0.019089403
0.018725304
0.019019013
0.019208696
0.01920847
0.018801728
0.018710034
0.018865367
0.01879932
0.018799879
0.018746108
0.01874925
0.018592859
0.018761897
0.018813789
0.018390454
0.01860439
0.018695934
0.018397838
0.018423827
0.018378502
0.018211372
0.018087836
0.018057516
0.017925346
0.017958416
0.017866207
0.017737225
0.017661674
0.017584918
0.01748369
0.017197972
0.01709252
0.017380772
0.017001502
0.017132549
0.016978031
0.0167237
0.016826838
0.016267788
0.016423153
0.016201058
0.01618012
0.016007306
0.01574812
0.015435866
0.015755868
0.015043431
0.015148017
0.014836234
0.014690527
0.014852288
0.014159194
0.0159367
0.015544064
0.015463166
0.014439511
0.013460376
0.0145222945
0.015086077
0.013703972
0.01300379
0.013473698
0.014121088
0.013719688
0.0124996975
0.0149831725
0.013411939
0.015599221
0.015879896
0.015613329
0.0154160885
0.014075577
0.013301666
0.0140212355
0.0132664
0.011963778
0.012434562
0.012821134
0.012667383
0.01216475
0.011746042
0.011268293
0.01110931
0.010904332
0.0108906245
0.010646853
0.010277743
0.010017184
0.010081758
0.009794076
0.009816563
0.009584493
0.009675357
0.009325856
0.009832192
0.009990012
0.009367329
0.00913749
0.009009394
0.008934261
0.008624856
0.009062474
0.009357449
0.009166605
0.008604319
0.009649421
0.009546275
0.008061991
0.009365789
0.007973971
0.008309161
0.008371939
0.008194219
0.008950914
0.008206725
0.008087491
0.008084079
0.008070492
0.007745475
0.0076097026
0.007642684
0.007987641
0.0074620745
0.007347235
0.007809927
0.007431938
0.007199234
0.007112047
0.0073411097
0.0073242825
0.0068505914
0.007216621
0.006936066
0.0069374703
0.0069683506
0.0068112374
0.006580025
0.0066902824
0.006576584
0.006555099
0.006333982
0.0066652894
0.006356979
0.006477839
0.006431926
0.00668901
0.0061351494
0.006188845
0.0063711964
0.0063840635
0.006222105
0.0062116995
0.006486486
0.0059889457
0.00680296
0.00612391
0.008463935
0.008632027
0.006672965
0.0063994383
0.006557409
0.006563574
0.006309455
0.006334201
0.0059826914
0.0062898584
0.006817386
0.0064283
0.0069542173
0.0064769774
0.0062444806
0.00639231
0.0061934725
0.006464433
0.005941011
0.0069973157
0.006810218
0.0073528267
0.0075643794
0.006999502
0.006482361
0.006170694
0.005760578
0.0065473286
0.0069027483
0.0064561306
0.0061424426
0.0063953027
0.005559905
0.006962215
0.0066505545
0.0068461616
0.006889272
0.006147388
0.0056968587
0.00650277
0.0067056487
0.0059660524
0.005550627
0.0061592762
0.006197958
0.006303385
0.00582567
0.0055580665
0.005611682
0.0054230653
0.0051437886
0.0056646615
0.005441379
0.0057117795
0.0051722038
0.0065258835
0.0070104464
0.0056756474
0.006158455
0.0061763264
0.0056699626
0.0063090865
0.0054223784
0.005654218
0.005463723
0.0056974874
0.0058972775
0.004799502
0.006176213
0.0065303682
0.0059425775
0.005113609
0.0052286647
0.005497717
0.0051950864
0.0047699437
0.005017794
0.005088221
0.0047025452
0.0048511117
0.005004979
0.0046188687
0.0047728736
0.0054173837
0.005117586
0.0046641515
0.0049385275
0.005519153
0.005217368
0.004909891
0.0046157488
0.0047031273
0.0046974947
0.0044554565
0.004301691
0.0048140665
0.0048490413
0.0043267314
0.0052577406
0.0053333715
0.0052226135
0.0049407273
0.004450143
0.0042759245
0.004633273
0.004503894
0.005004561
0.005100692
0.0048067523
0.004352385
0.00489004
0.0050936067
0.0046188952
0.0043169423
