0.2899
0.06355243
0.07325446
0.046101585
0.022779861
0.022620628
0.029574744
0.026893588
0.022914639
0.024835424
0.022702033
0.025215765
0.026128823
0.022558795
0.023591997
0.02508369
0.022965295
0.021303846
0.021908788
0.02085957
0.02123432
0.021442378
0.020019928
0.021037824
0.021808093
0.020535363
0.019162573
0.021391675
0.022175593
0.019958053
0.020381121
0.021200689
0.020592134
0.020643504
0.019766776
0.019527733
0.020000355
0.019275287
0.019246958
0.019650223
0.019466883
0.019015985
0.019301461
0.019313311
0.018973505
0.019320967
0.019348022
0.01920052
0.018909523
0.019819105
0.019624399
0.018852232
0.018875087
0.019099606
0.01887759
0.019323573
0.019351607
0.018828085
0.019089993
0.01892313
0.019104064
0.019095808
0.018778125
0.018754516
0.019022139
0.018893577
0.018913636
0.018902121
0.018776944
0.018728634
0.018975208
0.01892482
0.018750222
0.018718036
0.018872237
0.018802853
0.018731616
0.018698988
0.018783713
0.018724933
0.018716758
0.018676193
0.018699074
0.01866244
0.018658077
0.018609017
0.018651389
0.018602908
0.018581167
0.018541005
0.0185672
0.018542608
0.018449295
0.01855923
0.018302962
0.018694775
0.01840323
0.018495046
0.018684959
0.018447606
0.018612226
0.018523188
0.01804311
0.019609366
0.01990342
0.018605476
0.018115155
0.017828507
0.017725542
0.01781219
0.017119378
0.01770074
0.017764531
0.017259724
0.016740846
0.016806832
0.016570145
0.016191067
0.016249308
0.016500132
0.016132362
0.015937867
0.015403585
0.01568191
0.015630305
0.015363667
0.014823734
0.014816225
0.01439736
0.01485575
0.014335201
0.014733996
0.014789025
0.014397968
0.013785294
0.01409857
0.0135684
0.014100693
0.014012169
0.01368127
0.013629095
0.013266417
0.013104718
0.0127978055
0.012674406
0.012567741
0.012442094
0.012365021
0.0121276975
0.012856495
0.012351549
0.012288113
0.012117495
0.012311041
0.011783698
0.012294151
0.012399487
0.011374786
0.011668026
0.011465132
0.011301763
0.011186495
0.011050318
0.011016446
0.011083152
0.010827077
0.011208559
0.011446033
0.011171959
0.0107509345
0.011217512
0.0109208515
0.01101504
0.011079605
0.010906249
0.010649965
0.011165095
0.010739208
0.010948532
0.0108979745
0.010639097
0.010551869
0.010682554
0.0108117955
0.01038142
0.010334644
0.01023179
0.010104227
0.01017778
0.010113842
0.010086745
0.010106517
0.0100326715
0.009920201
0.010161417
0.010075295
0.009882276
0.009943099
0.00986587
0.009715572
0.009954531
0.0097314725
0.009785877
0.009655482
0.009564028
0.009399095
0.009816804
0.009614914
0.009431344
0.009331377
0.0094757555
0.009275627
0.009451936
0.009303022
0.009255257
0.009116736
0.009155208
0.009013767
0.009314961
0.009276061
0.008853413
0.008997718
0.008818494
0.008723129
0.009712449
0.009204852
0.009870098
0.0102479765
0.008822185
0.010056943
0.009746627
0.00893293
0.009303857
0.008847635
0.009038159
0.009096352
0.008506955
0.009544256
0.009617678
0.0088494895
0.008973423
0.009129645
0.008784447
0.008690671
0.00899003
0.008802745
0.0085794665
0.008773412
0.008424758
0.009044294
0.009133984
0.008503481
0.008735097
0.008552635
0.008529981
0.008522107
0.00848323
0.00834141
0.008466511
0.008257611
0.008310627
0.008420181
0.008182968
0.008377621
0.008422748
0.008255976
0.0081900135
0.0084075425
0.008320692
0.008522149
0.008393421
0.008072511
0.008259711
0.007983821
0.008106581
0.007974965
0.008235134
0.007855304
0.009122983
0.009409887
0.007981424
0.009274049
0.010391763
0.008723014
0.008215535
0.008778033
0.008158962
0.00834975
0.00851154
0.0076925033
0.008512848
0.008876433
0.008170727
0.007963602
0.008551181
0.008241924
0.0080032805
0.008061741
0.007854434
0.008030186
0.0081088105
0.007549502
0.008725735
0.008969576
0.008744644
0.008309248
0.0077772476
0.007929586
0.007784145
0.0074484535
0.008222248
0.0076764785
0.007870155
0.008022743
0.007867678
0.0074447915
0.00751604
0.0077605583
0.0073317196
0.0077696554
0.008005174
0.0076840795
0.007565385
0.0073253033
0.0075471574
0.007648878
0.007490996
0.0073889177
0.0074278177
0.0072973836
0.0070001483
0.0070506237
0.007267934
0.0070382804
0.0075285803
0.007632123
0.0070657227
0.007276837
0.0070477747
0.007262036
0.006963124
0.007219614
0.0069373487
0.0073606432
0.007576982
0.00684778
0.007035266
0.0069558187
0.006875549
0.0067329654
0.0068038288
0.006710705
0.0066636465
0.006907117
0.0069154087
0.0065333606
0.00668187
0.006984208
0.0067063235
0.006864699
0.0068541314
0.0072076325
0.0069870655
0.0069460105
0.0067546745
0.007009227
0.0068047405
0.007010214
0.006698463
0.0067350976
0.0064838636
0.0071019065
0.0070212646
0.006615924
0.00667523
0.0067301937
0.0066757086
0.0064055827
0.006295455
0.006533804
0.006397975
0.0066252523
0.006461849
