0.28753072
0.07187954
0.059745014
0.028344078
0.033582035
0.028816609
0.022563532
0.02357307
0.022508165
0.02238545
0.022791246
0.021652823
0.022830054
0.022676708
0.02131377
0.02355305
0.024005165
0.021688955
0.021761255
0.022705423
0.02195503
0.021024885
0.021485584
0.021183694
0.020997273
0.021186331
0.020784063
0.02129083
0.021528773
0.021202028
0.020550797
0.020554887
0.021100529
0.02086261
0.021118691
0.020845657
0.021346489
0.021213165
0.020780737
0.0207231
0.020898772
0.020743083
0.020707628
0.020676715
0.020839848
0.02067789
0.020876989
0.020803299
0.020629948
0.020542467
0.020702822
0.020612994
0.020507658
0.020440584
0.020632276
0.020510891
0.020481346
0.020413877
0.020436943
0.020297032
0.020453148
0.020326002
0.02018358
0.020055732
0.020154754
0.01995558
0.019792339
0.019524759
0.019299189
0.018783024
0.017964996
0.017552316
0.019124722
0.018921098
0.017475702
0.017217051
0.017039599
0.01648979
0.016360262
0.01661363
0.01603108
0.01641397
0.016522191
0.015940227
0.015848227
0.015839243
0.015714765
0.015157203
0.015503525
0.015333611
0.014786993
0.015130415
0.014846896
0.014756936
0.014584266
0.0147924395
0.014353457
0.01415217
0.014067228
0.014182739
0.014055309
0.014071089
0.013926722
0.013748591
0.013701902
0.0135630965
0.01351621
0.013474452
0.013411428
0.013249126
0.013463107
0.013186339
0.013777231
0.013717358
0.013081019
0.013142715
0.013084941
0.013035126
0.012905928
0.013341433
0.013500619
0.013045397
0.012801082
0.013038379
0.012739162
0.01290674
0.013016372
0.012773943
0.012790043
0.012640558
0.0127059845
0.012406404
0.012956222
0.013230216
0.012340467
0.013486872
0.0147828115
0.013761961
0.012494087
0.012905848
0.013084882
0.01257397
0.012653385
0.012326498
0.012032956
0.012018767
0.011898109
0.011795938
0.01169474
0.011985276
0.011993756
0.011534498
0.012114967
0.012350768
0.011838976
0.011445855
0.011670891
0.011618304
0.011490413
0.011418876
0.01144231
0.011483165
0.011139049
0.010920853
0.011273969
0.011106466
0.01155524
0.011522174
0.01083687
0.010865662
0.010847078
0.010980062
0.010776743
0.011121896
0.011203191
0.010987376
0.010913563
0.010946003
0.01084581
0.01073693
0.01068472
0.010517052
0.010864212
0.010874844
0.010700513
0.010774638
0.010575586
0.010447916
0.010626788
0.0104552945
0.010602345
0.010508328
0.01049726
0.010294525
0.01064063
0.010691293
0.010255947
0.010320588
0.010265238
0.010165087
0.010241543
0.010084838
0.010210086
0.010118312
0.010085587
0.010087482
0.010000441
0.009937275
0.010042711
0.009855201
0.010005151
0.009836058
0.010027866
0.009762385
0.010013528
0.009760168
0.009935982
0.009770831
0.009757654
0.009737828
0.009434668
0.009388338
0.009635017
0.009518292
0.009330429
0.009322007
0.009253876
0.009154185
0.009388194
0.009258285
0.009009638
0.008980208
0.008914516
0.008881178
0.0090121105
0.008938175
0.008764329
0.009364966
0.009223717
0.008839085
0.008861936
0.009014114
0.008403478
0.009710339
0.009212832
0.00879557
0.008794083
0.008473717
0.008589678
0.008335375
0.00823882
0.0083232485
0.0081920335
0.008272071
0.007925847
0.008896321
0.008747689
0.007972154
0.008312166
0.0081892
0.007831117
0.008025471
0.007841497
0.007605349
0.007827447
0.007677356
0.00776199
0.0076751523
0.007485122
0.0072750426
0.007605277
0.0073654973
0.0071067805
0.007518212
0.00710259
0.007399617
0.0073143407
0.0071263984
0.0069603906
0.0069426927
0.006769446
0.006681591
0.006682535
0.0065059215
0.00655101
0.0063555115
0.006223233
0.0066129738
0.006342242
0.006251278
0.006138952
0.0059551303
0.006460956
0.006289055
0.006178677
0.006082563
0.0057171807
0.0055727684
0.005792123
0.005582332
0.005639566
0.0054131635
0.005882481
0.005698851
0.005233608
0.0052797333
0.005080446
0.0053026103
0.0049169194
0.0060700034
0.0059128404
0.0050411974
0.0053150267
0.0048117475
0.005143034
0.0047691814
0.0049707685
0.0049645565
0.0047000847
0.004753577
0.0045211217
0.004617888
0.004397625
0.004614501
0.0044784504
0.004491469
0.0044527436
0.0044430206
0.0044959267
0.0043305433
0.004129157
0.00446204
0.0045780875
0.0040371604
0.0049885656
0.005355275
0.0046715033
0.004111236
0.0043866597
0.0045102485
0.004202413
0.003973892
0.0039578644
0.0040750564
0.003938041
0.0039493325
0.003998497
0.0038314285
0.003683788
0.0039484487
0.0041160323
0.003818608
0.004066389
0.0039485903
0.0041136076
0.0043153483
0.0036338859
0.0046514436
0.004864494
0.0049961586
0.0045004184
0.0045101414
0.0043129334
0.0045553627
0.004160452
0.004570725
0.0041752635
0.0047477414
0.004932352
0.003946396
0.0040979558
0.0038181432
0.0036256423
0.0043749507
0.004036577
0.004095593
0.0039425213
0.003925007
0.0036710203
0.00419676
0.004211594
0.003733959
0.003633814
0.003816983
0.0035128612
0.0040316884
0.0040696687
0.0036579815
0.0035195772
0.0037229043
0.0035802172
0.0035803753
0.0035670816
0.0036228157
0.0034303975
0.0039547575
0.003972904
0.003383441
0.0033351192
0.0036560278
0.0034400376
0.003464006
0.0033757777
0.0036039196
0.003402169
0.003525962
0.0033980922
0.0034705808
0.0034160744
0.0033177529
0.003295809
0.0033120576
0.003150276
0.0034783501
0.0033021504
0.0033652345
0.0032649587
0.0032461202
0.003182211
0.0034388963
0.003390175
0.0030366697
0.0029666666
0.0032639776
0.0030048278
0.003462197
0.003401587
0.0029891345
0.0029341627
0.0030972424
0.002994475
0.0031346648
0.0030182565
0.0030322073
0.0030307267
0.0029847268
0.003032049
0.0028867014
0.0030303076
0.0026922908
0.0032050349
0.0028675634
0.0036608863
0.003854805
0.0030331488
0.0032663622
0.003150639
0.00290929
0.0031754745
0.003006649
0.002885376
0.0029248248
0.0029140504
0.0028132806
0.00299822
0.0027425094
0.0031540038
0.0029183738
0.0031563572
0.003078089
0.00284545
0.0028155742
0.0028206874
0.0025976421
0.0027753084
0.002555984
0.0027637144
0.0027472575
0.0025117625
0.0029178325
0.0027542536
0.003015836
0.0028184063
0.0030353116
0.002932464
0.0027134037
0.0026521839
0.0027674686
0.0026017802
0.0031659428
0.0031277884
0.0026864877
0.0028723825
0.0024598532
0.0026692066
0.0026244875
0.0025153784
0.0026189645
0.0025245685
0.0025679923
0.002556774
0.0024095022
0.0027222207
0.0023311225
0.0033008226
0.0036403139
0.0027505148
0.002639678
0.0028101106
0.0026187946
0.0024046034
0.0025252488
0.0023131603
0.0024058647
0.002298419
0.002402983
0.002295531
0.0024463383
0.0024518461
0.0023433678
0.0024217106
0.0022317243
0.0024302634
0.0024352467
0.0021778855
0.0024016167
0.0021144652
0.0029426925
0.0030798397
0.0024200508
0.0025731467
0.0026002398
0.002480084
0.0022815242
0.0024913421
0.002324162
0.0024027133
0.0022119444
0.0024407215
0.0022106455
0.0022971309
0.0023148672
0.0021998147
0.0023550233
0.0022048426
0.0022331902
0.0021332607
0.0020978383
0.0020997878
0.0020517486
0.0020398388
0.0021245119
0.0019451836
0.002096125
0.0020234748
0.002103335
0.0019837518
0.0022053018
0.0022344904
0.00190403
0.0019953058
0.00200764
0.0018622931
0.0021981152
0.0020448437
0.0019096201
0.0019035226
0.0020456908
0.0019186353
0.0020037238
0.0020493346
0.0018465285
0.0017329239
0.0022645406
0.002033754
0.0021263836
0.0023815911
0.0019163439
0.0022674485
0.0024053124
0.0019663756
0.001936399
0.0018905221
0.0019637428
0.0018618737
0.001885584
0.0021035906
0.0018307561
0.002116314
0.0022345348
0.0019458676
0.0018715117
