0.28770432
0.060931623
0.075313754
0.043125466
0.029585289
0.030101612
0.024281712
0.027509233
0.026727362
0.02153336
0.025681198
0.02683652
0.022489449
0.022346215
0.023616977
0.021906212
0.021230726
0.02171375
0.02133453
0.02091088
0.02128143
0.020942515
0.021039462
0.021135034
0.020529645
0.021400755
0.020877026
0.020929838
0.021160608
0.020734893
0.021356488
0.021262592
0.0207144
0.02075301
0.020616611
0.020776281
0.02061393
0.020656085
0.020670906
0.02051807
0.020606538
0.020393007
0.020959184
0.020643739
0.02080387
0.020834193
0.020286364
0.020337733
0.020411009
0.020191701
0.021260493
0.021281198
0.020154944
0.021825863
0.022627989
0.02092872
0.020509027
0.0209964
0.020442886
0.020562889
0.020622192
0.020255571
0.020402903
0.020236773
0.020183625
0.020250786
0.019929312
0.020658283
0.02070295
0.02024212
0.019919964
0.021068772
0.020671569
0.02013112
0.020165874
0.02007666
0.019961093
0.020199858
0.02010717
0.02017265
0.020100677
0.019844849
0.019790035
0.020191452
0.020063028
0.019937722
0.019893177
0.019808466
0.019733187
0.020079218
0.019978354
0.019693026
0.019629281
0.019905133
0.0198002
0.01973685
0.019695653
0.019584483
0.01949835
0.019822925
0.019722925
0.01945947
0.01936605
0.019666338
0.01953238
0.019325573
0.019230852
0.01923029
0.019061325
0.01901365
0.01877218
0.01901544
0.019627018
0.018474318
0.019353285
0.019811554
0.018975496
0.01874412
0.018971728
0.01858878
0.018852407
0.018415349
0.019205013
0.018519735
0.018793225
0.018801792
0.018127317
0.018039951
0.018165587
0.01787558
0.01792037
0.017944308
0.017782608
0.017696539
0.017470429
0.017419308
0.01791201
0.017686186
0.01781824
0.018905379
0.017537238
0.017479481
0.018864602
0.019130526
0.017669363
0.018360037
0.017818024
0.018532269
0.018158102
0.018319802
0.018565474
0.016978921
0.018155543
0.017960101
0.018152012
0.017924653
0.016874248
0.01682583
0.017666249
0.0172952
0.017854983
0.018064266
0.016886763
0.016635092
0.016665043
0.016543323
0.0166537
0.016185103
0.01603864
0.016250303
0.016043423
0.015793193
0.016022421
0.015735587
0.015808528
0.015994519
0.015560697
0.01602877
0.015788177
0.018336492
0.016704643
0.016600573
0.017660009
0.015671331
0.01790847
0.018944887
0.015569615
0.020044304
0.024439856
0.02093467
0.016706333
0.020357864
0.023039931
0.020744272
0.017106334
0.018960075
0.021737516
0.01927191
0.015883066
0.018599903
0.021977305
0.02082558
0.017421968
0.018549329
0.021539293
0.019376816
0.015099276
0.01969782
0.024955919
0.0231976
0.017179707
0.016144829
0.019600706
0.01855217
0.015260364
0.017805712
0.021812588
0.02101803
0.016818365
0.015641576
0.017918
0.017077526
0.014648492
0.017075015
0.020150295
0.019262532
0.016145715
0.016298627
0.017718889
0.016171768
0.014963125
0.0150544895
0.014314632
0.0168268
0.01780124
0.01585753
0.016705194
0.018481718
0.017147062
0.014652424
0.016723612
0.01877909
0.016672106
0.015080407
0.014986243
0.014156862
0.013762969
0.014837583
0.015109177
0.016131895
0.016323643
0.014349494
0.01521527
0.016812013
0.015087925
0.014342662
0.014887842
0.013822392
0.01535415
0.017049247
0.01477322
0.013942326
0.01438686
0.013428046
0.015603802
0.01736956
0.015019941
0.013965753
0.014680783
0.013768631
0.013683531
0.014078133
0.013296287
0.014176742
0.01429797
0.013489105
0.01434118
0.014073927
0.013061884
0.013133462
0.013169688
0.013021375
0.013429109
0.013422155
0.013789711
0.013609793
0.012821484
0.012809213
0.01331228
0.013085957
0.013560667
0.013432446
0.012940317
0.012917881
0.013158937
0.013060817
0.012838087
0.012671326
0.013254675
0.013046865
0.012815862
0.012853908
0.0127605535
0.012620089
0.0131530585
0.013056721
0.012590545
0.012491111
0.01312838
0.0129126785
0.012682519
0.012649286
0.012798794
0.012701965
0.012582402
0.012517949
0.012925466
0.012632518
0.01264719
0.012577842
0.012665751
0.012664735
0.012546763
0.012479991
0.012510016
0.012437717
0.012530548
0.0123838475
0.012722333
0.012483868
0.01248381
0.012348614
0.012660452
0.012643382
0.012355216
0.012306635
0.012506579
0.01241614
0.012271608
0.012176253
0.01273886
0.012484659
0.012382254
0.012198873
0.012552966
0.01245505
0.012395814
0.012362227
0.012398463
0.012306321
0.012182299
0.0121212
0.012394711
0.012328424
0.012345382
0.0121089
0.012688746
0.012490131
0.012105689
0.012153499
0.012273607
0.012198761
0.012314062
0.012228836
0.01209884
0.012015845
0.012307048
0.012327619
0.012018855
0.011935611
0.012252768
0.012048174
0.012650189
0.012684941
0.012023452
0.012578539
0.012900829
0.012772225
0.012469622
0.012563898
0.012117396
0.012286328
0.012310389
0.012409116
0.012661244
0.012662425
0.012419652
0.012014751
0.0119876675
0.012242836
0.012393857
0.012054036
0.012463465
0.0122241145
0.012148534
0.012758035
0.012332741
0.011882544
0.012803824
0.012758802
0.01235637
0.012095767
0.012106746
0.012021105
0.012600499
0.012719732
0.012078437
0.011868675
0.012202117
0.012149767
0.012310219
0.012316803
0.012022425
0.011884436
0.012615169
0.012907937
0.012065791
0.012752877
0.013056181
0.012825683
0.01290724
0.012132396
0.012738778
0.013293005
0.012852706
0.013372436
0.013097819
0.012217544
0.012101114
0.0121913655
0.012161351
0.012412216
0.012343645
0.012441416
0.012299162
0.012085552
0.012039942
0.01192106
0.011844856
0.012286755
0.012145775
0.01181525
0.011762116
0.012023582
0.011891928
0.011823301
0.011815836
0.011827767
0.011684994
0.012250222
0.012251608
0.011565951
0.011540536
0.011958278
0.011798169
0.011862281
0.011763025
0.011797334
0.011752957
0.011813392
0.011831346
0.011535097
0.011458144
0.012053195
0.012051497
0.01144446
0.011398409
0.012093286
0.011883605
0.012001016
0.01231132
0.01161376
0.012383248
0.01280459
0.012353404
0.0119415345
0.012299511
0.012209911
0.011724022
0.011709171
0.011520806
0.011940845
0.012015362
0.01179548
0.011791963
0.012362386
0.012203577
0.011559223
0.011561516
0.0117854485
0.011553577
0.0119917365
0.012120766
0.011529847
0.011393149
0.011816922
0.011731494
0.011565446
0.011483493
0.011732741
0.011627082
0.011550642
0.011523947
0.0115345195
0.011422795
0.011583903
0.011528983
0.011463675
0.011390005
0.011540115
0.011445818
0.01146248
0.011380023
0.011543176
0.011533316
0.011303358
0.011252344
0.011553425
0.011472031
0.011303703
0.011241612
0.0115487585
0.011448317
0.011321339
0.011264749
0.011461745
0.011395755
0.0113168685
0.011299132
0.011336668
0.011288282
0.011308956
0.011244353
0.011336073
0.011251648
0.011360012
0.0112519115
0.0113485
0.011275007
0.0112825455
0.011221581
0.011330972
0.011293049
0.011248491
0.011241344
0.0112240985
0.01118873
0.0112193925
0.011132871
0.011294533
0.011219158
0.011178059
0.011099623
0.011311037
0.011206898
0.011179377
0.011087138
0.011345666
0.011259117
0.01114096
0.011135426
0.011211537
0.01119544
0.011085379
0.011052762
0.011233584
0.011168324
0.01110353
0.011056381
0.011186075
0.011136155
0.011081184
0.0110306265
0.011169548
0.011109106
0.011071603
0.011010975
0.011116844
0.011035044
0.0111154625
0.0110227065
0.011110631
0.011004244
0.011060913
0.010912753
0.011240185
0.01109755
0.011055986
0.010961972
0.01117433
0.011064793
0.011041589
0.010958239
0.0110869855
