0.28757158
0.042231698
0.09792695
0.11995975
0.084626056
0.074222945
0.08016152
0.07744723
0.07207554
0.07776509
0.082874805
0.07832922
0.07330599
0.073130675
0.075344935
0.075752355
0.07275557
0.07222345
0.07349902
0.07266869
0.07186132
0.072270446
0.07272042
0.071593024
0.07232922
0.07304064
0.07246826
0.07140524
0.0719591
0.07272964
0.07183955
0.071320266
0.07143274
0.07182753
0.07114224
0.07162367
0.072109096
0.07161272
0.07131164
0.071201384
0.07152977
0.071043134
0.07150021
0.07184263
0.07123085
0.07131877
0.07128444
0.071502246
0.07126794
0.07097879
0.07102504
0.07099757
0.070946164
0.071072794
0.07093141
0.071244694
0.07110878
0.07112534
0.071136035
0.07090938
0.07088224
0.07114645
0.07108828
0.07094548
0.07093077
0.07105783
0.07097956
0.0709864
0.07097223
0.07092561
0.07089079
0.07103271
0.07099181
0.070902884
0.07086813
0.070870884
0.07072334
0.07061269
0.07044592
0.07033396
0.070310734
0.07043156
0.07032242
0.07005515
0.069971226
0.07023531
0.07023538
0.07001093
0.06992445
0.0471819
0.023078537
0.046738565
0.066374615
0.05372092
0.032100443
0.025100535
0.030098468
0.031649143
0.027026346
0.023002908
0.024578573
0.026346007
0.024901882
0.022673627
0.022412682
0.022900635
0.022525162
0.021890553
0.02178546
0.021636164
0.021396486
0.021306785
0.02119107
0.021079814
0.020992408
0.020819524
0.020890204
0.020870104
0.020572504
0.020820394
0.020935066
0.020558124
0.02074108
0.02097739
0.020697756
0.020541174
0.0206639
0.020678757
0.020417651
0.020712957
0.020766858
0.020396307
0.020576883
0.020613572
0.020447895
0.020430475
0.020469517
0.020393826
0.020373479
0.020397307
0.020396156
0.020295877
0.020487873
0.020447241
0.020297358
0.020312838
0.020331128
0.02023129
0.020375093
0.020256618
0.020459017
0.020508658
0.020187192
0.02071268
0.020995272
0.02051391
0.020334788
0.020474
0.020377083
0.020361261
0.020279549
0.020299612
0.020268364
0.020162843
0.020186136
0.020149382
0.020121107
0.020190103
0.020090258
0.02057111
0.020746747
0.020240711
0.020498514
0.021052003
0.020706797
0.020240886
0.020390725
0.020408219
0.020328807
0.020338392
0.020177493
0.020280128
0.020417599
0.020159379
0.020215563
0.02039423
0.020197725
0.020167261
0.020243762
0.02016607
0.02014451
0.020108016
0.020166146
0.02010143
0.020071147
0.020103393
0.020018866
0.020021105
0.02006094
0.020022802
0.020026619
0.020022674
0.019980237
0.019968072
0.020006487
0.019968411
0.020019764
0.019996725
0.019960726
0.019935021
0.01996805
0.019913247
0.019994276
0.019970445
0.019896442
0.01988259
0.019907458
0.019856986
0.01991806
0.019904194
0.019805169
0.019780489
0.019868704
0.01980356
0.019798914
0.019791534
0.019704374
0.019684
0.019719668
0.01965893
0.019667862
0.019622166
0.019587673
0.019524017
0.019493597
0.019502992
0.019397365
0.019340947
0.019359099
0.019335685
0.019315409
0.019185359
0.019281581
0.01921198
0.019039713
0.019171136
0.019019969
0.018934088
0.0188402
0.018964835
0.019048767
0.018776543
0.019385051
0.019376239
0.018812435
0.019393535
0.019489532
0.018931782
0.018966898
0.019122457
0.018902848
0.018665008
0.018748472
0.018668978
0.018561572
0.01837212
0.018373854
0.018408455
0.018165478
0.018160788
0.018103754
0.017980628
0.017995587
0.017830154
0.017890355
0.017772699
0.017901616
0.017574439
0.018047241
0.018087326
0.017384246
0.01846161
0.018803857
0.018279765
0.01801525
0.017636511
0.0183369
0.018717103
0.017980488
0.017264815
0.017865071
0.017771574
0.01748391
0.017256275
0.017348915
0.017098924
0.016810345
0.016923321
0.016659819
0.016537659
0.016512638
0.016436256
0.016205175
0.01623035
0.01613983
0.016250182
0.01606848
0.016052067
0.016026199
0.015825773
0.01571961
0.015720284
0.0155528905
0.015806451
0.015535698
0.01563393
0.015653143
0.015237685
0.015381637
0.015200115
0.015149624
0.015070282
0.015054726
0.014906752
0.015124512
0.014907102
0.014935683
0.014949563
0.014655975
0.014815631
0.01472786
0.014676043
0.014653492
0.014478434
0.014540568
0.014522766
0.01435101
0.014433212
0.014401928
0.014258903
0.014388494
0.014248344
0.014388248
0.014204864
0.014924012
0.015034519
0.014129753
0.014656055
0.014681689
0.0143008055
0.014572901
0.014180195
0.014324725
0.014320199
0.013731373
0.014718577
0.015096356
0.0140548395
0.014755669
0.015063894
0.014355387
0.014180083
0.014365
0.014109408
0.013994205
0.01403642
0.013757088
0.013883088
0.013806586
0.013766289
0.0135362595
0.013831469
0.013670705
0.0134289265
0.013547673
0.013440743
0.01325117
0.013301178
0.013130691
0.013270562
0.013268719
0.013160246
0.013045471
0.012879604
0.01312594
0.013146068
0.012767066
0.013475701
0.01352162
0.013262139
0.013110506
0.012934484
0.012836165
0.013141245
0.013163909
0.012843508
0.013128202
0.012655847
0.013519093
0.013989303
0.012982166
0.013300295
0.013498444
0.012949762
0.0128884325
0.012663729
0.012872902
0.012666662
0.012618992
0.012467849
0.012733226
0.012681719
0.0126566095
0.012682903
0.012402378
0.012357644
0.012444246
0.012344748
0.012320347
0.012269546
0.012187337
0.012166783
0.012124176
0.0124347545
0.012277268
0.012651498
0.012562958
0.012164588
0.01225754
0.012061834
0.012043719
0.012217344
0.0120006995
0.012334336
0.012334704
0.012183799
0.012030967
0.012075302
0.0121185975
0.011909795
0.011905886
0.011801746
0.011842765
0.01197153
0.011784586
0.012077612
0.012053904
0.01196137
0.011930731
0.011797338
0.011639566
0.011697698
0.01166482
0.011572917
0.01156307
0.011619736
0.011467621
0.011637654
0.011726606
0.011615768
0.011636346
0.011611302
0.011642006
0.011428408
0.011797654
0.01188897
0.011372256
0.011521186
0.011475095
0.011620395
0.011556055
0.011323911
0.011318416
0.011246403
0.011383335
0.011151615
0.01135539
0.011312057
0.011562959
0.011537726
0.0112932315
0.011234171
0.011153027
0.01125976
0.011129108
0.011138604
0.011047118
0.01109311
0.011092148
0.011047552
0.011068586
0.010884258
0.011236195
0.0109585775
0.011180882
0.0112520605
0.0108390115
0.011079173
0.011081081
0.010794245
0.011209046
0.011214321
0.010758046
0.010735561
0.010862063
0.010760695
0.010732491
0.010727125
0.010752863
0.010624108
0.0107235685
0.0105981575
0.010845289
0.010841146
0.010614823
0.01060839
0.010591797
0.010514968
0.010550446
0.0105000185
0.010484812
0.010491372
0.0105590895
0.010511618
0.010587397
0.010395843
0.010771941
0.010884997
0.010310526
0.010852367
0.011172871
0.011023973
0.01071731
0.010524153
0.010639266
0.01060982
0.010501807
0.010308698
0.01056503
0.0105892345
0.010443742
0.010239235
0.010711891
0.010716736
0.010768739
0.01062156
0.010519169
0.010498094
0.0104433345
0.010295182
0.010624764
0.010447715
0.0105248755
0.01041131
0.010249212
0.010180506
0.010283495
0.01017391
0.010659874
0.010681984
0.01008569
0.0102254115
0.010102631
0.010494701
0.010491024
0.010137591
0.0101458095
0.010180412
0.010055795
0.010063041
0.010078345
0.009930038
0.010142829
0.010064786
0.0104975
0.010440269
0.009986587
0.009919374
0.0101039605
0.010039035
0.010115897
0.010105473
0.009947333
0.009957171
0.009917904
0.009897127
0.009904399
