0.2871937
0.07191
0.05949383
0.035657063
0.024829065
0.027555814
0.023529941
0.02425512
0.023792556
0.02130732
0.022497991
0.022456715
0.0206651
0.021533245
0.02227568
0.02066168
0.02011344
0.020720912
0.01974574
0.019783316
0.020210875
0.019280463
0.019994663
0.020284772
0.020046726
0.018744862
0.019226348
0.019749535
0.019000314
0.018864034
0.018878402
0.019741755
0.018710526
0.018925613
0.018930122
0.018509312
0.01827641
0.01756815
0.01749369
0.017282369
0.017272087
0.017150525
0.016783448
0.01657924
0.017162267
0.016503364
0.018581925
0.018075267
0.015921297
0.015945623
0.016236594
0.015992187
0.016485995
0.016445933
0.01566959
0.015948312
0.015660433
0.01571773
0.015563485
0.015569338
0.015364289
0.01584465
0.01583706
0.015336332
0.015551769
0.015120156
0.015880007
0.015858563
0.014990963
0.015516341
0.015288423
0.014975958
0.014891882
0.015105891
0.015118803
0.014917831
0.015002976
0.0147307115
0.015309475
0.014924235
0.015308175
0.015404218
0.014649543
0.014739527
0.014925808
0.014805754
0.0149592385
0.014924459
0.014802828
0.014824469
0.014810522
0.014703537
0.014795749
0.014823154
0.014501434
0.014475874
0.014554031
0.01441208
0.015007496
0.015213005
0.014360655
0.016105318
0.017888984
0.016804732
0.014609527
0.016558163
0.020155078
0.019954644
0.016607353
0.0144690275
0.015654637
0.016496668
0.015545029
0.014838533
0.015156105
0.014747421
0.014383509
0.014679682
0.014262483
0.014964367
0.0154647725
0.014593281
0.015010987
0.015384123
0.014514147
0.014744163
0.015067295
0.01428853
0.01438338
0.014560829
0.014141802
0.014432768
0.014522083
0.013969076
0.014848036
0.015626797
0.01486976
0.014000133
0.014561421
0.014715955
0.0139326975
0.0145386085
0.014862284
0.014082159
0.014115088
0.01413712
0.014070806
0.013942297
0.013758544
0.01403743
0.013697778
0.014076221
0.014421611
0.014026224
0.0136885
0.0140381
0.013823841
0.013924834
0.0139702
0.0137527
0.013711269
0.013637544
0.013524592
0.013884443
0.014015072
0.013479449
0.014132132
0.015057628
0.014576696
0.013715054
0.013664755
0.01415768
0.0140579315
0.0133574875
0.01378537
0.014222123
0.013534173
0.013433919
0.0138829285
0.0137467785
0.0132464385
0.013556751
0.013904266
0.013364111
0.013313931
0.013698719
0.013627765
0.013127319
0.013469473
0.013802159
0.013354366
0.013092385
0.013350069
0.013384576
0.012975755
0.013270288
0.013555276
0.013127464
0.012959984
0.013183902
0.013025316
0.012861944
0.013041203
0.012973162
0.012868825
0.012884195
0.012961052
0.012765507
0.012987926
0.01306099
0.012791858
0.012708361
0.012696746
0.012593977
0.012669894
0.012703008
0.012755066
0.012610183
0.012492432
0.012495021
0.012416899
0.012257926
0.012729797
0.012788943
0.012185541
0.013108041
0.014030757
0.0132575035
0.0126653565
0.012769386
0.012280914
0.012164161
0.012238686
0.011996288
0.01187742
0.011990473
0.011938344
0.0116656395
0.011919904
0.011822842
0.011578743
0.011535312
0.011392343
0.0112818
0.011164568
0.011001579
0.011150897
0.010866781
0.011057994
0.010817396
0.010722217
0.01071428
0.010485542
0.010392837
0.010568383
0.010473743
0.010302943
0.01031421
0.010108366
0.010168626
0.010035728
0.010115348
0.010209792
0.009909929
0.010211076
0.010034874
0.009883664
0.0100186495
0.009842861
0.009649275
0.009670388
0.0095849885
0.009672922
0.009392851
0.009709827
0.009536845
0.010005857
0.010301343
0.009820889
0.009710006
0.009722382
0.009553746
0.009803009
0.009673309
0.009339567
0.009274281
0.009268339
0.009223969
0.009169116
0.009074856
0.009037034
0.009034756
0.009054526
0.008924027
0.0087965885
0.008940888
0.008725085
0.008944997
0.008705212
0.0091179125
0.009014978
0.009010847
0.008773481
0.009001423
0.008915242
0.008427067
0.008492998
0.008477782
0.008272079
0.008598932
0.008420996
0.008825502
0.008871029
0.008274823
0.008616637
0.008193869
0.0085524535
0.008747668
0.007968438
0.008464093
0.008279938
0.008029127
0.007973749
0.007886278
0.007876852
0.00782168
0.007839073
0.007679524
0.0077766716
0.0076389085
0.007593678
0.007676605
0.0075878673
0.00742936
0.007600428
0.0074853967
0.00743171
0.0073518455
0.0074187163
0.0073243957
0.007565385
0.0072872215
0.008350074
0.008556717
0.0071968487
0.008778515
0.009476668
0.007400345
0.008795834
0.010018195
0.008415596
0.0073583424
0.008022123
0.0073640444
0.007770684
0.008199613
0.007309232
0.0075209313
0.007823386
0.0069015063
0.0072097867
0.0073654414
0.006797507
0.007184765
0.0072359354
0.0066619515
0.006996566
0.006951556
0.0066310354
0.006562309
0.0064870603
0.0065267584
0.0065479823
0.006311292
0.0063936575
0.006303113
0.0062114266
0.006265972
0.00604276
0.0064322925
0.0066591594
0.006306009
0.005958984
0.006159101
0.0063167443
0.0058211996
0.005760267
0.005780118
0.005702481
0.005667551
0.005511234
0.0056173056
0.0053126463
0.0052150474
0.0053535043
0.005439387
0.005131226
0.005004621
0.005483666
0.0052002147
0.005209374
0.0049149855
0.00517642
0.004861826
0.0051130815
0.0048102965
0.005219257
0.0053658322
0.0045809974
0.0054266253
0.0054819374
0.0052455203
0.006051133
0.0057385103
0.004924868
0.005183861
0.004794015
0.0047944556
0.004763494
0.0045994525
0.004522731
0.004681701
0.0045592343
0.004464968
0.004574092
0.004359865
0.00434465
0.004748503
0.004479095
0.004609905
0.004484394
0.0043665017
0.0045007407
0.004332595
0.004553191
0.0042890036
0.004970964
0.005140019
0.0043981834
0.004580475
0.0045976974
0.0040446036
0.006150689
0.0053160153
0.004802948
0.004865339
0.005209858
0.0046022763
0.004648613
0.0045701116
0.0050463136
0.0047452166
0.004157679
0.004750796
0.0050056777
0.004651126
0.004307578
0.00426423
0.004285922
0.0043409695
0.0039758347
0.0040389844
0.0039271526
0.00387522
0.0040385774
0.003752676
0.0040631085
0.003709039
0.0040996703
0.0038157087
0.0041803145
0.004184849
0.0037998455
0.003986716
0.003907813
0.0037444362
0.0039688027
0.0036240413
0.004113948
0.003663276
0.004661688
0.004391792
0.0039465115
0.004205058
0.0044130287
0.0037158013
0.0038417384
0.0039804094
0.0038825758
0.0035896432
0.0038331237
0.0038236566
0.003550565
0.0035162412
0.003533114
0.0038211697
0.0035885356
0.0034480842
0.003752739
0.0034529064
0.003882739
0.0035604748
0.004057133
0.0036768205
0.0038934953
0.0035813656
0.0039295475
0.0038328536
0.0036114745
0.0037061188
0.003519648
0.0036923352
0.003456802
0.003403372
0.0036125293
0.0033746415
0.003367916
0.0033653968
0.003336807
0.0033854858
0.0034140286
0.0034373368
0.0032531626
0.0034026045
0.0035094947
0.00316131
0.0036316023
0.0033735847
0.0037954145
0.0036751647
0.0034366837
0.003302445
0.00356052
0.003422472
0.0032982205
0.0032058824
0.003608821
0.0032861782
0.004151277
