0.28786772
0.052307952
0.06836977
0.04347974
0.0223551
0.03245276
0.028273815
0.0220303
0.024244973
0.022704348
0.022824714
0.023089563
0.021915654
0.022233099
0.022063121
0.021512503
0.02168636
0.021452947
0.02131424
0.021369347
0.020983666
0.021325523
0.021106096
0.020884022
0.021070844
0.020736253
0.021027274
0.020995682
0.020777652
0.020760762
0.020661911
0.0206829
0.020661213
0.020461114
0.02090781
0.020916551
0.020569412
0.020558136
0.020658106
0.020422244
0.020502692
0.02056445
0.020291725
0.021094933
0.021057313
0.02041606
0.020491296
0.020575458
0.020431524
0.020383015
0.02045016
0.020312853
0.02037056
0.020340107
0.020277886
0.020335434
0.020225955
0.020366522
0.020348208
0.020273825
0.020205522
0.020298805
0.020078816
0.020621134
0.02070079
0.019966295
0.021303393
0.022435972
0.021352267
0.019903803
0.021019721
0.022490492
0.021666413
0.019977177
0.020335995
0.02135584
0.020888912
0.019721987
0.020061871
0.020537406
0.020091163
0.019477597
0.01952049
0.019410074
0.019270295
0.019008296
0.018536108
0.01908266
0.019118665
0.01862595
0.017986758
0.018301977
0.01759437
0.017555013
0.017490206
0.017181082
0.017404044
0.017171314
0.01725831
0.016928978
0.016922196
0.016895423
0.017030684
0.017154634
0.01681318
0.016554264
0.016216788
0.015867075
0.015844127
0.016084496
0.015993726
0.015614815
0.015227267
0.01515044
0.01534986
0.015144323
0.015272246
0.015186426
0.014528523
0.014830706
0.014295846
0.014166663
0.01494329
0.014778021
0.013595554
0.013891131
0.013752709
0.013149978
0.013101372
0.013185121
0.012852441
0.012563453
0.012456809
0.013491782
0.012816019
0.013108845
0.012808405
0.012996025
0.012585933
0.012865439
0.01322846
0.011693452
0.012780185
0.0135772
0.011893007
0.01240246
0.012370664
0.01214563
0.012300757
0.01123659
0.013186957
0.013430539
0.012031652
0.012302834
0.012222074
0.011237584
0.011482713
0.011548621
0.010657768
0.011862422
0.012894926
0.011264962
0.010930538
0.01143241
0.010651055
0.010915493
0.01136851
0.010204852
0.011996127
0.013561442
0.01188325
0.010184896
0.011634129
0.01179536
0.010821131
0.01127443
0.012015048
0.010846305
0.010715875
0.011786907
0.011105328
0.010084285
0.010268815
0.010072305
0.010589714
0.010948616
0.010232962
0.010400661
0.010712303
0.010142285
0.0100112595
0.010293369
0.009580075
0.010544219
0.0109231025
0.0103791505
0.009702477
0.010111851
0.009514968
0.010169485
0.010286248
0.009766048
0.010164006
0.009995399
0.009876105
0.009888019
0.010052506
0.0093452325
0.011255565
0.011090766
0.010010745
0.010220412
0.009262286
0.009331713
0.009722634
0.0093503
0.009192896
0.009340136
0.009514063
0.009144949
0.010080156
0.010057063
0.010148318
0.009828649
0.009196639
0.009078707
0.009375985
0.009110835
0.008940241
0.008888166
0.009292396
0.009174458
0.009283337
0.009150537
0.008834984
0.00917941
0.008931876
0.009382336
0.009474587
0.008722839
0.009022734
0.009001804
0.008829932
0.008647755
0.008639916
0.008646346
0.008733267
0.008668195
0.008615407
0.008595207
0.008416728
0.008360583
0.00858987
0.008435066
0.008596591
0.008521355
0.00824847
0.008517423
0.008128334
0.008899681
0.008512866
0.009442872
0.008912293
0.008865935
0.009208092
0.008089109
0.00821513
0.008446571
0.008068849
0.008271318
0.008728311
0.00857084
0.008006456
0.008220394
0.008494366
0.008224332
0.0079308925
0.008016092
0.008198732
0.007895386
0.008032907
0.0082795145
0.008165742
0.00791467
0.0076359375
0.008135592
0.008042426
0.0076371706
0.0076235184
0.00762386
0.007722149
0.007449253
0.007074502
0.0077121225
0.00806317
0.0074281855
0.007275198
0.007758739
0.007266842
0.007130118
0.007242571
0.006974717
0.006710855
0.007196951
0.006788214
0.0077570057
0.007439813
0.0068484955
0.0074715787
0.0068449154
0.006893243
0.0066498313
0.006592019
0.0063867527
0.006410977
0.0063418583
0.006266158
0.0062454897
0.006411992
0.006173186
0.0065627196
0.0065344595
0.006039005
0.0059590912
0.006168296
0.0059653763
0.006504161
0.0064958706
0.0058414075
0.0058749462
0.0061677336
0.006019986
0.0060039605
0.005941702
0.006030465
0.0060255066
0.005986011
0.006194389
0.00571421
0.005843287
0.0056055356
0.0056725633
0.005546566
0.0056275614
0.005502641
0.0057010925
0.005535414
0.0060554347
0.006435489
0.005697291
0.006232156
0.0064822175
0.0056971586
0.006041495
0.0063331313
0.0057875514
0.00574786
0.0059967577
0.005565919
0.00586863
0.0060519096
0.0056926706
0.005562797
0.0060937717
0.0059668287
0.0057553644
0.0056285015
0.005744098
0.0055661197
0.005601616
0.005640026
0.0056987964
0.0054969788
0.005588545
0.0054713376
0.005328098
0.005251697
0.0056210347
0.005565398
0.005504903
0.005538221
0.005283618
0.0055686175
0.0052343463
0.00626554
