0.2870201
0.054470837
0.05907466
0.03324591
0.023973957
0.025324574
0.0221967
0.024504185
0.024063995
0.021301856
0.022557661
0.022788709
0.021356413
0.021349326
0.021549037
0.021082843
0.02063064
0.020768756
0.020641008
0.020092877
0.020094123
0.019842247
0.019494632
0.020025773
0.01934945
0.01911614
0.018967638
0.018689688
0.018651458
0.018585855
0.01842417
0.0181719
0.01790111
0.01808775
0.017800273
0.017884882
0.017870476
0.017470451
0.01805075
0.017886546
0.017335342
0.01732367
0.017393278
0.016785318
0.018107671
0.018330043
0.016571114
0.018804716
0.020878488
0.018584596
0.016333431
0.017237237
0.017750705
0.016599761
0.017271884
0.016651355
0.016017985
0.016317315
0.015953736
0.015494357
0.015541132
0.015463415
0.0152323125
0.0155982105
0.015653515
0.015282083
0.015097578
0.015066177
0.014957438
0.015463722
0.015509446
0.01477348
0.015426313
0.015880616
0.0152315395
0.015060645
0.01508746
0.014964155
0.014913618
0.014627576
0.014932026
0.014933896
0.014372413
0.015219383
0.015849076
0.015077372
0.014465704
0.014666871
0.014522669
0.014538654
0.014516902
0.014288771
0.0141880885
0.01433182
0.014310326
0.014043775
0.014502921
0.014748129
0.014554937
0.014236227
0.014177711
0.01406125
0.014013781
0.013830975
0.014024149
0.013856168
0.013983303
0.013857141
0.013850621
0.013597175
0.014005557
0.013789034
0.013747771
0.013658379
0.013384464
0.013125644
0.0133400755
0.013297091
0.012965135
0.013364546
0.013497609
0.013018747
0.012889415
0.012946243
0.01277257
0.012888481
0.012637406
0.012668331
0.012651027
0.012486272
0.012575011
0.012418694
0.012501548
0.012598112
0.012341678
0.012274414
0.012254905
0.012187424
0.012154914
0.011971709
0.012100109
0.012003373
0.011890997
0.011834887
0.011754855
0.011952165
0.011633019
0.012666601
0.013106875
0.013278987
0.012792788
0.012638842
0.01210697
0.012012276
0.012262285
0.012416001
0.012245286
0.011814065
0.011603822
0.011789642
0.011801961
0.0120341405
0.011955422
0.01159323
0.011376659
0.011742878
0.011682372
0.01193737
0.011729098
0.011481732
0.011295651
0.011702817
0.011740419
0.011443126
0.011329498
0.011567883
0.011501295
0.011264697
0.011218113
0.011281944
0.011135262
0.011393242
0.01129663
0.011355641
0.011241521
0.011195275
0.011028265
0.011464521
0.01147541
0.010921014
0.010926609
0.011112169
0.010990535
0.011398886
0.011438067
0.010970861
0.0110140825
0.010927722
0.01085112
0.011102728
0.011010529
0.010792782
0.010786831
0.010891229
0.010768508
0.011022289
0.010854972
0.010910608
0.01079474
0.0109134065
0.010746397
0.01094269
0.010853514
0.010729273
0.010666899
0.010888688
0.01083536
0.010646239
0.010658927
0.0107549345
0.010727766
0.010663887
0.010671176
0.010602756
0.010553514
0.010710731
0.010672775
0.01052503
0.010464661
0.010765058
0.010719632
0.010428588
0.010397018
0.01073593
0.010658531
0.010415346
0.010376966
0.0106469095
0.010573827
0.010384631
0.010322274
0.010564064
0.010439138
0.01047817
0.010422669
0.010427131
0.010371317
0.0103975525
0.010300665
0.010472436
0.010370497
0.010349269
0.010251802
0.010486853
0.010380971
0.010288977
0.010208697
0.010412284
0.0102637345
0.010298359
0.010183399
0.01037161
0.010169793
0.010386626
0.010231926
0.010273147
0.010181095
0.0102650365
0.010157261
0.010301646
0.010206569
0.010175417
0.010131499
0.01018642
0.010135442
0.010104974
0.010037306
0.010205387
0.010139351
0.0100581255
0.010011089
0.010126873
0.010048994
0.010082254
0.0100528365
0.009988529
0.009976387
0.010008381
0.009981074
0.009971605
0.0099238325
0.010008567
0.009960865
0.009942215
0.009915401
0.009917326
0.00989012
0.009917256
0.009877638
0.009877664
0.009847512
0.009844724
0.009801836
0.009865928
0.009803534
0.009800921
0.009767074
0.009780325
0.009754262
0.0096865855
0.009664937
0.009631242
0.0095864525
0.009678247
0.009532317
0.010349491
0.010549851
0.009581796
0.010986328
0.011123806
0.01021432
0.010730301
0.010621718
0.010079343
0.010239978
0.010078691
0.009689226
0.01038953
0.010535025
0.009980469
0.009802553
0.009835587
0.009821435
0.009763688
0.009582969
0.010282487
0.010473113
0.009844219
0.009896916
0.009945099
0.009862698
0.009626742
0.009729938
0.009870753
0.009559588
0.009460603
0.009656678
0.009396273
0.009784938
0.009925493
0.009495626
0.009572536
0.009457446
0.009475619
0.009356475
0.00946273
0.009386989
0.009308741
0.009288724
0.009240662
0.0093123205
0.009213902
0.009311013
0.009159465
0.009247511
0.009155591
0.009169375
0.009045149
0.0095464215
0.009724095
0.0093399165
0.009282549
0.009250906
0.009231793
0.00920176
0.009010811
0.008936952
0.009161601
0.00906273
0.0094237365
0.009630126
0.0092458725
0.009398837
0.009227273
0.009069598
0.009217492
0.009068499
0.008924482
0.008817717
0.008993088
0.009027286
0.0089725675
0.008994133
0.008737572
0.008960853
0.00864832
0.0089045325
0.008849927
0.008879337
0.008678838
0.008870088
0.008968828
0.008776194
0.008825434
0.0085810125
0.008797602
0.00883577
0.008536174
0.008804715
0.008884008
0.008449121
0.009501741
0.009982049
0.009813611
0.009320308
0.008717788
0.008900396
0.00930292
0.008893442
0.008667263
0.008891427
0.00866145
0.008638841
0.008758591
0.008349401
0.008659602
0.008930533
0.008491791
0.008502891
0.008661708
0.00839879
0.008770198
0.009244707
0.009165456
0.008416728
0.009229064
0.009614983
0.009328074
0.009264285
0.008780039
0.0088538155
0.009012499
0.008991554
0.0088684345
0.008275401
0.008445677
0.008641474
0.008459103
0.008272723
0.008151244
0.008490525
0.008457549
0.008259523
0.008184241
0.008253011
0.008052151
0.008376823
0.008202267
0.008347794
