0.2893281
0.11144346
0.066675924
0.03509007
0.03730116
0.032603268
0.024820926
0.028007686
0.029505864
0.023905858
0.023387767
0.02521619
0.023426203
0.02244912
0.023128077
0.023262536
0.022082238
0.023396663
0.024657434
0.023437776
0.022091664
0.02240397
0.02266928
0.022463053
0.021665307
0.021797225
0.02204451
0.021354182
0.021487756
0.021641871
0.021490773
0.021036625
0.020867595
0.021051114
0.020510508
0.020857139
0.020952856
0.020536374
0.020643255
0.020700485
0.021169847
0.020458223
0.020795586
0.020974344
0.020355271
0.020377655
0.01980385
0.021448588
0.022196895
0.02036079
0.020624408
0.020981431
0.020097705
0.02025726
0.020547103
0.019774465
0.019741097
0.02004448
0.019656181
0.01937073
0.019443696
0.019108405
0.019065132
0.018954463
0.019098813
0.018871414
0.018913781
0.018913534
0.01872748
0.018714225
0.01857648
0.01853197
0.018623633
0.018328154
0.018529482
0.018668797
0.01837127
0.017936034
0.018416164
0.01844491
0.018294107
0.017785287
0.018117817
0.018332763
0.018162513
0.017782828
0.017821996
0.01784846
0.017851943
0.017567258
0.017509758
0.017454652
0.017519807
0.01733355
0.017252188
0.01714372
0.017314497
0.017322915
0.01688945
0.01681154
0.017024333
0.016889565
0.016901037
0.016744183
0.016701875
0.016689673
0.01649019
0.016318608
0.016760625
0.016640456
0.01638127
0.01612671
0.01629089
0.016185505
0.01612618
0.015954034
0.015906215
0.015882751
0.015828433
0.015816994
0.015628966
0.015478144
0.015594487
0.015589255
0.015376699
0.015287993
0.015392627
0.01529627
0.015025367
0.015200492
0.014961411
0.014922943
0.014892067
0.015098621
0.014757086
0.015231847
0.014749666
0.014887161
0.014625312
0.014659292
0.014473938
0.014463265
0.014438798
0.014307961
0.014218795
0.0144918375
0.014180762
0.014409718
0.014400906
0.014301439
0.014236316
0.014028482
0.014071497
0.013885759
0.014160271
0.014061856
0.013925374
0.014178081
0.013915512
0.014087953
0.01412305
0.01369297
0.013870814
0.0141560035
0.0135969445
0.014373177
0.01456701
0.014348105
0.014640178
0.014570318
0.013955854
0.013670612
0.013618242
0.013797887
0.013912395
0.013452071
0.013603975
0.013570499
0.013510364
0.013336753
0.013420556
0.013241775
0.013570017
0.013557118
0.013253744
0.013211176
0.013205553
0.013329916
0.013418925
0.013165
0.013370103
0.013154537
0.013419792
0.01285557
0.013275127
0.01314313
0.012781818
0.013259294
0.013144735
0.012985366
0.013177781
0.013119246
0.012651801
0.013137064
0.013515842
0.013272683
0.0130439885
0.013236952
0.012997915
0.0127151795
0.012803219
0.012808688
0.012724209
0.012587453
0.012340573
0.012260345
0.012460374
0.01229247
0.012212518
0.012184302
0.012442134
0.012314676
0.012155439
0.012112795
0.011889744
0.011789274
0.011829942
0.012166577
0.0119886575
0.011871058
0.011713915
0.011512664
0.0115454905
0.011577995
0.011368959
0.01197381
0.011446923
0.012177072
0.0123075275
0.011355758
0.01236812
0.011959396
0.011394882
0.011493616
0.011273506
0.011331824
0.011130425
0.011041005
0.011201933
0.010946435
0.011265029
0.011115876
0.011056073
0.011169202
0.010933832
0.010907958
0.010759369
0.010843925
0.010676622
0.011624285
0.011462296
0.010977644
0.010877334
0.010984763
0.010749427
0.010939776
0.0108802365
0.010657072
0.010654166
0.010788853
0.010737267
0.010541196
0.010767271
0.010653611
0.010665692
0.010573166
0.010494157
0.010442558
0.010290279
0.010393646
0.010357863
0.01031081
0.010558135
0.010279741
0.010628383
0.010436359
0.010976323
0.010560538
0.010890536
0.0111053735
0.0103751505
0.01067879
0.010673071
0.011000951
0.0109280115
0.010520391
0.010469875
0.010497647
0.010636729
0.010283831
0.010106034
0.010370326
0.010360497
0.010105937
0.01040741
0.010253208
0.0106676
0.010472695
0.010263217
0.010299957
0.010238152
0.010010169
0.0107342005
0.010573232
0.010151542
0.010046395
0.010097236
0.010058368
0.01025963
0.010122224
0.010264997
0.010186433
0.009941662
0.009833061
0.010373964
0.010220628
0.009849808
0.00983097
0.010043823
0.009907116
0.009803918
0.009697635
0.009708918
0.0098659815
0.009604553
0.009644643
0.009800454
0.009585549
0.010025084
0.009948334
0.010161445
0.009752094
0.010295305
0.009993734
0.010195355
0.0098422645
0.010614169
0.010323397
0.009876448
0.009948601
0.009777578
0.009754968
0.009945604
0.009770152
0.009684637
0.009930431
0.009751404
0.009970081
0.009641149
0.010455965
0.010576923
0.009429769
0.009850124
0.009682546
0.009850312
0.009317148
0.010671672
0.011286537
0.009770543
0.010179853
0.0105259
0.010103599
0.010361391
0.0101335505
0.010563186
0.010710101
0.009944434
0.009828619
0.010198771
0.009987797
0.009630864
0.009496403
0.009832066
0.0098777395
0.009365479
0.009585022
0.009540971
0.009687756
0.009932436
0.009628192
0.009303884
0.009368383
0.009172022
0.009606934
0.00938806
0.009259785
0.009321552
0.009540523
0.00924889
0.00938696
0.009304501
0.009261132
0.009270084
0.009056642
0.009529126
0.009539688
0.009031277
0.009166262
0.009015168
0.009444938
0.009281614
0.009440444
0.009282522
0.009109966
0.009369336
0.00920445
0.009000181
0.009277664
0.009079386
0.009712159
0.0092766015
0.009971551
0.009982468
0.009157289
0.009349401
0.009333866
0.009518205
0.0091368295
0.009381317
0.009264767
0.009009726
0.0088545205
0.009512194
0.009251813
0.008859355
0.00879149
0.009163061
0.008984153
0.009006912
0.008975358
0.008850119
0.008828812
0.008789814
0.008609635
0.008680735
0.008613269
0.00892889
0.0089152595
0.008475873
0.008983277
0.009049683
0.008739218
0.008631387
0.008805737
0.00875751
0.009041224
0.008369666
0.009074836
0.009221813
0.008977127
0.009083925
0.008753157
0.009115882
0.009152284
0.008625105
0.008797422
0.009022144
0.008912293
0.008548655
0.008889138
0.0086385
0.009574782
0.009531524
0.009535704
0.00896423
0.008690526
0.008817506
0.008738807
0.008406165
0.008691498
0.008403748
0.008709886
0.008728876
0.008664534
0.009272585
0.00856302
0.009171766
0.009321066
0.008748791
0.009060957
0.008647169
0.008251575
0.008841701
0.008762472
0.008216399
0.008416938
0.008236286
0.008558227
0.008538772
0.008090994
0.008307531
0.008106132
0.008524106
