0.28778604
0.052301913
0.06174922
0.036538374
0.02598762
0.027367888
0.024118954
0.02501455
0.02505601
0.02188243
0.024584668
0.026398176
0.022766938
0.022098616
0.023229107
0.022053035
0.021791728
0.021647299
0.021904508
0.021389455
0.021070503
0.021143025
0.020649692
0.020692715
0.020722272
0.020565433
0.020405624
0.020945018
0.020549146
0.021047277
0.021179406
0.020507567
0.020659886
0.02064576
0.020511031
0.02045294
0.02043543
0.020371439
0.020253979
0.020424066
0.02018637
0.020676695
0.020715633
0.020033123
0.020617703
0.020661747
0.019995933
0.020666244
0.020911941
0.020010272
0.020613939
0.021252898
0.02044673
0.01999464
0.020382127
0.020288566
0.01981798
0.019854128
0.019956587
0.019480176
0.019931609
0.020178186
0.019289711
0.019716728
0.02007189
0.019185372
0.019077675
0.019288814
0.018861005
0.018324843
0.018409116
0.01831025
0.01766569
0.018243691
0.018238502
0.017577453
0.017297
0.017020153
0.016916493
0.01694901
0.016617786
0.016908785
0.016793603
0.016376391
0.016336031
0.01616341
0.015918689
0.01581248
0.015560601
0.01572793
0.015247387
0.016382758
0.016336314
0.015134827
0.015858479
0.015754046
0.015716655
0.014989238
0.016017368
0.016556932
0.015884534
0.016079739
0.01545802
0.015034814
0.014947776
0.015279529
0.014914977
0.014567904
0.014596663
0.014527696
0.014828655
0.014479898
0.014499419
0.014250018
0.014453418
0.014367652
0.013967129
0.014546171
0.01402614
0.015703244
0.016384635
0.014109026
0.016466148
0.018617166
0.015960641
0.013995312
0.015066135
0.01457227
0.014407806
0.014160574
0.014177372
0.013869648
0.014088801
0.0142049445
0.013303831
0.013684985
0.013701732
0.01398059
0.013493889
0.013665299
0.013834265
0.013228896
0.013160445
0.012890283
0.013103875
0.012964879
0.013163872
0.01307632
0.014038223
0.014271771
0.013447419
0.013174926
0.013899583
0.013316042
0.012898917
0.012874831
0.012581952
0.0125781605
0.012797691
0.012259349
0.013293619
0.013429548
0.011973207
0.014047242
0.01541683
0.013965643
0.015044529
0.016168812
0.014337678
0.013966215
0.01407984
0.012698322
0.013177191
0.013512872
0.012409824
0.013454164
0.01313131
0.012019295
0.011642687
0.011804462
0.011773073
0.012656793
0.012982219
0.011773926
0.012456273
0.012440161
0.011833736
0.011711571
0.011998582
0.011854674
0.011395271
0.011175043
0.011291594
0.011121598
0.011348583
0.0113538215
0.011273873
0.011051538
0.011154455
0.0110659925
0.011001575
0.010705578
0.010837495
0.010520565
0.010668254
0.0105914315
0.010581202
0.010341034
0.010802581
0.01048056
0.010532208
0.010469028
0.010071084
0.010127594
0.009824577
0.010008139
0.009889788
0.009775042
0.00998069
0.009844101
0.009727994
0.009766563
0.009655082
0.009544634
0.009395284
0.009502117
0.009077543
0.010201094
0.009758699
0.00923622
0.009054601
0.009706672
0.009699998
0.008817913
0.008865345
0.009148431
0.008886657
0.009159752
0.009203599
0.008480986
0.008507434
0.008868371
0.008459269
0.009501772
0.00952008
0.00821226
0.008162766
0.009243072
0.008794934
0.008649011
0.008801941
0.008162397
0.0082993815
0.008073988
0.00806842
0.00797283
0.008154134
0.007829318
0.008401061
0.008107308
0.008213899
0.007878307
0.008524929
0.007833657
0.0087461695
0.008734666
0.0076841987
0.008370743
0.0077326694
0.008041504
0.007854056
0.007893117
0.007543519
0.008016518
0.007746653
0.0077662296
0.007702051
0.0076303654
0.00751698
0.007861569
0.0076409862
0.007231129
0.0071561425
0.007458618
0.0072534406
0.0074353367
0.0075018476
0.0072925203
0.0071812295
0.007485105
0.0070885397
0.0073883845
0.0073456243
0.006809074
0.006911844
0.007532557
0.007154887
0.006995805
0.0069467
0.0066983234
0.007099654
0.0065106475
0.0065433993
0.007077212
0.0066405553
0.006466716
0.008532663
0.008010442
0.007021261
0.0076361573
0.0064846557
0.0072561526
0.0069333967
0.0071831443
0.007149164
0.0065962505
0.007240216
0.0070251017
0.00698154
0.006862081
0.0067892447
0.0064803534
0.006281801
0.007608816
0.00695317
0.007111209
0.006898319
0.00704187
0.006575726
0.0069851093
0.0064635226
0.007734896
0.007138312
0.0075956136
0.008342414
0.007160364
0.0069463677
0.006743079
0.0073385374
0.0070584766
0.0071507595
0.0070496784
0.006328728
0.0064791725
0.006172784
0.007010354
0.0068452335
0.006861704
0.006248065
0.0068782084
0.0061139446
0.0064566634
0.00628349
0.0067903865
0.0059661693
0.0072653326
0.007584468
0.006590227
0.006614737
0.0063693435
0.0069468305
0.006637579
0.006591826
0.0066364245
0.006358584
0.0064560366
0.006166166
0.006183978
0.0062540653
0.006552828
0.0057595707
0.007095747
0.0071850363
0.005729617
0.006292516
0.00639864
0.005597148
0.006274089
0.005903514
0.0062500522
0.0062013934
0.0057865805
0.0061612055
0.005931198
0.006258152
0.0059364312
0.006912599
0.006885234
0.005821433
0.0066656605
0.0062476955
0.00581432
0.0060093515
0.0060485774
0.005221835
0.0064642034
0.0057668244
0.0064523774
0.006780323
0.00534757
0.0061219805
0.005573081
0.0059872014
0.0060133315
0.0059052035
0.0053888764
0.0059482288
0.005405683
0.0063988515
0.0067576147
0.0053290413
0.0068962327
0.0073142485
0.0056284145
0.0062534134
0.006398274
0.005797656
0.005362122
0.006110569
0.005844806
0.0050021517
0.005132068
0.004937669
0.004845287
0.004784417
0.0046051554
0.005219011
0.004892088
0.005066479
0.005138367
0.0047152513
0.0046588327
0.0049389265
0.0046409643
0.0048659183
0.0046005845
0.004666647
0.004604979
0.004544349
0.004522591
0.0046725064
0.00454623
0.004449732
0.004651549
0.004270399
0.0047056265
0.004581516
0.004501646
0.004913447
0.0041755717
0.005596571
0.0061085853
0.005144591
0.004320835
0.005186839
0.004595052
0.0052129794
0.0046693706
0.0050405418
0.004400837
0.0051147365
0.004173797
0.0052353865
0.0056619016
0.004449737
0.004815463
0.0049870755
0.0045016943
0.0048337784
0.004800571
0.0046779173
0.0045060297
0.0041629407
0.0041145417
0.0043766806
0.004097639
0.004065192
0.0041257353
0.003925796
0.0045027602
0.004363681
0.0051593203
0.004798531
0.0056843874
0.0057154843
0.00434333
0.0044674776
0.004691741
0.004224123
0.0047305655
0.0048755887
0.0046782857
0.0043281657
0.0044794027
0.0042367424
0.0049111857
0.0041438863
0.005401466
0.005403183
0.004056446
0.004050427
0.003867345
0.0038118176
0.0038676206
0.003587277
0.0039312164
0.0037027588
0.003674465
0.0041605835
0.0036548811
0.0050480887
0.0052267145
0.0034732304
0.0049124826
0.0047428245
0.0046571707
0.0037405465
0.004816996
0.0055419966
0.0034976376
0.004650811
0.0052077407
0.0046655606
0.0036383055
0.004473744
0.004806388
0.0032340817
0.0043255375
0.0049421336
0.0039098845
0.0038235907
0.0040855887
0.0032688668
0.0038023822
0.0041641165
0.0035483378
0.0037889604
0.003898896
0.003719852
0.0034020415
0.003427771
0.003384263
0.0034349177
0.0032528583
0.0033085507
0.0034974727
0.0032032
0.0030390236
0.0035456177
0.0030894896
0.0036620412
0.0038561337
0.0033141922
0.0034868084
0.0033068436
0.0040631914
0.003991232
0.0032785442
0.003140645
0.0031664416
0.002785451
0.004098472
0.0034950257
0.0038221125
0.0034802153
0.0035258958
0.0033492225
0.0034357402
0.0033506795
0.0030140548
0.002882202
0.003463453
0.0030509199
0.0033793135
0.0032292278
0.0031579498
0.0031856701
0.0029724718
0.0029030119
0.0030607497
