0.28897065
0.105387
0.065246634
0.036195602
0.031965468
0.030316124
0.024332061
0.028297266
0.028533595
0.02271018
0.026003936
0.029597566
0.025523724
0.02175639
0.026618937
0.02878879
0.027549654
0.02433119
0.021838939
0.023122812
0.024224773
0.022845054
0.021490017
0.021716945
0.021940073
0.021453595
0.020896005
0.021750705
0.021472821
0.02200491
0.021492725
0.020522347
0.020623932
0.0209046
0.0204181
0.02140078
0.021520922
0.020477023
0.020810544
0.02047586
0.020508988
0.02069398
0.020268217
0.020302137
0.020212889
0.020067675
0.02002214
0.019997697
0.019972345
0.0199668
0.019929966
0.019739369
0.019954594
0.019728107
0.019949349
0.01994072
0.019495493
0.019595725
0.01939662
0.01940112
0.01921918
0.019234583
0.019197963
0.018849388
0.018999856
0.018639684
0.019194566
0.019229494
0.018470593
0.018476319
0.018437773
0.017927721
0.01839192
0.01816721
0.017359337
0.01714357
0.017017493
0.016529903
0.016934356
0.01694726
0.01613803
0.015917318
0.016269792
0.016050719
0.015613597
0.01526463
0.016962808
0.016224207
0.015551466
0.015660696
0.014745214
0.0155947255
0.01583121
0.015689144
0.015000388
0.01467292
0.014745723
0.014359645
0.014134791
0.014661194
0.014492172
0.0138479555
0.0136289755
0.014145732
0.013817812
0.013518942
0.0134044215
0.013350155
0.013129909
0.013029084
0.012843243
0.012902931
0.0126749305
0.012735362
0.012672407
0.012336629
0.012162081
0.012774776
0.012618865
0.011991773
0.013211447
0.011834557
0.011753961
0.011650414
0.0123051405
0.011962782
0.012346908
0.011482281
0.012033573
0.011795383
0.011473696
0.011578228
0.011411317
0.011403422
0.011575812
0.01136003
0.011733106
0.01160115
0.011568642
0.011332128
0.011346805
0.01128643
0.011405614
0.011316213
0.011097278
0.011067189
0.010903123
0.01077916
0.011233978
0.011036553
0.011024048
0.010932471
0.010863761
0.010763598
0.0111764325
0.011023038
0.010618217
0.0104630785
0.01126868
0.011122112
0.010523945
0.010442165
0.0109774815
0.010846593
0.010628176
0.010531387
0.010469951
0.010376447
0.010655943
0.0105516985
0.010489498
0.01039135
0.010183636
0.010120055
0.010601424
0.010492439
0.0099411765
0.009837228
0.010566504
0.010498394
0.009795226
0.0096623525
0.010136
0.009945716
0.00987115
0.009758815
0.009565159
0.009459625
0.009766494
0.009664563
0.009339594
0.009146622
0.009645345
0.0094895335
0.009102675
0.009075507
0.009062052
0.008870495
0.00910969
0.008929231
0.008769232
0.008571181
0.009016071
0.008989665
0.008286436
0.008227135
0.008584238
0.008284141
0.008374904
0.00814069
0.008113069
0.007971888
0.008080988
0.007978564
0.007682411
0.007587312
0.0076555857
0.007391754
0.007990718
0.007737216
0.0072922423
0.007198336
0.0074964575
0.0074272812
0.0070835524
0.0069551803
0.007502483
0.007396491
0.0069817286
0.0070315637
0.0070301523
0.0068081035
0.00748335
0.007451611
0.0065401015
0.0067492337
0.0071235686
0.0065786256
0.00800871
0.0075771916
0.006486681
0.007307569
0.0070565534
0.0065515875
0.006515401
0.0066728108
0.0064560995
0.0070545687
0.006887144
0.0063651023
0.0062173926
0.006549993
0.00603102
0.007798685
0.008066422
0.0060772463
0.008613716
0.01045877
0.009022617
0.009001341
0.010020573
0.00848633
0.008489066
0.009099513
0.0075427988
0.0082007935
0.009305145
0.0075536356
0.006532576
0.0070407144
0.0063196756
0.0069914884
0.0077406317
0.00661641
0.007191377
0.0076792124
0.0062226835
0.0073219924
0.008428608
0.0068150572
0.0067731445
0.007571763
0.0063722716
0.006490478
0.0074352734
0.0062234444
0.0064937663
0.007355834
0.0061493814
0.0062309
0.007016953
0.005861377
0.0064959466
0.0072773225
0.0059349067
0.0063046594
0.0071959742
0.0058668223
0.0062851715
0.007091606
0.0059053483
0.0061690435
0.0069580786
0.005748486
0.0062843375
0.0071272687
0.005982449
0.005972631
0.006720158
0.0057728216
0.0060185096
0.0066447663
0.005743297
0.0061585777
0.0071506985
0.0061221407
0.0057819667
0.006428288
0.006031702
0.0056371386
0.006464696
0.005783424
0.0056949263
0.0057389997
0.005321236
0.0054004304
0.0055305236
0.0052557257
0.005534397
0.0055327043
0.005305221
0.0053440803
0.0054308265
0.005412848
0.0055084643
0.0052567236
0.0053748298
0.0054238234
0.0053242277
0.005277617
0.0052909167
0.005145783
0.005282547
0.005268863
0.004972212
0.005554683
0.0054565477
0.0050643496
0.005056955
0.0054191067
0.0049196742
0.00518173
0.00509821
0.005231356
0.005378531
0.0052639744
0.005107996
0.0052051987
0.005061416
0.0052281506
0.0049317926
0.005263258
0.0053076386
0.004899586
0.0048743007
0.0050175744
0.0049225106
0.0050358768
0.0049749073
0.004702586
0.0045990883
0.0052416236
0.005148556
0.0048034503
0.004707396
0.004795674
0.004611021
0.0050478284
0.0050360747
0.0046721627
0.0046720696
0.0046260464
0.0045754085
0.0047548544
0.004674447
0.004671136
0.0044614677
0.0049353056
0.0048397873
0.004560029
0.00456477
0.0046148566
0.00455604
0.004495293
0.0044645923
0.0046046693
0.004428333
0.0048273806
0.0048287967
0.004325247
0.0043799486
0.0046380726
0.0045499024
0.004506996
0.004596069
0.00442295
0.0043877526
0.0044621397
0.0043454156
0.0046156305
0.0046090838
0.0043760557
0.004438857
0.0044798087
0.004584214
0.0043566725
0.0044545527
0.0044674645
0.004532089
0.00431996
0.0043893284
0.0043730917
0.0042340197
0.0045806286
0.00450461
0.0043010875
0.0043792417
0.004277158
0.004234975
0.004266434
0.004189478
0.0043398384
0.004264238
0.004333819
0.0042737564
0.004264542
0.00417939
0.0043433025
0.004289443
0.0042177546
0.004289912
0.004232437
0.004292348
0.0041932333
0.0042390246
0.004180665
0.0043848576
0.0040310207
0.0042844205
0.0038994942
0.005669505
0.006349925
0.0046320036
0.0054573906
0.006933935
0.006451346
0.0050551617
0.0049034264
0.005113412
0.0050731185
0.004538047
0.00458421
0.0049851313
0.004180231
0.0050706295
0.0059973947
0.005059268
0.0044456883
0.004686871
0.004858168
0.004469085
0.004192271
0.0044279373
0.0042039617
0.0042010313
0.004561042
0.0042508678
0.0044965404
0.0046203863
0.0049641468
0.0049017253
0.0042101783
0.004052412
0.0044286964
0.0041239266
0.004173577
0.004061675
0.0040714475
0.0040534684
0.0038744293
0.004411207
0.0042234543
0.004369519
0.004496466
0.004018927
0.0041420367
0.0041117524
0.004024884
0.0040335413
0.003916195
0.0042701215
0.004109742
0.0040378934
0.0041130506
0.003719297
0.003667254
0.004101518
0.003962113
0.0042528715
0.004198612
0.0037380867
0.0037606547
0.00402981
0.0038518598
0.0040336717
0.004118618
0.003699939
0.0037855555
0.0037593627
0.0036839203
0.0040925625
0.004116157
0.003743746
0.0038402844
0.003630858
0.0036960633
0.0036028002
0.0035883628
0.003535732
0.003826753
0.003643723
0.00412743
0.004007029
0.0037410834
0.0037938107
0.0037069246
0.0035919237
0.0036600332
0.0034072716
0.0041167107
0.0039376854
0.003762388
0.0036354288
0.0039539933
0.0039077755
0.003716454
0.0039222194
0.0036712077
0.0036334537
0.0035546136
0.0034775343
0.0038804058
0.0037619632
0.0037758807
0.0036536958
