0.28687713
0.0441553
0.058551814
0.047531802
0.023972502
0.029744172
0.03239922
0.02415304
0.021538064
0.023541475
0.022283217
0.020811593
0.021748697
0.021596894
0.020515034
0.020992791
0.021005535
0.020384476
0.02104607
0.021177245
0.020471355
0.020248735
0.020432437
0.020185573
0.019994633
0.020093739
0.019939108
0.019795738
0.019693077
0.019588208
0.019383613
0.019034786
0.018905649
0.01857149
0.018271655
0.018148193
0.01773224
0.018126676
0.017759036
0.018555703
0.017491149
0.017520238
0.017178087
0.019229248
0.017894521
0.016446328
0.01719392
0.017680587
0.017016733
0.016607115
0.016894147
0.016585143
0.016174136
0.016166382
0.01586612
0.01585685
0.015557523
0.016120888
0.016175454
0.015560594
0.015745169
0.015796175
0.01515093
0.01614357
0.016839705
0.015758036
0.015293792
0.01569582
0.015503599
0.01499197
0.01535209
0.015475105
0.014791864
0.015659966
0.016501462
0.015710147
0.014727426
0.015538837
0.016246716
0.015458514
0.014845823
0.015107389
0.015287444
0.014824768
0.014632922
0.014742278
0.014477186
0.014532582
0.014516671
0.01429046
0.014565301
0.0144850975
0.014508081
0.014303035
0.01456399
0.014540759
0.01407284
0.014053557
0.014138258
0.013946478
0.014426711
0.014248203
0.014298953
0.014185291
0.013779253
0.0137628885
0.013985299
0.0137906885
0.013839349
0.013702887
0.013755727
0.013653159
0.0136754615
0.01359646
0.013397318
0.013320219
0.013516788
0.0132602155
0.013331237
0.013278425
0.0130817145
0.0129348235
0.01312038
0.01306235
0.012754239
0.012569274
0.0130842505
0.013074021
0.01234362
0.0122712925
0.012469565
0.012247448
0.012447341
0.012088169
0.012434632
0.012240608
0.011864931
0.011705841
0.011694014
0.011476431
0.011611315
0.011221569
0.0118922815
0.011946376
0.0109432265
0.010885268
0.010966188
0.010778949
0.011148793
0.01097585
0.010345798
0.010228191
0.010633218
0.010530528
0.010032923
0.009843152
0.010165966
0.00991585
0.010133995
0.010175492
0.009568105
0.00982633
0.009481715
0.009866537
0.009512806
0.009719126
0.010057751
0.0098939175
0.009352793
0.009941736
0.01054619
0.009102774
0.009811189
0.010766536
0.009687251
0.009937446
0.00966123
0.009343237
0.009249284
0.008743232
0.009602689
0.0096565895
0.008708936
0.008839088
0.009046217
0.008459994
0.008492547
0.008473713
0.008371544
0.008462917
0.0081136
0.008520688
0.008365374
0.008735977
0.008824119
0.008732888
0.00847268
0.0077837943
0.008246728
0.008387233
0.007940584
0.007852547
0.007766936
0.007360261
0.007925812
0.007960566
0.0078780735
0.0075402088
0.0071654674
0.0076243295
0.008316711
0.007147133
0.00760333
0.007428258
0.0077734017
0.007261323
0.008315164
0.00777272
0.006784599
0.0068013086
0.007651566
0.0074006836
0.00683387
0.0068228133
0.0067523248
0.0064993408
0.007506816
0.0074738413
0.006497916
0.0065369443
0.0066328296
0.006290899
0.007249929
0.0073255054
0.00696711
0.0069294795
0.006709608
0.0066090114
0.0063362257
0.0061753467
0.0067815552
0.0065315305
0.006175949
0.0060651363
0.0065813907
0.006507537
0.0061741546
0.0061257198
0.0059261215
0.0058414303
0.006155234
0.0059727305
0.006111063
0.0058924886
0.0059346613
0.0058130976
0.005926223
0.0059473603
0.0056378637
0.005589351
0.005788256
0.005612532
0.005721117
0.005661925
0.0054781996
0.0053546554
0.005862812
0.005785357
0.0052669477
0.0052204654
0.0056374795
0.0054881894
0.005261363
0.0051808334
0.005493066
0.00538118
0.0051774606
0.0051303837
0.0052875006
0.0051952205
0.0051183966
0.0050462163
0.0051038507
0.005009632
0.005072585
0.0050181113
0.004953554
0.0049302904
0.0049558226
0.0048648976
0.005088082
0.0050478936
0.0047693034
0.0046746815
0.0051070056
0.0049932282
0.0046328944
0.0045648054
0.005042371
0.0049125985
0.0045476328
0.004504204
0.004677895
0.00459304
0.004633132
0.0046292474
0.0044618417
0.004552964
0.0043799076
0.004506245
0.004361166
0.004312936
0.0047605787
0.004411745
0.0050942726
0.005220156
0.00460178
0.0046677124
0.0045317016
0.0042300965
0.004328208
0.004327915
0.004258271
0.004193748
0.0044728047
0.004109051
0.005291524
0.0055156373
0.004279386
0.0055412613
0.006270997
0.004751368
0.0053567304
0.006176418
0.005110459
0.004698243
0.0049144514
0.0043468606
0.004613623
0.004784146
0.0042898324
0.004181281
0.004654016
0.004086008
0.004205584
0.004392442
0.004088566
0.004091629
0.0041198693
0.0039079604
0.0041405815
0.0041070203
0.0038903274
0.004077038
0.0038947717
0.003907601
0.0038843118
0.0039170845
0.0038625624
0.003811871
0.0038350068
0.0036701162
0.0039488156
0.004043763
0.0037459785
0.0036909904
0.0037212688
0.0037364431
0.003547907
0.003963435
0.0036175225
0.004608387
0.0049813106
0.0037618598
0.0045113903
0.0048775645
0.0036715989
0.0042341338
0.004358109
0.003663372
0.0040909797
0.004243233
0.003668158
0.0037767112
0.0040618093
0.0036507475
0.0036422897
0.0035934877
0.003535214
0.0035938795
0.0034529448
0.0035115704
0.003361841
0.0034858852
0.0035569686
0.0033159757
0.0036311569
0.0033841126
0.003337344
0.0035852466
0.0032262367
0.0037413205
0.0039096195
0.0037148811
0.0034264766
0.0038898725
0.003911013
0.0034499199
0.0033303462
0.0033924284
0.0033175375
0.0033704608
0.003250016
0.003468185
0.0032817733
0.0033042822
0.0033135412
0.0031380663
0.0030510437
0.0032329082
0.0032040786
0.0031051
0.0029409623
0.0033005178
0.0032830245
0.0030102313
0.0029081262
0.0031088486
0.0030588247
0.0030018575
0.0028993406
0.0030351768
0.0029524097
0.0029708866
0.002928917
0.0028782238
0.0028476424
0.0029142387
0.002828268
0.0028634283
0.0027996914
0.002838822
0.002756626
0.0028810084
0.0028114505
0.0027558913
0.0026820742
0.0028832247
0.002816191
0.0026682727
0.00266128
0.002740144
0.0026647511
0.0027267782
0.002685601
0.0026427929
0.002569924
0.0027159583
0.0026128564
0.002660254
0.0026079838
0.0025792338
0.0024946814
0.0026964918
0.0026398816
0.0024952025
0.0024779497
0.0026065328
0.0025312619
0.0025995215
0.002607702
0.002392581
0.0024323384
0.0025824804
0.0024952402
0.0026945025
0.0027937766
0.0023571516
0.0025735553
0.0023361677
0.0027231544
0.0023552587
0.003243002
0.0034061715
0.0030796714
0.0026251487
0.0031139196
0.0027632539
0.0027395987
0.002631055
0.002546782
0.0027325277
0.0024570655
0.0028630085
0.0028172992
0.002876159
0.0025966158
0.0030411398
0.0029912116
0.002779917
0.002738081
0.0025577983
0.00277471
0.0024424512
0.0025795132
0.002593495
0.002473833
0.0024300588
0.0023634955
0.0026119386
