0.28837833
0.055527184
0.06699799
0.04302111
0.024376882
0.02853477
0.02663581
0.024030844
0.024153301
0.024070451
0.023468515
0.022612592
0.02278553
0.022665327
0.021881573
0.02211784
0.022022894
0.021364441
0.021730622
0.021769583
0.020876661
0.02256762
0.023004761
0.021901794
0.020626077
0.023350999
0.023906669
0.02140361
0.021909654
0.022033611
0.021234304
0.021761512
0.021133313
0.020817896
0.02107569
0.020713393
0.020575317
0.020576132
0.020584488
0.020198306
0.020550001
0.020470329
0.019966362
0.020056726
0.019924559
0.019746687
0.01981268
0.019485878
0.020522313
0.020595493
0.019346623
0.020146891
0.020489207
0.01961626
0.019362507
0.019506112
0.018961636
0.018932486
0.018682593
0.018323524
0.018295497
0.017858302
0.018002024
0.01780121
0.017433833
0.017273694
0.017093774
0.016923152
0.016828818
0.016647868
0.01651637
0.016359383
0.016121129
0.015996026
0.015772054
0.015634874
0.01541599
0.015165997
0.01520449
0.015075353
0.014645296
0.014432711
0.014036926
0.0136190755
0.013545976
0.012867294
0.0129733505
0.01245309
0.012331077
0.011974028
0.012440256
0.011951919
0.012040858
0.01193395
0.011237428
0.011040129
0.011398929
0.010979369
0.011454637
0.011272456
0.010637506
0.010720077
0.010371131
0.0104224915
0.010175197
0.010135418
0.009890762
0.009946383
0.009651965
0.009988564
0.009807084
0.009465985
0.009396349
0.009385691
0.009260145
0.009446804
0.0094797285
0.008930129
0.009054863
0.008710273
0.008899158
0.00849598
0.008895055
0.00843834
0.008872465
0.00885462
0.008337806
0.008324999
0.008401208
0.008182789
0.008055925
0.007986434
0.007777156
0.007643497
0.007833096
0.007642865
0.0076793623
0.0074776355
0.007347234
0.007007383
0.006982625
0.006838719
0.006938772
0.006494003
0.00732268
0.0070231906
0.0065018497
0.0068182535
0.0067006727
0.0065773814
0.0067305663
0.006107071
0.0060445615
0.00636066
0.005944708
0.006384199
0.006489817
0.0059563015
0.005945938
0.0058047534
0.005855657
0.005584084
0.00557725
0.005455617
0.005305391
0.0052095554
0.00528382
0.0052048233
0.005300759
0.0051808176
0.0049747596
0.0049143624
0.004889084
0.0047388724
0.0050415094
0.0049960725
0.00464573
0.004593096
0.0047467616
0.0045214654
0.004790344
0.0048030526
0.0043119676
0.0044950405
0.0046263873
0.0043498785
0.0044399593
0.0045939814
0.0042237914
0.005284272
0.0052898806
0.004355308
0.004459705
0.004717851
0.0040687583
0.0050225905
0.0045370017
0.004618129
0.0046804296
0.004236598
0.0043169972
0.0042369384
0.0040331855
0.004793139
0.0050891996
0.003974061
0.0051546157
0.0055272076
0.004249228
0.0043819565
0.004336237
0.0044159493
0.004049052
0.004119873
0.0043350947
0.0039272667
0.003999132
0.004247896
0.003910561
0.0038509208
0.003836049
0.0037796441
0.0036647196
0.0040685297
0.0040285457
0.0035990116
0.003548722
0.0036114622
0.0034976788
0.0034266103
0.0033962687
0.003251088
0.0034333242
0.0033168262
0.003296241
0.0032858273
0.003327923
0.0031593665
0.003085306
0.003108402
0.0029937967
0.0035120186
0.003295783
0.0034263928
0.0033150082
0.0033981788
0.0031698693
0.0029851785
0.0036938752
0.0036362105
0.0031436856
0.0033794576
0.0030448455
0.003072843
0.0030987577
0.0029393726
0.003235312
0.0029450469
0.0030092264
0.0028618288
0.0030347882
0.0029197645
0.00295267
0.0028061727
0.0027965233
0.0026579152
0.002919672
0.0028172005
0.0026657146
0.0026230123
0.0028404277
0.002839638
0.002538542
0.002638992
0.0026807475
0.0026681935
0.002573008
0.0026551764
0.0025483996
0.0026420702
0.0025087367
0.0026712792
0.0025445714
0.0025344118
0.002590188
0.0023505338
0.0028276434
0.0026131794
0.002451183
0.002456161
0.0022358343
0.0027018457
0.0026168574
0.002392361
0.0024839193
0.0024087483
0.0022586859
0.002498425
0.0021679995
0.0025579054
0.0023372122
0.0024094684
0.0024086202
0.0021728065
0.0024918497
0.0022255247
0.0024714016
0.002550133
0.0020165753
0.0021357704
0.0020308814
0.0021594975
0.0019900287
0.0023946916
0.0021108536
0.0024799404
0.0024754193
0.0021686845
0.0022700357
0.0023395494
0.0019766362
0.0024946711
0.002251294
0.0023734644
0.0023275663
0.0026299835
0.002474324
0.0023321768
0.0026439682
0.0022758425
0.0023430185
0.002437264
0.0020249493
0.0019579835
0.0022640936
0.0020100523
0.0023708113
0.0024620998
0.0022182865
0.0021759642
0.0020000136
0.0022097921
0.0021730354
0.0019947581
0.0023350457
0.0021987266
0.0019696222
0.002170005
0.0018732125
0.0021945469
0.002258812
0.001867589
0.0023668602
0.0025718224
0.0023046222
0.0018849288
0.0027638886
0.0029731437
0.002343208
0.0021153523
0.0025203272
0.002421865
0.0020722712
0.0020659019
0.002286866
0.0022645744
0.0017597495
0.0022238859
0.0021391122
0.0018948074
0.0018749331
0.001985404
0.001790767
0.0018821816
0.0017765565
0.0019421981
0.0017760297
0.0020063538
0.0020690833
0.0015608728
0.001829629
0.001675039
0.0018003872
0.0019619113
0.00160601
0.0019264092
0.00197373
0.0017447787
0.0019022292
0.0020403815
0.0016083511
0.0020084665
0.0020888958
0.001780816
0.0017548309
0.0017731185
0.0018848829
0.0015713143
0.0022664557
0.0021747553
0.0016032979
0.002034725
0.0018915735
0.0015340402
0.0016850732
0.0015459453
0.0014940826
0.0015921412
0.0014542466
0.001576403
0.0015154313
0.0014685116
0.0016280074
0.0014803567
0.0014131162
0.001594482
0.0013633344
0.0016306752
0.0014773709
0.0014991375
0.001487108
0.001442362
0.0014654957
0.0014756162
0.0013817111
0.0015469032
0.001442552
0.0014145273
0.0013315236
0.0014362806
0.0013733333
0.0016002599
0.0014507672
0.0015514406
0.0014555138
0.001491632
0.0014673128
0.001393474
0.0015335256
0.0014470693
0.0014844737
0.001748731
0.0013240661
0.0018364075
0.0019695899
0.0017394554
0.0014442491
0.0017089518
0.0015500598
0.001765416
0.0016749143
0.0016723905
0.0017270023
0.0014570933
0.0015110271
0.0014342443
0.0014009452
0.0014077103
0.0014579045
0.0013100634
0.0013052435
0.0013631876
0.0011905094
0.001321891
0.001218044
0.0013281064
0.0013129903
0.0012468136
0.0013188357
0.0012956996
0.0011685333
0.0016379356
0.0013468656
0.0017513515
0.0016992207
0.001359345
0.0014339773
0.0012330562
0.0015241997
0.0013200013
