0.28811282
0.049818996
0.07952431
0.0566373
0.024007654
0.04075578
0.05452408
0.043386698
0.028619511
0.023006199
0.028106349
0.030027457
0.024830328
0.020956898
0.02412281
0.024116801
0.021173282
0.022001699
0.023315722
0.022688964
0.020990761
0.020837275
0.021826075
0.020741032
0.020280244
0.02086687
0.020430235
0.019824767
0.020012911
0.019885048
0.019183531
0.021295473
0.020936295
0.020630002
0.02023072
0.018596064
0.018714694
0.01853257
0.01810816
0.019289779
0.01862043
0.019026473
0.018710956
0.01755091
0.017433649
0.018212674
0.017503131
0.01795469
0.018111398
0.016908225
0.016844774
0.017285442
0.016881967
0.017353212
0.017069452
0.016866628
0.016798424
0.016248357
0.015937677
0.016771082
0.016456587
0.015703483
0.015552036
0.015961451
0.015642108
0.015604418
0.01543999
0.015405517
0.015165288
0.015535574
0.015459162
0.0148985535
0.014826308
0.015047974
0.014866032
0.015175241
0.015071568
0.014703266
0.014579049
0.015205264
0.0151502015
0.0145284785
0.014491885
0.014723948
0.014587964
0.014659445
0.014501549
0.0146491155
0.014542506
0.014470328
0.014393523
0.0145859495
0.014528458
0.014242988
0.014159653
0.014635739
0.014446828
0.014248907
0.014191039
0.014360362
0.014263168
0.014215883
0.014157643
0.0141731575
0.014067414
0.014234002
0.014135852
0.014062942
0.013969019
0.01419278
0.014125588
0.01392278
0.013866606
0.0140953
0.014006071
0.013863679
0.013792518
0.014030463
0.013920362
0.013831659
0.013773841
0.013885013
0.013810654
0.0137761
0.013715439
0.013787408
0.013715074
0.013715959
0.01364115
0.013725903
0.013646559
0.013654566
0.013590492
0.013631009
0.013563755
0.013594392
0.01353583
0.013535523
0.013468318
0.013544545
0.013475421
0.013454507
0.013382775
0.013498058
0.013424117
0.013369267
0.013314873
0.013401012
0.013325597
0.013323661
0.013266276
0.013304062
0.013230155
0.013270911
0.013208263
0.013211693
0.013131208
0.0132151395
0.013131761
0.013143189
0.013060584
0.013118848
0.013031757
0.013070206
0.012996974
0.013037033
0.012958615
0.012964097
0.012886415
0.013065984
0.012977029
0.012813316
0.013191089
0.012948037
0.013320151
0.013059122
0.013926469
0.012689866
0.01447275
0.01506077
0.013426318
0.014079298
0.014670427
0.014042926
0.013952703
0.013612907
0.013332698
0.0135741485
0.012974386
0.013078239
0.013093504
0.013106562
0.012798902
0.012921032
0.0130011765
0.01254898
0.012569484
0.012584089
0.012530093
0.012464181
0.012380171
0.012839601
0.012629288
0.012937202
0.012939391
0.012407801
0.012377878
0.012622073
0.012476988
0.012735054
0.012593589
0.012456889
0.012386788
0.012468158
0.012360414
0.012573392
0.012491764
0.012278748
0.012245611
0.012391865
0.0122638615
0.012490436
0.012372024
0.012338807
0.012201841
0.012393028
0.012463938
0.012209964
0.01209205
0.0124132605
0.012446406
0.011992116
0.011896864
0.012817363
0.012378571
0.012117784
0.012119274
0.012118855
0.011949842
0.012157626
0.012126029
0.011890625
0.0118147405
0.012246139
0.012128568
0.011753288
0.011674598
0.012063406
0.011912439
0.011819578
0.011769713
0.011705544
0.011562307
0.011885382
0.011648432
0.011620358
0.011479349
0.011646744
0.01155858
0.011419912
0.0113618
0.011402354
0.011343698
0.01121213
0.011079985
0.011445783
0.011346675
0.010991777
0.010907532
0.011337224
0.011205158
0.0108869625
0.010835159
0.011155409
0.010943554
0.010915298
0.010853562
0.0106951
0.010545094
0.010807504
0.010635191
0.010533656
0.010414961
0.010598826
0.0104586715
0.010433224
0.010342979
0.010373932
0.010186977
0.010353716
0.010248023
0.010018374
0.009904538
0.010243142
0.010186787
0.009743572
0.009709113
0.009894416
0.009738319
0.009890063
0.009743086
0.009727966
0.0094610965
0.009992874
0.009753784
0.009536178
0.009505347
0.009505089
0.009400449
0.009511667
0.009463024
0.009303189
0.009201593
0.009452506
0.009257789
0.009361622
0.009201287
0.009207812
0.009061684
0.009354606
0.009343474
0.008968235
0.00891449
0.009174137
0.008994788
0.009048163
0.00894238
0.008857247
0.008684445
0.009164498
0.009010475
0.008713506
0.008566145
0.008988022
0.008735395
0.008788698
0.008631491
0.008758158
0.008672539
0.008507222
0.008416042
0.008542137
0.008331346
0.00883386
0.008769392
0.008221404
0.009428511
0.0081587555
0.008923461
0.009088062
0.008689835
0.00880386
0.009071742
0.008742214
0.008766254
0.0083992295
0.0089748
0.009016422
0.009161568
0.00893174
0.009515178
0.0090433825
0.008999652
0.008500502
0.008702028
0.008469238
0.008320966
0.008155794
0.008104612
0.008504135
0.008233885
0.008074622
0.007885289
0.008214543
0.007862494
0.00898355
0.00936509
0.008234675
0.008356977
0.008505276
0.0080563165
0.00796504
0.007976733
0.008000839
0.007911433
0.0075917747
0.008658025
0.008625692
0.008132077
0.007838053
0.008042733
0.0077724517
0.008062615
0.007939397
0.0075760824
0.007596483
0.007646007
0.007091367
0.008034717
0.00763154
0.0075552906
0.007792022
0.007352455
0.0070290305
0.007584192
0.007454377
0.007014588
0.0072466545
0.0070512495
0.006725392
0.008742954
0.008360115
0.0081444485
0.0075788773
0.0069447313
0.007325407
0.0072710253
0.006995782
0.006942917
0.007356404
0.0069752843
0.007286987
0.007149279
0.0070063104
0.007020064
0.0065665296
0.0064558038
0.0068577216
0.006647207
0.006922062
0.0066536465
0.0069523826
0.0070062894
0.006486304
0.00621972
0.006663972
0.006847126
0.006232836
0.006893421
0.006249074
0.006856311
0.006890396
0.0063201175
0.0065637897
0.007049531
0.0061249216
0.006758204
0.0068490803
0.006566599
0.0060505234
0.006289521
0.0059382035
0.006526809
0.0065237936
0.0060811844
0.005850849
0.0063877353
0.005820016
0.0067676394
0.0068478654
0.005724033
0.0059830532
0.006082784
0.0058182883
0.0058037466
0.006148732
0.005476584
0.00799679
0.0077483603
0.0063962317
0.006304803
0.0056483313
0.0057486356
0.006183499
0.0055493102
0.0069020963
0.006914132
0.0056304373
0.00564783
0.005811227
0.005459053
0.005971674
0.005843586
0.00578908
0.0055782665
0.0057022474
0.0053569223
0.0055276435
0.0053514554
0.005527602
0.004999681
0.0066876137
0.006981051
0.005503678
0.00590362
0.0054019648
0.005826852
0.005517371
0.006136197
0.0057241097
0.00577886
0.0059333183
0.0049492377
0.0056559294
0.0051203244
0.005655131
0.005680447
0.0056601763
0.005355887
0.0057440414
0.00548718
0.0049962993
0.0054289573
0.0049271164
0.0055531817
0.005560674
0.005609983
0.0051647555
0.005461609
0.005557824
0.0050287805
0.004781349
0.004775272
0.0049317703
0.004368884
0.006352395
0.0067859865
0.004713191
0.006602004
