0.28804132
0.045382258
0.07446508
0.059550982
0.026833357
0.032993156
0.037057746
0.029310485
0.026016263
0.024013361
0.02512539
0.025856076
0.0227583
0.021321237
0.022526274
0.021224007
0.021080727
0.021493452
0.020706002
0.021795912
0.022116734
0.021368405
0.020936474
0.021341404
0.021259071
0.021281779
0.0206723
0.021339571
0.021592071
0.020760387
0.020722114
0.020936953
0.020813458
0.020789819
0.020447278
0.021440333
0.021168634
0.020406725
0.020403547
0.020911014
0.020706194
0.020556884
0.02054627
0.020527499
0.020401543
0.020697692
0.020595035
0.020368682
0.020263752
0.020482428
0.020354707
0.020228557
0.020124761
0.020265844
0.020180788
0.019984188
0.02000806
0.01973223
0.019732708
0.020100882
0.019610532
0.022176638
0.022164924
0.020137044
0.020549946
0.020442063
0.02071449
0.01990062
0.020499941
0.02093468
0.019659115
0.020181542
0.02041603
0.020456253
0.019688828
0.019749003
0.020151777
0.019695872
0.019292295
0.020069482
0.020275783
0.019503562
0.01933449
0.01969367
0.019659476
0.019213771
0.01910823
0.019207299
0.019051949
0.018878276
0.01927859
0.01917463
0.01912034
0.018830331
0.019375661
0.018890684
0.019461872
0.019600762
0.01856772
0.018739317
0.018939512
0.018584764
0.018867245
0.018968433
0.01904531
0.018573383
0.018706435
0.018906938
0.01851233
0.018272655
0.018283283
0.018241173
0.018338576
0.017999565
0.01858916
0.018698787
0.01775601
0.017878635
0.017671498
0.017603796
0.017312055
0.017226974
0.017181136
0.016913725
0.01673541
0.016722037
0.016375221
0.016164271
0.016120464
0.015747348
0.015526409
0.015410259
0.015276201
0.014941134
0.015036468
0.0146152275
0.014940213
0.014928229
0.014621473
0.014213393
0.014272734
0.0140264295
0.014361948
0.014298885
0.014016005
0.014164209
0.014000918
0.014852397
0.0144049255
0.013512765
0.01356269
0.01401734
0.013637499
0.013781286
0.013712338
0.013375544
0.013280894
0.014064361
0.014136836
0.013233879
0.013497166
0.013463858
0.012964528
0.014027466
0.013797734
0.01314292
0.0131192515
0.013391164
0.01296847
0.013828627
0.013931271
0.012841597
0.013090444
0.013066138
0.012913461
0.013874307
0.014177412
0.013026967
0.013071281
0.01354415
0.013129468
0.013076953
0.013383273
0.013135421
0.012848238
0.013661412
0.013365601
0.012686003
0.01268303
0.013357065
0.013246463
0.012780286
0.012672573
0.0129806055
0.012826975
0.012896097
0.0128398305
0.012774671
0.012594208
0.013108003
0.012950924
0.012570325
0.012496277
0.0130876
0.012972402
0.012476745
0.01239494
0.013047048
0.012977257
0.01243667
0.0123657575
0.012955499
0.01275187
0.012406677
0.01236098
0.0126631735
0.01250767
0.012603669
0.012525623
0.0123321265
0.012214818
0.012716911
0.01265783
0.012169435
0.012087546
0.012785069
0.0126467375
0.012177214
0.01211669
0.012335374
0.0121834045
0.012340575
0.012176365
0.012255992
0.012249994
0.012058377
0.011990712
0.012147271
0.011978769
0.01219751
0.012085599
0.011996997
0.0119508905
0.011918752
0.011807832
0.012079882
0.01194545
0.011877332
0.011770447
0.011969395
0.011893131
0.011769384
0.011651281
0.011949841
0.011849028
0.0116363345
0.011525991
0.011987091
0.011897962
0.011507382
0.011444547
0.011981796
0.011891489
0.011389379
0.011303235
0.012173459
0.011973803
0.011435021
0.011684054
0.011288591
0.0112075275
0.012995757
0.012654622
0.011226696
0.012752282
0.013355658
0.012946007
0.012654652
0.011587934
0.012098551
0.011717036
0.011654012
0.0116573395
0.011531301
0.011179949
0.011437979
0.011746071
0.011419284
0.0112555185
0.011264313
0.011558883
0.011180438
0.0117353285
0.011478431
0.011616719
0.011201355
0.0117542595
0.012248826
0.0108596375
0.013175617
0.014260881
0.01219759
0.012328647
0.012323621
0.011667174
0.012352567
0.012678076
0.012147646
0.0114495205
0.011306622
0.011187914
0.012330581
0.012469552
0.011115834
0.010995179
0.011255402
0.011196047
0.011406083
0.01129558
0.011135164
0.011123815
0.011003028
0.010773219
0.0112742605
0.010722958
0.011188078
0.01155704
0.010600079
0.010721102
0.0106362915
0.010509712
0.010877307
0.010679078
0.011247054
0.011009161
0.010397393
0.0105383955
0.010802117
0.01030892
0.011288128
0.011618439
0.010092378
0.01244093
0.014069767
0.012585339
0.011908196
0.011529799
0.010740034
0.011517887
0.011333346
0.011554715
0.011873488
0.010903853
0.011836272
0.012903713
0.011407084
0.011909823
0.01326632
0.011266984
0.010613029
0.011195071
0.010168779
0.0120506855
0.013482745
0.011438672
0.011497408
0.012810506
0.011320192
0.010339681
0.010239733
0.010137676
0.010056731
0.009825646
0.0099012
0.009951138
0.0101241935
0.009860949
0.009873888
0.010274597
0.010167343
0.010303125
0.010222089
0.010680728
0.010813177
0.009907506
0.0095863165
0.010537186
0.01070061
0.010182756
0.009964753
0.009749461
0.009525732
0.010433304
0.011023383
0.010795478
0.010694824
0.010553832
0.009535108
0.010743671
0.011336789
0.010372142
0.010116593
0.010207197
0.0095554385
0.0093958555
0.009214551
0.009537779
0.009572927
0.0094133755
0.009173015
0.009598908
0.009402597
0.009357134
0.009023816
0.009652707
0.009439085
0.009328832
0.009534665
0.00903035
0.00899059
0.0090236245
0.008827618
0.009040825
0.009027922
0.008845331
0.008689995
0.009040135
0.008702034
0.009570018
0.0093073435
0.008621601
0.008445986
0.009164554
0.008811478
0.008988813
0.009092071
0.008344074
0.0085032
0.008703149
0.008516062
0.008872387
0.009016396
0.008059156
0.00814199
0.008146091
0.007890205
0.008152143
0.008113992
0.008060453
0.008140688
0.007846449
0.008403259
0.008460567
0.007925242
0.008080295
0.0075592096
0.008539749
0.00826935
0.008299952
0.008784377
0.0081520965
0.00822428
0.008039445
0.0078861695
0.0074131587
0.0072056353
0.008119685
0.008160145
0.007730508
0.0075070695
0.007760523
0.0071442225
0.008649461
0.0089000305
0.0070134937
0.010377129
0.012335484
0.009591172
0.009243772
0.010940485
0.009561021
0.008683648
0.009618382
0.008447929
0.007351981
0.0077441554
0.0073181116
0.007135724
0.007290246
0.0069597918
0.0070206523
0.0068366337
0.0067360196
0.0070873983
0.00687851
0.006943528
0.006723436
0.0075057154
0.007165713
0.0067640305
0.00682593
0.0068824305
0.0063844114
0.0077195684
0.0078096814
0.006393019
0.0069349506
0.0070883804
0.0067202128
0.0063208654
0.007002861
0.006599588
0.0072370865
0.007651679
0.006438201
0.006715672
0.0070990976
0.006298682
0.0065609827
0.0063359085
0.006601875
0.006564789
0.0064610685
0.0067921183
0.005951083
0.006615265
0.00618707
0.006748138
0.0072221146
0.006418696
0.0066524334
0.006310849
0.0059378766
0.0063610007
0.005854746
0.006247455
0.0066871014
0.005687093
0.0061710444
0.0060103447
0.005752607
0.0054175984
0.0062262327
0.0061103194
0.005899685
0.00600485
0.0058608204
0.005928054
0.005438829
0.0054583163
0.0058711264
0.0053321756
0.005995589
0.0063003055
0.0051650205
0.0053850412
0.0052750814
0.005646694
0.005209979
0.006334609
0.006754168
0.006104337
0.005367281
0.005114874
0.005123448
0.0053565074
0.0049986164
0.00659458
0.0067703295
0.0051257447
0.0060501504
0.0056831874
0.005489264
0.005837782
0.0052057323
0.005332805
0.0049732425
0.005823864
0.0059318193
0.0048587634
0.0053689107
0.00470631
0.0054559927
0.0050674696
0.0055490728
0.00621739
0.005517105
0.0052277553
0.0058134547
0.005630808
0.0051665073
0.0048852856
0.0051706084
0.0050002905
0.005201725
0.0054195835
0.0052678655
0.0048394296
0.005286157
0.0052491054
