0.28753072
0.042979825
0.08309883
0.05906822
0.024221353
0.034481436
0.037722856
0.029619297
0.024560863
0.02515979
0.024981445
0.024084399
0.02324728
0.02191409
0.022708585
0.023312315
0.02211175
0.0212026
0.022304406
0.022370396
0.020937994
0.022365974
0.023635132
0.022603257
0.02125237
0.021221189
0.02178196
0.021702638
0.020978943
0.020727962
0.021001622
0.020735195
0.020700594
0.02054782
0.020578148
0.020543331
0.020212533
0.020307222
0.020299613
0.020018471
0.020254472
0.020249689
0.019767748
0.019518698
0.019397758
0.019048166
0.01917915
0.018892583
0.01824131
0.018263811
0.01797856
0.017938608
0.017795278
0.017561601
0.017122736
0.017347159
0.01726024
0.016711747
0.016651867
0.01644069
0.016309507
0.016255803
0.016072234
0.016073884
0.015883142
0.01584494
0.015745252
0.015496832
0.015640596
0.01535217
0.01609941
0.016313784
0.01532648
0.015491262
0.015797539
0.015425256
0.015006985
0.014840418
0.014988002
0.014622762
0.014733524
0.014932178
0.0144933155
0.014366695
0.014455248
0.014286406
0.014132517
0.01414382
0.01401608
0.013991586
0.013832301
0.0138938455
0.013957639
0.013721603
0.013823015
0.013654792
0.013767894
0.013936364
0.013832497
0.01344008
0.013883461
0.014047727
0.013894255
0.013810553
0.013690806
0.013504778
0.013613205
0.013513452
0.013414525
0.013307792
0.013534907
0.013408165
0.01345215
0.01325772
0.013325352
0.013490538
0.013139285
0.013273123
0.0130076455
0.013636862
0.013584224
0.013090658
0.013029919
0.013043406
0.012885611
0.013230731
0.01319263
0.012967083
0.012969732
0.013072972
0.012932424
0.012733087
0.0128642395
0.012656264
0.012764589
0.012757945
0.012598348
0.0127686635
0.012742805
0.012586504
0.012603983
0.012666214
0.012397568
0.012694235
0.012774251
0.012520879
0.012473181
0.012711543
0.012533329
0.012359969
0.01256783
0.012462932
0.012516324
0.012429466
0.012527873
0.0122367
0.012582444
0.012426652
0.012317444
0.01233124
0.012032531
0.012004291
0.012158364
0.01202032
0.012079388
0.011964668
0.012289052
0.0125219
0.011887423
0.013202306
0.013652463
0.012079329
0.012908332
0.013922937
0.012646481
0.012559336
0.012699063
0.012516257
0.012200681
0.012320758
0.012588461
0.011791655
0.013027581
0.014165039
0.013121379
0.012171268
0.012165423
0.012510345
0.012217694
0.012081392
0.012222963
0.011707733
0.012602031
0.013397207
0.012386802
0.012245732
0.012317852
0.012342319
0.012064991
0.012260817
0.012380029
0.011765055
0.012043375
0.012317167
0.012008232
0.011619806
0.011841553
0.0118391365
0.0115674315
0.011773472
0.011742669
0.011627175
0.011621828
0.011402585
0.011775835
0.011903969
0.011586984
0.011457649
0.011503748
0.011485446
0.011472276
0.011503014
0.011440125
0.011681146
0.011330258
0.014362149
0.013518485
0.011478037
0.011657069
0.011590925
0.011593819
0.011444402
0.011380508
0.011474527
0.011254896
0.011358443
0.011389171
0.011130002
0.011642877
0.011799681
0.011524701
0.011258423
0.011791464
0.011757191
0.011348088
0.011278123
0.011238267
0.011211212
0.011229982
0.011223401
0.010927997
0.011056426
0.010929838
0.010885344
0.0109966425
0.010773689
0.010852289
0.010911931
0.010839737
0.010707674
0.010769722
0.010785788
0.010528758
0.010823499
0.010838042
0.010734375
0.01062212
0.010490744
0.010888409
0.010724676
0.01065733
0.010575072
0.010663554
0.010314707
0.010991904
0.011136301
0.010284401
0.0105950795
0.010461572
0.010676538
0.010678711
0.0104057
0.01018493
0.010406372
0.010277175
0.010094593
0.010118677
0.010133741
0.009960979
0.010216847
0.009982486
0.010151686
0.009953251
0.009985142
0.010021154
0.009849955
0.009814592
0.009783893
0.009656812
0.009846029
0.009671589
0.009760776
0.009733189
0.009526647
0.00949774
0.009489465
0.009417029
0.009535757
0.009268
0.009615335
0.009656669
0.00900388
0.00973434
0.009454976
0.009188317
0.009253111
0.008783852
0.0098538
0.009674024
0.010221989
0.009303273
0.009886097
0.009968861
0.00887045
0.009697611
0.0094484985
0.009328091
0.008779842
0.00921002
0.008562878
0.009997155
0.010080929
0.008151114
0.010789937
0.011651039
0.0094074095
0.010626522
0.012160797
0.009810336
0.008688439
0.009429931
0.008291349
0.009649911
0.009650086
0.008133255
0.009741627
0.010248178
0.008455955
0.008895806
0.009274929
0.007984738
0.009049027
0.010234408
0.008712858
0.008207575
0.009006542
0.007918015
0.008683232
0.009577689
0.00813583
0.008152873
0.00911953
0.0077613196
0.007822891
0.008468754
0.007563517
0.0076850015
0.008440183
0.007909545
0.0076704402
0.00731385
0.0075684455
0.0073099784
0.008164782
0.008704607
0.007389558
0.00749048
0.008729577
0.009430245
0.008484065
0.0071061514
0.007899933
0.009022847
0.009010918
0.008236525
0.0074884314
0.0072543346
0.007417418
0.007887083
0.0074511957
0.0071604815
0.0068769366
0.0073657916
0.00763436
0.0072021545
0.006726151
0.0065631517
0.006337533
0.0064907162
0.006785259
0.007128326
0.006955993
0.007207176
0.007146319
0.006544083
0.008002545
0.007859386
0.008336489
0.007990477
0.00686257
0.006855896
0.0062799095
0.0069433227
0.0069899894
0.0068868175
0.006465517
0.0058152215
0.0059997006
0.0064425305
0.0060612834
0.0058570686
0.0059196
0.005824013
0.005608572
0.005709497
0.005624113
0.0062965215
0.0058286134
0.005737584
0.006218975
0.0065197838
0.005656209
0.0057232766
0.0059235333
0.0057812384
0.005718472
0.0055939886
0.0054187104
0.005468013
0.0053369477
0.005350431
0.0053235865
0.0052562417
0.0053792694
0.004967323
0.005134759
0.0051014195
0.0050835796
0.0048167123
0.005048147
0.004866397
0.0048505287
0.004693554
0.0046309554
0.0048692753
0.004626253
0.005192637
0.004975864
0.004830839
0.005038083
0.0051779724
0.0050958204
0.0048363935
0.0045823837
0.0048804427
0.0044949357
0.004489482
0.004564154
0.0043203183
0.004977232
0.004992079
0.004953557
0.004481381
0.004335548
0.0041927914
0.004375423
0.0042672916
0.0044427724
0.004048631
0.004969829
0.0050290804
0.004100372
0.005583899
0.0065897987
0.0045579057
0.004911414
0.004812961
0.004368204
0.0045729703
0.0042748763
0.004080422
0.004249068
0.0042447313
0.0039199707
0.004158256
0.0041327104
0.0042580334
0.0039542518
0.0041057933
0.004075399
0.0041115056
0.0039158356
0.003863937
0.0040341844
0.0035785642
0.0037297073
0.0035889978
0.0038353975
0.0037252374
0.0035742342
0.0037525669
0.0034039102
0.0032907717
0.003872649
0.0033863548
0.0038096865
0.00394602
0.0034991596
0.0037429493
0.0038198263
0.0035627375
0.003421685
0.003165749
0.0034827245
0.0031712893
0.0037246607
0.003857997
0.0035989068
0.0035865635
0.0031928793
0.0042549004
0.004020032
0.0036547582
0.003321237
0.0040947613
0.0036459684
0.003753911
0.0040161368
0.0032827195
0.003190715
0.0038063054
0.0038736395
0.0033234034
0.0031015072
0.0036313469
0.003340531
0.00414535
0.00401858
0.0029541303
0.0029431737
0.0031314914
0.0029280165
0.0036622137
0.0037277609
0.0031948972
0.0033530097
0.0034576014
0.003424963
0.003216171
0.002910319
0.003090625
0.0030693014
0.0030833303
0.002996742
0.0030482393
0.0029855927
0.003009218
0.002784983
0.002705897
0.003188112
0.002646273
0.0039896853
0.0043266625
0.0032296395
0.0033126345
0.0036371956
0.0031390346
0.003137077
0.0031657864
0.002927473
0.0027534366
0.0028074645
0.0028623447
0.0025373378
0.0033387232
