0.28898087
0.052101295
0.053824246
0.037014615
0.025605118
0.027192434
0.026440248
0.024227656
0.023890443
0.023511572
0.023182964
0.022943458
0.022581607
0.022353554
0.022398954
0.022109613
0.022032702
0.022062926
0.021815782
0.021976078
0.021837376
0.02168037
0.021929761
0.021657111
0.021677671
0.021603769
0.02169857
0.02176023
0.021409929
0.022702726
0.022910297
0.021901773
0.021705965
0.022064613
0.022132346
0.021241358
0.022519877
0.023282615
0.022056341
0.02145195
0.02162373
0.022022674
0.021382554
0.02091446
0.021032395
0.020762464
0.020553587
0.020612827
0.020336661
0.020313269
0.020066857
0.01997818
0.019769816
0.019665783
0.019422548
0.01931502
0.019136569
0.018917993
0.01891573
0.018719757
0.01889103
0.018662626
0.018752275
0.018790737
0.018248847
0.018038351
0.018626733
0.01830843
0.01785402
0.017589318
0.017790705
0.017483987
0.017343381
0.017275142
0.016925283
0.016818453
0.017050078
0.016754948
0.017008005
0.01709939
0.016391667
0.016696846
0.016562246
0.016146349
0.016234364
0.015884725
0.015989006
0.015708921
0.015647756
0.015698485
0.01544274
0.015401036
0.015270264
0.015184116
0.01506332
0.015046872
0.015227736
0.014961985
0.015272905
0.014966537
0.01549546
0.015233728
0.01485987
0.015068286
0.014579427
0.014455759
0.014510825
0.014067727
0.014574242
0.014057484
0.013225649
0.013071549
0.013115697
0.0128807565
0.013113171
0.0130945
0.012245226
0.01237118
0.012096507
0.012027856
0.011742939
0.012376723
0.012255619
0.011441979
0.0116425315
0.011450771
0.0111319795
0.011474426
0.011701536
0.011086944
0.011472817
0.011434383
0.011544461
0.011688199
0.0112336725
0.010957404
0.011144391
0.010831724
0.01039991
0.01061558
0.010394513
0.010445751
0.01030275
0.010681689
0.010589837
0.010649372
0.0103999125
0.010724065
0.010724063
0.009914648
0.010393267
0.010196992
0.010139997
0.009997142
0.010428049
0.010069157
0.010656327
0.010709421
0.009671245
0.010542137
0.010477272
0.009950474
0.010204201
0.010127164
0.01074203
0.01064266
0.00957945
0.010114428
0.010091916
0.010258294
0.010240889
0.009532195
0.010525171
0.010360448
0.009573526
0.009966541
0.009735289
0.009463026
0.009327467
0.0098201735
0.009607425
0.0097003495
0.0097517
0.009613902
0.009345575
0.009771772
0.009162582
0.01028828
0.01034986
0.009043081
0.010322602
0.010389683
0.010148899
0.009649214
0.009449796
0.009729029
0.009790075
0.009538764
0.009197143
0.009198296
0.0092900805
0.009055409
0.009450014
0.00920495
0.009310397
0.009038631
0.009673916
0.00957789
0.008935757
0.008849811
0.008941207
0.008681233
0.0091212345
0.008797399
0.009562379
0.009300097
0.008705894
0.008603689
0.009008921
0.008739439
0.009113989
0.009075736
0.008695046
0.008446009
0.0094985925
0.0094051985
0.008643925
0.008765389
0.008647962
0.008571382
0.008504503
0.008474757
0.008586572
0.00846019
0.00860029
0.00843875
0.008432113
0.008333401
0.008499913
0.008475326
0.008353704
0.008211759
0.0084792
0.008252363
0.008453482
0.008310091
0.0083127925
0.0081134215
0.008648179
0.008447261
0.00807755
0.008009437
0.008462913
0.008428763
0.007972909
0.007958352
0.008445132
0.008227162
0.008078592
0.008095884
0.008012849
0.0080275545
0.007852189
0.007809844
0.008066182
0.007873763
0.007940812
0.007912628
0.0077670813
0.007709769
0.007892106
0.007814241
0.007865832
0.007813669
0.0076713427
0.007683605
0.007685832
0.0077000577
0.007600223
0.007547218
0.0077158087
0.0075834333
0.007702064
0.0075428155
0.007680513
0.0075917137
0.0074787773
0.0073657786
0.0075132228
0.007365404
0.0074467924
0.0074104927
0.007312155
0.00724454
0.007459957
0.0074023097
0.0073181414
0.0072993706
0.0071915616
0.007100632
0.007489037
0.007350188
0.0070885047
0.0071645086
0.0069662556
0.0074191764
0.007133601
0.0075679435
0.007722091
0.007079938
0.0078049605
0.007476957
0.007438121
0.007767819
0.00725261
0.0072690756
0.007427991
0.0069961622
0.007530371
0.0074031986
0.007182645
0.0070579425
0.0071845204
0.0069714934
0.006879907
0.0073176012
0.006898088
0.007573283
0.007529514
0.0073742797
0.0072083636
0.0073130815
0.0071717896
0.0074053905
0.0071511003
0.0072822478
0.0073210024
0.0073799887
0.0072282813
0.0072667026
0.0070989304
0.00683773
0.006870316
0.007131303
0.007023446
0.0073804283
0.007314483
0.007186717
0.007262234
0.0067298375
0.0068166927
0.0068014725
0.006756339
0.006807042
0.0067314454
0.006925063
0.0068215528
0.0069299154
0.0067644515
0.0067541027
0.006823757
0.006658917
0.007191032
0.0070056007
0.0069230893
0.006960906
0.007132491
0.007021327
0.0068336725
0.0068867044
0.0064868643
0.0067772656
0.0065542846
0.006871961
0.0068522017
0.0067506484
0.006572863
0.0069858893
0.0068607754
0.006754521
0.0067369924
0.006743916
0.0067027076
0.0067069232
0.0066227093
0.006896297
0.0066455696
0.0068729124
0.006742653
0.006565517
0.006504083
0.0066381865
0.0064521525
0.0067450167
0.0065257833
0.0066349753
0.006475019
0.006665598
0.0065828054
0.0065944307
0.006563707
0.0063972403
0.006349581
0.006617268
0.006455347
0.0066112555
0.0065615033
0.0064507313
0.006373681
0.006599266
0.0065436307
0.0063069738
0.0062896647
0.0064864196
0.0063023637
0.006630221
0.006639771
0.00621549
0.006265964
0.0063260538
