0.28898087
0.05987076
0.07087142
0.042545717
0.023888567
0.028504245
0.02423799
0.02612597
0.026357481
0.022348737
0.02549094
0.02717037
0.024080185
0.022113478
0.023799965
0.02411331
0.022566237
0.021833258
0.022397278
0.021455199
0.021822134
0.022244295
0.021021603
0.021525323
0.02203781
0.020872084
0.02096864
0.021279985
0.020609325
0.020710185
0.020568132
0.02064779
0.020443635
0.020234415
0.020201258
0.020090863
0.020486787
0.019895976
0.021031722
0.02076522
0.020341672
0.02014262
0.019470284
0.01941692
0.019329697
0.018912233
0.018786982
0.018644288
0.018507326
0.018202418
0.018238544
0.018109238
0.017616497
0.017888306
0.017991507
0.017249363
0.017093807
0.017495932
0.01710085
0.016710544
0.016431874
0.016524604
0.016229779
0.016252713
0.016079566
0.015926635
0.015878484
0.015868196
0.015696855
0.015472494
0.015462235
0.0153603805
0.015198648
0.015092097
0.015001945
0.014898335
0.014672153
0.015035346
0.014680176
0.01563857
0.015865976
0.014581577
0.015383939
0.015751278
0.014875293
0.014867682
0.0146705955
0.0147141395
0.014483479
0.013745643
0.013987097
0.0135548
0.01468737
0.014764763
0.013672602
0.013801326
0.013884753
0.013571739
0.0130372755
0.013696526
0.013290693
0.01301514
0.013088043
0.012567724
0.012461711
0.012609775
0.01247523
0.012198481
0.012025121
0.01232409
0.012136447
0.011872868
0.011800721
0.012397658
0.012109469
0.012255065
0.01170599
0.0127331875
0.012019458
0.012579662
0.012370621
0.011693205
0.011715894
0.011775989
0.011617723
0.011513881
0.011387773
0.011337112
0.011066203
0.0113035515
0.011153576
0.011252214
0.010957475
0.011450154
0.011036373
0.011009599
0.010921031
0.010586799
0.01055592
0.010827375
0.010564131
0.011082473
0.011352323
0.010448641
0.010787587
0.010890811
0.0101217
0.010320135
0.010172813
0.009989979
0.01001399
0.009815054
0.01025504
0.010141599
0.010380978
0.009954841
0.01075872
0.010663587
0.009821607
0.00972204
0.009654127
0.010267717
0.009853785
0.009598486
0.009726138
0.00933385
0.0092241075
0.009545517
0.00917108
0.009749203
0.009440192
0.009387765
0.009233431
0.009023831
0.009464059
0.00907202
0.009729364
0.009615756
0.008867816
0.009142981
0.00903744
0.008802229
0.008884628
0.008694486
0.008569767
0.009076969
0.008673895
0.009441549
0.0096359225
0.008486482
0.009318335
0.009513795
0.008724706
0.009031634
0.0096884975
0.008419382
0.0092341425
0.009967304
0.009060543
0.008709468
0.008984968
0.008828058
0.008375991
0.008721716
0.008488701
0.00837363
0.008628146
0.008337857
0.008123855
0.008276856
0.008054466
0.007986209
0.007928699
0.008174368
0.007884806
0.008229181
0.008003708
0.008389521
0.008250941
0.007988215
0.0076484107
0.007996845
0.007687779
0.007974829
0.007429266
0.008051771
0.0073310155
0.008435688
0.008501443
0.007053044
0.0073630274
0.007444116
0.007225532
0.007291825
0.0069833025
0.007146714
0.0070174956
0.006727529
0.00667218
0.0068271756
0.0065644905
0.0070376676
0.0067345873
0.006602215
0.0064452714
0.0064623193
0.006376578
0.006512268
0.00650237
0.0060709976
0.0060947402
0.0063156313
0.006198481
0.0059298263
0.005950687
0.0058143213
0.0057719504
0.0057554245
0.0060227513
0.005562903
0.00568731
0.0056274612
0.005287394
0.0056906133
0.0054851375
0.005373998
0.0052637192
0.005458286
0.005326271
0.0052552707
0.0054988875
0.005061818
0.0055065434
0.0051916908
0.005410982
0.005412052
0.004868208
0.0053980555
0.0056451918
0.005165295
0.004984844
0.0051626856
0.004654921
0.005452017
0.00551354
0.0052102567
0.0051705153
0.00497233
0.005188175
0.0050168443
0.004667211
0.005054043
0.00511181
0.0044889576
0.0048570875
0.004840841
0.0044362675
0.004457563
0.004518751
0.004498756
0.004355843
0.0052401796
0.004883505
0.0045272727
0.0046572997
0.0044021276
0.0042390577
0.0044279047
0.004225535
0.004471132
0.004380033
0.004231788
0.0045203823
0.00446271
0.0048693395
0.0047806096
0.004135577
0.0043480396
0.0042663864
0.00395669
0.0053736344
0.005981426
0.0049799946
0.0049544005
0.0055198274
0.004519206
0.0055826157
0.0068403855
0.0046677357
0.0048285136
0.004939207
0.0049269297
0.0039644227
0.0043526185
0.00431688
0.003811388
0.004967296
0.0047661383
0.0040832395
0.004823268
0.0048316154
0.005111287
0.004226317
0.0041181054
0.003998833
0.0038690465
0.003853064
0.003699922
0.0037058515
0.003622012
0.0037644655
0.0036493267
0.0035534594
0.0035211323
0.0035504496
0.0037530556
0.0033223673
0.0038426742
0.0037773654
0.003911933
0.0039430135
0.0036446035
0.0036616258
0.003512929
0.0035737671
0.0036505305
0.003399573
0.0039581605
0.0036759798
0.0038796181
0.003522312
0.0041104783
0.003830459
0.003656106
0.00334015
0.003969843
0.0039188527
0.0033560507
0.0032592139
0.0039781467
0.0039918446
0.003186072
0.0034582622
0.003345208
0.003995243
0.004124369
0.0032695169
0.0038719743
0.003498037
0.003395062
0.0037809203
0.0036518222
0.0035281659
0.003800459
0.0037759568
0.003279383
0.0035399466
0.0037209045
0.0030868596
0.0036205593
0.0037277034
0.0032092382
0.0032565028
0.003226758
0.0029254642
0.0032684626
0.003225175
0.0032046766
0.003045114
0.0030521117
0.003192839
0.002858349
0.00436491
0.004524265
0.0048828516
0.005181085
0.0038279674
0.0037598338
0.0033665001
0.0034001668
0.0032837081
0.0031486813
0.0031832766
0.0030063337
0.003034976
0.0028695054
0.0032459479
0.0037778728
0.003819315
0.0035556268
0.0035388963
0.0033352692
