0.2903085
0.063832015
0.06647639
0.03539494
0.033519387
0.033217374
0.023647541
0.03254023
0.037501946
0.028799077
0.022790281
0.026607782
0.027832715
0.024566159
0.02282939
0.02423157
0.024414154
0.02262634
0.023942301
0.025266087
0.024363229
0.022998968
0.02241698
0.023088602
0.022960395
0.021829883
0.02230564
0.022565642
0.022778334
0.022014225
0.020927837
0.02118779
0.021069517
0.020824501
0.020335982
0.02056917
0.020588199
0.020213354
0.020512216
0.020206144
0.020440036
0.020626778
0.020172594
0.020452747
0.020611862
0.02090849
0.020061722
0.021257361
0.021758357
0.020344414
0.021589875
0.021678114
0.020225218
0.021452716
0.02197621
0.020208849
0.020535959
0.021802953
0.020414898
0.019916572
0.020021899
0.019687168
0.019618884
0.019688457
0.019635847
0.019897513
0.019698082
0.019637458
0.01968874
0.019486593
0.019377835
0.01997602
0.020006435
0.01938302
0.019646132
0.01958373
0.019854954
0.019762887
0.019246057
0.019328125
0.01941195
0.019219281
0.019563807
0.019632919
0.019602733
0.019483045
0.01911586
0.019142447
0.019248785
0.019046305
0.019394347
0.019498274
0.019460509
0.019352995
0.018955218
0.018940939
0.019166173
0.01911912
0.018987397
0.018743603
0.019045254
0.019125694
0.018838568
0.018735169
0.018393025
0.01844526
0.018572176
0.018144084
0.01787442
0.017801592
0.017708624
0.017224139
0.017513398
0.017531255
0.017493395
0.016649393
0.0167367
0.016612343
0.017089313
0.016840003
0.016373593
0.016352765
0.016258301
0.015781352
0.0165694
0.016707545
0.015767852
0.0165225
0.016312571
0.015763381
0.015603032
0.015505809
0.015362416
0.0154069
0.015249903
0.015568894
0.015183016
0.0153391
0.015301584
0.014851916
0.014664131
0.015444651
0.0154685
0.014675871
0.014540396
0.014505035
0.014447525
0.014673345
0.0143204285
0.014788506
0.014857799
0.014124128
0.014002335
0.014329265
0.014203254
0.01420879
0.013926742
0.014054651
0.013974112
0.013981015
0.013977383
0.0134097105
0.013201542
0.014604448
0.014533577
0.013259262
0.01328706
0.0134064285
0.012958531
0.0133527
0.013075244
0.012964625
0.013211879
0.012850267
0.012941291
0.0134834545
0.013540014
0.012743295
0.012931394
0.013217685
0.013031609
0.012696627
0.012424265
0.01254461
0.012747388
0.012217435
0.012582439
0.012562208
0.012434728
0.012045823
0.012462282
0.012520172
0.012054394
0.012025986
0.012147495
0.011976431
0.011647388
0.011471111
0.011847655
0.011503782
0.012110427
0.01242448
0.011444896
0.011753511
0.012499747
0.011444152
0.011055414
0.011856315
0.011959642
0.011360426
0.010968588
0.011104737
0.011215116
0.010767373
0.010603172
0.011025933
0.0108715175
0.010817164
0.010543988
0.010878499
0.010724419
0.010135346
0.010545168
0.010167929
0.010846253
0.011056431
0.010307757
0.010310814
0.010040198
0.010546184
0.010414077
0.009658265
0.009682051
0.00964377
0.00942691
0.009656521
0.009589806
0.010038842
0.009404342
0.010063116
0.010088941
0.009711974
0.00929658
0.009180613
0.009170155
0.009656829
0.009291637
0.009706019
0.009581712
0.009333503
0.008947548
0.009656227
0.008951247
0.010077115
0.010433852
0.009253051
0.010844021
0.0124835195
0.010290987
0.009650909
0.010074711
0.009926469
0.008799807
0.010243812
0.01113382
0.009287318
0.009316412
0.009988554
0.009047161
0.009209213
0.009980127
0.0086772675
0.00949435
0.010038462
0.009010446
0.009475004
0.010833205
0.009482177
0.0086809965
0.009606271
0.009987091
0.008830563
0.009165353
0.01060867
0.01013364
0.008287213
0.009436656
0.010177917
0.0092622535
0.008395507
0.009357625
0.009630675
0.008624337
0.008708126
0.008760479
0.008753222
0.008443394
0.008276063
0.008259845
0.008171934
0.00814227
0.007933003
0.0077946917
0.008265653
0.007974669
0.008213359
0.008300331
0.007767968
0.00770453
0.007849325
0.0075364257
0.007572468
0.0076889233
0.0075295563
0.007315241
0.007157652
0.007400412
0.0075029894
0.0071328566
0.008254734
0.008037613
0.007960544
0.008044137
0.0075730216
0.0075518587
0.0069895447
0.007106729
0.006971581
0.006868033
0.006921122
0.006719141
0.0071542426
0.0070919693
0.0070409016
0.006616942
0.0074357786
0.00687541
0.0074102916
0.007559677
0.0067258445
0.0068774302
0.0068165907
0.006448167
0.0066448203
0.0066356044
0.006570974
0.0064921933
0.0070619476
0.006384025
0.007230601
0.0075965286
0.0062976405
0.008023981
0.008511277
0.0070704552
0.0069869882
0.0066565596
0.007088639
0.0070069493
0.0062002805
0.006456734
0.0062295
0.006730555
0.0065393583
0.006271001
0.0062961425
0.0058423714
0.005811027
0.006326025
0.0061622597
0.0062846825
0.0063547413
0.005669302
0.005669193
0.0057639754
0.0056761443
0.0056359284
0.005517892
0.0060312916
0.0059090354
0.0056920103
0.005787175
0.00554545
0.0057540373
0.0057367827
0.0055318424
0.005488943
0.005278506
0.0053979084
0.0052830777
0.005066177
0.0054618046
0.005173544
0.0054979827
0.005542451
