0.28852132
0.048325837
0.060434192
0.08588821
0.05553542
0.02655751
0.028432136
0.040169757
0.03693804
0.026856676
0.021334782
0.028096521
0.031553034
0.026745265
0.02244407
0.022237087
0.02352182
0.02410976
0.022285774
0.020608025
0.020810945
0.020555036
0.020710172
0.020616347
0.020464735
0.020722823
0.020488549
0.021274418
0.021471305
0.020647658
0.02123381
0.021568501
0.020793425
0.021107981
0.021489443
0.020749249
0.020995835
0.021502972
0.02082651
0.02055783
0.020823019
0.020428466
0.020957867
0.021388495
0.020751914
0.02049651
0.0207413
0.020456629
0.020644963
0.020787286
0.020464567
0.020630775
0.020783247
0.020527484
0.02052238
0.02062369
0.020575998
0.020539077
0.020567631
0.020572161
0.020355428
0.020622153
0.020934338
0.020567894
0.020586375
0.02071101
0.020673452
0.020536035
0.020419065
0.020537006
0.020585531
0.020415595
0.020483728
0.020531217
0.020543816
0.02021554
0.020455068
0.020331359
0.020222753
0.020672036
0.020538822
0.020681553
0.020533403
0.020358657
0.020402128
0.020408057
0.020225834
0.020687675
0.020714113
0.020119509
0.020137731
0.020430958
0.02016247
0.020708757
0.020879334
0.020097764
0.02121424
0.021837106
0.0207697
0.02061273
0.020977432
0.02035266
0.0207377
0.020975644
0.020169131
0.020596927
0.021177376
0.020364186
0.020240564
0.020617438
0.020114373
0.020447074
0.020821285
0.020161008
0.020320894
0.020744005
0.020162014
0.020114519
0.020402092
0.019950956
0.02026393
0.020620763
0.020060306
0.019991461
0.020229934
0.019842425
0.0200497
0.020240074
0.019821374
0.020484371
0.020708526
0.020149792
0.019937081
0.020256558
0.01999233
0.019921182
0.019980758
0.01970108
0.019969657
0.020062575
0.019483456
0.019623525
0.019991025
0.019498758
0.019132284
0.019151475
0.018836142
0.019158235
0.019229492
0.018515224
0.018588284
0.018829534
0.018204115
0.017872188
0.017785804
0.017311158
0.017480103
0.01746145
0.016753105
0.017122237
0.017534738
0.01680684
0.016321192
0.016526675
0.016360028
0.015953423
0.015898481
0.015805421
0.015409508
0.015666164
0.015718484
0.015176292
0.015384247
0.015369925
0.014933407
0.0149861835
0.015017066
0.0147113195
0.014727954
0.014878623
0.014549893
0.01450242
0.0144690825
0.014264432
0.014212606
0.014216197
0.0140154
0.013959415
0.013945027
0.013693139
0.01367619
0.013609174
0.013368192
0.013289285
0.013235387
0.0130788535
0.013006578
0.01292752
0.012846517
0.012970603
0.012753855
0.013218542
0.0133521035
0.012980245
0.012821606
0.012739974
0.012893855
0.012736757
0.012510824
0.012502636
0.012470122
0.012347434
0.012396087
0.0122582065
0.012319486
0.012226698
0.012426247
0.012395385
0.012288101
0.012331456
0.012136682
0.012213993
0.012144973
0.012060769
0.012112147
0.012018234
0.0120578185
0.011963793
0.011956484
0.011986271
0.011927213
0.011905022
0.0120131
0.011966611
0.011886813
0.011792287
0.011863512
0.011774734
0.01183783
0.0117684975
0.011902454
0.011690874
0.011969921
0.011835198
0.011701549
0.0116250375
0.011938815
0.011796593
0.011630498
0.01170935
0.011534144
0.011602014
0.011572472
0.011547923
0.011467151
0.011563492
0.0114093525
0.011783317
0.011639806
0.011595453
0.011704281
0.011438438
0.011389166
0.011451003
0.011346959
0.011449815
0.011448767
0.01143323
0.011294049
0.011547689
0.011476363
0.0113282725
0.0112985885
0.011378951
0.011297361
0.011307202
0.011291012
0.01123066
0.011188517
0.011296861
0.011225417
0.011216993
0.011180234
0.011158184
0.011120562
0.011225425
0.011169371
0.011130795
0.011077923
0.011128011
0.011071236
0.011134337
0.011088011
0.011061411
0.011024904
0.011062658
0.011000712
0.011088843
0.011037854
0.011000927
0.010945372
0.0110375555
0.010936807
0.011035512
0.010943833
0.010996978
0.010913282
0.010979071
0.010882386
0.010982444
0.01087394
0.010948211
0.010854299
0.010895292
0.01078561
0.01096116
0.01084235
0.010879477
0.0108164055
0.010844395
0.010779881
0.010839857
0.010779962
0.010797761
0.010730582
0.010798693
0.010716046
0.010828341
0.010772091
0.010724497
0.010678048
0.010789643
0.01073198
0.0106869
0.010634926
0.010766723
0.010701865
0.010676455
0.010624972
0.0107086925
0.010645963
0.010703268
0.010700866
0.010604204
0.010569037
0.010645713
0.010647348
0.01055542
0.010573973
0.010544318
0.0105122505
0.010716121
0.010585681
0.01063324
0.010627166
0.010533727
0.010780866
0.010644205
0.0106050065
0.010727883
0.010444902
0.010649264
0.010494322
0.010740042
0.010770318
0.010492862
0.010556319
0.010544915
0.010453875
0.010449101
0.010385559
0.010372708
0.010496486
0.010325222
0.010602442
0.010629957
0.010409734
0.010574031
0.010331106
0.010605
0.010581694
0.010366074
0.010586944
0.010624087
0.010390608
0.0104992455
0.010496226
0.010406212
0.010422148
0.01032526
0.010405957
0.010422048
0.010337529
0.010413398
0.010344231
0.0104467
0.010387573
0.010529265
0.010351774
0.010585957
0.01069507
0.010502712
0.010378585
0.010515311
0.010405594
0.010305571
0.0102952765
0.010389546
0.010377313
0.010377926
0.010253395
0.010302042
0.010197843
0.010465775
0.010384136
0.0103031285
0.010317302
0.010271673
0.010194583
0.010428239
0.010325943
0.010220822
0.010153975
0.010304893
0.010219836
0.010351461
0.010266443
0.010230622
0.010175138
0.01029488
0.010183343
0.010201778
0.010200077
0.010144758
0.010098279
0.0102598565
0.010186509
0.010258808
0.010342763
0.010068891
0.010087593
0.010154835
0.010075547
0.0102185635
0.010219563
0.010066413
0.010065519
0.010127789
0.010078344
0.0100847
0.01006857
0.010102515
0.010049847
0.010141149
0.010175929
0.009982951
0.010042914
0.009971871
0.009990928
0.009975637
0.009931455
0.010053695
0.0099264765
0.010249573
0.010157973
0.009988214
0.010026391
0.0099564865
0.009905092
0.0100924205
0.01002323
0.00990804
0.009853534
0.0100149335
0.009955253
0.009902805
0.009884458
0.009901038
0.009878959
0.009856758
0.009757362
0.010083643
0.0100115165
0.0098625915
0.0100575695
0.009762099
0.010136685
0.009953004
0.010033359
0.010255079
0.0099208765
0.00994964
0.01004142
0.009761645
0.010301309
0.0105095655
0.01000524
0.0100520635
0.010149586
0.010030203
0.009933502
0.009936588
0.010069669
0.009847626
0.009810255
0.0099128075
0.009809006
0.009922112
0.009910961
0.009781919
0.009758167
0.009793161
0.00975204
0.009684027
0.009738488
0.009754372
0.009689462
0.009710205
0.009647381
0.009681709
0.009682351
0.00970748
0.009589975
0.009646137
0.009651738
0.009647685
0.009602659
0.009615316
0.009565907
0.009715926
0.009616672
0.00982679
0.009796596
0.009690606
0.0097738225
0.009701244
0.009661703
0.009671381
0.009593415
0.00973164
0.009515543
0.010256259
0.010463275
0.009876473
0.009829893
0.010094679
0.00992236
0.0098095825
0.009803627
0.009782898
0.00967184
0.00983915
0.009729922
0.009757258
0.0096520195
0.009766807
0.009703218
0.0098204445
0.009751923
0.009706176
0.009723742
0.009653061
0.009624138
0.009602807
0.009588988
0.009608985
0.009544279
0.00963332
0.009547713
0.009536636
0.009536794
0.00958244
0.009468731
