0.2899
0.06258748
0.06497379
0.03575568
0.02811455
0.027567873
0.023398547
0.02519104
0.022908384
0.025284106
0.025346927
0.022917679
0.023397544
0.023996694
0.022370676
0.022441432
0.023027996
0.021878159
0.021666666
0.022214487
0.021027392
0.020500602
0.020344062
0.0199946
0.019601146
0.020070815
0.019400105
0.021764047
0.022182494
0.019990928
0.0202952
0.020718686
0.020495862
0.019754697
0.019348798
0.01972903
0.019117644
0.019828899
0.020258253
0.019350858
0.019538904
0.019649697
0.019655077
0.019381568
0.018919615
0.019570138
0.019235417
0.019116933
0.019487193
0.019212859
0.019039864
0.019108662
0.018959196
0.019135458
0.018965136
0.019092292
0.019134419
0.019003004
0.018858798
0.018829638
0.018925825
0.018763049
0.019044945
0.019017084
0.018879201
0.018739553
0.018802172
0.018559473
0.018463807
0.018952569
0.018669238
0.018883616
0.01882493
0.01848902
0.018439107
0.018480359
0.018348103
0.018177025
0.018039301
0.018290915
0.018120492
0.017941609
0.017822225
0.017924102
0.017747013
0.017682677
0.017552191
0.017553369
0.017349966
0.017364403
0.017164906
0.017139386
0.017020185
0.016785841
0.016594144
0.016896782
0.016704228
0.016239133
0.01619337
0.01613359
0.016043326
0.016550792
0.016392693
0.015973657
0.016089732
0.016213728
0.015547004
0.016076338
0.015686456
0.015981695
0.01590352
0.015376315
0.016188841
0.015424582
0.015457027
0.015010542
0.016609661
0.01587642
0.014986915
0.015143089
0.01480374
0.01492424
0.014377127
0.014524333
0.014319367
0.014266439
0.014568669
0.014375995
0.014140668
0.013999379
0.014247757
0.0138349
0.014774193
0.014375813
0.01388708
0.013843723
0.014035641
0.013907964
0.013752147
0.013789289
0.013531357
0.0133949
0.013920359
0.01384217
0.013255331
0.013155814
0.013615332
0.013230058
0.013791229
0.01364698
0.013042462
0.012907445
0.013648239
0.01328965
0.013297793
0.013203795
0.013092458
0.01294896
0.01311317
0.012947633
0.012832965
0.012657974
0.012879714
0.012633741
0.012865476
0.012638517
0.012672822
0.012505949
0.012713905
0.012706343
0.01235044
0.012362152
0.012295882
0.012275984
0.012147379
0.012122382
0.012082416
0.011919574
0.012168374
0.011929005
0.011928196
0.011676136
0.011843366
0.011690941
0.011653066
0.011507638
0.011354755
0.011312284
0.011260052
0.011042871
0.011370952
0.011198439
0.011216611
0.011039411
0.010934216
0.010913818
0.010752774
0.010693726
0.010556514
0.010439802
0.010810164
0.010772769
0.010401032
0.010425999
0.010414585
0.010281569
0.010252919
0.010204632
0.010198172
0.0101392595
0.010295345
0.010159825
0.009868454
0.010082031
0.010184471
0.009836887
0.009816326
0.010228931
0.009802222
0.010235866
0.010203975
0.010245185
0.01010995
0.010761228
0.010529444
0.0099109085
0.010112598
0.010101668
0.009777758
0.010639942
0.010566854
0.010231423
0.010271519
0.009396869
0.010909789
0.011333112
0.010026296
0.010900552
0.011214171
0.010195117
0.011117649
0.011190849
0.009554367
0.010910891
0.011747039
0.01063254
0.009678184
0.010019656
0.0102761565
0.009712405
0.009618957
0.009705965
0.00921094
0.009223864
0.009156152
0.009069354
0.00901078
0.009053952
0.008891069
0.009022181
0.00887077
0.008924028
0.009001634
0.008779419
0.009012644
0.00905802
0.008711417
0.008887619
0.008774904
0.00893842
0.00900526
0.008905307
0.008558955
0.008956478
0.0089032315
0.0089725265
0.008837028
0.008618011
0.008584837
0.008583644
0.008529641
0.008470542
0.008545616
0.009507804
0.0089686
0.009088409
0.0090798205
0.008870974
0.008670006
0.009481058
0.008817821
0.009226842
0.00913523
0.009075097
0.009295783
0.008595907
0.008680685
0.008859309
0.008660782
0.008918666
0.008540243
0.008576539
0.008643982
0.008545002
0.008326656
0.008639368
0.008559332
0.008324117
0.008196622
0.008547521
0.008633594
0.008250721
0.008173228
0.008090537
0.0079884045
0.008278901
0.008230436
0.008213755
0.008232024
0.008614793
0.008113587
0.008653921
0.008612539
0.008985336
0.00889673
0.008172168
0.008130435
0.008619825
0.008394093
0.008633556
0.008534544
0.0083030835
0.00814617
0.008433356
0.008280906
0.008556848
0.008430447
0.008042795
0.008013673
0.008018135
0.007816506
0.008230987
0.008210007
0.008088064
0.007892916
0.008225529
0.008032101
0.007994556
0.008066527
0.007983673
0.0078134565
0.008059537
0.008045717
0.007889002
0.007905471
0.0077911727
0.007677946
0.008255816
0.008134004
0.007979524
0.007969783
0.0077969986
0.0077561825
0.0077567436
0.0075629433
0.008011672
0.007956798
0.008235783
0.008097521
0.007956021
0.00791746
0.007793996
0.007696435
0.007691443
0.0075798854
0.007470166
0.007987116
0.0076805293
0.008290543
0.00834469
