0.28746945
0.0983305
0.07011169
0.03377344
0.03036807
0.030600065
0.021495456
0.029506406
0.030186096
0.024873579
0.022751898
0.024899127
0.025340235
0.021704113
0.02382492
0.025878435
0.023056736
0.021469146
0.0230402
0.022727551
0.0209299
0.024353346
0.025102027
0.022874823
0.02161246
0.02260884
0.02318637
0.021745024
0.021114334
0.022021687
0.021953525
0.020578867
0.021376228
0.02161637
0.020620389
0.020783432
0.020981476
0.02023261
0.021500146
0.021945233
0.02100113
0.02023346
0.021240497
0.020697502
0.02094043
0.02087065
0.021091476
0.020944329
0.020489398
0.020663477
0.020597622
0.020380965
0.020407695
0.02060677
0.020249449
0.021026531
0.021140723
0.020392219
0.02058282
0.020261306
0.020839127
0.020738289
0.020040194
0.020277709
0.020012924
0.0199616
0.020553373
0.01995516
0.021504268
0.02191197
0.01996246
0.022787387
0.025679627
0.022995187
0.020029629
0.021565473
0.022631591
0.0212899
0.020433476
0.020699581
0.02055998
0.020481937
0.020285053
0.019816985
0.020272324
0.02013728
0.019577289
0.020361876
0.020204186
0.019713579
0.019785894
0.019922584
0.01935014
0.020597475
0.020749541
0.019977147
0.019498663
0.020001853
0.020193247
0.019373462
0.019464625
0.01967813
0.019477045
0.019059204
0.01923315
0.019251265
0.01887346
0.019295054
0.019376181
0.018899387
0.01879301
0.018996725
0.018690465
0.018793723
0.01878761
0.018678531
0.018337624
0.018632658
0.01872866
0.018032143
0.018063555
0.018067254
0.017687839
0.017283667
0.017188938
0.01688378
0.016461087
0.016451733
0.016090438
0.016131068
0.016016139
0.015537775
0.015823107
0.01563287
0.01569468
0.01557419
0.015291576
0.014921627
0.015207767
0.014657726
0.015083288
0.0154872285
0.015080355
0.014604621
0.014029086
0.014155999
0.013909384
0.0138550885
0.013622825
0.012834069
0.013107863
0.012863968
0.012324426
0.012848246
0.01274319
0.012564666
0.0126821
0.011943843
0.011853618
0.011937485
0.011758511
0.011593158
0.011403712
0.011494455
0.011375744
0.011662357
0.0113371685
0.010918114
0.010922876
0.010984693
0.010745113
0.010828507
0.010861541
0.0104009
0.010743509
0.01059183
0.010583085
0.010413914
0.010162045
0.010140504
0.009959154
0.010019855
0.010008213
0.009783798
0.010765837
0.011246789
0.010266828
0.010129824
0.010180644
0.010952723
0.011305973
0.010073524
0.010017735
0.010691859
0.01045362
0.0099298945
0.009884391
0.010152931
0.0099407425
0.009834118
0.009398143
0.009529362
0.009733882
0.00930233
0.009788522
0.00995008
0.009617296
0.009356112
0.009642273
0.009586744
0.009492696
0.009336247
0.009368029
0.009307894
0.00916664
0.009139574
0.00912619
0.009010802
0.00930909
0.009247168
0.009057265
0.008784606
0.009239101
0.009122416
0.008996881
0.008997613
0.008819698
0.008797447
0.008837217
0.008673093
0.008678517
0.008683154
0.008653779
0.008540067
0.0087796
0.008741121
0.008692338
0.00884578
0.008497537
0.008698472
0.008568177
0.008756244
0.008907695
0.008644803
0.008614934
0.00903511
0.008833946
0.00854968
0.008700695
0.008578851
0.008440147
0.008488922
0.008403774
0.008402365
0.008217174
0.008592512
0.008384675
0.008348404
0.008306981
0.008289102
0.008278844
0.008215788
0.008271583
0.008202185
0.008163681
0.008203256
0.0081315385
0.008188672
0.008069944
0.008181944
0.008069166
0.008108303
0.008062285
0.008018376
0.007949258
0.008237001
0.008147304
0.007886416
0.007983891
0.007922081
0.007781485
0.008421682
0.008245174
0.008224178
0.007950804
0.008308278
0.00810621
0.008024336
0.008022428
0.008067518
0.008048784
0.007845649
0.007759645
0.007974269
0.007926082
0.007787641
0.007730514
0.007957933
0.0077695157
0.007829595
0.007649787
0.008059396
0.007858192
0.007779038
0.0078087584
0.0076778173
0.007598505
0.007704781
0.007608263
0.00772363
0.00763695
0.0076124277
0.0075411047
0.0076870117
0.007580236
0.0076854364
0.0075406157
0.0076605766
0.00755405
0.0075846524
0.0075414088
0.0075031235
0.0074463016
0.007416628
0.0074857976
0.0073111816
0.007583218
0.0072777695
0.008132967
0.008079779
0.0076791607
0.0075543565
0.0077001783
0.007615713
0.007511126
0.007590367
0.0074758274
0.0072889836
0.007577408
0.0074138236
0.0075390893
0.0074740113
0.0072719273
0.007278453
0.0072769653
0.007163038
0.0075552016
0.0075686327
0.007205988
0.0074183717
0.0072592697
0.0072435066
0.0071383435
0.007198633
0.0070742723
0.0071526244
0.007058803
0.007005747
0.00694056
0.0069672936
0.006909074
0.0069513507
0.006852602
0.0071162335
0.00692034
0.007308118
0.0071752393
0.007022511
0.0072581857
0.0067953276
0.007750571
0.008096394
0.0068877707
0.007515772
0.007859957
0.0069222953
0.007363749
0.0076765604
0.0070080156
0.007001821
0.0071819597
0.0068811043
0.0069552897
0.0070563518
0.006687263
0.0070684827
0.0070476816
0.006634839
0.0068354704
0.006674308
0.0066322205
0.00665242
0.0065429867
0.0065355576
0.0064559206
0.006675538
0.0065942626
0.006445773
0.0067384434
0.006669114
0.0065522506
0.0064219856
0.007008996
