0.28904215
0.09248054
0.07105869
0.03460287
0.031016057
0.029824091
0.022191366
0.028902255
0.027460644
0.022502324
0.025268083
0.026279032
0.024375878
0.02255162
0.023870096
0.024497898
0.02236072
0.022548823
0.023805952
0.02303437
0.021612307
0.02329638
0.023957739
0.022397866
0.021853216
0.022048391
0.022729477
0.021780297
0.020960039
0.021325678
0.02095967
0.020637585
0.020781187
0.020746447
0.019968275
0.020875253
0.021117056
0.020485278
0.019741813
0.020457638
0.02066595
0.019530917
0.019751081
0.020183373
0.019845933
0.019140484
0.01965578
0.019947404
0.019355787
0.019087896
0.01960562
0.019315597
0.01918202
0.01914307
0.0193924
0.019191481
0.018967148
0.018985467
0.019125516
0.018951
0.019133806
0.01912511
0.018890334
0.01880938
0.0189567
0.01888451
0.01891082
0.018835912
0.018810954
0.018773295
0.018779831
0.018728694
0.018755684
0.018654587
0.01878967
0.018801397
0.018577987
0.018572127
0.018687407
0.018629603
0.018568225
0.0187454
0.01847655
0.019356137
0.019556804
0.018553607
0.019350868
0.01989008
0.019287856
0.018794425
0.018860577
0.019325966
0.018626267
0.018747933
0.01907146
0.01854374
0.01855173
0.018819606
0.018624956
0.01829809
0.018290969
0.01845301
0.01841061
0.018330513
0.018437153
0.018275699
0.018536566
0.018581985
0.018424803
0.018239843
0.018706353
0.01871995
0.01808604
0.018237742
0.018214688
0.018017964
0.018033199
0.018021874
0.017992001
0.017872967
0.01804045
0.01781384
0.018162802
0.017953092
0.01816613
0.018039132
0.017738834
0.017544098
0.01790448
0.017879533
0.01741685
0.017278345
0.01750698
0.01727993
0.017034588
0.016924538
0.01687198
0.016501138
0.016866298
0.016506538
0.018203614
0.016725024
0.016769333
0.01667236
0.016541278
0.016238434
0.016520629
0.015984168
0.015849564
0.016044045
0.01545465
0.015605646
0.015028852
0.015608233
0.015243809
0.015337507
0.015407637
0.014759389
0.015312365
0.015197714
0.015160953
0.014826685
0.015815577
0.015765367
0.014206621
0.016071279
0.017076848
0.015586718
0.015954996
0.01696852
0.015476514
0.015552421
0.016025139
0.014792898
0.014946625
0.015217225
0.014271509
0.014817547
0.014814638
0.014248815
0.013942294
0.013916749
0.013878097
0.0136039695
0.013548404
0.01330943
0.013803662
0.01335198
0.013897408
0.01424629
0.01315776
0.01477768
0.01563775
0.013957218
0.013843228
0.014309764
0.013447416
0.013717592
0.013546921
0.013198015
0.013723788
0.013235924
0.013052142
0.013144883
0.012832358
0.012807843
0.0126098385
0.012800984
0.012545991
0.012638248
0.012917508
0.012326469
0.013047648
0.01317324
0.012653165
0.012615147
0.012541525
0.012444335
0.012404892
0.011977407
0.012744304
0.012548207
0.012334853
0.012449884
0.012308453
0.012200541
0.012161736
0.011784314
0.0123716965
0.012222509
0.011977245
0.01201138
0.011834172
0.011802214
0.011854966
0.011662599
0.011953826
0.011942792
0.01159979
0.011600214
0.011520755
0.0114010945
0.011452296
0.01135086
0.011509605
0.011359091
0.011391986
0.011279836
0.011290603
0.011042047
0.011429593
0.011348482
0.0109372875
0.010913085
0.011025923
0.010948506
0.01097263
0.010981922
0.010706524
0.01074477
0.01080735
0.010777652
0.010682057
0.010722924
0.0105717555
0.010630797
0.010467363
0.010362439
0.010706331
0.010601182
0.01019958
0.010138431
0.010358964
0.010255872
0.010076209
0.010054483
0.009992555
0.009796544
0.009719177
0.009752797
0.009476279
0.009790929
0.009503163
0.009379757
0.009302933
0.009183205
0.008951853
0.008842811
0.009076121
0.008767045
0.009560323
0.009262768
0.009395116
0.009165916
0.009059495
0.009121823
0.008814818
0.008667614
0.008615887
0.008502842
0.008435812
0.00829661
0.008075341
0.008369881
0.008320418
0.008491996
0.00819972
0.008591154
0.008397437
0.008153817
0.008060382
0.007935275
0.008081815
0.007837111
0.007859744
0.007647091
0.007984941
0.007925134
0.0078730285
0.007672788
0.0077808774
0.0076615456
0.007887947
0.0075469613
0.007842656
0.007672177
0.00765647
0.007534025
0.0074804923
0.0074199717
0.0076747835
0.0077083707
0.0073425113
0.007515346
0.007223914
0.0074524633
0.007405208
0.007390699
0.0073592975
0.0072775674
0.0071419314
0.007364227
0.007030187
0.007496281
0.0071964846
0.0073981844
0.00738131
0.007329495
0.0077414475
0.0072406977
0.007369992
0.0074502006
0.007128158
0.007156821
0.0072350283
0.0068347384
0.007736739
0.0075195506
0.007420052
0.0073795575
0.007532018
0.0071190824
0.007108351
0.007267769
0.006888935
0.008191434
0.008071339
0.0073175547
0.007318539
0.007203235
0.007011566
0.0072407653
0.0069897403
0.007728658
0.007498194
0.007034754
0.0071909875
0.0071745403
0.0068617505
