0.28754094
0.042136516
0.061445802
0.055009633
0.026762078
0.027919605
0.030773202
0.024815053
0.023505816
0.024519743
0.024616882
0.023022404
0.021658229
0.023055686
0.022664385
0.021244312
0.022536004
0.022935092
0.021613413
0.021746725
0.022179717
0.021568904
0.021537041
0.021272948
0.02110515
0.021009063
0.020699183
0.020797351
0.020858278
0.020507516
0.022163248
0.022253484
0.02096788
0.021023782
0.02128915
0.021178266
0.020419804
0.02163127
0.02175127
0.020472094
0.02176097
0.022671895
0.021544397
0.02094175
0.021421487
0.021301046
0.020744883
0.020772072
0.021106698
0.020477349
0.020738626
0.021087227
0.020367073
0.021002969
0.021483084
0.0206917
0.020597033
0.020862654
0.020558065
0.020287773
0.020614935
0.020289773
0.02041882
0.020539448
0.02012332
0.020271808
0.020167938
0.020271128
0.020231416
0.019982168
0.01993821
0.020175682
0.020049654
0.019998116
0.01999091
0.019796496
0.019953774
0.01970805
0.020444846
0.02046408
0.01963268
0.020746196
0.02100108
0.02005318
0.019947773
0.020335166
0.019990185
0.019537328
0.01983349
0.019645413
0.019876607
0.01944125
0.019501412
0.01960028
0.019462362
0.019195635
0.018995052
0.019055247
0.01907933
0.018747047
0.018992847
0.018769413
0.018343238
0.018187309
0.018106839
0.017663239
0.017432092
0.01735943
0.017198412
0.017240081
0.017985536
0.017351495
0.018816719
0.019253723
0.017857812
0.018902352
0.019172542
0.017744971
0.019174373
0.021180103
0.019556029
0.0173063
0.018603811
0.019749114
0.018380048
0.017840775
0.01820624
0.01721192
0.017874734
0.018382221
0.017156301
0.017614627
0.018693862
0.017356873
0.0163152
0.016165247
0.015558367
0.01663299
0.016928617
0.015438053
0.01621908
0.017416231
0.01616591
0.014722675
0.015251224
0.015107293
0.014728159
0.014574713
0.014222272
0.014074345
0.014070104
0.013990146
0.013970311
0.013787343
0.013704439
0.013575144
0.013408874
0.013384655
0.013232867
0.013675342
0.013660953
0.0135699995
0.013146609
0.013568432
0.013667545
0.013046953
0.012839573
0.012856889
0.01272624
0.0126784695
0.012596276
0.012669389
0.0123931905
0.01288972
0.012858908
0.012556083
0.012156057
0.012751981
0.012729774
0.012568389
0.01267917
0.012217976
0.012072365
0.012159516
0.011988561
0.012309402
0.0124681145
0.012243889
0.011853022
0.012358852
0.01246126
0.011706483
0.011662868
0.01188951
0.011683141
0.0115151
0.0115629835
0.011733879
0.011360216
0.0116233975
0.0115562035
0.011229613
0.0110826595
0.011426769
0.011461049
0.010900534
0.010773278
0.011108334
0.0108106
0.010546076
0.010775262
0.010292756
0.010744861
0.011203031
0.0107879
0.010312292
0.010437648
0.010635391
0.010596585
0.010342656
0.009857462
0.010267337
0.009964882
0.009722814
0.009821885
0.009888429
0.009777392
0.009757814
0.009501719
0.00960821
0.009259596
0.009895865
0.009914574
0.010119686
0.010206085
0.009362259
0.0092399325
0.0096071595
0.009023317
0.009884785
0.0090797385
0.010202567
0.010912552
0.009945371
0.009654791
0.010062641
0.010140648
0.009515071
0.008710757
0.009694204
0.009541034
0.009011821
0.008961375
0.008409707
0.008326086
0.008783138
0.0086876685
0.009196971
0.009278155
0.008615603
0.008684394
0.0084534325
0.008448287
0.008482826
0.008338671
0.008359755
0.008226785
0.008155563
0.007974911
0.0082940785
0.008081649
0.00825126
0.008296054
0.007724637
0.007924225
0.0076521398
0.0075828335
0.0077754557
0.0074383304
0.0077679623
0.008056433
0.007619135
0.008317541
0.008082042
0.00793583
0.0077631637
0.00768273
0.007610734
0.0075379745
0.007500946
0.007335706
0.007145612
0.007880865
0.007855166
0.0075250627
0.0072040744
0.008088046
0.0075593423
0.007948113
0.00780932
0.0073377825
0.0078070457
0.00698648
0.008621375
0.009136103
0.007722065
0.007426536
0.00790619
0.0071417033
0.0074077803
0.0074441866
0.0070599797
0.006991139
0.007249111
0.007135333
0.006965284
0.0076171006
0.0073109637
0.007949018
0.007930298
0.0070894286
0.007085781
0.0069549666
0.006679961
0.0069132936
0.006819483
0.0072939047
0.0073288376
0.0071146344
0.0066784224
0.007667189
0.0072760433
0.006436506
0.006839883
0.0064954623
0.0065571186
0.006643537
0.006449632
0.007011318
0.0070707775
0.00709671
0.006531158
0.006876698
0.006873641
0.0071790554
0.006780268
0.00659745
0.0064800014
0.0062370584
0.0061605684
0.006701777
0.0067377123
0.0064799003
0.00667781
0.0063964375
0.006575572
0.006771736
0.0067287968
0.006463334
0.0064096316
0.0060570748
0.006910614
0.006779358
0.0061445287
0.005994526
0.006576026
0.0061629266
0.0070771514
0.007544432
0.006166104
0.0069556297
0.007364415
0.007039773
0.006340388
0.0064571383
0.006320266
0.0059626675
0.0063293967
0.005994428
0.006318781
0.006846635
0.005960369
0.0063748085
0.006515359
0.005921218
0.0061784885
0.005870553
0.0066420496
0.006941373
0.0071250317
0.006872922
0.0065910965
0.0067676976
0.005897429
0.0058193454
0.006222489
0.005938091
0.0057506985
0.006099722
0.0056813825
0.0058920034
0.006418749
0.005665881
0.0060025533
0.0062757623
0.005367627
0.0062956396
0.0067804665
0.005765977
0.0058021736
0.006513436
0.0060569234
0.005632192
0.0059411246
0.0060245804
0.0054167905
0.005881892
0.006255643
0.006116564
0.005841537
0.0056347162
0.0071083843
0.0074919537
0.0060305134
0.0067016385
0.0068515413
0.0063960603
0.0058906022
0.0056287535
0.005511916
0.0056818686
0.0053851753
0.005444473
0.005886325
0.005553693
0.005527659
0.0057265176
0.005215678
0.005606314
0.005559931
0.0051195403
0.0056189313
0.0053723766
0.0051663998
0.005586663
0.005075947
0.0055991285
0.006034835
0.0057279076
0.0050804117
0.0063255727
0.0072149425
0.0057259626
0.0071899877
0.008759201
0.006933724
0.005816959
0.0057690353
0.0056254347
0.0056916983
0.005245633
0.005661652
0.005647097
0.0054919072
0.005295498
0.004817316
0.004810427
0.0049032685
0.004999923
0.0047233445
0.0048840404
0.004728969
0.004869777
0.0050332085
0.0047742818
0.0049271164
0.005159266
0.0048013455
0.004721132
0.004680814
0.00446706
0.0052448623
0.0053987913
0.005455859
0.005077737
0.0050793495
0.004959708
0.005517088
0.00522944
0.0048866556
0.004904827
0.0048909723
0.0047859973
0.004848106
0.004544766
0.0051067956
0.0052751545
0.0049483306
0.0046318644
0.00495877
0.004829963
0.005091552
0.0049605942
0.0050310427
0.005052882
0.004444472
0.004333051
0.0046634986
0.0045324955
0.004992531
0.0048033004
0.00451453
0.004379342
0.004853578
0.004784692
0.004337455
0.0043146606
0.004856895
0.004749373
0.004388889
0.0043120505
0.004461056
0.004282323
0.0047845654
0.0046928558
0.0043737
0.004284126
0.0045679896
0.004396318
0.0043771113
0.004373521
0.004195273
0.004124111
0.004642703
0.004561614
0.0040547433
0.0039898935
0.0045886114
0.0043136165
0.004251086
0.004129182
0.0043095006
0.004171731
0.0043770266
0.004319092
0.0040718936
0.003962729
0.0046275803
0.0045957654
0.0039554583
0.0039730263
0.004282797
0.0041671544
0.004483443
0.004522918
0.004156372
0.0041170493
0.0043201516
0.004134716
0.0042613074
0.0039900043
0.0044620875
0.004460063
0.0039628088
0.004020971
0.0042046644
0.0040678238
0.0041995794
0.004064103
0.0040997113
0.003880053
0.004330233
0.0043086745
0.0038556836
0.0039006732
0.004042281
