0.2863665
0.08215809
0.06558878
0.03607155
0.02267719
0.024243286
0.02099293
0.028859273
0.027361058
0.020588009
0.0243076
0.022726698
0.021028303
0.021901727
0.020833135
0.022098133
0.022345876
0.020681364
0.02152607
0.02187219
0.020621873
0.02120023
0.021598661
0.02063475
0.02061039
0.020964364
0.02020012
0.021114053
0.021704013
0.020528337
0.020541277
0.021237547
0.020346656
0.020533355
0.020962542
0.020397378
0.020219633
0.020479793
0.020269884
0.019995522
0.020334147
0.020046948
0.020055244
0.020200724
0.019777482
0.020476097
0.020568838
0.019889502
0.019859819
0.02012024
0.019771801
0.019950964
0.020022767
0.019940747
0.019567894
0.020132648
0.020238578
0.01934618
0.019914953
0.020180175
0.019663459
0.01913622
0.0197402
0.019706788
0.018828703
0.019112146
0.019275792
0.018604217
0.018978652
0.019154105
0.018349467
0.018402694
0.018699713
0.018205315
0.017775856
0.017989734
0.017496483
0.017758507
0.017790709
0.017131157
0.016910259
0.016897075
0.01666356
0.016284367
0.016442828
0.016198687
0.015763067
0.016560597
0.016222265
0.015971078
0.015378284
0.016861053
0.017103322
0.015475106
0.016132139
0.01613333
0.014878827
0.016048675
0.017458355
0.016005047
0.015635265
0.015187673
0.015354308
0.014492542
0.015155542
0.015155279
0.014271761
0.014216632
0.014452308
0.014088086
0.013855106
0.013521028
0.013215322
0.013985884
0.0134361265
0.013485962
0.013072397
0.013255394
0.0129625285
0.013060432
0.0129907755
0.012247716
0.012212039
0.012283385
0.011962683
0.011838297
0.011909474
0.01176208
0.011822189
0.01177381
0.01151073
0.011227292
0.011624031
0.011433165
0.011370897
0.01144455
0.011048158
0.011275445
0.010914154
0.011399016
0.011554296
0.010935676
0.011874274
0.012874442
0.0122347595
0.010972437
0.012308401
0.01317732
0.011914664
0.0118992105
0.011897531
0.011370654
0.01190218
0.011236032
0.0107925385
0.010929094
0.0108343875
0.010519897
0.010803547
0.010874641
0.010956143
0.010793059
0.01069731
0.010542035
0.010589279
0.0105770705
0.010733006
0.010707927
0.010256705
0.010247962
0.010277582
0.010309121
0.01014991
0.010386372
0.010361104
0.010374029
0.010238911
0.010083314
0.010448028
0.010491006
0.010213967
0.010019351
0.010501643
0.010235414
0.010344858
0.010372013
0.009923335
0.010023643
0.01004551
0.00992574
0.009851273
0.009910907
0.009825123
0.009772212
0.009652853
0.0097306445
0.009653449
0.009716634
0.009663542
0.00965633
0.0096017225
0.00957203
0.0094654905
0.009414916
0.009535335
0.009362795
0.009438679
0.009362025
0.009230078
0.009208735
0.009496964
0.009342921
0.0092496835
0.009213388
0.009181312
0.0089747505
0.00945682
0.009354442
0.009589698
0.00944706
0.009324496
0.009216809
0.009131261
0.008940031
0.009415113
0.0092976345
0.008819644
0.008668397
0.009315538
0.009188437
0.008821081
0.008772685
0.008706222
0.00862768
0.008868913
0.008723487
0.0086508915
0.008567466
0.008540114
0.008417464
0.008663304
0.008610934
0.008280609
0.008191192
0.008498825
0.008317146
0.008351692
0.008280642
0.008157843
0.008067434
0.008121441
0.007965469
0.008291998
0.008203051
0.007867377
0.007792663
0.0080751395
0.007897813
0.007883639
0.007816327
0.0077285175
0.007589096
0.007951429
0.007834709
0.0074697523
0.0075147673
0.0075759883
0.0073060617
0.0081358105
0.007976509
0.0074304636
0.0078080655
0.007313374
0.00822334
0.008511131
0.007058156
0.009053883
0.009657803
0.0077170357
0.009117232
0.009293334
0.008574683
0.008612734
0.008337706
0.007741429
0.008617497
0.008727812
0.0072013685
0.008294475
0.009080638
0.0079183625
0.00768869
0.00812323
0.0074195317
0.007726085
0.0077595916
0.0070323036
0.007579002
0.0077563617
0.0069906544
0.007433617
0.0077214986
0.0070659756
0.0069895275
0.0071630157
0.006880758
0.007118372
0.00699632
0.008262089
0.0077464464
0.006550604
0.0066686347
0.0068325587
0.006464682
0.0074728676
0.00763871
0.006666929
0.007305076
0.006937877
0.0072705974
0.007456262
0.0064279237
0.007332823
0.007987362
0.007061181
0.0074792816
0.007427801
0.006678041
0.007018361
0.006977076
0.006176123
0.0069879233
0.0070496104
0.0063171363
0.006665302
0.006481416
0.0065412675
0.00652989
0.0060979486
0.006931514
0.006952647
0.0063713915
0.0062403935
0.006748414
0.006305056
0.0068074837
0.007033259
0.0060634124
0.0067075486
0.0068640667
0.0066030114
0.006149365
0.006861514
0.0069767646
0.0060612014
0.0062003187
0.0064137154
0.0060751922
0.006311264
0.006439178
0.006263823
0.0060540177
0.006307572
0.0063182334
0.006110986
0.0060142563
0.0060155294
0.005708867
0.005686581
0.0061671794
0.0058323587
0.006802305
0.0071910373
0.005821546
0.00682722
0.007256083
0.0060778833
0.0064753233
0.0068347477
0.0067547294
0.00597252
0.0060610347
0.0062776394
0.005498549
0.0060695596
0.0060795746
0.005440067
0.006038806
0.0061040656
0.0055601485
0.006011078
0.0063830093
0.005986013
0.0053861155
0.006487452
0.0063514635
0.0061585535
0.006009878
0.0054436307
0.00543658
0.0055979937
0.005473886
0.0060507343
0.005851382
0.005582305
0.0054230154
0.005595993
0.005513171
0.0057232645
0.0056697545
0.005206281
0.0051596453
0.0056890105
0.0055727605
0.0054259337
0.0053425827
0.005298845
0.0052182884
