0.28929746
0.052322287
0.06667102
0.045137335
0.022837883
0.03664064
0.03835473
0.0270037
0.024281671
0.026409557
0.025750006
0.023399645
0.022224477
0.023052923
0.023132741
0.0215739
0.022242578
0.02370731
0.02202634
0.02111952
0.021911131
0.021262497
0.021195
0.021748552
0.020928537
0.021532377
0.022092802
0.02121824
0.02119263
0.021802044
0.021255692
0.021217907
0.021544853
0.02129299
0.021196717
0.021087592
0.021003842
0.021212561
0.020845428
0.021052226
0.021077609
0.021053085
0.020491593
0.021953946
0.022041366
0.020532245
0.021705493
0.022210171
0.02114782
0.021007886
0.0209627
0.021205211
0.020856498
0.020645427
0.02069848
0.020487918
0.020399416
0.020614607
0.020470504
0.02050292
0.020575022
0.02041094
0.02048292
0.020433104
0.020449838
0.020407632
0.020493517
0.02038282
0.020513276
0.020468617
0.020348174
0.020484725
0.020329518
0.020550316
0.02061058
0.020246131
0.020516688
0.020431079
0.020300357
0.020304114
0.020339955
0.020279106
0.020359365
0.02030519
0.02022308
0.020220656
0.020271638
0.02048284
0.020238047
0.020497063
0.020560652
0.020620616
0.020195803
0.021018049
0.021421703
0.020667447
0.021261891
0.021294376
0.020188766
0.021643579
0.022636985
0.021476591
0.020405745
0.020802056
0.020574296
0.02066406
0.020718826
0.02007728
0.020881876
0.02144446
0.020697394
0.020458931
0.020556878
0.020072034
0.02062052
0.020667138
0.020171292
0.020221299
0.020067828
0.020414975
0.020377366
0.019850142
0.01995697
0.019890657
0.019829037
0.019923814
0.019816218
0.019704634
0.019942284
0.019901507
0.020033924
0.019988619
0.02004773
0.019890044
0.019654179
0.01961576
0.019708356
0.019623606
0.019933837
0.019889604
0.019569702
0.019508602
0.019735824
0.019608714
0.019546472
0.019493409
0.019475415
0.01938908
0.019451274
0.01932426
0.01914897
0.018945243
0.01943192
0.019192083
0.019774137
0.019517368
0.019158974
0.018906312
0.01872825
0.0193585
0.019171925
0.018953241
0.018712401
0.018793598
0.018507386
0.01816343
0.018384904
0.018604353
0.01822283
0.01783578
0.018493796
0.018224375
0.017742747
0.01764133
0.017228812
0.01730667
0.01713843
0.01693836
0.017255075
0.0171771
0.017165765
0.016673217
0.017170329
0.017235836
0.016476588
0.016608283
0.016555695
0.016671224
0.016414054
0.01632899
0.01633915
0.01621028
0.01567207
0.015710197
0.015669474
0.015799547
0.015519295
0.015394583
0.015371581
0.014864038
0.01468873
0.015293748
0.01508082
0.01473926
0.014530758
0.014639114
0.014469835
0.014406488
0.014229457
0.014409217
0.014308437
0.014215645
0.0141909
0.013927107
0.01387205
0.014173336
0.014144975
0.013701946
0.013606316
0.0140483575
0.013778991
0.013854285
0.013812284
0.013669663
0.01359129
0.013636649
0.013395995
0.0139065785
0.013767675
0.013668954
0.013593501
0.013382758
0.0134165725
0.013576999
0.013515867
0.01318547
0.013136915
0.0135222105
0.013406879
0.0131388195
0.013049054
0.013388728
0.013279907
0.013245247
0.013241402
0.013091166
0.013257583
0.013276798
0.013314527
0.0131331505
0.013265413
0.013272616
0.013239806
0.013075427
0.012861576
0.0130834915
0.012790571
0.013372588
0.013219575
0.012770108
0.012665913
0.013130982
0.012970847
0.013136252
0.012953105
0.012904785
0.012725576
0.012870005
0.012653153
0.012997077
0.012678557
0.01278457
0.012737337
0.012894404
0.012666664
0.013010517
0.012884284
0.012776453
0.012798478
0.01264258
0.012608594
0.012623881
0.01251749
0.012606655
0.012463458
0.0125682615
0.012437127
0.012666916
0.012468028
0.012513687
0.012313905
0.0125866635
0.012313799
0.0125326915
0.012400006
0.012326096
0.012161002
0.012364857
0.012149374
0.012480612
0.012296704
0.012246315
0.011977675
0.012285437
0.012070117
0.012282816
0.012118964
0.012145986
0.012035039
0.012165021
0.011868328
0.012302116
0.01207989
0.012143414
0.011764005
0.012636407
0.012580782
0.01179361
0.011953801
0.011816154
0.012081896
0.011968379
0.0119388485
0.011772181
0.011955907
0.011972286
0.011799055
0.01160052
0.011619831
0.011631434
0.011456312
0.0119733615
0.012031078
0.011572829
0.011400454
0.011779563
0.011606718
0.011593538
0.011489955
0.011700302
0.011852048
0.011302485
0.01130063
0.011498854
0.011292544
0.011427098
0.011243436
0.01126983
0.011103678
0.011240232
0.011088354
0.011392347
0.011337881
0.010956102
0.011224009
0.011062295
0.010924014
0.01142294
0.0114071565
0.01106128
0.011001088
0.010948945
0.010732788
0.011304584
0.011010334
0.0114057725
0.011116266
0.011068064
0.010819659
0.010953363
0.010824986
0.010723376
0.010689276
0.010725394
0.010609935
0.010772659
0.010833179
0.010432489
0.010464553
0.010705058
0.010420389
0.010417838
0.010708883
0.010383739
0.010413715
0.010824345
0.0105911195
0.010657537
0.011151239
0.010447706
0.010538842
0.010589443
0.010292991
0.010559737
0.010748245
0.009995677
0.010859985
0.01135428
0.010637533
0.010238976
0.010561573
0.010423456
0.010256368
0.010458082
0.010330348
0.009993985
0.01035652
0.010495767
0.010166304
0.009948299
0.010252752
0.009949426
0.010030025
0.010145441
0.009758464
0.009624797
0.009833899
0.009709566
0.009845965
0.00998656
0.009614707
0.009442392
0.009703
0.009368903
0.010199552
0.00996298
0.0097475145
0.009897262
0.009302398
0.009765488
0.009766637
0.009480688
0.009382315
0.009280193
0.009172528
0.009145734
0.00910876
0.00913401
0.009087545
0.009280431
0.00925596
0.009002928
0.0096806595
0.009824485
0.009222615
0.009064768
0.009320833
0.009059404
0.0090728095
0.009611681
0.009407634
0.009063774
0.008991289
0.009696298
0.009682522
0.009090372
0.00895067
0.008935005
0.008929008
0.008943024
0.008720153
0.009006422
0.008921941
0.0088301385
0.008849365
0.008788641
0.0088761505
0.008928165
0.008770741
0.008670618
0.0090876855
0.009010433
0.00937779
0.009303296
0.009039753
0.009034927
0.008768223
0.008879689
0.00870489
0.008595313
0.008768867
0.008635973
0.008706384
0.0087814815
0.008596451
