0.287929
0.06473384
0.07194382
0.03774162
0.026363717
0.028357672
0.022153163
0.027070979
0.029057102
0.02300038
0.022452721
0.024691025
0.023017908
0.02094058
0.022200337
0.022473551
0.021167474
0.021009797
0.02155087
0.020766372
0.021109516
0.021527335
0.021177793
0.020532439
0.021299556
0.021384075
0.02079815
0.020628918
0.021013997
0.020961076
0.020536406
0.020625671
0.020897096
0.020603774
0.020717284
0.020750307
0.02094365
0.020711128
0.020531066
0.020547017
0.020842932
0.020746669
0.020423952
0.020389974
0.020884695
0.020731641
0.020551888
0.020793011
0.020498883
0.0209253
0.02105697
0.020448463
0.020539498
0.020583054
0.020186884
0.020634733
0.020137183
0.021566525
0.02203404
0.020266304
0.021624776
0.023097293
0.021489054
0.020082802
0.02102685
0.02141571
0.020205013
0.020289006
0.020854304
0.020075174
0.020064775
0.020542514
0.020074895
0.019612812
0.020027718
0.019569753
0.020163057
0.020490294
0.019516777
0.020108698
0.020204049
0.020073436
0.019626312
0.019754333
0.020008571
0.019427838
0.019339459
0.019679412
0.019394161
0.01927541
0.019326048
0.019531451
0.019141408
0.019365681
0.019544812
0.019017346
0.018935874
0.019114487
0.018962407
0.018979015
0.018835822
0.019328011
0.019165901
0.018502405
0.018442174
0.018815666
0.018534133
0.01853017
0.018175414
0.018889545
0.018958135
0.018288843
0.018013781
0.018361183
0.018026948
0.019460047
0.018837849
0.018583195
0.018774748
0.017899415
0.01894667
0.019425444
0.018929817
0.0188797
0.017722672
0.018360024
0.0192329
0.018308265
0.018549012
0.018505426
0.017392801
0.019481532
0.020702163
0.018043995
0.021701945
0.023598393
0.019879045
0.018011628
0.019062413
0.017856339
0.018466087
0.019199139
0.01772212
0.018940406
0.02038262
0.01840583
0.017368382
0.017858462
0.017039137
0.018493036
0.019749083
0.018032933
0.017102119
0.017439565
0.016669706
0.018341288
0.019688465
0.017819155
0.016681401
0.017177084
0.016435698
0.017340472
0.018060839
0.016533293
0.016929623
0.017853906
0.01651547
0.016340554
0.01700698
0.015942613
0.016800465
0.017668718
0.016017696
0.016678145
0.017872063
0.015887348
0.016286248
0.017343104
0.015880836
0.015646454
0.016398286
0.015323569
0.016155934
0.017067818
0.01554246
0.015506188
0.016659087
0.015385349
0.015226371
0.016083995
0.015080734
0.015621573
0.016413383
0.015080408
0.01531516
0.01595656
0.014854718
0.015004911
0.015656533
0.014405447
0.015400556
0.016257918
0.014663648
0.014706925
0.015652327
0.014446585
0.014837933
0.015556636
0.014393973
0.014583376
0.015452406
0.014143166
0.014556264
0.01524444
0.014007628
0.015139409
0.016404195
0.014427436
0.014205463
0.015052512
0.013960247
0.014282271
0.015110724
0.013967991
0.014491362
0.015412495
0.014168163
0.014015719
0.014794425
0.013764213
0.014178489
0.014890772
0.013744739
0.014176744
0.015120794
0.013783651
0.01405706
0.014823656
0.013800385
0.013885575
0.014595871
0.0135634355
0.014177618
0.014914587
0.013836044
0.013789455
0.014516761
0.013552244
0.014149477
0.014791672
0.013630465
0.013887445
0.01460921
0.013457939
0.013990737
0.014915813
0.0137583725
0.013534296
0.0142214345
0.013351679
0.013861791
0.014592364
0.013490811
0.013625515
0.014399775
0.013363901
0.013681131
0.014423427
0.01342087
0.013578735
0.014316324
0.013365586
0.013549213
0.014170897
0.013276483
0.013770066
0.014601335
0.013540006
0.013485593
0.013980438
0.013188638
0.013848552
0.014581684
0.013500139
0.013397518
0.014156692
0.013322763
0.01359227
0.0145407235
0.01353962
0.013407485
0.014339588
0.013565163
0.013687566
0.014435537
0.013787472
0.013437488
0.013881131
0.013302614
0.01398996
0.014686628
0.013606645
0.013451596
0.013605509
0.0131408125
0.014080114
0.014886633
0.013382615
0.013143779
0.0137318475
0.013084014
0.013387823
0.01397439
0.013127918
0.013718358
0.014423676
0.013407481
0.013437328
0.014038381
0.013263644
0.013536394
0.0139784515
0.01310902
0.013376747
0.013962612
0.012977622
0.013412282
0.014070277
0.013092157
0.013072784
0.013620272
0.012861337
0.01339525
0.014300992
0.013290536
0.013072103
0.013743482
0.013096805
0.0132643385
0.01404265
0.013337791
0.013382551
0.013936776
0.01306996
0.013132486
0.013438855
0.012721728
0.013258316
0.014016997
0.012941119
0.01301103
0.013469976
0.012769432
0.013405611
0.014053148
0.012979727
0.013050534
0.0136271315
0.012847847
0.013008073
0.013768795
0.01286342
0.013010626
0.013715151
0.0129218185
0.0127813965
0.013429016
0.012723312
0.013067939
0.0137899
0.012943742
0.012720476
0.013300303
0.012620806
0.013071955
0.013867446
0.013008568
0.012591128
0.013252771
0.012705818
0.012997848
0.013640676
0.013040997
0.012593943
0.013163332
0.012738824
0.013040323
0.013683918
0.013699595
0.012534137
0.013331577
0.013806239
0.012656244
0.0134562785
0.013185501
0.012562789
0.013302735
0.013086191
0.012590519
0.012877139
0.012763995
0.012368084
0.01284248
0.013119065
0.012949415
0.012623705
0.012628845
0.012407619
0.012610398
0.012966223
0.012792125
0.0124352835
0.012460497
0.012237537
0.01245172
0.012609874
0.012806725
0.012553153
0.012216099
0.0122562125
0.012402136
0.012383324
0.012251064
0.012269188
0.011901897
0.011864723
0.012167111
0.0120980935
0.01207884
0.012383312
0.012108215
0.012023267
0.012118262
0.011974472
0.012194675
0.012023377
0.012244795
0.012278778
0.011815965
0.01217177
0.011880347
0.011892653
0.012026188
0.011655085
0.011804781
0.011767094
0.011708637
0.012085435
0.012198709
0.011548697
0.012304932
0.012177609
0.011649591
0.011876426
0.011912138
0.011771501
0.0116506545
0.011693627
0.01170436
0.011484033
0.011690768
0.011793557
0.011574763
0.011553551
0.011496678
0.011451556
0.011549273
0.011481528
0.011702046
0.01166148
0.011287159
0.011517391
0.011392887
0.011253707
0.011963554
0.012319642
0.011423114
0.012267321
0.013498835
0.012622983
0.011237994
0.012948637
0.015661249
0.0150185125
0.013390976
0.01265188
0.012659296
0.013352198
0.013347346
0.012395207
0.011866813
0.011807583
0.011815914
0.01169132
0.011359188
0.011252695
0.011354516
0.011329208
0.011291251
0.011314615
0.011170871
0.011372666
0.011362336
0.011457764
0.011394228
0.011227383
0.011158991
0.011289592
0.011135864
0.011299797
0.011201762
0.011098099
0.011018698
0.011129403
0.01115981
0.011046819
0.011065595
0.01110109
0.011089198
0.010883148
0.0108634485
0.010896854
0.0107999
0.0110319825
0.011014201
0.010765295
0.0107046785
0.011043568
0.010959715
0.010791714
0.010713245
0.010862547
0.010736965
0.010949728
0.010943696
0.010671104
0.0106061995
0.010996707
0.011003784
0.010557614
0.010528736
0.010785433
0.010696334
0.010804352
0.010712113
