0.2876124
0.062773295
0.056611422
0.033957947
0.029362326
0.027610635
0.023628486
0.025618931
0.025085302
0.021433154
0.024338178
0.026044637
0.02241992
0.021270433
0.022181908
0.020997552
0.02149664
0.022243166
0.021012187
0.020824233
0.021432236
0.02074383
0.020529024
0.021310126
0.020775096
0.020766826
0.020466492
0.021526063
0.021380229
0.020133002
0.02021723
0.020242732
0.020098114
0.019905152
0.01975499
0.019970387
0.019479088
0.020214496
0.020434149
0.019313943
0.020196287
0.020831304
0.019425606
0.018821327
0.019057026
0.018163696
0.01807219
0.0182018
0.017220885
0.01679295
0.016735796
0.01618283
0.01595104
0.015823783
0.015572615
0.015707768
0.015428312
0.015495385
0.0154469535
0.015364241
0.015213154
0.014862374
0.014951714
0.014876008
0.014582763
0.01447663
0.014468583
0.014272983
0.014387216
0.014358192
0.014168069
0.014091308
0.013924788
0.014006403
0.0136699015
0.014155504
0.014101758
0.013610605
0.013585587
0.01356768
0.013288356
0.013470373
0.013441947
0.013074492
0.013081118
0.013035011
0.012796243
0.012855957
0.012581264
0.012903563
0.012967161
0.0127253225
0.012291469
0.0128047615
0.012626447
0.012112331
0.012043289
0.011993031
0.011761623
0.011850839
0.011833829
0.011428349
0.011353497
0.011339295
0.011083531
0.01115464
0.010951962
0.011126623
0.011016518
0.010883515
0.010820515
0.010516152
0.010269393
0.010306831
0.01000227
0.010089687
0.010001236
0.009906855
0.009703074
0.0098236315
0.00962872
0.009416948
0.009289913
0.009398087
0.009190426
0.009346564
0.0091724545
0.009058524
0.008832783
0.008848052
0.008764259
0.008602689
0.008559838
0.008527979
0.008226237
0.008524112
0.0080820145
0.008693457
0.008624931
0.008365721
0.00796834
0.008295169
0.0077407863
0.008192359
0.007987182
0.008318297
0.0081433905
0.0073469128
0.007962547
0.008117559
0.007585488
0.0072397725
0.00738056
0.0071294676
0.00671028
0.0068820943
0.0068457196
0.0065399795
0.006493432
0.0064657927
0.0062483116
0.0064912722
0.006359139
0.005970348
0.00649324
0.0066784346
0.006057922
0.006213765
0.0063958582
0.006037866
0.006152446
0.0064382465
0.0061939303
0.006031208
0.0058261887
0.0057626516
0.0059092636
0.0056348504
0.00608476
0.0061308197
0.0061480575
0.005731689
0.0054731388
0.0054958253
0.005123403
0.00556354
0.0051410454
0.0055793165
0.005303281
0.0058594705
0.0053301477
0.005253067
0.0053046546
0.004848541
0.0049005947
0.004926375
0.004577443
0.005153217
0.004997233
0.0049204933
0.004640799
0.0048728795
0.0048028007
0.004794475
0.0048891124
0.00432712
0.004279105
0.004473947
0.004152612
0.005007651
0.0050627603
0.0042063356
0.0044683446
0.0043629636
0.0042136037
0.0044309758
0.0044159885
0.0040265475
0.004136968
0.0040647364
0.0041102166
0.0040788352
0.0039229225
0.004140854
0.0039252043
0.004739562
0.0041573676
0.0045961323
0.004476458
0.0039612823
0.0037930347
0.0040073707
0.0038597595
0.0043417932
0.004179741
0.0036811437
0.0036918109
0.003846877
0.0036528602
0.0036943082
0.0035880834
0.003781586
0.0035391368
0.0038326958
0.003595418
0.0035475763
0.003479771
0.0035925657
0.0034902368
0.0033731472
0.0033047032
0.0034785531
0.0033692706
0.003292907
0.0032086205
0.0033624386
0.0032344356
0.0032386777
0.0030740388
0.0033722778
0.003244198
0.0030731205
0.0029629525
0.0033188306
0.0032401911
0.0029142927
0.0028677273
0.0032659702
0.003172488
0.002871311
0.003005969
0.0026630128
0.0026682056
0.0028938043
0.002650074
0.0030398674
0.0029817212
0.0026294615
0.0030563585
0.0029134105
0.0030062373
0.0030499662
0.0034854847
0.0030672401
0.0028969056
0.002915527
0.0026847122
0.0026108667
0.0030441515
0.002871435
0.0027335926
0.0025518842
0.0029057034
0.0028214997
0.0026727945
0.0025993697
0.0027324639
0.0026551744
0.0025458832
0.0025206993
0.002619043
0.0024318474
0.002742625
0.002679813
0.0023672625
0.002320698
0.0027062676
0.002637903
0.0023151801
0.0023039135
0.002529063
0.002446034
0.0024081348
0.0023792982
0.0022671912
0.002194133
0.0024563463
0.002372492
0.002260928
0.0022435775
0.0023264668
0.0021876066
0.0024535556
0.0023405266
0.0021803945
0.0021424664
0.0022029334
0.0021105695
0.0022751014
0.0022634582
0.0020284236
0.0019753769
0.0023739857
0.0022545212
0.0020109036
0.0020506203
0.0019895171
0.0018905784
0.0023694455
0.0023057938
0.0019729168
0.0020262974
0.00203971
0.0019511807
0.00212587
0.001972671
0.0020523446
0.0019506263
0.002018479
0.001975049
0.0018935216
0.0017950004
0.0021356188
0.002100322
0.0018052877
0.0019458147
0.0019038344
0.0018799538
0.0018149954
0.0017180935
0.0024016376
0.002105344
0.0021942875
0.0020480605
0.0022849652
0.00193216
0.0023792333
0.0020037827
0.0023540612
0.0021473493
0.0022272756
0.002053029
0.0021626418
0.0019922927
0.002083972
0.002028714
0.0020262564
0.0019178517
0.0019986124
0.0019172527
0.0019004252
0.0019068384
0.0018634802
0.0019571416
0.0017590327
0.0020928902
0.001961184
0.0020044688
0.0018885598
0.001978535
0.001789459
0.0019777163
0.0017684692
0.0020512606
0.0017197771
0.0022192826
0.002078848
0.0018064285
0.0017316121
0.0020498217
0.0018811076
0.0019073471
0.0018750095
0.0018373099
0.0017597497
0.0019712944
0.0018621701
0.001825646
0.0018069036
0.0018054405
0.0018609251
0.001731706
0.0017194984
0.0017865471
0.0017275714
0.0017604708
0.0018075212
0.001619409
0.0016783805
0.0016075904
0.001640846
0.0015047436
0.0016920691
0.0015273355
0.0019440135
0.0017775682
0.0017948278
0.0017983202
0.0017213573
0.0016388628
0.0019142606
0.0017831522
0.0017802775
0.001899947
0.0016948818
0.0018089573
0.0016941903
0.0016534451
0.0017659134
0.0017787573
0.0016723685
0.0016410359
0.0016658191
0.0015204822
0.0015682587
0.0014625107
0.001620202
0.0014750306
0.0016302736
0.0016065625
0.0014338592
0.0014099706
0.0015696934
0.0014824973
0.0015004041
0.0014975962
0.0014429637
0.0015392684
0.001369248
0.0015587946
0.0013798157
0.00152
0.0013703494
0.0017159814
0.001773452
0.0014803475
0.0017027169
0.0014516531
0.0015264762
0.0016375337
0.0013264286
0.0018671755
0.0019039292
0.0014725759
0.0016225934
0.0017061393
0.0014261184
0.0017381515
0.0015750603
0.0017485279
0.0016059921
0.001954293
0.00178068
0.0015457859
0.0014438523
0.0016183803
0.0015603742
0.0014810496
0.0014782242
0.0015586639
0.0014492796
0.0015052982
0.0014911736
0.0014844695
0.001450968
0.0013803836
0.0013485313
0.0012290674
0.0013680697
0.0011695952
0.0017118618
0.0018662693
0.0015730904
0.0015258881
0.0015289787
0.0014958363
0.0013192175
0.0013251692
0.0013224995
0.0013124082
0.0011990898
0.0015146245
0.0012701642
0.0014800265
0.0014767144
0.0013404811
0.0014760228
0.0013163933
0.0015602922
0.0016934937
0.001722402
