0.28732646
0.054698527
0.0756175
0.040345807
0.026654487
0.028217534
0.023304699
0.024908772
0.025541583
0.021462975
0.023563514
0.02567142
0.022546642
0.020845233
0.021697594
0.021690821
0.020461649
0.02164037
0.02257849
0.020828092
0.020818122
0.021449143
0.020821951
0.020598367
0.02045337
0.02067251
0.02050005
0.019896697
0.020226987
0.019862747
0.020762475
0.02081071
0.020123232
0.02033917
0.02047658
0.019706463
0.02052938
0.020435011
0.01969511
0.019997442
0.01990371
0.019449577
0.019407397
0.019596806
0.0193529
0.019564725
0.01956075
0.019089269
0.019333495
0.01887629
0.020782491
0.021113718
0.018786514
0.020825373
0.022524761
0.020644901
0.018332817
0.020118197
0.020843448
0.019466905
0.01835897
0.018367317
0.018827243
0.017562965
0.016932672
0.016937958
0.016376697
0.016085047
0.015905095
0.015636012
0.017007563
0.015768936
0.017103912
0.017386736
0.016026385
0.016484201
0.016978817
0.015649553
0.016122278
0.01630266
0.015361047
0.015636623
0.01537101
0.015344407
0.015248242
0.0145810135
0.014511625
0.014628884
0.014230535
0.014908254
0.015053456
0.013934714
0.014414314
0.014374293
0.014334391
0.013822745
0.014494844
0.013942845
0.013909961
0.013993238
0.014090595
0.014022975
0.01339418
0.013422857
0.013485231
0.013297226
0.013543182
0.01372207
0.013880491
0.013190479
0.014195518
0.014908773
0.013602696
0.014257903
0.0154192345
0.015022484
0.015308133
0.015644157
0.014240071
0.013367049
0.0138243325
0.0134294955
0.013890527
0.014041257
0.013088058
0.014439262
0.015738474
0.014528989
0.01348417
0.013846404
0.013240871
0.012963452
0.013175202
0.0130368285
0.012794375
0.0131858215
0.013266114
0.013218253
0.013211581
0.012776811
0.012688491
0.012951444
0.012875834
0.012591235
0.013007753
0.0132492585
0.013416658
0.012966447
0.012828629
0.012895112
0.012937953
0.012959692
0.0127463015
0.012462328
0.013183393
0.013497497
0.013011063
0.013309526
0.0132020665
0.01252842
0.013534467
0.014051546
0.013038292
0.013267321
0.013745938
0.01281739
0.012895237
0.013522414
0.012836252
0.012872194
0.013291112
0.012581383
0.012767267
0.013167431
0.012429935
0.012962368
0.013640848
0.012788228
0.012524853
0.012900367
0.012393323
0.012683739
0.012960018
0.012321521
0.012948786
0.013586942
0.012710284
0.012387026
0.012673761
0.012250428
0.01267676
0.013019434
0.012316155
0.01263146
0.013050015
0.012334257
0.01249357
0.012905229
0.012239233
0.01252136
0.01298396
0.012274566
0.012357491
0.0127588855
0.0121368645
0.01245974
0.012895327
0.012178886
0.012360443
0.012869884
0.01218985
0.012232959
0.012634049
0.012040184
0.012399439
0.012938115
0.012211184
0.012090906
0.012434807
0.01193181
0.01242072
0.012963024
0.012185677
0.012015503
0.012338646
0.011866809
0.012335971
0.01284797
0.012095236
0.011997833
0.012463194
0.011984788
0.012110178
0.012521945
0.012076211
0.0119940415
0.0125155775
0.012202181
0.012194451
0.012243205
0.011812791
0.012125519
0.012212682
0.011661378
0.011970463
0.012141958
0.011798177
0.011688034
0.011761318
0.011789933
0.011511142
0.01163869
0.011738926
0.011414018
0.011707279
0.011989075
0.011356939
0.011686129
0.011809039
0.011412926
0.011708927
0.012100798
0.011810187
0.01145951
0.01137701
0.011597879
0.011616883
0.011465746
0.011194136
0.011110619
0.011170521
0.011086595
0.010777292
0.010926411
0.01086397
0.010729437
0.010511175
0.0105888145
0.010448328
0.010112656
0.010050642
0.009916293
0.009735634
0.009501421
0.009340735
0.009364395
0.009103402
0.008929185
0.00894726
0.008770112
0.008619496
0.008537815
0.008537655
0.008204416
0.008302399
0.008400244
0.007990834
0.00806501
0.007663028
0.0079915775
0.0083480915
0.0077594942
0.007258455
0.007857378
0.007720236
0.0071173706
0.007217961
0.007120011
0.006868933
0.007094462
0.0068194107
0.0069156806
0.006808968
0.0066733523
0.0065419595
0.006699091
0.0065865344
0.006336901
0.006179283
0.006293919
0.006213989
0.0062864157
0.0061438032
0.0060111745
0.005853129
0.006194227
0.005967309
0.0058714417
0.0058439136
0.0058394293
0.005707884
0.0058011706
0.0057095713
0.005599993
0.005525594
0.005581148
0.0054813847
0.0055107013
0.005394831
0.0054962286
0.0053993375
0.005441451
0.0053640255
0.0053627356
0.005367238
0.005305793
0.0053517497
0.0052255145
0.005172452
0.0052002347
0.0051430636
0.005168103
0.005115772
0.005057805
0.0049962816
0.005112616
0.0050063827
0.0051483535
0.004950574
0.00522987
0.0051605403
0.004896076
0.005139251
0.004805285
0.004959814
0.0047707534
0.0050434624
0.0048904736
0.0049651945
0.0048610433
0.004878556
0.005380273
0.004797663
0.0053118863
0.0056273327
0.004891008
0.004947081
0.0055688643
0.004849898
0.004871502
0.0055547473
0.0050731394
0.004489103
0.00512897
0.0051187337
0.004664387
0.0046559484
0.0047701946
0.0045708255
0.0044725756
0.004911011
0.004699213
0.004710637
0.004586132
0.0044952612
0.0044444655
0.004454125
0.004310224
0.0046018264
0.004297445
0.004679308
0.004613361
0.0044513396
0.00427131
0.004458357
0.0042424058
0.004300684
0.0042483
0.0041882154
0.004097991
0.004307424
0.0042778836
0.0039596832
0.0039653946
0.004072676
0.0039371443
0.0040566525
0.00400838
0.003955266
0.003926298
0.0039707706
0.0038359594
0.0040106834
0.003965423
0.0038813509
0.0038009696
0.0038391317
0.003768433
0.0037366701
0.0037185943
0.003921421
0.0037069218
0.004131328
0.0041126045
0.0036267352
0.0037140164
0.003640496
0.0036787372
0.0036297394
0.0037165477
0.0037566328
0.0034667917
0.003903127
0.0038531215
0.0037376608
0.003703003
0.0036941518
0.003485006
0.0037296405
0.0035156766
0.003731981
0.0037557434
0.0036716368
0.0036300682
0.003676132
0.0034797343
0.003759561
0.0038695822
0.0033768055
0.0035104637
0.0035068907
0.0034362646
0.003445264
0.003200359
0.0033118848
0.0031366935
0.0036644721
0.0036481454
0.003154359
0.0035287105
0.003329548
0.0035926923
0.0038991624
0.0034126367
0.003312884
0.003364825
0.003319705
0.0032241885
0.0032457344
0.0032089993
0.0031654772
0.003026827
0.0032457255
0.0030605209
0.0032705807
0.003251057
0.0031474682
0.0032182902
0.0030610312
0.0031178445
0.0029822781
0.0031879882
0.002979312
0.0031616248
0.002939447
0.0031541588
0.0032487959
0.002854603
0.0028676938
0.0031225227
0.0028920416
0.003024434
0.0031270802
0.003050713
0.0030977188
0.0029736247
0.0030311448
0.003001283
0.0029746415
0.0030317577
0.0027777376
0.0031506156
0.0033079658
0.002701088
0.0033809058
0.0038759056
0.003544067
0.0028609615
0.0035623237
0.004168218
0.0035648912
0.0031652998
0.0033687754
0.0031432777
0.0031005489
0.0030806593
0.0030537534
0.0029137752
0.003129943
0.002945711
0.0030827178
0.0030429948
0.0030826526
0.0030875553
0.0028629384
0.00293214
0.0027899619
0.003110076
0.0030345656
0.0028596602
0.0030089144
0.0028574795
0.0029165996
0.0028769094
0.002756586
0.0026424564
0.0027082793
0.0025189186
0.0030635644
0.0030022804
0.0026965886
0.0027769126
0.0025560418
0.002826656
0.0024714882
0.0033095197
0.0033883536
0.0027979433
