0.28748986
0.057373032
0.064403825
0.042573545
0.024351979
0.0286898
0.026470786
0.023028634
0.023195453
0.022682324
0.021302678
0.022334844
0.022629006
0.020651832
0.02389934
0.025055258
0.02178938
0.021172568
0.022343447
0.021301227
0.020888573
0.021457037
0.020943413
0.020830872
0.021015868
0.020509712
0.021620715
0.022075241
0.02104654
0.020761613
0.021233907
0.021048388
0.020451067
0.021132752
0.02102963
0.02052775
0.020561477
0.02071593
0.020320527
0.021393502
0.02163279
0.020409115
0.021437109
0.022426566
0.021324491
0.021205619
0.021397168
0.020277323
0.02153462
0.021968806
0.020505594
0.02080694
0.021672383
0.020670392
0.020337326
0.020755285
0.020036886
0.021251598
0.02220194
0.020951042
0.019998394
0.020402225
0.01987484
0.021072239
0.021729797
0.020493886
0.020079754
0.02076122
0.020282023
0.019876847
0.019986443
0.019740298
0.01998271
0.019624867
0.021348963
0.021927042
0.020314163
0.020522604
0.021249114
0.020294031
0.02004245
0.02029553
0.020053374
0.019722028
0.020066043
0.019621776
0.020171965
0.020420015
0.019367466
0.020563759
0.021314604
0.01981997
0.02014906
0.02053755
0.019205516
0.019566927
0.019845268
0.019153595
0.019588964
0.019998169
0.018932136
0.019873286
0.020898664
0.019418295
0.018979186
0.019454138
0.018468894
0.019792393
0.020829195
0.019148491
0.018147139
0.018634485
0.018139716
0.018035056
0.018176412
0.017595278
0.01835139
0.018168787
0.017436659
0.017405484
0.01730038
0.017131476
0.017305497
0.01720012
0.01665129
0.016638694
0.016419852
0.016253455
0.016100565
0.016161019
0.015377876
0.015887855
0.014934868
0.0153132565
0.015251043
0.014866647
0.014841229
0.014590391
0.01478105
0.014651467
0.01476754
0.0140808
0.014277046
0.0146400435
0.013944402
0.013675001
0.014553658
0.01463185
0.015271999
0.014856968
0.014326531
0.01406267
0.01388936
0.013772341
0.013670888
0.01363385
0.013494861
0.013332647
0.013617157
0.013430894
0.013596547
0.013423648
0.013528316
0.013474981
0.013371241
0.013093524
0.013567112
0.013360056
0.013094922
0.013181674
0.013021152
0.012926169
0.013156365
0.012985214
0.013152058
0.012994255
0.012881991
0.012799595
0.012904822
0.012851709
0.012805418
0.012713584
0.012874992
0.012741606
0.012750176
0.0126701
0.01272
0.012671277
0.012550663
0.012475441
0.012711965
0.0125769535
0.012547635
0.012446608
0.012637385
0.01256075
0.012409347
0.012350905
0.012558606
0.012462932
0.012378701
0.012301865
0.012483671
0.01238377
0.012323979
0.012240191
0.012420717
0.012323815
0.012279701
0.012219676
0.012312855
0.012254253
0.012201611
0.012127717
0.012306365
0.012246195
0.01210285
0.012035723
0.012283179
0.012177154
0.012100237
0.012021702
0.012217182
0.012137205
0.012029883
0.011956018
0.01217819
0.012098088
0.011967376
0.01189623
0.012139977
0.012046807
0.011960466
0.011860414
0.012058453
0.011897624
0.012094448
0.012033629
0.011901456
0.011860229
0.012031976
0.011974223
0.011824273
0.011786702
0.011910361
0.011836491
0.011799232
0.011733412
0.011895989
0.011776638
0.011850753
0.011717811
0.011852041
0.011750701
0.01172142
0.011674139
0.011853027
0.011858637
0.011655458
0.0116381915
0.011720967
0.011629134
0.011621737
0.011560439
0.011607646
0.011517829
0.011672889
0.0116032995
0.011598949
0.011431987
0.011755743
0.011580825
0.011550594
0.011523287
0.011511547
0.011463764
0.011539445
0.011462088
0.011445146
0.011365277
0.011484206
0.0114180045
0.011406598
0.011331678
0.011426326
0.011325073
0.011479639
0.011285108
0.011504213
0.011376767
0.011333835
0.011138008
0.011674944
0.011446129
0.011260503
0.01112046
0.011510171
0.011430685
0.0112093985
0.011278681
0.011301227
0.011236477
0.011274755
0.011279419
0.0111095635
0.010982211
0.011313855
0.011151846
0.011133157
0.011145521
0.010966857
0.010884095
0.011231024
0.011152978
0.010937444
0.010885544
0.0110204965
0.010923396
0.011011995
0.011097076
0.010762509
0.010847737
0.011150275
0.011004277
0.010980924
0.011190922
0.010698612
0.011077474
0.01076649
0.011040293
0.011252196
0.011095134
0.01095391
0.011399034
0.011393976
0.011024284
0.011052889
0.010739497
0.011015671
0.010531199
0.010917537
0.010669232
0.011329156
0.0116034495
0.010765933
0.01096407
0.010777806
0.011113048
0.011028896
0.010925025
0.010849674
0.010631367
0.010619681
0.010736771
0.01068272
0.010660318
0.010615617
0.010431234
0.010541861
0.010191789
0.0104041295
0.009980244
0.0105968015
0.010216254
0.010510479
0.010412895
0.010187581
0.009983475
0.01045761
0.010068583
0.0103493035
0.010088031
0.01032504
0.01035393
0.009938728
0.010027971
0.010031375
0.0099867545
0.009914025
0.010263707
0.010075053
0.0101265265
0.010344098
0.009737127
0.009602041
0.009929813
0.009632453
0.009901293
0.009994827
0.009400688
0.009515113
0.009374068
0.009226296
0.009625963
0.009340054
0.009257726
0.009561139
0.009654463
0.009322658
0.010223717
0.010233774
0.009556945
0.0097117415
0.0092219915
0.0094268685
0.009331298
0.009146879
0.009184137
0.008828014
0.009324764
0.009250787
0.009908151
0.009911784
0.009392886
0.00922189
0.009340282
0.00907759
0.009461452
0.009333215
0.009135409
0.00913034
0.0090242475
0.008760701
0.009259448
0.00924774
0.008781689
0.0086076185
0.008694224
0.0085800635
0.008618945
0.008578743
0.008564394
0.008339495
0.0088772
0.008465844
0.008489218
0.008439411
0.008194852
0.008740599
0.008354616
0.00829643
0.008852266
0.008831192
0.008487597
0.008461677
0.008369555
0.008062445
0.008625251
0.008528279
0.008397675
0.008372341
0.008680315
0.008032703
0.008877729
0.009045889
0.007825195
0.008562355
0.008491322
0.008236945
0.007970515
0.008409289
0.008064698
0.007953572
0.009983168
0.009822888
0.008787827
0.009025543
0.008671411
0.008581447
0.008076922
0.007978235
0.008441581
0.008446137
0.00839498
0.008146218
0.007836224
0.0079073915
0.007862274
0.008340607
0.008536986
0.008125094
0.008037449
0.007928905
0.0076370216
0.0075465627
0.007424835
0.0077697583
0.0073989234
0.007971324
0.008042442
0.007300908
0.007522235
0.0071829283
0.0073022083
0.0073561147
0.007035026
0.0074782385
0.007663302
0.007186283
0.006873512
0.0071023405
0.006815176
0.007318966
0.0071366485
0.006887318
0.006946735
0.0068434165
0.0067071095
0.006767688
0.0074393586
0.0069339997
0.00687099
0.0070006214
0.0065862625
0.007143356
0.0069811526
0.007899211
0.0085431235
0.006946909
0.0069681727
0.0074617635
0.0071706786
0.0070055514
0.006755952
0.0070693395
0.0072800056
0.0066987965
0.0073536527
0.0071751066
0.0063410774
0.00662992
0.0070551448
0.006514095
0.006627886
0.0066046915
0.007147522
0.0067681815
0.0063550654
0.006475113
0.0061150156
0.0067218486
0.006746284
0.0067681284
0.006134208
0.0068340036
0.0059866584
0.00676607
0.0065543507
0.006514588
0.006643468
0.0066179815
0.006355994
0.006104818
0.00628305
0.006277221
0.0060939086
0.005918561
0.006023081
0.005861823
0.0058966945
0.0059550577
0.0057198573
0.0059544654
0.005907459
0.005582089
0.0059738425
0.006004717
0.0057851016
0.00577315
0.005728856
0.00551893
0.005823339
0.005708829
0.005581934
0.005659727
0.00537486
0.0055006915
0.0052273306
0.005286654
0.005239714
0.0052128523
0.0051377993
0.005200719
0.0052305697
0.0053680465
0.0067256973
