0.28828642
0.047120392
0.07983429
0.055898905
0.022760376
0.042298358
0.050940137
0.03759266
0.023939652
0.025078071
0.030612558
0.0287031
0.022939181
0.021963313
0.023853714
0.023910686
0.021915795
0.021385476
0.022641107
0.023034954
0.02195777
0.02112656
0.021727717
0.022135982
0.022022055
0.02142992
0.020837734
0.021036074
0.02110976
0.020788537
0.020688953
0.020841876
0.020649396
0.020469017
0.020677662
0.020566352
0.020540515
0.020240728
0.020413559
0.020487165
0.020053059
0.019944115
0.019691939
0.020028876
0.019683255
0.01963263
0.01944864
0.019380286
0.01918095
0.019406648
0.01922808
0.019159414
0.01912667
0.019059775
0.018999642
0.019234926
0.019158617
0.018944757
0.018942265
0.018967288
0.018834908
0.019058092
0.01898505
0.01872598
0.018696988
0.018796049
0.01867388
0.018816179
0.018812448
0.018525647
0.018457001
0.018978035
0.018882485
0.018341837
0.018268935
0.018449228
0.01819032
0.018149825
0.018004121
0.017637333
0.017523581
0.0175515
0.016967202
0.018363142
0.018647823
0.017363885
0.017219719
0.01761222
0.017600572
0.016417395
0.01609587
0.016204568
0.015404294
0.01567291
0.015368733
0.015069239
0.015049023
0.014810294
0.014749306
0.014670248
0.014673978
0.014151514
0.014581221
0.014675491
0.01380435
0.0139266625
0.013919871
0.013473034
0.014151354
0.014361817
0.013522548
0.013751987
0.013857913
0.013863747
0.013129423
0.014987494
0.015537615
0.013874554
0.014409088
0.01410187
0.013335466
0.013914035
0.013433252
0.013471884
0.01353469
0.012852038
0.013381552
0.013186528
0.012733418
0.012798942
0.012570555
0.012550384
0.012331762
0.012567262
0.012554899
0.012116779
0.012136072
0.012212913
0.011851077
0.012039217
0.011677005
0.012218602
0.012410353
0.011727997
0.011746562
0.0119324
0.01173215
0.011548844
0.0115023395
0.011408863
0.011390053
0.0110611245
0.011669941
0.011547881
0.01109216
0.011145177
0.011190403
0.010933842
0.011194929
0.011087057
0.010883142
0.010644604
0.01129736
0.011108509
0.011099849
0.01120765
0.0108352825
0.010724775
0.010913405
0.010735796
0.010649693
0.010666098
0.010721706
0.010592639
0.010707363
0.010568835
0.010727198
0.010600947
0.010481052
0.010466297
0.010504807
0.010417928
0.010566421
0.010503161
0.010397966
0.010328993
0.010495697
0.0103310775
0.010577743
0.010605733
0.010199118
0.010198533
0.010528722
0.010438827
0.010228535
0.0102435425
0.010231162
0.010147701
0.010332798
0.01026637
0.010165001
0.010121695
0.01024947
0.010150064
0.010224427
0.010190502
0.010079279
0.010033268
0.010243556
0.01020964
0.010000242
0.009956122
0.010316855
0.010236867
0.00994727
0.010053722
0.009897678
0.009833603
0.009935586
0.009812032
0.010392404
0.010206435
0.01006371
0.010206665
0.009949814
0.010099336
0.010093186
0.0102123795
0.009937593
0.010312117
0.010252385
0.009993494
0.009947453
0.009920506
0.009803122
0.010107455
0.010059436
0.009899095
0.009849361
0.009944319
0.009811009
0.009942096
0.0099542625
0.009930988
0.009897147
0.009846126
0.009828311
0.009738797
0.009662976
0.009717309
0.009658058
0.00970767
0.009668955
0.009589368
0.009791127
0.009674455
0.00953091
0.009576804
0.009455067
0.009905542
0.009642434
0.01039743
0.010657328
0.009704083
0.010160453
0.010336751
0.010001163
0.009887226
0.009744688
0.009885429
0.009782348
0.0095271105
0.009706359
0.009583156
0.009625402
0.009621843
0.009810666
0.009556758
0.0099628605
0.009905097
0.009529132
0.0097370865
0.00964876
0.00953151
0.0094689755
0.009512794
0.009392667
0.009553488
0.009520248
0.0095325885
0.009383415
0.0094535565
0.009447326
0.009341806
0.009501249
0.009267884
0.009938986
0.009932815
0.009359569
0.0094768675
0.009369945
0.009405385
0.009296931
0.00928948
0.009213877
0.0091891205
0.009098186
0.009392264
0.009432812
0.009196827
0.009243821
0.009252674
0.009185391
0.009100339
0.00909832
0.009090174
0.009250243
0.009090308
0.009080276
0.009218833
0.008944207
0.009712884
0.009735961
0.009584558
0.009285957
0.009142075
0.009085632
0.00898033
0.008905358
0.009002418
0.008896458
0.009063288
0.008844837
0.009133345
0.008927564
0.0091514075
0.009324882
0.008776742
0.008890354
0.008777569
0.008857913
0.009017874
0.008487495
0.009456396
0.00998658
0.0091931345
0.009114488
0.009094168
0.009062204
0.008848653
0.009049987
0.009004572
0.009434562
0.009211235
0.008682421
0.008642528
0.008857218
0.008567149
0.009195559
0.009279835
0.008742451
0.0087792715
0.008665056
0.008732045
0.008659028
0.0085026575
0.008454275
0.008366615
0.008198891
0.0083346525
0.008360316
0.008165016
0.008217172
0.0082247
