0.28827623
0.053664774
0.066464275
0.043704256
0.022961646
0.03329839
0.033858996
0.024394995
0.02431591
0.027074223
0.025320897
0.021677129
0.023486985
0.025022894
0.02393662
0.021628575
0.021915564
0.023255235
0.022628685
0.021186555
0.021147976
0.021814356
0.021312384
0.020745864
0.021027254
0.02105555
0.02118458
0.020563006
0.020857245
0.021130165
0.020928463
0.020487737
0.020597022
0.020601237
0.020687416
0.0204566
0.020090984
0.02008574
0.020116882
0.019896118
0.020279039
0.020104283
0.019774934
0.01984051
0.019661507
0.01962518
0.019793823
0.01960629
0.019948779
0.019947508
0.01941338
0.019377178
0.019521153
0.019347047
0.01969474
0.019731484
0.019243157
0.019648267
0.019546574
0.01922461
0.019152177
0.019115197
0.019058848
0.01884675
0.01879572
0.018996187
0.018570622
0.019288858
0.019217143
0.01844138
0.018239455
0.01846403
0.018077135
0.017630806
0.017483262
0.017368121
0.01712808
0.017011372
0.017398488
0.01712825
0.016974673
0.016807823
0.016819803
0.016477974
0.016897758
0.016691802
0.016672218
0.016502919
0.016030075
0.015990665
0.015955182
0.01566403
0.015876599
0.015681935
0.015562554
0.015463424
0.015550974
0.015265613
0.01531871
0.015169757
0.014874719
0.014700367
0.01486687
0.014725395
0.014597133
0.014551648
0.014294657
0.014381881
0.014079691
0.014140169
0.014105325
0.013820194
0.014213412
0.013855291
0.013889648
0.013924112
0.013509302
0.014100735
0.014360208
0.0135311745
0.013907359
0.014726753
0.014263739
0.013267572
0.013856757
0.013833232
0.013369487
0.013283421
0.013401486
0.013255761
0.012944649
0.012997377
0.01287206
0.012672983
0.012911439
0.012595166
0.0126790665
0.012920584
0.012417864
0.012915429
0.013505929
0.013290881
0.012387724
0.013051248
0.01347775
0.013249711
0.012793685
0.012320288
0.01251742
0.012355897
0.011906214
0.01228565
0.012232046
0.01183067
0.012196172
0.012118253
0.011824127
0.011813735
0.011839402
0.011546346
0.011451211
0.0114063695
0.0111721745
0.011304512
0.011413127
0.011186085
0.011317582
0.011085357
0.011579285
0.011086133
0.011993173
0.012150225
0.010942526
0.011347416
0.0109097585
0.011812922
0.011814043
0.010665861
0.011938103
0.011825039
0.010789089
0.01084358
0.01041206
0.010310367
0.010482554
0.01018244
0.010516594
0.010308453
0.010219597
0.009957717
0.010677089
0.010792655
0.009628789
0.009943022
0.009875045
0.009702332
0.00945763
0.009304418
0.009762374
0.009662398
0.009448393
0.009301002
0.0091996845
0.009254324
0.008952192
0.0091052735
0.008953303
0.0088674305
0.009100008
0.00894471
0.008636317
0.008561669
0.008695476
0.0089460155
0.008562603
0.009811698
0.009423968
0.00897085
0.00908024
0.008695613
0.008446458
0.008527863
0.008309259
0.0091539435
0.008797958
0.008510197
0.008404183
0.008244101
0.00821403
0.00847501
0.008275696
0.008079092
0.0080684805
0.0081008645
0.007882002
0.008299059
0.00820494
0.007791666
0.007733567
0.007991935
0.007877078
0.007823338
0.0077334815
0.00770287
0.007582678
0.00783578
0.007683432
0.0075817355
0.007461911
0.0077251424
0.007605151
0.007403726
0.0072874427
0.0076315366
0.0074886694
0.0073370077
0.0072325207
0.007485544
0.007378839
0.007223586
0.0071752095
0.0072043785
0.007063987
0.0073788688
0.0072694845
0.00703028
0.006962642
0.0071885292
0.007079234
0.0070013567
0.006930458
0.0070304982
0.006936386
0.0069840592
0.0069228504
0.0068624127
0.0067861215
0.006977538
0.006881658
0.0067456462
0.0066447468
0.0069986074
0.0069154534
0.0065869153
0.006540688
0.0068642013
0.0067465976
0.006628023
0.0066782213
0.0064222612
0.006342359
0.0071336688
0.006810751
0.006693858
0.006822889
0.0063116145
0.0066927937
0.006580913
0.006400965
0.0068754093
0.006540686
0.00666898
0.0065240525
0.0064814477
0.0069951974
0.0065314234
0.007081839
0.0068861735
0.007299052
0.0072851777
0.006815026
0.0067635053
0.0069748913
0.00662926
0.0066391267
0.006681359
0.006504928
0.0064342986
0.006476482
0.006369356
0.006576205
0.006298831
0.0066367723
0.0063814907
0.006860512
0.0069635264
0.0061531067
0.007013677
0.0069481637
0.006367003
0.0066456734
0.006213721
0.006204898
0.006113259
0.006089332
0.0063324063
0.0061672516
0.0059918766
0.006120105
0.006031683
0.005916866
0.005922875
0.0058290972
0.005737332
0.005883644
0.0057170647
0.005887637
0.0057473346
0.0056212335
0.0056237043
0.005677817
0.0056846044
0.0055033895
0.0055623464
0.0057881013
0.0055422834
0.0056465208
0.005601231
0.005671846
0.005574848
0.0056453696
0.005542816
0.0055159596
0.0055113733
0.005405256
0.0054922528
0.005541144
0.0053614187
0.0052672043
0.0052957884
0.0052357563
0.0053300485
0.0051773824
0.0057538436
0.005828721
0.0057940423
0.005332597
0.006217701
0.0058151167
0.0055082454
0.0054468415
0.00562118
0.0054947473
0.0057101934
0.005636657
0.005270964
0.005415041
0.0052851425
0.005167685
