0.28770432
0.10116148
0.065777384
0.036409285
0.025384562
0.027291626
0.022645831
0.026576584
0.02640585
0.021743126
0.026091928
0.02865819
0.023397228
0.023495102
0.024685698
0.022744143
0.023174034
0.023230566
0.02144707
0.021961039
0.02276466
0.021274516
0.020927995
0.02147307
0.020619193
0.021138104
0.021655252
0.02090285
0.020589218
0.020969763
0.020682992
0.020480596
0.021025626
0.020586094
0.020774188
0.020886095
0.02070293
0.020408094
0.02067922
0.020551568
0.020392107
0.020362083
0.020314788
0.02021685
0.020148957
0.020292321
0.020293174
0.020059468
0.020520056
0.020466013
0.020119997
0.020125704
0.02029785
0.019992715
0.02058558
0.020783076
0.020006811
0.02058017
0.02075808
0.020278057
0.020163355
0.020049155
0.020232769
0.02004583
0.019768186
0.020069875
0.019887595
0.0197628
0.019719282
0.019832233
0.019610548
0.01996922
0.01995389
0.019486977
0.019944822
0.019871755
0.019408459
0.019927686
0.019745158
0.019397194
0.019385891
0.019393498
0.019270068
0.019412478
0.019362954
0.019256841
0.019244762
0.019144535
0.019237814
0.018971542
0.019483803
0.019553075
0.018929066
0.0197261
0.020277474
0.01932923
0.018946135
0.019216694
0.018857973
0.01920001
0.019446721
0.019028677
0.01882239
0.018909516
0.01882005
0.018755672
0.01866112
0.018619677
0.018649796
0.018744975
0.018583423
0.018535601
0.018616728
0.018486252
0.01837623
0.018572386
0.018480396
0.018472096
0.018591667
0.01837325
0.018573008
0.01885231
0.018775439
0.018293748
0.019218586
0.019067496
0.019470869
0.019219365
0.018269502
0.0184658
0.018803513
0.018717563
0.018380083
0.018125491
0.018053433
0.018747745
0.018467372
0.019236945
0.019157013
0.0179504
0.017820545
0.018160375
0.017742187
0.019010505
0.019477775
0.017791025
0.020040331
0.021325266
0.01953054
0.018459879
0.019001475
0.018210975
0.018139444
0.018500483
0.017786877
0.018340634
0.018352952
0.017824171
0.018015979
0.017712383
0.01851882
0.019080995
0.017382327
0.01857268
0.019572644
0.018493177
0.01793918
0.018369876
0.017758459
0.01825973
0.018715138
0.017470777
0.018025119
0.018751023
0.01781871
0.017432
0.01774962
0.017168658
0.018093137
0.018809732
0.017641751
0.01724155
0.01761225
0.01713013
0.017746061
0.01869929
0.017300393
0.017291628
0.017843587
0.017519543
0.017289856
0.018144729
0.017949594
0.016982146
0.017528398
0.01760432
0.017162858
0.016941214
0.017102322
0.017014274
0.016779268
0.01699429
0.016988818
0.017112343
0.01682771
0.016746737
0.016775476
0.01661441
0.01649523
0.01675537
0.016649747
0.016417542
0.016290966
0.016595898
0.016598502
0.016165128
0.016108233
0.016347036
0.016199807
0.016098443
0.016030397
0.016155431
0.01604824
0.015876649
0.015794007
0.015994197
0.015958818
0.015613474
0.0155118955
0.015727812
0.015601185
0.015358594
0.015227668
0.015355174
0.015097135
0.015237388
0.015149005
0.014753676
0.014630039
0.014978732
0.014727246
0.0145992115
0.01471364
0.014219239
0.014371917
0.014045723
0.014016858
0.014154848
0.013902572
0.014890775
0.015438977
0.013775463
0.015670137
0.01683726
0.01650765
0.014705007
0.015053364
0.014970548
0.014643398
0.014292873
0.014254999
0.014607549
0.014219403
0.014093131
0.013912812
0.013818368
0.013718709
0.013471462
0.013392474
0.01354668
0.013380632
0.01363704
0.013610807
0.013228744
0.0131035475
0.013060589
0.012848276
0.013139381
0.012815699
0.013576689
0.013903131
0.012786011
0.014522895
0.016083725
0.014520444
0.012753893
0.013489373
0.013645937
0.013104622
0.012862548
0.012883417
0.012660175
0.012819531
0.012582297
0.0131577505
0.013491251
0.012776052
0.012697506
0.013379574
0.012732838
0.012544324
0.0124688065
0.0125293145
0.012528218
0.012294338
0.012311029
0.012360096
0.012383086
0.012179119
0.012395647
0.012344241
0.012083043
0.012093872
0.012223311
0.012081146
0.0121929245
0.012294042
0.012012067
0.012677883
0.012781147
0.012995186
0.013092597
0.012433519
0.012073178
0.0123397885
0.013164632
0.01270246
0.012102395
0.012064081
0.012555428
0.012493405
0.012579587
0.012373696
0.012407255
0.01222228
0.012745645
0.013084157
0.012448028
0.012591869
0.012426771
0.012416962
0.012473539
0.01208366
0.011986919
0.01203782
0.011913426
0.012117639
0.012076152
0.0119286375
0.011910076
0.011851805
0.011874459
0.01194451
0.011960181
0.011760223
0.011973356
0.011947143
0.012102119
0.011941507
0.012118772
0.012120235
0.011887312
0.0117530795
0.011834807
0.011817918
0.011991861
0.011901413
0.011756933
0.011746764
0.011820112
0.011745109
0.011740047
0.011706591
0.011774213
0.011676699
0.011800923
0.011730243
0.011749238
0.011646993
0.011788264
0.0116714565
0.011734302
0.011629152
0.011758413
0.0117359
0.011622277
0.01165454
0.011641485
0.0116231395
0.011651796
0.011603809
0.011642558
0.011577167
0.011622858
0.01157181
0.011585544
0.011551164
0.011529797
0.011481564
0.011590128
0.011527029
0.011535752
0.011482425
0.011560798
0.011505224
0.011513981
0.011451331
0.011537939
0.011447175
0.011553697
0.01144806
0.011500798
0.011381353
0.011611017
0.011525233
0.011386151
0.011334491
0.011601448
0.011538264
0.011312231
0.0112796975
0.011641848
0.011579532
0.011315979
0.011419017
0.011308368
0.01138444
0.011331491
0.011291374
0.011692251
0.011465907
0.011444058
0.011259365
0.011609607
0.011621781
0.011207278
0.0113763735
0.011119473
0.011288442
0.011221517
0.011167905
0.011067194
0.011292294
0.011198394
0.0112231
0.011209667
0.011087608
0.011123135
0.011127687
0.011114779
0.010949027
0.011383578
0.0110787945
0.0114374645
0.011532941
0.011943709
0.011881709
0.0115695
0.01112723
0.011264607
0.011040536
0.011068501
0.011395694
0.011170771
0.010973297
0.011202723
0.011104524
0.010852143
0.010931524
0.010973118
0.0106860595
0.011215813
0.011218924
0.011636402
0.011333123
0.010814893
0.01069206
0.011285141
0.010836559
0.011173248
0.011141132
0.011192687
0.011094418
0.010760236
0.010545469
0.011406803
0.011246875
0.010854178
0.010813397
0.0106902225
0.010448745
0.011157366
0.011220362
0.0106079625
0.011361278
0.010978886
0.011143662
0.011398591
0.011266024
0.010764656
0.010897209
0.010823193
0.01066105
0.010688723
0.010494742
0.010970646
0.0104385065
0.010735139
0.010823597
0.010763581
0.0107516525
0.011150103
0.010799269
0.01060084
0.0106513165
0.010409986
0.010253113
0.011015496
0.010790826
0.010627582
0.010575354
0.010248937
0.0101941
0.010583431
0.010341027
0.010887922
0.01094384
0.010453957
0.010269041
0.010731112
0.010427904
0.010545634
0.010559534
0.01049796
0.010448511
0.010417844
0.010252692
0.010162259
0.010113269
0.010302317
0.010196294
0.010358721
0.010208919
0.010110264
0.010004391
0.010636826
0.010598059
0.0099012805
0.010636948
0.010490388
0.010407097
0.010460501
0.009947118
0.010217731
0.010117899
0.010056953
0.01019341
0.010260633
0.010350574
0.010270768
0.01090801
0.011243399
0.010639787
0.011106524
0.011907081
0.010533184
0.010950841
0.011955096
0.011142354
0.010391268
0.010744696
0.010913809
0.01058003
0.01038535
0.010647085
0.010470183
0.010009502
0.010680278
0.010740333
0.009912562
0.010856524
0.011410608
0.010332172
0.0104900645
0.011375942
0.010648991
0.010202783
0.010723755
0.010233373
0.010478604
0.010758911
0.010069652
0.010363192
0.010786071
0.00994476
0.01016314
0.010608164
0.009828513
0.010302826
0.010809384
0.010030855
