0.28885832
0.057626087
0.07687037
0.04594472
0.02381731
0.03433181
0.030983135
0.022158021
0.033053264
0.03807955
0.028823465
0.022170437
0.025327543
0.025670603
0.022671724
0.022714743
0.024197713
0.022722423
0.021635244
0.022784634
0.022386566
0.021635076
0.021626033
0.021857945
0.02113801
0.022541327
0.023045925
0.021253727
0.022011166
0.022947162
0.021563118
0.021340081
0.021492511
0.020974116
0.021125758
0.020942258
0.020709617
0.020633774
0.020708056
0.020360244
0.020716883
0.020533191
0.020409035
0.020522464
0.020364568
0.020250933
0.020417301
0.020190896
0.020496853
0.020503858
0.020127134
0.020180771
0.020210454
0.01997529
0.020280326
0.020278515
0.019803727
0.019989781
0.019844197
0.019778354
0.019729726
0.019590989
0.019518062
0.01943382
0.019244125
0.019167507
0.018980047
0.019029416
0.018746404
0.018621346
0.018453553
0.018139409
0.018025748
0.01787816
0.01826938
0.018065961
0.017879779
0.017747901
0.01781798
0.017825143
0.017747262
0.017637087
0.01760515
0.017586378
0.01765406
0.01752159
0.017560447
0.017521197
0.017433511
0.017453436
0.017415546
0.017422289
0.017284745
0.017582344
0.017491348
0.017342098
0.017380739
0.017289566
0.017260324
0.017230287
0.017242214
0.017165864
0.017175825
0.017081479
0.017214937
0.017204313
0.01700448
0.017009158
0.016908739
0.016991146
0.016825834
0.017103063
0.01715633
0.016756095
0.016800692
0.01698483
0.016698705
0.016783856
0.016683316
0.016404549
0.0173113
0.016648421
0.016934508
0.016215451
0.017507518
0.017162489
0.016711377
0.016254524
0.016169112
0.016123421
0.016006192
0.016132953
0.01573828
0.015363112
0.015249717
0.0151724
0.014941557
0.014878488
0.015058388
0.014586844
0.014394986
0.014171583
0.014097559
0.014203436
0.01374806
0.013904191
0.013947155
0.013597763
0.013755076
0.013227959
0.01365316
0.013167988
0.013710027
0.012780014
0.012966824
0.012898676
0.012341333
0.012573597
0.012022485
0.012505022
0.012350321
0.012210157
0.011528957
0.012368705
0.012133484
0.011323705
0.011340388
0.011104009
0.010928956
0.01082589
0.010792955
0.0103190355
0.010112916
0.010187385
0.009717441
0.010128419
0.010013885
0.00972286
0.00916716
0.010322206
0.0099712545
0.008799656
0.00906984
0.008670862
0.008602747
0.0088053355
0.0088917585
0.008091386
0.008509855
0.008149422
0.007674422
0.0075736023
0.0078087696
0.007480376
0.007324754
0.007116301
0.0075238687
0.007648001
0.00706651
0.007418353
0.0072888546
0.00690183
0.006771729
0.0067756213
0.0065305955
0.0066865184
0.0066008703
0.0062418543
0.006510146
0.00634747
0.006314364
0.006125119
0.0060791993
0.006049692
0.00603605
0.0059257816
0.006173648
0.005744451
0.0062142634
0.0060034953
0.006080745
0.0061555714
0.0061656437
0.0060100094
0.006026829
0.006122409
0.0057301917
0.0057874634
0.0057116835
0.0054485477
0.0055384957
0.005398975
0.00573482
0.0055740657
0.0055618174
0.0055317325
0.0052706883
0.0052413284
0.005311347
0.0051572896
0.00527692
0.005128864
0.005277132
0.0052202367
0.005156014
0.0050680004
0.005093482
0.005126811
0.0047943243
0.0048107454
0.005085112
0.004748375
0.0065817586
0.0067615756
0.005068121
0.006672731
0.007981501
0.0064909696
0.0065033906
0.0073061627
0.006315159
0.005536484
0.005804591
0.0055968016
0.0051734746
0.0052405507
0.0050734417
0.0052347234
0.0051746815
0.005000903
0.004989714
0.005041662
0.004902355
0.004753817
0.0048864633
0.004772362
0.004810422
0.0047188983
0.004987451
0.0048032342
0.004751622
0.0046941047
0.0048143724
0.004541063
0.0048155016
0.00485892
0.004602658
0.0045460216
0.004566258
0.004544458
0.004438576
0.0043480857
0.0046198294
0.0044544428
0.0044379365
0.004364461
0.0043944637
0.0043552597
0.004411569
0.0043478645
0.004278065
0.0042485916
0.0041933022
0.0041125654
0.004295397
0.004186643
0.0042806542
0.004282179
0.0040962067
0.0042316793
0.003993905
0.0042523616
0.0039218427
0.004921922
0.005206268
0.004101296
0.005352048
0.006311381
0.0054578497
0.0046771243
0.0047467393
0.00483577
0.0047264304
0.0044296314
