0.2877656
0.059604954
0.054802638
0.033840418
0.030757904
0.027209898
0.024491811
0.025297001
0.024370188
0.0223137
0.022352898
0.022804057
0.021652928
0.021316342
0.021796724
0.020971255
0.021311028
0.021650195
0.020853644
0.021322893
0.02183436
0.02128295
0.020795075
0.021088162
0.02103254
0.020638732
0.021325162
0.021483839
0.020816274
0.021004438
0.021385668
0.020934194
0.020858383
0.020999918
0.02084992
0.02082248
0.020662423
0.020845154
0.02075404
0.02053804
0.020560252
0.02056723
0.020607704
0.020390855
0.020422252
0.020340262
0.020682901
0.020484013
0.020789146
0.020466903
0.020771855
0.020920767
0.020232039
0.020789104
0.020987174
0.02032301
0.020490875
0.020649431
0.02022665
0.020392507
0.020438356
0.020013206
0.020542145
0.020726021
0.020042434
0.020405939
0.020796372
0.020157991
0.020040894
0.020340234
0.019923802
0.019987684
0.02020438
0.01976289
0.019933505
0.020141816
0.019608827
0.01982929
0.020102378
0.019441634
0.019341553
0.019432215
0.018799076
0.018984022
0.01898179
0.018301316
0.017829413
0.018046213
0.017914236
0.017678633
0.01763526
0.017370129
0.017254448
0.017140934
0.017095715
0.01697664
0.0167237
0.016744623
0.016612494
0.016495267
0.016128344
0.01601398
0.015958702
0.016187362
0.016092865
0.015744766
0.017443223
0.01752293
0.015218574
0.017497716
0.019171307
0.01771339
0.01600729
0.016151438
0.016872784
0.016352125
0.015482809
0.015129041
0.0153706325
0.014884591
0.015099225
0.015244444
0.015030379
0.014586103
0.014843232
0.014919984
0.014534913
0.014502298
0.014599235
0.014329554
0.014543645
0.0146311
0.014255707
0.014100884
0.014432353
0.014171545
0.014166896
0.014293407
0.014188345
0.013968657
0.013838644
0.013783854
0.013707829
0.013612416
0.013805263
0.01357326
0.013791108
0.013692287
0.013349528
0.013226457
0.013358601
0.013256803
0.0133009255
0.013217407
0.013031725
0.012910403
0.01305751
0.012958877
0.012786259
0.01267996
0.012714975
0.012549979
0.012621522
0.012503743
0.012473394
0.012443443
0.012294605
0.012171269
0.012311418
0.012157191
0.012140334
0.012027743
0.012112048
0.011962504
0.011878607
0.01172001
0.01187929
0.011747305
0.011628549
0.011529714
0.01162799
0.011345327
0.01158629
0.011476994
0.011199282
0.011180692
0.011096224
0.010963914
0.011065151
0.010856395
0.011203706
0.011033495
0.010884992
0.010696956
0.01116505
0.010900431
0.010851689
0.010792802
0.010637929
0.010568216
0.010806336
0.010770629
0.010581054
0.010631579
0.010525445
0.010439702
0.010612197
0.010626561
0.010297002
0.010389359
0.010246371
0.010230643
0.010240114
0.010246801
0.010233704
0.01016017
0.010027811
0.010505398
0.010142823
0.010695286
0.010870635
0.009959736
0.01064704
0.010669743
0.010094038
0.01032252
0.010441172
0.009892571
0.010518764
0.0105156
0.009726081
0.010419569
0.010563907
0.009966425
0.010011858
0.010175291
0.01001628
0.00987666
0.00969444
0.009825456
0.009608343
0.009717856
0.009646602
0.009434844
0.009470399
0.0096350135
0.009402965
0.00938055
0.009318517
0.009495372
0.009248573
0.009912016
0.009989738
0.009542267
0.009412311
0.009571212
0.009207723
0.00954127
0.009255166
0.009822603
0.009886031
0.009659638
0.0097965365
0.009456356
0.009582776
0.009329566
0.009474338
0.009721373
0.009198174
0.009398688
0.009447119
0.009227727
0.009125569
0.009094409
0.009103174
0.008970345
0.008916439
0.008878856
0.008802778
0.008834027
0.0087534385
0.0087925615
0.0086946115
0.009173778
0.009243648
0.008979851
0.00891222
0.008739531
0.008931278
0.0087451795
0.008596945
0.008863998
0.008744921
0.008506806
0.008566643
0.008496714
0.008416329
0.008563501
0.008416298
0.008512189
0.008517785
0.008337386
0.008467898
0.008237112
0.008641449
0.008516475
0.008574858
0.008640997
0.008528436
0.008198335
0.008771415
0.0085270135
0.008376176
0.008312028
0.008405701
0.008235574
0.00825863
0.0082897395
0.008103366
0.007937773
0.0082430905
0.008083079
0.008183812
0.008036587
0.00822689
0.008011944
0.008177613
0.008172506
0.007876316
0.007814285
0.008223585
0.008054323
0.007793017
0.007730091
0.007995413
0.007867173
0.007880432
0.007786235
0.007826536
0.0077602523
0.007774312
0.0077305734
0.007773942
0.0076779104
0.0076913754
0.007568645
0.007849041
0.007879249
0.0074457745
0.007409347
0.0077283713
0.0076536895
0.0074314238
0.0073247054
0.0076135336
0.0074980943
0.0073952377
0.0072786245
0.007530357
0.0073723295
0.0073945723
0.00723871
0.0075384285
0.0073642167
0.0073074778
0.0071965735
0.0073984577
0.0074117146
0.0070686475
0.0070622577
0.0071021984
0.007012131
0.007286306
0.0069747902
0.007361284
0.007216761
0.0069070435
0.0068645678
0.007092522
0.00690888
0.0070326864
0.006932322
0.00688174
0.0068080523
0.0068193204
0.006653231
0.0065921503
0.0066841594
0.006460355
0.007122777
0.0069338772
0.006806206
0.0067375917
0.0069528758
0.006642472
0.0070364126
0.007090504
0.0065028067
0.0065377303
0.0065695965
0.006341714
0.006686674
0.0064380965
0.0068307244
0.0067867315
0.006244
0.006140346
0.0063327127
0.006072407
0.0063121556
0.006117633
0.0061790408
0.006170793
0.00599674
0.0060689007
0.005900156
0.0059695044
0.0059943055
0.0058058775
0.005863854
0.0057334625
0.00608975
0.005880104
0.0058604344
0.0060535152
0.0056389286
0.0066607385
0.0066185207
0.0067739114
0.006747504
0.0058398433
0.00590495
0.0059973802
0.005650776
0.0060360376
0.006109771
0.006461738
0.005941955
0.0061670044
0.0062788785
0.006198919
0.006046914
0.00545872
0.005432403
0.00557231
0.0053856038
0.0052955546
0.0056868475
0.005538158
0.0059157996
0.0054244325
0.0068722833
0.0074091554
0.005591385
0.0067696217
0.007229939
0.006183879
0.006170725
0.005704095
0.0063845697
0.0063900626
0.005326953
0.0055037816
0.0051048403
0.0050625424
0.0053300224
0.00486424
0.005203271
0.0053693415
0.004921339
0.005259492
0.0056766053
0.0052638054
0.005091695
0.005140433
0.00560364
0.0048430264
0.006592611
0.007176921
0.0056510777
0.005890949
0.0054488163
0.0056410567
0.005755922
0.0049788733
0.005134486
0.004757033
0.0050708423
0.0047059846
0.0045375396
0.0052237646
0.0049000126
0.0054889475
0.0053958334
0.004620665
0.004546652
0.005131176
0.0047090356
0.005131996
0.0052646757
0.004448814
0.0043185237
0.0052162833
0.004880304
0.0051672473
0.005348136
0.004257913
0.00425329
0.004747355
0.0042105857
0.005875137
0.006186545
0.0043033813
0.006844858
0.0077500516
0.0059554637
0.0060335696
0.006395832
0.004724994
0.0065637897
0.007754408
0.0053248764
0.0057568424
0.0069313576
0.005153552
0.005395191
0.006083594
0.0045907693
0.0059848703
0.006950904
0.0048262854
0.0057111154
0.0073838835
0.0056148954
0.0046022306
0.00543179
0.0044731298
0.005349522
0.0059188395
0.0044012424
0.005628901
0.0068080067
0.004990416
0.0048545604
0.0056965915
0.0047144056
0.0049196314
0.0054885857
0.004565425
0.0049806507
0.0052615833
0.004455758
0.0048624775
0.0050291084
0.004487643
0.0045492034
0.0043991874
0.0046608527
0.0043248455
0.0043904884
0.0044199666
0.0040824735
0.00410373
0.004144357
0.003893621
0.0041787853
0.0038428195
0.0048208633
0.0048005036
0.0040099067
0.00420052
0.0042341338
0.0040030666
0.003997584
0.0038929842
0.0038086257
0.004077035
0.0038782272
0.004026353
0.0040736888
0.004108928
0.0038819362
0.0042676292
0.004062011
0.0039639357
