0.2868465
0.046488356
0.06795763
0.049043566
0.021749035
0.04654801
0.05386166
0.035394315
0.023070866
0.025592871
0.028997129
0.026877997
0.023247905
0.021117097
0.024189504
0.024462646
0.020916084
0.021691889
0.023081422
0.022352368
0.02135943
0.02053115
0.02033063
0.021131406
0.020684643
0.019279039
0.020907449
0.021576816
0.020755202
0.020255528
0.019133573
0.019137386
0.019790003
0.019267654
0.018980058
0.018438267
0.018658055
0.018920572
0.018389825
0.01822134
0.01791006
0.018496824
0.01866523
0.017797904
0.01762482
0.017639272
0.017120915
0.017645463
0.017218003
0.01772795
0.017373221
0.017524367
0.017436013
0.016720958
0.016464828
0.016766043
0.01658454
0.017020052
0.016768992
0.016188463
0.016021587
0.016654342
0.016472036
0.015823053
0.015750796
0.016103616
0.015803585
0.015683243
0.015647441
0.015544831
0.015366219
0.015552451
0.015406735
0.015199994
0.015102907
0.015319034
0.015227355
0.015025231
0.014972478
0.015030731
0.014842401
0.015202697
0.015159703
0.014749813
0.01467621
0.015159082
0.015070591
0.014733411
0.014614087
0.014898297
0.014726006
0.014964412
0.014961488
0.01471251
0.014664841
0.014749329
0.014527984
0.0149729
0.014928409
0.014458708
0.014466931
0.014627407
0.014505055
0.01476898
0.014732284
0.014519051
0.014493536
0.014555345
0.014424666
0.014502759
0.014464322
0.014313243
0.01425868
0.01453567
0.014460862
0.014351142
0.0143074095
0.014386195
0.014184202
0.014600304
0.014401362
0.014241576
0.014138348
0.014374852
0.014178918
0.014328026
0.014326627
0.014066502
0.014059172
0.014197527
0.014115605
0.0141479
0.014123277
0.014021881
0.013945957
0.014130257
0.014054157
0.013941904
0.0139112575
0.01396884
0.013871578
0.014006934
0.013948468
0.01384417
0.013770706
0.014002395
0.01392145
0.013782844
0.013741662
0.013920757
0.013873645
0.013730955
0.013690288
0.013880267
0.013826706
0.01367341
0.013641693
0.013823333
0.013744137
0.013708214
0.013688943
0.0137133
0.01367053
0.013705327
0.013648947
0.013753
0.013662867
0.013728611
0.013607896
0.013768752
0.01357963
0.013853957
0.013738983
0.013603655
0.013560054
0.013716329
0.013625781
0.013599257
0.013573361
0.013582823
0.013554908
0.013585013
0.013553858
0.0135456035
0.0135086
0.0135189
0.013478526
0.013491397
0.013440478
0.013503056
0.013458322
0.013443087
0.013376679
0.013502516
0.013423159
0.013420786
0.013366611
0.013430453
0.013365285
0.013397511
0.013348927
0.013362992
0.013319365
0.013350879
0.013300155
0.013310972
0.013258114
0.013293103
0.01322157
0.01329833
0.013241903
0.013211913
0.013147883
0.0132481875
0.013177731
0.013158857
0.013097797
0.013172339
0.013099972
0.013107722
0.013049185
0.013103048
0.013004518
0.013084948
0.012966442
0.01304705
0.012950544
0.012985393
0.012886268
0.01293284
0.012832545
0.012918193
0.012845417
0.0128159365
0.012774997
0.012786623
0.0127272345
0.012750187
0.012709538
0.012647919
0.012593678
0.012668945
0.012618893
0.012541152
0.012514
0.012477294
0.012413728
0.012564924
0.0125149535
0.012332213
0.012205474
0.012625436
0.012538302
0.012082554
0.0120551735
0.012300027
0.012117284
0.012184386
0.012212549
0.01186391
0.012395627
0.011821676
0.012889874
0.013242617
0.012792058
0.0123224035
0.012258024
0.012509041
0.011988342
0.012157347
0.012204242
0.012412374
0.011898714
0.0116257565
0.011756142
0.011647177
0.011528033
0.011574749
0.01154079
0.011428773
0.011966047
0.011433802
0.011406907
0.011532857
0.011315747
0.01187
0.011627671
0.0124819325
0.012705612
0.011627617
0.012537983
0.012748133
0.011918068
0.012116111
0.012500784
0.012197778
0.011335303
0.0124502815
0.013311214
0.012251854
0.011901577
0.012628782
0.012090899
0.011455399
0.011977878
0.011953443
0.011185907
0.01213579
0.011523001
0.01143434
0.011679719
0.011354254
0.011222211
0.01140405
0.011101714
0.01170874
0.011485115
0.011219964
0.010962169
0.011126272
0.011201661
0.010966279
0.0109485835
0.011018966
0.010913913
0.010713789
0.010691121
0.010724082
0.01059877
0.010457464
0.0104950145
0.010551147
0.010357444
0.010603499
0.010525105
0.010642745
0.010495937
0.010235331
0.010282385
0.010336095
0.010290389
0.010158624
0.010060481
0.010304515
0.01013897
0.010237
0.010115944
0.009967475
0.0098896595
0.009968072
0.009753513
0.0101837795
0.010133033
0.009760817
0.010056497
0.009744687
0.01008664
0.009992515
0.010044981
0.00954594
0.010209023
0.009927043
0.01000167
0.00992699
0.00952546
0.010182147
0.010079201
0.009523421
0.009578253
0.009687823
0.009445691
0.009619615
0.009774481
0.009498582
0.009436968
0.009342643
0.009610285
0.009671137
0.009374605
0.009701663
0.009309207
0.009848443
0.009983264
0.00976044
0.009370353
0.010319445
0.0105159925
0.0094949575
0.009625037
0.009681731
0.009791288
0.009367123
0.009526939
0.009605546
0.009129897
0.009304955
0.009308112
0.00915426
0.0091768885
0.009311146
0.0089115985
0.009355808
0.0091361
0.009282184
0.009426565
0.009161576
0.008946744
0.00886193
0.0091753965
0.009162218
0.008931793
0.009296373
0.008797387
0.009383112
0.009530111
0.009332061
0.009317446
0.009187628
0.009176243
0.008744696
0.009035636
0.008884733
0.0092995055
0.008967407
0.008863348
0.008876217
0.008539606
0.00873334
0.008570976
0.008885779
0.008583204
0.008840508
0.0085597085
0.00896954
0.008876163
0.00866155
0.008715389
0.0084498115
0.008765171
0.008638221
0.008653063
0.0088186385
0.0086775385
0.008426861
0.008682239
0.008270823
0.008984248
0.008877187
0.008411307
0.008420289
0.008472511
0.008261672
0.008819447
0.008832923
0.00841988
0.008426972
0.008469883
0.008256838
0.008691468
0.008778998
0.008186519
0.008432716
0.0085761035
0.008115324
0.008803745
0.0089298105
0.008424588
0.008234736
0.009111493
0.008766438
0.008223356
0.0082961
0.008395602
0.008164897
0.009071352
0.008822133
0.008280947
0.008148565
0.008218761
0.0080329245
0.00856744
0.008633445
0.0085849175
0.008583937
0.00818002
0.0081014475
0.008231182
0.008021736
0.00809461
0.007979956
0.008059382
0.007924915
0.008003354
0.007907133
0.007832661
0.007931733
0.007821258
0.007913996
0.007864446
0.007959503
0.007817228
0.008101228
0.008304696
0.008063006
0.0079004215
0.008082801
0.0079789525
0.007994241
0.008234672
0.008132774
0.0079906145
0.0077370056
0.008026991
0.007957671
0.007732173
0.0078103
0.007816502
0.0076926574
0.007711299
0.007584902
0.0076622753
0.0076544336
0.007891548
0.007626647
0.008019186
0.007945775
0.0075496747
0.0076135094
0.007711491
0.0075933733
0.007577956
0.0073777027
0.0075522587
0.007398404
0.007578516
0.007516412
0.007422194
0.0073879734
0.0076130577
0.007590838
0.0072722337
0.0072845644
0.007159505
0.00715494
0.0073221517
0.0070369416
0.008592808
0.008427536
0.0075837993
0.0075484845
0.0072720586
0.0073527037
0.007158685
0.007325705
0.0071889213
0.0071132886
0.0070412843
0.007335389
0.0071187154
0.0071022473
