0.28790858
0.058013424
0.07322996
0.038566355
0.024567032
0.025658235
0.021872217
0.025389336
0.023352453
0.02231921
0.022816027
0.021164708
0.022748992
0.022257207
0.02090696
0.02131551
0.020821562
0.02111969
0.02072096
0.021376178
0.021528756
0.02050861
0.021648934
0.022082597
0.020661792
0.020913862
0.021478362
0.0207802
0.02047246
0.020679437
0.020746103
0.020247826
0.020334804
0.02048561
0.01993947
0.020454472
0.020712312
0.020279573
0.0197218
0.020254336
0.020556971
0.019816274
0.019646442
0.019912176
0.020047432
0.019451877
0.019889966
0.019964332
0.020304726
0.019709533
0.019189397
0.019295901
0.019200148
0.019469908
0.019007422
0.018588675
0.018483218
0.018443372
0.017967949
0.01779856
0.01741148
0.01761947
0.01723728
0.017082408
0.016642284
0.016806956
0.016407562
0.016618304
0.016644843
0.015982248
0.01604812
0.015703062
0.016043708
0.015741102
0.015128688
0.015322506
0.015075449
0.014555216
0.014426562
0.014160165
0.013917145
0.013577466
0.0137257725
0.01306805
0.0127653675
0.012832366
0.012649345
0.012286119
0.012250175
0.012142311
0.012030348
0.011859375
0.011826682
0.011800722
0.011686429
0.011662918
0.011327479
0.011680854
0.011550936
0.011207054
0.011142773
0.0111672385
0.010905712
0.011032487
0.011066162
0.010820843
0.011123396
0.010889546
0.010754998
0.010626114
0.010660578
0.010425586
0.010628487
0.010436344
0.010735992
0.010750649
0.010482568
0.010410298
0.010125021
0.010119352
0.010118783
0.009933764
0.009853151
0.009875056
0.009576368
0.009574532
0.009646207
0.009508812
0.009338892
0.009522785
0.0092101805
0.009628943
0.009445154
0.009473767
0.009465066
0.00896187
0.009188131
0.008988815
0.00899832
0.009127979
0.008520911
0.008895055
0.009103476
0.008521549
0.00889616
0.008950455
0.009175935
0.008506301
0.009091585
0.009341621
0.009058497
0.008567393
0.0085339425
0.008326002
0.008802774
0.008458973
0.008770223
0.009173503
0.008277626
0.008380045
0.008447508
0.008189536
0.008196258
0.008092652
0.007823076
0.007736187
0.00793857
0.008028408
0.0075949156
0.007869977
0.0078087463
0.007509057
0.0077493056
0.008072064
0.007670928
0.007853128
0.008063987
0.008389358
0.0078755105
0.0074807666
0.0075370134
0.007942473
0.0075278333
0.007833699
0.0079669915
0.0074324138
0.0075008757
0.0073136683
0.007466761
0.007221447
0.007458912
0.007320235
0.0075443275
0.007403647
0.0073225484
0.007508509
0.007104568
0.0077568083
0.007847924
0.007273277
0.0072810375
0.0073973336
0.0071452274
0.007102274
0.0073913275
0.0073669795
0.0071144663
0.007257277
0.0070404946
0.007228575
0.007315833
0.007039877
0.0070721074
0.006938768
0.0072052083
0.006856577
0.0076460727
0.007801004
0.0071799443
0.0070594237
0.0074144714
0.0073861754
0.006700583
0.007010307
0.0067461655
0.0071463794
0.0072393566
0.0066767074
0.0071597905
0.0071399114
0.007001364
0.0068833437
0.006763892
0.007102104
0.0069520697
0.006669017
0.0068269684
0.0066029034
0.0070616715
0.007050205
0.0068791457
0.006693862
0.0073352847
0.007345403
0.006441695
0.0067531145
0.0064735576
0.006625001
0.0064848065
0.006577411
0.006567569
0.006329047
0.0070584766
0.0071770544
0.006599559
0.0065748766
0.007093308
0.006498216
0.00685045
0.00724101
0.0066323373
0.006370721
0.006962096
0.0070596156
0.006241143
0.006664019
0.007044606
0.006466068
0.0065503903
0.006702543
0.0063873027
0.0064192885
0.006425306
0.0061213956
0.006228415
0.006066909
0.0063691936
0.0062633716
0.006360188
0.0063789072
0.0065519176
0.006195976
0.0067627975
0.0066367723
0.006220886
0.006144563
0.0062582693
0.006162282
0.00615469
0.0060876035
0.006253083
0.0060746334
0.006336643
0.0063350643
0.0058600544
0.0058741705
0.006108521
0.005918099
0.0062002167
0.006224409
0.005736962
0.0057350374
0.005860588
0.005684994
0.0062130652
0.006188465
0.005963623
0.0058387755
0.0059299455
0.005737541
0.006015085
0.005879437
0.0058994866
0.0058437013
0.005707786
0.0056830514
0.0057622828
0.0056697
0.0058594025
0.0058865347
0.005502321
0.0055370755
0.0056267814
0.0054624486
0.005715046
0.005610313
0.0055649863
0.0054729874
0.0056163706
0.0055367188
0.0055244337
0.0054184333
0.005575648
0.005414713
0.005496848
0.005413659
0.0054152305
0.0053085685
0.0054837274
0.005423145
0.0052637737
0.005259113
0.005433507
0.00544632
0.00522986
0.0052691675
0.0052705333
0.005146352
0.0051804227
0.005099922
0.005178315
0.0050914953
0.005208911
0.0050661764
0.0050029275
0.0049268804
0.0049720476
0.004787534
0.005035718
0.0050136666
0.0047081
0.004878336
0.0046609226
0.0047692354
0.004809694
0.0046924115
0.00462758
0.0046199537
0.00450502
0.004414327
0.0046982244
0.0043166555
0.0053347647
0.0055028866
0.0045212777
0.004859734
0.0049543944
0.0047350246
0.0044339364
0.0045881066
0.0047370214
0.00432553
0.0044853687
0.0047114003
0.00435851
0.0044126664
0.004401226
0.004294301
0.004308796
0.0041445903
0.004409917
0.005685143
0.0055785184
0.004709407
0.006425897
0.0062377416
0.0057257283
0.0051743262
0.005573584
0.005370362
0.0047041615
0.0050251274
0.004729264
0.0045329663
0.004341171
0.004588682
0.0043350034
0.004153235
0.0040414655
0.004155386
0.003917007
0.004001507
0.0038458984
0.0039423555
0.0037284761
0.0035881477
0.0036379762
0.0036194238
0.003484995
0.003604804
0.0035011328
0.003436312
0.0034332192
0.0033372275
0.003301806
0.0034626655
0.0032697355
0.0033080808
0.0033569548
0.0031572946
0.0035735562
0.0034701135
0.00340225
0.0034524705
0.0031891807
0.0034457261
0.003390115
0.003368581
0.0031642306
0.0037423316
0.0033921038
0.0033706992
0.0034310834
0.003398874
0.0031933703
0.0034164551
0.003428518
0.0030734509
0.0033525631
0.0029624933
0.0039246515
0.0034682965
0.0032718058
0.0032373052
0.0033046
0.0032112345
0.0034231413
0.0035210762
0.002947428
0.0031224694
