0.29043105
0.082422346
0.059346423
0.035333287
0.028419485
0.02898404
0.024134377
0.029190594
0.029523045
0.023158208
0.027014479
0.030962812
0.027713737
0.023055075
0.024323532
0.027057705
0.025584882
0.022962004
0.02209509
0.022958614
0.022448385
0.02139382
0.022904558
0.0234766
0.02276762
0.022040328
0.020857953
0.022291573
0.023088494
0.022308104
0.021591961
0.021014482
0.021129662
0.02099496
0.020896062
0.020747906
0.020065561
0.02139006
0.022143746
0.020960746
0.020960266
0.020725746
0.019707931
0.019461768
0.020000406
0.019709123
0.018609466
0.019196255
0.019481726
0.01822775
0.019357074
0.019858414
0.018141702
0.018706301
0.018799312
0.018145414
0.017625539
0.018313648
0.018653922
0.01776649
0.018156657
0.018373227
0.018326825
0.018146994
0.017940117
0.017440358
0.018602973
0.01796622
0.017650453
0.01775684
0.017743634
0.01773954
0.017530316
0.017444614
0.017414732
0.017456999
0.017257316
0.01732225
0.01727944
0.017425407
0.01728546
0.017226055
0.0172513
0.01722903
0.017146355
0.017167846
0.017151738
0.017236779
0.01717797
0.017037446
0.017018156
0.01717015
0.01709301
0.017042859
0.0170279
0.017030511
0.01697992
0.0170437
0.016997943
0.016994907
0.01695373
0.016996512
0.016933756
0.016981976
0.016905328
0.017004073
0.016894216
0.017023724
0.0169809
0.0168703
0.01683701
0.016904064
0.016825268
0.016924502
0.01691903
0.016743384
0.016720705
0.016855037
0.016759016
0.01683826
0.016826123
0.016714076
0.016703825
0.016729655
0.016641334
0.0167882
0.016745618
0.016576363
0.0165482
0.016681701
0.016611835
0.016566264
0.016528217
0.0165556
0.016490463
0.016546851
0.016484808
0.016467392
0.016396282
0.016474692
0.016389657
0.01637772
0.016323768
0.016324265
0.016288597
0.016197689
0.016147979
0.016216174
0.016131958
0.016107788
0.016024945
0.016038893
0.015957795
0.015917433
0.015832232
0.015829206
0.015707036
0.015777089
0.01568553
0.015572344
0.015491727
0.01542912
0.015331938
0.015346575
0.016106592
0.015544809
0.016184306
0.016702248
0.015388399
0.01569395
0.016045121
0.015741179
0.015771644
0.015911633
0.01557415
0.015324633
0.015448143
0.015305626
0.014880165
0.014772662
0.01471294
0.014568341
0.014545649
0.014307875
0.014371101
0.014200486
0.014189545
0.014324819
0.013743217
0.014115314
0.013570358
0.014455902
0.014895403
0.013591218
0.01376918
0.014192368
0.013375261
0.0134182675
0.01363606
0.012859953
0.013353023
0.013601854
0.012844418
0.013070707
0.013289685
0.01265812
0.012729783
0.012629375
0.012680636
0.012488692
0.012212013
0.012134512
0.011977172
0.012185846
0.012027279
0.012099758
0.0122104855
0.012152694
0.011958472
0.012077734
0.011888231
0.011591907
0.011486337
0.011572975
0.011400208
0.011497326
0.01120168
0.011383395
0.011536186
0.011248544
0.011245683
0.01104525
0.011176455
0.011149754
0.010840339
0.01171098
0.011912406
0.011286338
0.010973076
0.011001485
0.01098169
0.0109577
0.010867241
0.011008869
0.010886048
0.010754067
0.010641843
0.011007088
0.010764268
0.011307609
0.011168152
0.010181331
0.01040186
0.010713137
0.010553288
0.010792245
0.010578853
0.010719963
0.010743379
0.010425221
0.010253472
0.010354098
0.0098089175
0.01036156
0.010339634
0.010099
0.010044585
0.009794509
0.009748325
0.010726083
0.010391147
0.010472533
0.010302455
0.0100998
0.010129831
0.010468141
0.009953418
0.009552811
0.009704138
0.009737953
0.009338266
0.009736457
0.009486557
0.010364417
0.0106403185
0.009805438
0.009742006
0.009704654
0.009865548
0.009936606
0.009198955
0.009182755
0.009342685
0.00931332
0.009217639
0.00915232
0.009515378
0.01016343
0.009478661
0.009157285
0.009311826
0.009660065
0.009456883
0.009347115
0.009252009
0.0091104945
0.009081837
0.009022684
0.008929223
0.009130892
0.008800405
0.009142332
0.00941031
0.009185141
0.009221068
0.009011201
0.009139904
0.009130044
0.008642148
0.009642529
0.0096304
0.00959323
0.009528158
0.00994362
0.009559036
0.008646944
0.0096623255
0.009942252
0.008880791
0.00902167
0.009527899
0.00950446
0.009052561
0.009412877
0.009310695
0.009225286
0.008894879
0.00905157
0.009164964
0.009694047
0.009694755
0.008916154
0.008791204
0.009276594
0.009423081
0.0088152075
0.008911445
0.008732828
0.0093149785
0.0092353
0.0085515715
0.008691448
0.008498378
0.008376281
0.0086587565
0.008495212
0.008728402
0.008790213
0.008460481
0.008766987
0.008647722
0.008345996
0.008615099
0.008399603
0.008650841
0.008864033
0.008316273
0.00839388
0.008994311
0.008423014
0.008960309
0.009395956
0.008682875
0.008549963
0.00933285
0.008942447
0.008331985
0.00822315
0.0090283295
0.008709098
0.008272854
0.008345288
0.00854662
0.008092325
0.00859636
0.008945569
0.008558598
0.008098595
0.008435063
0.008491695
0.0081206495
0.008086817
0.008131158
0.008037768
0.007944494
0.007711561
0.008526771
0.008573894
0.008248209
0.007945758
0.008867522
0.00908514
0.0077472907
0.009571179
0.011119596
0.010401909
0.009255178
0.008672929
0.00902116
0.009275559
0.008953629
0.008832541
0.008914719
0.008780088
0.008756102
0.008244396
0.008216023
0.008272193
0.008073659
0.007848326
0.008070567
0.008151486
0.0077799335
0.008803044
0.0089159
0.0077451915
0.008376679
0.008561759
0.00785458
0.008126975
0.0081329355
0.007894446
0.0077117416
0.00812745
0.008298822
0.007744903
0.007917953
0.007975155
0.007652985
0.0077721686
0.007772202
0.007858638
0.0074921474
0.008648482
0.00890381
0.007533536
0.009312462
0.010736351
0.009300656
0.008536848
0.009035192
0.008115928
0.008343928
0.008352726
0.0075532966
0.007919396
0.007992292
0.007845243
0.0076364335
