0.28935874
0.050920546
0.05554148
0.03584225
0.02857233
0.026612714
0.025232725
0.026117316
0.024836197
0.022594297
0.02440685
0.0251555
0.02237547
0.022643901
0.023806127
0.022562897
0.021441123
0.02202644
0.02168583
0.020723099
0.020599881
0.0205696
0.0199063
0.02046389
0.020119337
0.01987123
0.020115549
0.019884977
0.019594805
0.019747386
0.019430028
0.019729936
0.019735834
0.019311512
0.018995492
0.019239588
0.019102367
0.018412963
0.01872172
0.018596148
0.018971747
0.018201074
0.018147165
0.017747786
0.018309409
0.018144773
0.017582417
0.017462628
0.017071536
0.017231591
0.017195487
0.016982483
0.016855603
0.016847843
0.016486138
0.016318997
0.016293818
0.016267387
0.016210241
0.016125074
0.016038554
0.01594362
0.015819585
0.015851578
0.01564177
0.015598887
0.015384163
0.0155003555
0.015244466
0.01559602
0.015507746
0.015291105
0.015137762
0.0153019475
0.01510518
0.014727133
0.015001518
0.014725934
0.014701827
0.0146784
0.014324498
0.014206042
0.014206074
0.013991557
0.014014625
0.013822612
0.013780589
0.01365039
0.013504329
0.013314378
0.013377366
0.0132184075
0.012921308
0.012753531
0.012753132
0.012515462
0.012387832
0.012229052
0.012003954
0.011972316
0.011878724
0.011674835
0.011534753
0.011323877
0.011434987
0.011245035
0.011006907
0.010932051
0.011101342
0.010829158
0.010618881
0.011578512
0.011074401
0.010944131
0.010836798
0.010882908
0.010822989
0.010395021
0.010427297
0.010410612
0.010351371
0.010452721
0.010321711
0.010499726
0.010555276
0.0101795085
0.010320489
0.010201743
0.010156996
0.010189199
0.009949926
0.010407745
0.010285211
0.009963049
0.01000462
0.009922894
0.009755108
0.010084976
0.009985364
0.009676968
0.009632095
0.009622495
0.0094950935
0.009638324
0.009541141
0.009418166
0.009307905
0.009528643
0.0094265165
0.009208131
0.009248546
0.009129337
0.00895118
0.009456182
0.009355677
0.008964722
0.009049498
0.008807105
0.009245179
0.008999353
0.008761728
0.008557466
0.009323988
0.008901748
0.009052593
0.00891645
0.008814267
0.009124075
0.00909846
0.009018814
0.008613911
0.009253818
0.008819302
0.008754899
0.008688159
0.008606036
0.008574181
0.008560081
0.008560437
0.00817811
0.008206256
0.008162989
0.007977701
0.0082333
0.008114996
0.008255898
0.007989247
0.007979714
0.00763398
0.007740527
0.0076567377
0.0075119413
0.0076334006
0.0074256905
0.0072674737
0.0070718825
0.007295909
0.0069338703
0.0071734707
0.007020939
0.0067077796
0.007092072
0.006829956
0.006376654
0.006882535
0.0061958097
0.006548123
0.0064420723
0.0064365775
0.0063828216
0.005927492
0.006377861
0.0061977324
0.005974447
0.006174667
0.0057794824
0.005866753
0.005985545
0.0055645197
0.005914278
0.0057107247
0.0053952667
0.005416181
0.005363466
0.005220097
0.004999268
0.005181233
0.0050442745
0.0048162327
0.005034165
0.004703098
0.004869904
0.004887938
0.004527535
0.0045386828
0.004574043
0.0042725755
0.005048655
0.004664375
0.00433966
0.004950535
0.0045207203
0.004803298
0.0048751472
0.004803019
0.0043803067
0.0047568833
0.0045774844
0.004398685
0.004178814
0.0044603236
0.0043106037
0.004435551
0.0043681934
0.0041955654
0.004092979
0.0041071693
0.004020056
0.0039175083
0.0037667379
0.0041161566
0.0038777112
0.0039302395
0.0038196966
0.003863481
0.0038615658
0.0034892166
0.0038684506
0.003581838
0.0038262245
0.0035228508
0.003904064
0.0036480625
0.0037195024
0.0035270213
0.0035620602
0.0034767252
0.0035990935
0.0035662872
0.003206746
0.0034948539
0.0030791666
0.0036462613
0.0034344054
0.0036583822
0.0036128208
0.0038260904
0.0037547664
0.0032037264
0.003306934
0.003568992
0.0032289631
0.0031974239
0.0032513884
0.0031132894
0.0031282406
0.0034661542
0.0031504116
0.0034644734
0.0034507017
0.0030076317
0.0030200677
0.0030241162
0.0029216185
0.0030528207
0.0029329506
0.0029804402
0.0029550614
0.003309625
0.003004656
0.003758491
0.003802917
0.0031764873
0.003297615
0.0032622365
0.0030668552
0.003042679
0.0027999189
0.0031030579
0.0027119694
0.0031811036
0.0030081153
0.003070695
0.0030097663
0.0027660187
0.0027703352
0.0027916904
0.0026917586
0.0026583571
0.0025748077
0.0025813242
0.0025655152
0.0027226575
0.002428895
0.0033673525
0.003392785
0.0028174233
0.002744551
0.0028434815
0.0024922378
0.0028513393
0.0025599797
0.0030471266
0.002634205
0.0032567177
0.0031193558
0.0027557549
0.0026315528
0.0026293646
0.0025746024
0.0024696111
0.0024241903
0.0024865272
0.0022987241
0.0026650373
0.0024123748
0.0030309248
0.0031419378
0.0027133992
0.002839261
0.0025091406
0.003163113
0.0034944937
0.0029610833
0.0027403254
0.0032343406
0.0028398249
0.0024512392
0.0029331853
0.0027569865
0.0022981407
0.0024885067
0.00232221
0.0022993507
0.0023558538
0.0021752715
0.0022302999
0.0020847302
0.002408216
0.0021762447
0.0023613768
0.0023086304
0.0022221392
0.0022832898
0.0020087464
0.0022854714
0.0021323988
0.0022319157
0.002340044
0.0019871816
0.0023509385
0.0021842674
0.0022321313
0.0023502307
0.001940974
0.0018988336
0.001954004
0.0023672504
0.001999652
0.0026255932
0.0023081014
0.0027422684
0.0024160144
0.0026543268
0.002626706
0.0024904686
0.0022912517
0.0024836964
0.0024464887
0.0021552844
0.00211977
0.0021233067
0.0018667752
0.0026420504
0.002443367
0.0019535685
0.0021509281
0.0018037962
0.0024106242
0.002219164
0.0019825527
0.001912993
0.0021127178
0.0019358619
0.002037124
0.0019649223
0.0020195318
0.002023013
0.0018488872
0.001998747
0.0017047228
0.0025971758
0.0025628468
0.0020278858
0.0021030742
0.0023084378
0.0019030661
0.0026711926
0.0027954534
0.0018105089
0.0020902685
0.002171565
0.0016958936
0.0021051406
0.0018406353
0.0020721194
0.002110698
0.0017841466
0.0021119793
0.0018179803
0.0018631006
