0.2888379
0.06386239
0.05372307
0.034393106
0.029185379
0.028161073
0.02394715
0.02712822
0.025685454
0.022508616
0.023904478
0.02340004
0.022498503
0.022691397
0.022651969
0.0221577
0.022198925
0.022180453
0.0216641
0.021925896
0.021623975
0.021230927
0.021876635
0.02104623
0.02173149
0.021781502
0.020987416
0.021198235
0.021365786
0.020676672
0.020912796
0.021017132
0.020416677
0.020913923
0.021165976
0.020566406
0.020014511
0.019950064
0.02011016
0.020152831
0.019673314
0.02074915
0.021232173
0.02049699
0.019352997
0.019424422
0.019841924
0.019160656
0.01840313
0.01887446
0.01899384
0.018228156
0.01773469
0.01789627
0.017623298
0.017094476
0.017725708
0.0176647
0.017225105
0.017023498
0.016710205
0.01649455
0.01617284
0.015858138
0.0155808
0.015535067
0.015489216
0.015061262
0.015618178
0.015685027
0.015692974
0.014839063
0.015231204
0.015369519
0.015281882
0.0146921165
0.014983673
0.01509206
0.014788192
0.014676948
0.01420759
0.01409812
0.014191821
0.0139997145
0.013772215
0.014231649
0.01365565
0.014798443
0.014948892
0.013918494
0.013921752
0.013967611
0.013790622
0.013108457
0.013069884
0.013413676
0.013069146
0.0133818565
0.013317118
0.012923911
0.012607084
0.013037987
0.012609842
0.012925941
0.012719479
0.012555872
0.012347754
0.012344822
0.012031873
0.012540247
0.011916976
0.012600236
0.012195587
0.012063683
0.011771456
0.0123241665
0.0122979535
0.011632654
0.011854638
0.011657213
0.01159115
0.011704593
0.011602889
0.011450837
0.0112808375
0.011907995
0.011536648
0.011508171
0.01123302
0.011850703
0.011390287
0.011589439
0.011654466
0.011139126
0.011356435
0.011233989
0.011172838
0.011183728
0.011072237
0.011033972
0.010964307
0.010946657
0.010860343
0.011043388
0.010954593
0.010944289
0.0108394055
0.010863259
0.010671362
0.011008091
0.0108541995
0.010714508
0.010626371
0.010722552
0.010563559
0.010721255
0.010657628
0.010444243
0.010381917
0.010653083
0.010555577
0.010384814
0.010374448
0.010338951
0.010269999
0.010352367
0.010210763
0.010398365
0.010374079
0.010118551
0.009999951
0.010210802
0.009968636
0.010199481
0.010165048
0.009872575
0.009901326
0.009802233
0.009682145
0.010078135
0.00976641
0.009718691
0.010083658
0.009610551
0.009848545
0.010005728
0.009627859
0.010612282
0.011017579
0.009432955
0.011898905
0.01297953
0.01165875
0.010898985
0.00992791
0.011833
0.010677833
0.010157372
0.010968123
0.010497632
0.010358706
0.00956989
0.010488483
0.010504336
0.009513027
0.010098708
0.009566468
0.009750288
0.009763827
0.009752769
0.009634355
0.009353709
0.009637504
0.009412762
0.009247971
0.009255004
0.009108091
0.009079211
0.009218027
0.0090355575
0.010379235
0.010584448
0.009316883
0.009957149
0.010500158
0.009882063
0.0094912
0.009624448
0.009654958
0.009155155
0.009510812
0.009384007
0.00924378
0.008869685
0.00993196
0.009644301
0.00921584
0.009166465
0.009190912
0.009204178
0.009444813
0.009323687
0.00889217
0.0090703005
0.008775634
0.008936512
0.0087971175
0.008830584
0.008789539
0.008638353
0.008668573
0.008524756
0.008792094
0.008692487
0.008424534
0.008405146
0.008443941
0.008352451
0.008447164
0.008384188
0.0083385995
0.008270223
0.008364146
0.008424821
0.008239306
0.008312399
0.008079681
0.008424954
0.008362502
0.008372592
0.008179215
0.008293391
0.008249386
0.008283088
0.008017867
0.008960237
0.0087354565
0.008397084
0.008132711
0.007832322
0.007950045
0.007983482
0.0077567846
0.008450762
0.008171253
0.008222996
0.008114432
0.007903065
0.007727012
0.0077167004
0.0075877258
0.007807774
0.0076853284
0.0076522417
0.00753222
0.0076074987
0.00742344
0.0075507183
0.0074697514
0.0071121473
0.007013336
0.0072658383
0.007099354
0.0074515566
0.0071104947
0.007330476
0.0071532107
0.007264113
0.007030072
0.007054485
0.0069805942
0.0068677417
0.006742021
0.0070368317
0.0068950653
0.006906507
0.006805356
0.0067164595
0.0066055297
0.0067967065
0.0066570938
0.00657906
0.006423175
0.0068436735
0.0066629313
0.0065153427
0.0064048157
0.0066262037
0.00640537
0.0065450394
0.0064805984
0.0063071176
0.006243328
0.0064933696
0.0065090004
0.0063198544
0.006148219
0.006240943
0.0061315503
0.006567657
0.006609037
0.0060070953
0.006291387
0.0061273966
0.005914962
0.006827681
0.0062003843
0.006313437
0.006162142
0.0066869147
0.006649973
0.0058082487
0.0059733377
0.005964533
0.0058579943
0.0061388505
0.005993677
0.0062122457
0.006101156
0.0061731027
0.007169777
0.0066818804
0.0061213584
0.006348275
0.0067341872
0.006654503
0.0058889478
0.0059523303
0.0059152595
0.005880102
0.0060747713
0.0060849674
0.0058953124
0.0058721043
0.0059563597
0.0056951665
0.005637932
0.00573024
0.0055928715
0.0055703423
0.0054602814
0.0054738787
0.0056131673
0.0053251362
0.0057362267
0.0058006924
0.0054939333
0.0055110953
0.0052198637
0.005967839
0.006161589
0.00541236
0.0055079795
0.0055482
0.0051077395
0.005899105
0.0057181586
0.005581472
0.005205673
0.0059021
0.0053962967
0.005872071
0.0064409156
0.0054419544
0.005234707
0.005557085
0.005459463
0.005345003
0.005060079
0.0061575747
0.0058088526
0.0051085204
0.005110244
0.005276933
0.0051959604
0.005241065
0.005088762
0.0054346374
0.005452165
0.004844641
0.004807715
0.005564075
0.005427601
0.0049698637
0.0049404926
0.0049862694
0.0049020085
0.0051679895
0.005049137
0.0049259723
0.0048596286
0.005011918
0.0048551555
0.0051228246
0.0051037334
0.004749801
0.0047440734
0.004961986
0.004829018
0.0048892754
0.00489861
0.004766078
0.0047607576
0.0046792957
0.00463015
0.004713694
0.00463138
0.004616441
0.004598959
0.004686954
0.0045945724
0.0046541495
0.004500794
0.0047721486
