0.2893281
0.061449844
0.07934824
0.04747377
0.023051688
0.034845132
0.029812736
0.023133168
0.025724858
0.026724547
0.023925921
0.02307804
0.024912814
0.02340071
0.022189453
0.023105798
0.022297865
0.022071457
0.022280147
0.021909932
0.021229615
0.021444788
0.020936742
0.021828199
0.021415705
0.021169811
0.021115443
0.021187292
0.020984182
0.021113366
0.020865148
0.021335745
0.02112092
0.020666761
0.020595869
0.020706218
0.02059699
0.02071687
0.020686155
0.020563977
0.020477697
0.02064037
0.020547928
0.020429345
0.020399297
0.02042302
0.020367043
0.020408662
0.02042418
0.020195983
0.020189222
0.020233037
0.020071762
0.020121293
0.019971041
0.01990545
0.019822868
0.01955632
0.019514715
0.019192496
0.019357204
0.019063853
0.018674808
0.01900489
0.018551923
0.018764643
0.018728588
0.018780181
0.018573774
0.018543454
0.01860565
0.01839713
0.01827001
0.018226832
0.018152773
0.01816476
0.017971143
0.018382601
0.01827245
0.017823601
0.017790286
0.018242178
0.018059403
0.01781509
0.017810544
0.01774553
0.017681187
0.017886423
0.017827116
0.017610084
0.017549312
0.017846314
0.017790591
0.017499713
0.0174515
0.017721156
0.017634066
0.017478978
0.017406434
0.017624415
0.01755029
0.017416837
0.017359221
0.017466402
0.017399138
0.017390009
0.017318873
0.01744462
0.017428385
0.017283626
0.017245667
0.017428063
0.017273238
0.017411107
0.017330984
0.01716753
0.01709419
0.017444598
0.017431881
0.017071655
0.01703922
0.017317956
0.01723223
0.01705186
0.017048484
0.017104113
0.017004265
0.01696389
0.016922899
0.016921392
0.016819904
0.01699329
0.016903713
0.01672188
0.016632559
0.016870739
0.016762251
0.016562631
0.016482236
0.016630106
0.016528876
0.01636047
0.016307192
0.016298324
0.016185807
0.016250813
0.016139993
0.016010279
0.015885292
0.016078072
0.01592225
0.01569246
0.0155792385
0.01579426
0.015690695
0.015309275
0.015192383
0.015388823
0.015143733
0.014977361
0.014825065
0.014834538
0.014614289
0.014470745
0.014279223
0.014365986
0.0142170815
0.013885674
0.013726485
0.014111816
0.013982378
0.013383925
0.013517134
0.013625185
0.0132478895
0.014325227
0.014430552
0.0141362585
0.014030524
0.013657461
0.013355914
0.013169828
0.013112989
0.0134526035
0.0133658005
0.013689052
0.013157343
0.015066118
0.016359407
0.014056876
0.014198837
0.014982144
0.013309355
0.014597298
0.016414747
0.014696601
0.013213369
0.013610051
0.0128933685
0.013118267
0.013544958
0.0129136
0.013517122
0.013981405
0.013124141
0.014027655
0.0151833445
0.014029503
0.013443314
0.013661593
0.012763337
0.013209174
0.013748132
0.012572918
0.01315174
0.013700166
0.0124018295
0.013013072
0.014009919
0.013207446
0.013113319
0.0133887045
0.01253648
0.012721524
0.012817244
0.012178887
0.012903895
0.013102817
0.01200014
0.013146647
0.014548874
0.013380566
0.012012039
0.012463017
0.012828183
0.012514452
0.012158272
0.01258146
0.012423321
0.0120838545
0.0119486945
0.011995941
0.012374298
0.012079601
0.011963117
0.011614216
0.011721154
0.011523731
0.011477128
0.011663993
0.011268672
0.011672284
0.012305792
0.011233617
0.01183463
0.012830445
0.012160872
0.011208708
0.0113722
0.011770542
0.011373361
0.011308075
0.011681736
0.011710569
0.011193194
0.0110582365
0.011215795
0.010987874
0.010621459
0.010860446
0.011028163
0.010797639
0.010728606
0.010516142
0.011062962
0.011271625
0.010499544
0.010456622
0.010542682
0.010483009
0.010173441
0.010075963
0.010132458
0.009652445
0.0100337295
0.010091192
0.009725515
0.009491596
0.010044665
0.010032515
0.0098110465
0.009394114
0.009704423
0.009564899
0.010072217
0.009344273
0.009980609
0.010253699
0.0094188815
0.009480309
0.00910186
0.010625736
0.011882938
0.010550895
0.010186247
0.011132856
0.010019415
0.008970764
0.009421636
0.008740314
0.009512088
0.010486059
0.0091444915
0.009035365
0.009576478
0.008596875
0.009137544
0.009465133
0.008425963
0.009483173
0.010236789
0.008719822
0.008648721
0.009334679
0.008287885
0.008862231
0.009516208
0.008258525
0.008644084
0.009499683
0.008260984
0.008353291
0.008961684
0.007933027
0.008657201
0.009530309
0.008139889
0.0081124855
0.008771673
0.007748246
0.008348904
0.009146304
0.007918539
0.007922861
0.008511198
0.0075557935
0.007992975
0.0086113
0.0074869455
0.007984354
0.008685836
0.007592173
0.007597187
0.008056038
0.0071241036
0.008108552
0.008973125
0.007660764
0.007199954
0.0076569556
0.0070045125
0.0075461683
0.008157583
0.0072065704
0.007232608
0.008020072
0.007393775
0.006776069
0.0072928392
0.007091041
0.0066480194
0.007344415
0.0067886785
0.006636581
0.0067554503
0.006225807
0.0066436063
0.0064223385
0.0061021377
0.006124577
0.0060924166
0.005849373
0.0062422887
0.006379938
0.0058522243
0.006031316
0.00578994
0.0058091073
0.005711688
0.0056123324
0.005340925
0.00576313
0.0056702406
0.005265145
0.005534978
0.0053007025
0.005195793
0.0049668294
0.005420298
0.00530437
0.0049580676
0.005791513
0.006062673
0.0048656384
0.005973602
0.00668533
0.0062811705
0.0053561334
0.004837239
0.0055841417
0.005039862
0.0050192797
0.005073612
0.005114998
0.0043545947
0.0051704696
0.00559059
0.0051712724
0.004564687
0.005011721
0.0046052597
0.0046514254
0.0050560418
0.0049643163
0.0046078
0.004597943
0.0045820274
0.0043086545
0.004072748
0.004504424
0.004438812
0.004505305
0.0043059853
0.003991393
0.0039291284
0.004338338
0.0042622215
0.0040558553
0.003797523
0.004201023
0.0042206203
0.0041231364
0.003912924
0.0037826395
0.0037633523
0.004076117
0.0039162054
0.0037868351
0.0035474312
0.0041209576
0.004012414
0.0037084066
0.003639518
0.0035508508
0.0034547942
0.0040681134
0.004044918
0.0035239465
0.0035296802
0.0035263903
0.0035174359
0.0036173256
0.0035920825
0.0033419318
0.0033722117
0.0033819599
0.0033377912
0.003500047
0.003264429
0.0043100133
0.0042228047
0.0034686858
0.0038681028
0.003512632
0.0036251575
0.0036856893
0.0034836505
0.0033491023
0.0034724183
0.0034297958
0.0032115076
0.0031757478
0.003336652
0.0031734367
0.0038027652
0.0036903627
0.0032668437
0.0034808042
0.0031819039
0.0033378322
0.0031120833
0.0032044754
0.0030880284
0.0031183008
0.0029907364
0.0030807771
0.0028511984
0.0030514665
0.0030070872
0.0028459558
0.0039099413
0.004079562
0.0036626689
0.0037430264
