0.2894915
0.08657866
0.07599507
0.034818258
0.03414325
0.033875503
0.022400439
0.040955063
0.051428944
0.04240134
0.031871606
0.026974611
0.02708522
0.031041125
0.031723294
0.026245452
0.02243193
0.025324574
0.026913332
0.024210518
0.021817824
0.024082473
0.024995128
0.022424752
0.021655165
0.022898057
0.022733286
0.021998072
0.021086464
0.022507513
0.022603044
0.021235524
0.021007553
0.02130159
0.021272166
0.020846933
0.020667924
0.020748198
0.020437004
0.021010173
0.020459613
0.021155229
0.02138853
0.020407248
0.020547649
0.020576134
0.020519715
0.020179667
0.02033677
0.020189384
0.020206494
0.020059044
0.019983223
0.01999804
0.020201964
0.01999258
0.019945247
0.020239817
0.01993717
0.020218005
0.020130971
0.020670583
0.020373398
0.019846976
0.0198827
0.020055449
0.019758182
0.019807203
0.019830383
0.019609438
0.019404909
0.01950796
0.019123705
0.019641038
0.019456053
0.018816695
0.01867666
0.018812632
0.018665303
0.018713241
0.018547053
0.018409701
0.018314851
0.01841075
0.018254636
0.018158486
0.01801903
0.018244816
0.018102473
0.018020656
0.017951623
0.018010424
0.01791123
0.017896125
0.017821414
0.017865779
0.017753063
0.017907083
0.017804738
0.017722873
0.0176469
0.017813807
0.017697055
0.017670311
0.017616387
0.017631782
0.017576808
0.017498044
0.017414087
0.017599221
0.017506368
0.01739191
0.017271737
0.017610079
0.01747003
0.017234638
0.017192492
0.017308937
0.017255187
0.017113036
0.017025704
0.017115299
0.017002655
0.016875654
0.016762009
0.016906476
0.016787829
0.01655773
0.016418122
0.016635174
0.016495837
0.016149463
0.016023504
0.016277358
0.016110688
0.015732283
0.015523743
0.015812246
0.015606332
0.0153672295
0.015262811
0.015373558
0.015252534
0.015056233
0.014953594
0.015062581
0.014913347
0.01486569
0.014817272
0.014695727
0.014644128
0.014884827
0.014737695
0.014588284
0.014377847
0.01457988
0.014316633
0.014434387
0.01430599
0.014062212
0.01403752
0.013923577
0.01393419
0.013695327
0.013593956
0.013746048
0.013571411
0.013467534
0.0133156935
0.013434616
0.0131665105
0.013452644
0.013226117
0.013080642
0.012791749
0.013537253
0.013345183
0.012647308
0.013290596
0.012573253
0.012926637
0.013075024
0.013160859
0.012774794
0.012507348
0.012927317
0.0126105
0.012617804
0.012677565
0.012604232
0.012395103
0.01230714
0.012291052
0.012397893
0.012265946
0.012683726
0.01287097
0.012028311
0.01273601
0.012476403
0.012249376
0.012573798
0.012059194
0.012148215
0.012105825
0.012216397
0.012253067
0.012172773
0.0120929
0.011905797
0.011834077
0.011816502
0.012061427
0.012192679
0.011639093
0.011884265
0.011847044
0.011446101
0.01174263
0.011432755
0.012263269
0.012696847
0.011597451
0.012241736
0.013236021
0.012512747
0.011536355
0.012178387
0.012581412
0.011674106
0.011535072
0.011946927
0.011325731
0.011541262
0.011864319
0.0111687435
0.011813458
0.01237318
0.0115888035
0.011201926
0.01173905
0.011353751
0.011161238
0.011331634
0.011051178
0.011124324
0.010944852
0.011386253
0.011566625
0.011084807
0.011059142
0.011259179
0.0108584985
0.011661413
0.011904724
0.010960271
0.011332464
0.0116273025
0.011450949
0.010933958
0.011324163
0.011511087
0.010817637
0.011064355
0.011338514
0.010928113
0.011311415
0.011793719
0.011440366
0.010919194
0.011175446
0.01115169
0.010972783
0.010889185
0.010861941
0.0107585965
0.011205558
0.011132072
0.010729994
0.010564913
0.011018995
0.011018251
0.010844414
0.01069593
0.01068487
0.01068318
0.010696025
0.0105979815
0.010853581
0.010748523
0.010419868
0.010395584
0.010869292
0.010806497
0.01048014
0.010415948
0.010607813
0.01047301
0.010534011
0.0104909865
0.010599569
0.010493338
0.01047234
0.010431492
0.010498688
0.010432242
0.010365686
0.010296582
0.010547229
0.010476214
0.010295141
0.010204634
0.01044993
0.010428194
0.0102357995
0.010140172
0.01040892
0.010282575
0.010395254
0.010342138
0.010092513
0.010071225
0.010380562
0.010268255
0.010108523
0.009994141
0.010435123
0.010261112
0.010117329
0.010123651
0.010052576
0.009957909
0.010189952
0.010089617
0.010004367
0.009931054
0.010251355
0.010243001
0.009868375
0.009887267
0.010068385
0.009925278
0.01003551
0.009948726
0.00996913
0.009827455
0.010053222
0.009987614
0.00981125
0.009794886
0.009888569
0.009835842
0.009820505
0.009797609
0.009821657
0.00971833
0.009840759
0.00978165
0.009688974
0.009648071
0.009805314
0.009714096
0.009732627
0.00967935
0.009721145
0.009628071
0.009772166
0.0097126905
0.009542357
0.009507502
0.009782097
0.009683877
0.009602923
0.00962946
0.009603149
0.009568204
0.009629202
0.009558446
0.009526551
0.009450663
0.009520545
