0.28778604
0.13631374
0.056551773
0.033225153
0.03518164
0.026450068
0.024779426
0.026500592
0.022483267
0.024457686
0.026507208
0.022595644
0.022594793
0.024018375
0.02329872
0.021443525
0.023265757
0.024888113
0.022467447
0.021393979
0.022177974
0.021684216
0.021167153
0.021392876
0.021352565
0.020655086
0.021855375
0.022301653
0.020896003
0.021226412
0.02174537
0.021087838
0.02109094
0.020852057
0.020540802
0.020664027
0.020110833
0.021146344
0.021815203
0.020595448
0.020385448
0.020952858
0.020354964
0.020363966
0.020746253
0.019898947
0.020563038
0.021210084
0.02027507
0.019849809
0.020117173
0.019712687
0.020212665
0.020356158
0.019745113
0.020164238
0.020454219
0.019892955
0.019968959
0.02007075
0.01960227
0.020023637
0.020204993
0.019610163
0.019834908
0.020211529
0.019791374
0.0195799
0.019962559
0.019922867
0.019504517
0.019550951
0.019712107
0.01947012
0.019399727
0.01986663
0.019487316
0.019852964
0.019691559
0.02044817
0.020645184
0.019399675
0.02089332
0.021857793
0.02018989
0.020257851
0.02069384
0.019491283
0.020067692
0.020842135
0.019727582
0.020174835
0.020935237
0.019942308
0.019334428
0.019590208
0.019161621
0.019694963
0.019885473
0.01912532
0.019961517
0.020781703
0.01983239
0.019247714
0.019455016
0.019145355
0.019363577
0.019598678
0.019029066
0.01937931
0.019812062
0.01933733
0.019192046
0.019243198
0.01900187
0.019234695
0.019221386
0.01888903
0.019006774
0.01897581
0.019081658
0.019025305
0.018670095
0.018850127
0.018894322
0.01904854
0.019143676
0.018610908
0.01921687
0.019481674
0.018810103
0.018942362
0.019063532
0.018325932
0.018929657
0.019299204
0.018137911
0.018154668
0.018597208
0.018133089
0.017630823
0.01801823
0.017792799
0.017576367
0.017575396
0.017572828
0.017222123
0.01713629
0.017245524
0.01698579
0.01673771
0.016730445
0.016544214
0.016491013
0.016221015
0.016929576
0.01603163
0.01597417
0.015858622
0.015673576
0.015432
0.0150317205
0.015276725
0.014966138
0.014305065
0.014770585
0.014296919
0.014229122
0.014254757
0.014138146
0.013619526
0.013330765
0.01332401
0.012915087
0.013032988
0.01277567
0.012701561
0.013263263
0.013114254
0.012732794
0.013051632
0.012200723
0.013422164
0.014062139
0.013228414
0.013515045
0.013808802
0.012980311
0.013110957
0.01360016
0.012604855
0.012295512
0.0128938025
0.012478867
0.011858895
0.011945034
0.0117212795
0.011614653
0.011873203
0.011435031
0.011458968
0.011458318
0.011215513
0.011195619
0.011085245
0.01084495
0.01067929
0.010893073
0.010824126
0.010637432
0.010474688
0.010271292
0.010219607
0.010098892
0.009839658
0.009904017
0.009898422
0.009814828
0.009428391
0.0096454825
0.009406523
0.009459507
0.009300502
0.00952706
0.009628669
0.009327409
0.0095916325
0.00955264
0.009358836
0.0092311865
0.009178214
0.009082221
0.008903959
0.008920875
0.0088422885
0.008959477
0.0086725755
0.008588158
0.009548574
0.009381981
0.009330733
0.009131969
0.009965339
0.00940381
0.009472726
0.009333998
0.009198086
0.00902117
0.009419699
0.0091980435
0.008765713
0.008547485
0.009423866
0.009257078
0.008938822
0.009058645
0.00853165
0.008586934
0.00846925
0.008410935
0.00844137
0.008308238
0.008344358
0.008089866
0.008241695
0.008247746
0.007970684
0.008541614
0.0080536315
0.009288705
0.009493467
0.008277274
0.0087385485
0.008268659
0.008998362
0.009118062
0.008675899
0.008667469
0.00824099
0.008534332
0.008332818
0.00859335
0.008786947
0.0077659446
0.00791942
0.008117316
0.00808942
0.0077700918
0.007771039
0.0076458193
0.00791715
0.007710749
0.008118924
0.0077968254
0.008585725
0.008808077
0.007895941
0.008237295
0.008008937
0.008199953
0.008474499
0.0078906715
0.008104077
0.007990218
0.007683961
0.0077227913
0.0074641984
0.007265069
0.0077088266
0.00768098
0.0078024003
0.0075895446
0.0072981142
0.0071877576
0.007916582
0.0077026375
0.0073017194
0.007296248
0.007333539
0.0072065094
0.007382856
0.007474654
0.0071620713
0.0071775895
0.006934525
0.0068951915
0.006948771
0.0070508146
0.0069505027
0.006860357
0.0069091707
0.0068820952
0.0068257065
0.0066453447
0.0069572157
0.006749512
0.008531074
0.008943715
0.0075608063
0.008203563
0.008734633
0.007807857
0.007717235
0.008416752
0.0077733933
0.0073898123
0.0073657967
0.0072710454
0.007033918
0.007218261
0.0069340174
0.006779785
0.006908595
0.0069276243
0.0069201873
0.0067306045
0.006758259
0.0066069006
0.006586928
0.0064893416
0.0067435377
0.006728226
0.0065633417
0.006488921
0.0065112305
0.006398453
0.0063882205
0.0063566533
0.0065483437
0.006351836
0.0066597634
0.00648844
0.0064521194
0.006560413
0.006332714
0.006453985
0.006494435
0.006111874
0.0061538215
0.006228618
0.0062579736
