0.2871018
0.08918502
0.054332297
0.030368784
0.035089493
0.0274997
0.023647338
0.02653414
0.023750016
0.0214478
0.022405406
0.021185646
0.022114046
0.02239147
0.020628134
0.023014752
0.024655158
0.02243934
0.020436438
0.021885643
0.02196753
0.020534916
0.02104604
0.021913022
0.020948097
0.020164937
0.020870605
0.020741478
0.02015669
0.020082599
0.020059824
0.019819083
0.019941485
0.019819045
0.019543372
0.020104878
0.019917125
0.020138254
0.019685112
0.019831227
0.020009337
0.019370914
0.019224776
0.018969445
0.018934207
0.01867804
0.019209977
0.019006955
0.018859679
0.01842624
0.018886486
0.018882481
0.018160706
0.017938266
0.017835705
0.0176188
0.017399034
0.016894994
0.017226653
0.017196193
0.016101418
0.016313514
0.01627765
0.015961189
0.015729656
0.015871631
0.015813367
0.015519311
0.016319688
0.016137568
0.016202934
0.016527964
0.015683519
0.015556221
0.01589671
0.015558522
0.015386988
0.015495877
0.015004269
0.015698703
0.015842065
0.014813155
0.01663654
0.01804944
0.016322086
0.014704116
0.015074394
0.014725762
0.014861363
0.015025134
0.014535551
0.0147207705
0.014557767
0.014357813
0.014235777
0.014567581
0.014512435
0.014118309
0.014285323
0.01400097
0.014159635
0.014099143
0.01380032
0.013879727
0.013609425
0.013830314
0.013624303
0.013684857
0.013672371
0.013543695
0.0133324405
0.013565116
0.013469937
0.012912095
0.012792607
0.0133254975
0.013134132
0.012834054
0.012612087
0.012972206
0.012644057
0.012771361
0.012878689
0.012293592
0.01226515
0.012441788
0.012225725
0.012527461
0.01250706
0.012092768
0.01187313
0.012099527
0.011852936
0.012429888
0.0127976425
0.012089218
0.011958665
0.012131617
0.011705649
0.01209208
0.012379737
0.01150209
0.011962217
0.012639592
0.011562967
0.011994352
0.013169426
0.012395429
0.011177175
0.011814506
0.012461819
0.012007712
0.011228229
0.011243135
0.011347112
0.010922263
0.0110581145
0.011203597
0.010849229
0.010826738
0.010600283
0.0106421895
0.010578019
0.010397363
0.010312472
0.0107543655
0.010545534
0.010005449
0.011171398
0.011849201
0.0116887195
0.0106627615
0.0108089475
0.010641307
0.012417254
0.013257886
0.0110724075
0.011139321
0.01193403
0.010746422
0.010974407
0.011832536
0.010659496
0.010764175
0.011517219
0.010433194
0.010585678
0.01102604
0.009995575
0.011017201
0.0120223835
0.010647948
0.010100584
0.010547213
0.009919133
0.010010495
0.010242162
0.009655472
0.010006
0.010170739
0.009747118
0.009858907
0.009597778
0.009482401
0.00941061
0.00942633
0.00931701
0.009362494
0.00920742
0.009459071
0.009643499
0.009157562
0.009566127
0.010248802
0.009773282
0.009377017
0.009899586
0.010586348
0.01069267
0.009887651
0.010324528
0.010265473
0.009543479
0.009244197
0.009240721
0.009270708
0.009368926
0.009348757
0.009649009
0.009238686
0.009386823
0.00941172
0.009085285
0.008977436
0.008855392
0.008667062
0.009086138
0.009157722
0.008861289
0.008678821
0.008691923
0.008508474
0.009027382
0.009184568
0.008819334
0.00868772
0.008873228
0.008493978
0.008558845
0.008556437
0.008534262
0.008451586
0.00880614
0.008634139
0.008294472
0.0082898345
0.00845533
0.0083119385
0.008284182
0.008268185
0.008258627
0.008149882
0.008215717
0.0081480155
0.008149975
0.008016267
0.008318101
0.00826862
0.007966569
0.00792965
0.008080744
0.007956532
0.008067451
0.007980432
0.007900708
0.007830967
0.008008417
0.007902262
0.007876572
0.007828942
0.007836162
0.0077322335
0.00785746
0.0077234115
0.007817949
0.0077838465
0.0076339827
0.007601174
0.007708466
0.007601308
0.007682824
0.007613633
0.0075673833
0.0075042546
0.007599134
0.007542784
0.0074562933
0.0073660216
0.007622237
0.007532446
0.007343454
0.0072480706
0.007583353
0.0074873106
0.0072713923
0.0072103865
0.0073627657
0.007236909
0.007354136
0.007248917
0.007219512
0.0071383915
0.007226648
0.007168997
0.007127574
0.007100148
0.0070517734
0.0070289113
0.007126782
0.0071422807
0.006915247
0.0070011686
0.007043673
0.007180333
0.006749557
0.0069662184
0.0066337776
0.0069083082
0.006569481
0.00785055
0.008159311
0.007010886
0.0075342567
0.0080889845
0.0079130465
0.00756921
0.006852712
0.0070952983
0.0072048265
0.0068719597
0.007038847
0.007170591
0.006965729
0.006478306
0.0073092976
0.0072193034
0.0073346137
0.007167755
0.0064661503
0.007141499
0.007405221
0.00714064
0.0068422384
0.0065114913
0.0068697874
0.00654648
0.006344276
0.006271113
0.006516281
0.0060881586
0.0065141297
0.0067440495
0.0065174666
0.006323173
0.0058175176
0.007233951
0.0075977133
0.007105004
0.007154913
0.0070583117
0.006124312
0.006510999
0.0067914226
0.0063648713
0.006244344
0.0061219074
0.005608628
0.0058658137
0.006028913
0.0053669177
0.0060193897
0.0059399265
0.005808275
0.0058730408
0.005404486
0.0065064714
0.0064587784
0.0060900194
0.006148266
0.005515445
0.005697677
0.0056728274
0.0059542083
0.0059775896
0.0056804805
0.0057082996
0.005327426
0.005536321
0.0055430713
0.005316637
0.0053246357
0.0052043973
0.0053262785
0.004838157
0.005965793
0.0056750756
0.0051619713
0.005443251
0.005198224
0.004972397
0.0051240455
0.0051335525
0.0050302027
0.0052312575
0.004940476
0.0046951263
0.004832896
0.0045783743
0.004661294
0.004562257
0.0046603885
0.004457726
0.0044306135
0.0043768384
0.004314246
0.0047062575
0.004327204
0.0054023876
0.0054458715
0.0046887496
0.004662179
0.0049585938
0.004986683
0.004356055
0.0043217293
0.004339889
0.004117618
0.004572392
0.004640797
0.0044617034
0.0042984006
0.0043760426
0.0041334056
0.0044914926
0.0042272354
0.004543126
0.0045332233
0.0040223575
0.004349506
0.0040097195
0.003942568
0.0042713596
0.004124518
0.0041914186
0.0042699375
0.0039480645
0.0040524765
0.003927551
0.003936215
0.004028681
0.0039945394
0.00407406
0.0041041183
0.003894237
0.00394465
0.0037912987
0.0038230605
0.0037249203
0.003779967
0.0037757691
0.0037278961
0.0038569216
0.0038862005
0.0036047127
0.0036813251
0.003687882
0.0035127439
0.003955263
0.0038267868
0.0035826815
0.003537501
0.0035829253
0.003360606
0.0038838575
0.0039031524
0.0034951612
0.0035898031
0.003607386
0.003410748
0.0034891579
0.003508488
0.0035777504
0.003634167
0.003624565
0.0035420668
