0.2899
0.09307453
0.05902939
0.035290945
0.028920008
0.02916021
0.02493125
0.028154125
0.0270589
0.023262301
0.02558828
0.025468603
0.02290362
0.024164036
0.025262138
0.023116877
0.0224772
0.023164771
0.02222418
0.022064364
0.022628272
0.021497056
0.022067135
0.022612398
0.021337247
0.021401783
0.021822313
0.020913387
0.020950383
0.02110996
0.020858228
0.020752998
0.020883324
0.020652236
0.020230563
0.021149127
0.020789262
0.020947972
0.019983595
0.022457471
0.0220033
0.020164402
0.020419551
0.02001749
0.019737575
0.020063872
0.019942438
0.02005103
0.019680733
0.019942781
0.019496756
0.020054413
0.019400375
0.02010764
0.020451332
0.019055493
0.019538157
0.019656228
0.019328287
0.019132309
0.018969275
0.019031942
0.018798973
0.019353412
0.019240761
0.01893005
0.019195102
0.019051434
0.018872062
0.018872771
0.018899467
0.018854126
0.018614845
0.018715082
0.018677002
0.018544717
0.018592382
0.018564904
0.018794918
0.018543668
0.018724961
0.018714933
0.018400276
0.019694539
0.019921796
0.018586839
0.019468958
0.019584615
0.019435773
0.019053966
0.01838928
0.0183603
0.018709278
0.018565841
0.018853577
0.018605568
0.018960843
0.019053629
0.018144168
0.018681599
0.018920181
0.018233197
0.018760554
0.01914282
0.018919846
0.018429456
0.018441409
0.018656729
0.018586935
0.018339569
0.018127507
0.018124713
0.018278504
0.01791697
0.019249568
0.019629953
0.0182972
0.019042445
0.01948352
0.018380439
0.018739255
0.01895795
0.018140793
0.018466623
0.018312903
0.01796801
0.01803618
0.017472811
0.01767009
0.017506251
0.017505959
0.017284907
0.017371166
0.017169507
0.017029056
0.017121576
0.016823051
0.017147789
0.017057633
0.016834935
0.016425658
0.016922459
0.016921295
0.01610628
0.01590289
0.016443161
0.01588372
0.016309328
0.016341547
0.016326329
0.016445072
0.01522063
0.016265191
0.016862469
0.016287241
0.01576144
0.0152080655
0.015396525
0.01573597
0.015174401
0.014754228
0.01484709
0.014846992
0.014650717
0.014692575
0.014995468
0.014301517
0.01495633
0.015050086
0.014357321
0.014340013
0.014163118
0.014231495
0.013731238
0.015689244
0.014915229
0.014155245
0.01444446
0.013930305
0.014414613
0.014460613
0.013601709
0.013843627
0.013665219
0.014482091
0.013489191
0.014677896
0.014704465
0.013544992
0.013755046
0.013468407
0.0135410875
0.0136376405
0.012746933
0.013535428
0.012861411
0.012995635
0.012948028
0.0126554025
0.012530263
0.01313334
0.013032411
0.012424816
0.012466704
0.012276381
0.01216011
0.0122454045
0.012070629
0.012024929
0.011825609
0.012022935
0.011576109
0.011999291
0.011742041
0.011413249
0.011359565
0.0111911865
0.010917996
0.011442549
0.011117097
0.011822571
0.012239434
0.010855886
0.012863801
0.014977515
0.01315626
0.01115184
0.012075596
0.012516342
0.011507821
0.010855713
0.011804906
0.012182951
0.011078462
0.011140808
0.011393803
0.011473671
0.0110534625
0.010835037
0.010604759
0.011017744
0.011218187
0.010612129
0.01037016
0.010541472
0.0104886405
0.010398566
0.010199036
0.010294513
0.010059797
0.010646229
0.010468279
0.01009557
0.009931498
0.010122854
0.010117467
0.010096131
0.009920872
0.009837201
0.009778474
0.010124512
0.010015917
0.009688644
0.009580418
0.009984356
0.009871993
0.0096754925
0.0095643625
0.009748783
0.0096957935
0.009606366
0.0094993515
0.009729638
0.009709497
0.0094428845
0.009371559
0.009619859
0.009573638
0.009458352
0.009423307
0.0093765035
0.009318951
0.009544772
0.00946125
0.009237817
0.009198663
0.009486944
0.009406012
0.009201677
0.009160597
0.009338641
0.00924687
0.009256898
0.009258679
0.009135827
0.009125237
0.009240041
0.009223848
0.00909547
0.009116233
0.009095752
0.009086543
0.009096965
0.009077038
0.00917397
0.009206668
0.008955841
0.009018124
0.008951445
0.009056234
0.008960439
0.009011769
0.0090212785
0.008753163
0.009660031
0.009667841
0.0087321885
0.009413871
0.008920974
0.009248703
0.009228792
0.008824025
0.008998625
0.008834906
0.008822061
0.008848407
0.008784844
0.008748673
0.00881508
0.008681322
0.008850552
0.0087195635
0.008642792
0.008782486
0.008493732
0.008635714
0.008505403
0.008547949
0.008401034
0.00871595
0.00846133
0.009137464
0.008955517
0.008593989
0.008578611
0.008793899
0.008341278
0.008903441
0.008742333
0.008450139
0.008391644
0.008680739
0.008760167
0.008388271
0.008483452
0.008384342
0.008307171
0.008435874
0.00841245
0.008242994
0.008169723
0.008368582
0.008208442
0.0085097
0.008503408
0.008170202
0.008234265
0.008123024
0.008137557
0.008319522
0.008161449
0.0085628675
0.008679091
0.008103282
0.0084412955
0.0083384095
0.008098691
0.008330317
0.008190986
0.0082104895
0.008166806
0.008078639
0.007946557
0.008138373
0.008083419
0.007910784
