0.28879705
0.05469882
0.0583798
0.039351914
0.026103893
0.026717687
0.025897397
0.024771273
0.023808317
0.023932023
0.02366654
0.022853682
0.023045605
0.022857828
0.022509366
0.02262068
0.022317251
0.022350555
0.022317717
0.022075221
0.022092747
0.02183865
0.022144297
0.02219903
0.021535091
0.022619074
0.023109429
0.022248283
0.021191053
0.022775287
0.023536848
0.022047514
0.021492803
0.021228747
0.02150467
0.021643637
0.020354645
0.021281777
0.022312721
0.021018619
0.020299444
0.020464404
0.020561896
0.020258563
0.019630454
0.019973679
0.019683661
0.019690821
0.019544668
0.019312108
0.019339575
0.019107252
0.019026313
0.018831437
0.01869347
0.018600358
0.018333634
0.018257013
0.01782367
0.017611783
0.017536469
0.017181465
0.016944297
0.016557744
0.016449891
0.016777372
0.01651874
0.01661705
0.016499162
0.016272614
0.016162205
0.015910733
0.015880141
0.015711557
0.015712434
0.015523359
0.015811384
0.015528043
0.015731541
0.015875965
0.015164334
0.01622138
0.016929738
0.01604909
0.015672738
0.015306783
0.01561856
0.015673378
0.015204067
0.015083183
0.015047147
0.015243374
0.015083987
0.014767083
0.01475241
0.014737528
0.01454115
0.01470681
0.0146215735
0.01444196
0.0142801115
0.014336821
0.014284648
0.014119458
0.013966222
0.014026138
0.0139182275
0.013722754
0.013642256
0.013710666
0.013536025
0.013532826
0.013448585
0.013345453
0.0132190725
0.013230391
0.013111702
0.013030402
0.012926015
0.013010037
0.01290748
0.012745626
0.012658145
0.012675666
0.012594986
0.012443919
0.012324964
0.012719095
0.012641482
0.012133141
0.012284321
0.012185697
0.012016083
0.012106232
0.011920589
0.01195049
0.011941922
0.011769603
0.011842073
0.011818208
0.01154397
0.011916948
0.011853072
0.011452367
0.011785805
0.011679996
0.011917404
0.011921094
0.011584389
0.011494876
0.011720506
0.011369876
0.011773743
0.011988553
0.011468035
0.011382538
0.011604658
0.01139292
0.011339138
0.011347036
0.011289819
0.011184171
0.011391054
0.011208168
0.011433733
0.011468626
0.011239275
0.011131725
0.011285123
0.011183385
0.011101861
0.011071886
0.011112683
0.011019499
0.011084727
0.011017516
0.01112029
0.011021378
0.011037584
0.011001256
0.010860984
0.010789304
0.011137332
0.011060911
0.010799413
0.0107770525
0.010940331
0.010830094
0.010893422
0.010901168
0.010663402
0.010606807
0.01095855
0.010878875
0.010551438
0.010524261
0.0107702585
0.01063514
0.0106564425
0.010640233
0.010526795
0.010458243
0.010715507
0.010666877
0.010440585
0.010413721
0.010595389
0.01053252
0.010450824
0.0104751885
0.010370761
0.0103708515
0.010424825
0.010383696
0.010442339
0.010512169
0.010260318
0.0102996705
0.01034903
0.010295931
0.010368443
0.010421946
0.010158346
0.010351905
0.010130155
0.010681323
0.010706731
0.010238851
0.0103935385
0.010254909
0.010119762
0.010265034
0.010193218
0.010104465
0.010169739
0.010105486
0.009959278
0.010219808
0.010070122
0.010034536
0.010071516
0.009912855
0.009984524
0.009938481
0.009912713
0.009828671
0.009904057
0.009740583
0.009736287
0.010183805
0.010145162
0.009834792
0.010176998
0.009794966
0.009951256
0.009830497
0.009619112
0.010096226
0.009910405
0.009780279
0.009871302
0.009806902
0.009538897
0.009739528
0.009586438
0.009529048
0.009402975
0.009753878
0.009435253
0.009930495
0.010008197
0.009786946
0.009595768
0.009751505
0.009504181
0.010111783
0.009792492
0.0096000815
0.00950962
0.009547441
0.009355714
0.009664582
0.009723754
0.009363122
0.009618136
0.009559469
0.0093933195
0.009387151
0.00938493
0.0094358185
0.009397321
0.00943748
0.009438197
0.00946539
0.00927299
0.009529878
0.00951815
0.009383516
0.00943881
0.009307307
0.009158018
0.009351637
0.009255321
0.009284777
0.009321112
0.0093268445
0.009121262
0.009563906
0.009608451
0.009131998
0.009211004
0.009249072
0.009083669
0.009142947
0.009130394
0.0090298485
0.0091171535
0.008945539
0.0094706835
0.009136281
0.009386214
0.009360387
0.00894992
0.008878364
0.0090777995
0.008903872
0.009543832
0.009652928
0.009016011
0.009053211
0.009194693
0.009047862
0.009078228
0.009004615
0.008978052
0.009043367
0.008970157
0.0090268785
0.008928175
0.009029184
0.008957229
0.009106973
0.008953028
0.009039066
0.0090758875
0.008765242
0.009155319
0.008877608
0.00895469
0.008837028
0.008955891
0.008801825
0.00888968
0.008743851
0.009111182
0.009200474
0.008698434
0.008910316
0.008741974
0.008952274
0.0088345045
0.008860861
0.008816968
0.009090289
0.008830387
0.008857788
0.0086826915
0.008960181
0.008668873
0.008958142
0.008921281
0.008668475
0.0086694425
0.00866828
0.00855312
0.00888481
0.008917477
0.008546726
0.008659133
0.0086981235
0.008522256
0.008882553
0.008888662
0.00883323
0.008706851
0.008796222
0.008950238
0.008640192
0.008663808
0.008547579
0.008684588
0.008532406
0.008688069
0.008567498
0.00865302
0.008578654
0.008695012
0.008549201
0.008439019
0.008407616
0.008388781
0.008336586
0.008562661
0.0083532985
0.009147006
0.009277405
0.008498032
0.009158537
