0.28731623
0.060925525
0.07211741
0.036942955
0.027243944
0.028451892
0.022544354
0.025460228
0.02663823
0.021662742
0.023350678
0.025400596
0.023168966
0.021650754
0.021422068
0.022413453
0.021785757
0.020545484
0.022115625
0.02255177
0.020665823
0.0219293
0.023249445
0.022016728
0.020932354
0.021340003
0.021743191
0.020852014
0.02116198
0.021336503
0.020819971
0.020894682
0.020864412
0.020625347
0.020584816
0.020655861
0.020226909
0.020946719
0.020894192
0.020342568
0.020564515
0.020657333
0.020140043
0.02129068
0.021498062
0.020648016
0.02059745
0.020315057
0.020483458
0.020293951
0.02022967
0.01998964
0.020415192
0.019960938
0.02080208
0.02119719
0.02004022
0.021057889
0.021953667
0.02068243
0.020153306
0.020652207
0.020295588
0.019859217
0.020299638
0.020144718
0.019734522
0.01970092
0.0198976
0.019771395
0.01977735
0.019734265
0.01964512
0.019643493
0.019587537
0.019492112
0.019367492
0.01987472
0.019893771
0.019536579
0.019336836
0.019894296
0.01961028
0.01929958
0.019259932
0.019362887
0.019128291
0.019452209
0.019452969
0.018915677
0.018833404
0.019268556
0.01903139
0.0188495
0.018727025
0.018813318
0.018661257
0.01870442
0.018544683
0.018292693
0.018150784
0.018407213
0.01813875
0.0182349
0.018119643
0.017646017
0.017479094
0.018320914
0.018226916
0.017196931
0.017398244
0.0170444
0.017597524
0.01760447
0.017205259
0.016939012
0.017344637
0.017192071
0.016935928
0.016616404
0.017392267
0.017464641
0.01691712
0.01667688
0.01620244
0.016263904
0.015952451
0.016086617
0.015849253
0.015657522
0.015785357
0.015525571
0.015642606
0.015372614
0.015527862
0.0153388865
0.015049475
0.015047185
0.015017762
0.014621877
0.016095307
0.016969519
0.014920483
0.015809191
0.016106026
0.014668006
0.01575733
0.016327612
0.014771317
0.015606143
0.016563237
0.015414168
0.014751057
0.015418188
0.014699818
0.014631969
0.015129644
0.014448217
0.014792956
0.015179136
0.014491878
0.014456042
0.014833712
0.014320493
0.014411283
0.014502962
0.014266056
0.014291767
0.01413685
0.01406613
0.013891533
0.013621214
0.013541707
0.013756667
0.013680643
0.013704707
0.013674605
0.013675761
0.013500753
0.014123876
0.014313173
0.013345607
0.01506935
0.016495526
0.015064895
0.014460087
0.014119104
0.013789475
0.013787698
0.013674378
0.013472773
0.013472433
0.013559115
0.013393457
0.0133702755
0.013408656
0.013470575
0.013236147
0.013687883
0.013731922
0.0135551365
0.0133986175
0.0132597955
0.013197185
0.013465594
0.013353218
0.013301191
0.013271551
0.013278148
0.013245307
0.013121848
0.013023925
0.013304457
0.013308503
0.013166979
0.013087556
0.013181083
0.013045506
0.013269301
0.013334103
0.0130459
0.01295526
0.013220585
0.013045385
0.013105947
0.01315402
0.012968443
0.012883048
0.013211016
0.013131265
0.012901329
0.012858762
0.013093631
0.013038348
0.012872835
0.012835831
0.01295083
0.012842365
0.012969186
0.012942113
0.012804898
0.012760925
0.012883447
0.012837532
0.012774408
0.012700089
0.012901609
0.012874019
0.012678926
0.012656367
0.012799032
0.012727392
0.01273479
0.012686227
0.012687189
0.012577143
0.012831814
0.012738426
0.012553424
0.0124744
0.012791407
0.012650934
0.0125358915
0.012422998
0.012750223
0.012644504
0.012472243
0.012421973
0.012474678
0.012393574
0.0125865815
0.012524985
0.012300055
0.012378168
0.012464915
0.012326568
0.012718327
0.012650821
0.012228859
0.012161595
0.012472767
0.012337406
0.012235225
0.012220549
0.012213379
0.01218647
0.0122167505
0.0121514285
0.012224806
0.012162824
0.012212589
0.012179427
0.012069506
0.0120842485
0.012061995
0.0119970115
0.012039605
0.011992761
0.01200888
0.012014226
0.011944935
0.011877743
0.012145954
0.0120473765
0.011842932
0.011795032
0.011991046
0.01197832
0.011763725
0.011859282
0.011829526
0.011720884
0.012080751
0.012129896
0.011647187
0.012059134
0.01159598
0.012311675
0.012491662
0.011879322
0.011970664
0.012465705
0.012083407
0.011783998
0.01199503
0.012306758
0.012446001
0.011920744
0.011837892
0.011976071
0.011848052
0.011922233
0.011422087
0.011327662
0.011366956
0.011290963
0.011187575
0.011249638
0.0111610135
0.011100724
0.010975872
0.011201658
0.011222143
0.011084847
0.011022237
0.010966803
0.010959557
0.010892894
0.010871638
0.010845181
0.010747845
0.010557443
0.010759295
0.01072088
0.011005702
0.010646608
0.010653078
0.010312776
0.010486486
0.01057231
0.0103307245
0.010174424
0.010185313
0.01009421
0.010277119
0.010093615
0.010145547
0.009986076
0.010334325
0.0102687925
0.009936112
0.010034375
0.009857729
0.010011357
0.010174709
0.00986912
0.010351648
0.010029604
0.010075764
0.010101474
0.009752602
0.01038032
0.01003196
0.010030323
0.010411671
0.010089046
0.010057744
0.010508549
0.010206704
0.009486902
0.010446628
0.010231805
0.009823851
0.009773663
0.009654119
0.009769804
0.009658714
0.009824918
0.009900618
0.009549201
0.009350509
0.009718333
0.009496325
0.009420556
0.009359489
0.009428307
0.009381716
0.009431268
0.009273525
0.009445653
0.00947693
0.009204377
0.009432036
0.009082381
0.009449366
0.00905072
0.0100872675
0.010089547
0.009313213
0.009981636
0.009948771
0.009405215
0.009471899
0.009320244
0.009210008
0.009275089
0.009048545
0.00893011
0.009157836
0.008776548
0.009178236
0.009067266
0.009403515
0.009496291
0.009110421
0.009331468
0.009082819
0.009473606
0.009997823
0.009706256
0.009039351
0.008876246
0.009510177
0.009080183
0.009514785
0.009524896
0.009026738
0.009426343
0.009128221
0.009354752
0.009388336
0.008953392
0.008899265
0.009244198
0.00901461
0.009017731
0.008874055
0.00874268
0.009038516
0.008636564
0.008690293
0.008882712
0.009021826
0.009189176
0.008847679
0.009107559
0.008827438
0.010161448
0.01006316
0.009056895
0.009259424
0.009517007
0.008548893
0.009846465
0.009897732
0.009000239
0.009618287
0.0091906
0.009068823
0.009389761
0.00931732
0.009345876
0.00913431
0.009020094
0.009300788
0.009225625
0.008409899
0.008737075
0.008769884
0.008791277
0.008945667
0.009492
0.009934076
0.009450075
0.008882009
0.009567806
0.0088141
0.009011178
0.0090882005
0.009455494
0.008798487
0.009719652
0.009534688
0.0091367075
0.009167238
0.009136187
0.008902301
0.009770698
0.009263437
0.008698721
0.008518663
0.0089172525
0.008639928
0.009483461
0.009558113
0.008836553
0.008828229
0.008525271
0.008690643
0.008788052
0.008646968
0.009143774
0.009269938
0.009055843
0.0088378
0.008526643
0.009199612
0.008938427
0.008864432
0.008792815
0.008497491
0.008497807
0.008179427
0.0092090685
0.009037907
0.008475025
0.008991876
0.008832041
0.008393392
0.008234811
0.008393251
0.008384235
0.008245775
0.008342055
0.008214799
0.008972739
0.008091009
0.009191775
0.009220451
0.008033774
0.010532913
0.011963871
0.011266609
0.009744296
0.009160541
0.009100784
0.009726024
0.010119709
0.009650947
0.008933001
0.008944479
0.009177781
0.0089005465
0.008429077
0.008280958
0.009126647
0.009039859
0.008511197
0.008473671
0.008273557
0.008569597
0.00821421
0.009170121
0.0090115145
0.008686292
0.008583686
0.008586262
0.008173652
0.009110969
0.008946345
0.008321434
0.008744467
0.008441468
0.008247054
0.008328955
0.007922742
0.009202719
0.009075704
0.008364231
0.008034632
