0.2877554
0.07666396
0.05935983
0.03139823
0.02568121
0.024578223
0.022165319
0.023735395
0.021312157
0.026227593
0.027193772
0.02315749
0.02296421
0.02275826
0.023275256
0.022807464
0.020808434
0.023004496
0.024495328
0.022113817
0.020949489
0.021340346
0.021511694
0.020975634
0.02023634
0.021034637
0.020525096
0.020291919
0.020405078
0.020051718
0.020313622
0.020012692
0.019949405
0.019975996
0.019467315
0.019327369
0.019970005
0.019457566
0.019481985
0.019523079
0.018902486
0.019246204
0.018931733
0.019024322
0.018980553
0.01857459
0.018522121
0.018631196
0.01845391
0.018502725
0.018321965
0.018321462
0.018192083
0.017939555
0.017771877
0.017903157
0.01769606
0.01729601
0.01715428
0.016888304
0.01657997
0.016753415
0.016402014
0.01598057
0.015786236
0.01569856
0.01543926
0.015485619
0.015261754
0.015214858
0.015138097
0.015125401
0.014991832
0.014886406
0.014827707
0.014753387
0.014781189
0.014553331
0.014707625
0.014426456
0.015079784
0.0150200315
0.014293045
0.014503957
0.014361434
0.014339402
0.014253329
0.014317746
0.014123163
0.014470745
0.01435756
0.014045226
0.01408422
0.013981541
0.013876709
0.014222257
0.013951023
0.014515765
0.014648084
0.0137665095
0.01492997
0.015343855
0.014138135
0.014429626
0.0150851095
0.014260091
0.014161977
0.014493167
0.014326024
0.013883557
0.014026205
0.014157031
0.013550323
0.01493229
0.015497539
0.014081632
0.014440353
0.014870688
0.014301769
0.014091238
0.013954527
0.014233437
0.01382349
0.014083199
0.014589771
0.013789187
0.013976954
0.014232253
0.014030966
0.013799029
0.01356301
0.013821092
0.013521772
0.014000057
0.014127168
0.013380751
0.01410633
0.01436432
0.013954945
0.013661408
0.013536702
0.013880521
0.0135289505
0.0134489285
0.0135689825
0.0133519815
0.013257075
0.013633624
0.013437669
0.013407498
0.013425358
0.013313074
0.013220237
0.013586807
0.013566139
0.013159432
0.01315242
0.013434974
0.013264328
0.0133399
0.013328013
0.013135728
0.013058066
0.01357605
0.013523157
0.013025937
0.013012451
0.013378632
0.013268448
0.013119549
0.013056924
0.013175081
0.013078112
0.013143589
0.0131383315
0.013071664
0.012966503
0.013126143
0.01303469
0.01304916
0.012995052
0.013085942
0.013045388
0.012836263
0.012787231
0.0131058395
0.0130279185
0.0128707
0.012787707
0.0130012585
0.012962651
0.012784385
0.012762912
0.012901016
0.012821778
0.012744833
0.0126988785
0.012819723
0.012706
0.012867496
0.012790716
0.012688394
0.012603328
0.012859282
0.012783705
0.012603569
0.012584495
0.012758655
0.012723264
0.012527843
0.012517232
0.012628305
0.012529698
0.012627999
0.012575681
0.012514584
0.012460507
0.012525785
0.012441445
0.0125580495
0.0124709355
0.012467742
0.012369406
0.012505367
0.012424934
0.012395092
0.012326104
0.012413226
0.012315338
0.01240095
0.012374677
0.012195222
0.0121416375
0.012406093
0.012307092
0.012142279
0.012085049
0.012219275
0.0121187
0.012142144
0.012040482
0.01214008
0.012089419
0.012045215
0.011936891
0.012100761
0.011935352
0.01207834
0.012009847
0.011907312
0.011817892
0.012005955
0.011896246
0.011846244
0.011711209
0.012066554
0.011961465
0.011730802
0.011677976
0.011889793
0.0117989555
0.011685752
0.011592302
0.011950326
0.011892687
0.011570153
0.011574693
0.011797179
0.011745903
0.011548061
0.011595958
0.011694424
0.011655795
0.011788706
0.012012124
0.011513058
0.011693555
0.011566986
0.011432248
0.012382974
0.012276291
0.011738616
0.012213927
0.012589033
0.012652327
0.011777
0.011988725
0.012427765
0.012042761
0.012308872
0.0125767635
0.012393859
0.011591397
0.011820346
0.011630136
0.011439
0.0115315765
0.011342216
0.01134598
0.011262699
0.011358935
0.011304338
0.011283626
0.01124112
0.011250432
0.011294323
0.011196915
0.01116842
0.011236877
0.011374916
0.011153257
0.011286522
0.011337793
0.0115741035
0.011397346
0.011196632
0.011214373
0.011417056
0.011328672
0.011612897
0.011592992
0.011062749
0.011139278
0.01126051
0.01097627
0.011371617
0.011493002
0.011262427
0.011003357
0.0112963915
0.011091639
0.011532794
0.011561302
0.011001323
0.011051794
0.01106264
0.010971065
0.011078366
0.010835822
0.01134706
0.011435728
0.010920855
0.010897771
0.010992653
0.010803252
0.011183731
0.010976081
0.011451383
0.011540256
0.010758554
0.01100747
0.01100554
0.010926031
0.010795712
0.010673071
0.010971312
0.010892194
0.010891723
0.010893274
0.010863997
0.010692444
0.011050736
0.010871877
0.01070752
0.010637324
0.010932754
0.010813425
0.01075643
0.010798502
0.010596626
0.010634349
0.010766048
0.010707416
0.010697044
0.010702722
0.010604915
0.010548596
0.010700417
0.010629989
0.010598377
0.010560851
0.0106222695
0.0105615845
0.010576564
0.010496308
0.010566835
0.010463998
0.010599774
0.010507609
0.010526578
0.010500009
0.010520796
0.010447363
0.010487462
0.010430542
0.0104775475
0.010387956
0.0104963295
0.010459502
0.010409943
0.010393285
0.010365222
0.0103377635
0.010416877
0.010401078
0.010269372
0.010286845
0.010414691
0.010421361
0.010248437
0.010264765
0.010382104
0.0104371905
0.010181171
0.010317893
0.010295677
0.010388588
0.010167121
0.010262276
0.010259845
0.010327014
0.010341361
0.010468531
0.010099081
0.010185694
0.010254853
0.0100845285
0.010238577
0.010030361
0.010152669
0.010050562
0.010313885
0.010248208
0.010075592
0.010120905
0.01015641
0.010322942
0.009926113
0.01017635
0.009955324
0.0099588
0.009821142
0.009843994
0.009998068
0.009841955
0.009847094
0.010115384
0.009820211
0.010766755
0.01109409
0.009848851
0.012117781
0.013859957
0.012503267
0.010904129
0.011182167
0.011150985
0.010775063
0.011034153
0.010713454
0.010374633
0.010476914
0.010516033
0.010208622
0.010114455
0.009921797
0.0100741945
0.009920158
0.009957712
0.009819586
0.009946235
0.009877918
0.009994526
0.010194347
0.009772949
0.01022147
0.009651483
0.010266668
0.010130583
0.009687052
0.010117468
0.009698571
0.0097056115
0.00963782
0.009524682
0.009495814
0.009633678
0.009567429
0.009694446
0.009680402
0.009607279
0.009547643
0.009673896
0.009394224
0.0101618385
0.010243416
0.009381446
0.010240579
0.010177545
0.00945836
0.009714879
0.009697796
0.009584021
0.009655085
0.009723379
0.00959886
0.009500722
0.009626746
0.009279285
0.009874799
0.009680592
0.009513716
0.009962201
0.00953734
0.009308761
0.009846457
0.009856143
0.009264014
0.009154317
0.009449396
0.009221886
0.009567089
0.009597921
0.00958
0.009482303
0.009122368
0.009118587
0.009150316
0.008979558
0.009261858
0.0091300355
0.0093673775
0.009476084
0.008985075
0.009262016
0.00904319
0.009385443
0.0095287515
0.008815683
0.009060428
0.008822073
0.009418256
0.009589699
0.008951969
0.009080302
0.009265199
0.0091266995
0.008872562
0.0090228515
0.008931643
0.008894704
0.008862846
0.008805348
0.008717038
0.008831546
0.00872003
0.0088716075
0.008898277
0.008554182
0.008766801
0.008404298
0.009118693
0.009224075
0.008808809
0.00887133
0.008551682
0.0085999975
0.008600324
0.008551505
0.008440691
0.008452508
0.008327819
0.009078716
0.009050728
0.008831965
0.008703943
0.008494388
0.008476102
0.00864574
0.008905447
0.008347614
0.009054826
0.009319211
0.008966905
