0.2870201
0.042088848
0.059948068
0.049844474
0.023011869
0.0324741
0.037067626
0.027520908
0.020745993
0.027147463
0.030089483
0.024942555
0.020675449
0.022053177
0.023977377
0.022663226
0.020261904
0.020457419
0.02156956
0.021060837
0.019653581
0.019482423
0.01982577
0.019215591
0.0183893
0.018622076
0.01931079
0.01866831
0.017533755
0.017807378
0.01809945
0.018091701
0.01730473
0.017633477
0.017004417
0.018293306
0.018932654
0.017318854
0.018152038
0.017974706
0.01671727
0.017190836
0.01670392
0.017205276
0.016912416
0.016063603
0.0160606
0.016247792
0.015881566
0.016623339
0.01668299
0.015682263
0.016002432
0.015689457
0.01615741
0.015685389
0.016162232
0.016400415
0.015539542
0.0155169545
0.015464444
0.015421669
0.015401107
0.015258129
0.015227292
0.015283842
0.015197493
0.0151877105
0.015059214
0.01543015
0.015253965
0.015265244
0.015201134
0.014972736
0.014911947
0.015138376
0.014944896
0.014997478
0.014979664
0.014729139
0.014642138
0.014832847
0.014662746
0.014804239
0.01478633
0.014402501
0.014349439
0.014621988
0.014449167
0.01439114
0.01430227
0.014199042
0.014055152
0.0143262
0.014273846
0.013839466
0.014049493
0.013813364
0.01396598
0.013959005
0.013434242
0.013816754
0.0134778945
0.013191383
0.01339195
0.01311348
0.013193078
0.01310135
0.012991319
0.01264742
0.013127543
0.01286719
0.012731847
0.012889273
0.012176423
0.012375782
0.012105256
0.012172621
0.011624956
0.012221195
0.012349787
0.011513556
0.011624944
0.0116156265
0.011006646
0.012475361
0.012929627
0.011248432
0.012255239
0.012610008
0.010999691
0.011744319
0.011780991
0.010395562
0.012783047
0.013317093
0.011003539
0.011009779
0.011901908
0.011278346
0.0102408
0.01081315
0.01065316
0.010093505
0.010544839
0.010284067
0.009987536
0.010403839
0.010067736
0.009947706
0.010182995
0.009861387
0.009691101
0.009901139
0.009552911
0.009705248
0.009759914
0.009569547
0.009299581
0.009220184
0.009296023
0.00911472
0.008918748
0.009258346
0.008780614
0.009141916
0.0094107725
0.008916139
0.008567928
0.008625469
0.008290196
0.008876401
0.008507454
0.008917763
0.008798198
0.009156715
0.00869599
0.007997837
0.008017854
0.0083235875
0.00795772
0.008547511
0.008561422
0.0075156614
0.0075507103
0.007734856
0.0073151304
0.008196162
0.008184773
0.007904471
0.0076208147
0.0072114305
0.007027272
0.007189073
0.006914875
0.0074124425
0.0072591924
0.0064551607
0.0065084775
0.0063930624
0.0062429816
0.006550122
0.0064137396
0.0064765825
0.006498285
0.0063127107
0.0060512074
0.006312702
0.006227615
0.0060735554
0.0059808358
0.0060835443
0.005945841
0.0056405156
0.0055424646
0.0057082674
0.0055163936
0.0056297895
0.0053954623
0.0056109237
0.005237227
0.005575727
0.0054685115
0.0050247037
0.0049487655
0.0052486933
0.0051098675
0.004851377
0.0048497003
0.0048227906
0.0046371995
0.005004651
0.004756342
0.0045645866
0.0044368873
0.0046240417
0.004397626
0.0046215467
0.0043920134
0.004502547
0.004266532
0.0045645977
0.004634349
0.004099854
0.004859971
0.0042012176
0.005013638
0.005093033
0.004258256
0.0045802468
0.0045013023
0.00434427
0.0043219454
0.0042188154
0.004011682
0.0040606465
0.0038436744
0.004045323
0.0038985878
0.0039457744
0.0038305512
0.0040740743
0.004140457
0.0036326714
0.003994912
0.0036190478
0.0039300104
0.0038603602
0.003544109
0.0036817708
0.003504263
0.0036401916
0.0034275197
0.0037191259
0.0037535625
0.0034109373
0.003563545
0.0034138355
0.0033529608
0.0033427638
0.0032107867
0.0031815525
0.0032218446
0.0031920492
0.0031106921
0.0030821085
0.0032245244
0.0031442523
0.0030066755
0.0032517845
0.0029237003
0.003277289
0.0032755986
0.002956771
0.0029803
0.003153769
0.0028531875
0.0031160116
0.0030139636
0.0028552376
0.002821885
0.0029713064
0.0028481316
0.0028956486
0.0027640604
0.0028227281
0.0027389247
0.002853776
0.0026692126
0.0029560484
0.002613226
0.0030297553
0.0028515446
0.0026932813
0.0026245506
0.002672206
0.0024872909
0.0028881794
0.00275107
0.0026426688
0.0028151385
0.002363016
0.0026175247
0.0023313847
0.0025976722
0.0025839703
0.002343857
0.0025383346
0.0024134908
0.0023131885
0.0028043247
0.0023574538
0.0028537458
0.0025797489
0.0027057435
0.0026671458
0.0028526585
0.0027070406
0.0025253398
0.002575601
0.0023337458
0.002396745
0.00227434
0.002557527
0.002459986
0.002423647
0.0023785948
0.0023367924
0.0022822225
0.0023489299
0.0022498958
0.0024739348
0.0024323608
0.0022663374
0.0022449885
0.002221213
0.002200372
0.0021391253
0.0021910665
0.0020440712
0.002202672
0.0021490492
0.0021500553
0.0021014356
0.002095712
0.0019915788
0.002117102
0.0019931542
0.002194362
0.002076786
0.0021666714
0.0020875179
0.0020922248
0.0021754107
0.001920959
0.0020626013
0.0019365061
0.0021218006
0.0021082077
0.00198342
0.002258451
0.0019117842
0.0023198246
0.002114117
0.0023705468
0.0025705502
0.0021729681
0.0022051611
0.0023535814
0.00225995
0.0018701423
0.002063603
0.0019105044
0.0019050537
0.0018659396
0.0018518994
0.0021052093
0.0017452021
0.0028438454
0.0028767532
0.002114119
0.002276766
0.0026462197
0.0019759438
0.00255997
0.0027133345
0.002378912
0.0019920801
0.002438603
0.002261292
0.001970546
0.0021070228
0.0021809544
0.0019848205
0.002348942
0.0023735
0.0017642091
0.0019324906
0.0017539427
0.0019420184
0.001839253
0.0019329381
0.0018638637
0.0018761024
0.0018836356
0.001805561
0.0018979713
0.0017009749
0.0021747604
0.0019924745
0.0019890473
0.0020207956
0.0017884936
0.0018102056
0.0018430209
0.001690106
0.00219128
0.002023491
0.0018525523
0.0019880557
0.0016264031
0.0023668502
0.0020542948
0.002168683
0.0020983003
0.0018647047
0.0017362271
0.0020051182
0.0017221477
0.0023500544
0.00212141
0.0019668515
0.0019290196
0.001864464
0.0017197864
0.002022104
0.0017959514
0.0021229538
0.0020879211
