0.28848046
0.05404808
0.07300078
0.04438263
0.025659623
0.02837596
0.024739286
0.025433436
0.024935782
0.022202348
0.023849292
0.023765678
0.021647701
0.022809625
0.023536496
0.021712469
0.021482373
0.02203847
0.02152069
0.020941235
0.021557922
0.021467894
0.020768862
0.021426106
0.021056749
0.020838832
0.021107001
0.02069798
0.020867243
0.020717176
0.021042252
0.02106288
0.020655714
0.022271043
0.02254351
0.021437094
0.021191485
0.021250606
0.021594295
0.020781048
0.021591654
0.022131586
0.021352887
0.021165662
0.02083374
0.021529302
0.021258736
0.02047582
0.020515272
0.02038043
0.02035919
0.020118183
0.020436656
0.020220457
0.019951103
0.01943543
0.019909462
0.019461736
0.018754302
0.018667294
0.018257864
0.01814623
0.017761324
0.01833391
0.018097801
0.017915966
0.017857337
0.017595373
0.017635534
0.017541284
0.017508361
0.017525345
0.017264718
0.017747335
0.017532943
0.017082857
0.01704243
0.01705113
0.017068448
0.017001577
0.017046126
0.016844453
0.01698559
0.017033948
0.016930886
0.016751876
0.01718239
0.017139416
0.016682029
0.016885238
0.016671741
0.01696249
0.01677483
0.016867915
0.016876103
0.016520517
0.016730336
0.016617546
0.016388303
0.01636958
0.01639382
0.01629964
0.01652926
0.016404787
0.016257267
0.016370593
0.016107097
0.016857581
0.016951839
0.016112141
0.016545614
0.016729593
0.016423466
0.016027752
0.016526997
0.016483838
0.015831491
0.01592016
0.015922315
0.015703904
0.015901098
0.016037429
0.015631301
0.016277518
0.016637465
0.015736252
0.016602544
0.017072396
0.016123919
0.016722983
0.016775701
0.015685223
0.016600871
0.017389286
0.016002208
0.015924359
0.016648678
0.015847756
0.015703935
0.016075961
0.015339595
0.015758626
0.01625968
0.015345213
0.015586528
0.016168894
0.015291072
0.015396602
0.015817458
0.015026054
0.015459907
0.016049674
0.0151279
0.015030096
0.015449579
0.014776543
0.015092292
0.015622169
0.014736257
0.014762289
0.015226039
0.014495548
0.014580878
0.0149890855
0.014227775
0.014486763
0.01489564
0.014106336
0.0140728615
0.014326082
0.013731574
0.013827116
0.013908009
0.013377796
0.013458137
0.013651226
0.012929805
0.01320676
0.01339255
0.012490037
0.013030161
0.013386671
0.012290329
0.011959746
0.011948627
0.011942674
0.011087225
0.011125478
0.011562108
0.011127737
0.010429248
0.012019913
0.011947985
0.011496569
0.011953657
0.010624374
0.01098304
0.010743928
0.0106606865
0.010350191
0.010220662
0.009619488
0.009924886
0.01004063
0.009089905
0.010048464
0.009487569
0.009552394
0.009189374
0.0088458
0.009184343
0.008595119
0.008647349
0.0093540475
0.008848187
0.010623577
0.010736358
0.008630249
0.009827661
0.009684572
0.008745468
0.009387442
0.008343071
0.009978721
0.011362002
0.00964773
0.008277527
0.00923767
0.008536454
0.008571134
0.00836586
0.008230758
0.008275374
0.007703397
0.007959205
0.007712794
0.007386805
0.0076720794
0.00772919
0.007149192
0.007124312
0.0072567775
0.00694722
0.007344184
0.007181933
0.0068712397
0.006869906
0.0067550987
0.0069922693
0.0065236078
0.007964681
0.007622067
0.00686178
0.0070209815
0.006445592
0.0064560995
0.006500819
0.0062416866
0.0064147594
0.006199714
0.0061081443
0.00618777
0.0058199684
0.006026232
0.0057754833
0.0062037776
0.005871194
0.006553096
0.0066655874
0.0060106106
0.0061158747
0.005777395
0.0060224575
0.006205372
0.0056410707
0.0063885693
0.006646397
0.006048056
0.005545138
0.006506936
0.005862806
0.0062658465
0.00615008
0.006224215
0.0060959323
0.0055308007
0.0053848797
0.0058739483
0.0056996862
0.0059635513
0.0056167035
0.0059140134
0.005663873
0.0057250992
0.0055715316
0.0056614815
0.0055932156
0.0053171236
0.005255422
0.0052141957
0.005175347
0.0049838186
0.005099311
0.0049410365
0.005124192
0.0052328757
0.0049186614
0.005030234
0.005025432
0.0048327832
0.0051969266
0.0052423715
0.0050867083
0.005010404
0.005440897
0.004937788
0.0053597055
0.0051943716
0.005461445
0.0050438372
0.004984151
0.005207343
0.0048861294
0.0051049883
0.004650449
0.005905213
0.006168086
0.0047093495
0.0060455725
0.0064825374
0.0060279123
0.006676385
0.0059652315
0.0048466665
0.0054654796
0.005914749
0.0050794515
0.0058317105
0.0057916143
0.0047489447
0.00612957
0.005693534
0.0045176963
0.004654473
0.0046124975
0.0043068086
0.004704649
0.004468222
0.0048975474
0.0047569103
0.004790311
0.004453818
0.004725709
0.0045765587
0.0042995918
0.004285226
0.004498453
0.0043242364
0.004474334
0.0043321364
0.004253842
0.0041377167
0.004146124
0.0039259684
0.004413515
0.004194273
0.00412271
0.0041554286
0.0039105844
0.003812285
0.004297236
0.004206236
0.0038029496
0.0036965292
0.004255323
0.0041514016
0.0037054296
0.0037091982
0.0038229998
0.0036437947
0.00402092
0.003942359
0.0035491893
0.003459595
0.0040975604
0.0040158774
0.0034494281
0.0034722723
0.0036704794
0.0034239106
0.003944514
0.0039168247
0.003381863
0.004240323
0.0034993368
0.0051216627
0.005537702
0.0034513685
0.004793623
0.0053716693
0.004385114
0.0038375035
0.004370244
0.0042177294
0.0036083497
0.0039230217
0.00408015
0.0033080217
0.0046242597
0.004979151
0.0034616713
0.0036158187
0.0043171337
0.0035916548
0.0036021657
0.004057715
0.003382057
0.003911287
0.0041852756
0.0040830025
0.0032487472
0.0039205668
0.003967705
0.003687297
0.0034537043
0.0032183062
0.0042415583
0.003872312
0.003952253
0.0041371435
0.0034075526
0.003540092
0.0032000977
0.0033850418
0.0034104844
0.0031340003
0.0031583745
0.003252939
0.0029434345
0.004199648
0.004343986
0.0032867643
0.004080774
0.0044212523
0.0032846166
0.0041086376
0.0051553077
0.0035318478
0.0037757542
0.0048571113
0.003553152
0.0033042107
0.003854936
0.003167877
0.003299728
0.0037788597
0.0026828845
0.004747557
0.005598472
0.0039349818
0.003528897
0.003786112
0.0036919515
0.0033236928
0.0033607974
0.0033699882
0.003360757
