0.28763285
0.042609375
0.061207145
0.05266577
0.02465184
0.030170402
0.03385851
0.024303777
0.023510188
0.027236527
0.024827234
0.02185029
0.022156207
0.023265371
0.02196168
0.020543272
0.02207311
0.02188141
0.020623246
0.021014703
0.021194698
0.020724786
0.020620361
0.020440096
0.020722046
0.02052796
0.02011568
0.020397281
0.020052701
0.020492924
0.020669825
0.019947814
0.020303056
0.020464132
0.019797675
0.02024165
0.020409664
0.019801117
0.019868739
0.01966036
0.019500425
0.019466825
0.01931441
0.019126391
0.019295448
0.018850578
0.018853238
0.01856082
0.018460484
0.017740285
0.017656766
0.017691268
0.017272836
0.016640723
0.016229017
0.016176721
0.016348803
0.015939478
0.015902141
0.016026523
0.015830949
0.015712978
0.0154720945
0.015807176
0.015448675
0.015470919
0.015375559
0.014788735
0.014711611
0.014825978
0.014546503
0.014730275
0.014689284
0.014182697
0.013999257
0.014173423
0.013858673
0.0141340345
0.014188439
0.013756506
0.013783596
0.013494524
0.013592954
0.013446941
0.013158909
0.013185228
0.012945101
0.013118277
0.013070087
0.012915338
0.012854139
0.012649494
0.0125623755
0.0124933
0.012361967
0.012454395
0.012236963
0.01248693
0.012419903
0.012296721
0.012158461
0.012309424
0.0120732905
0.012054463
0.011940371
0.01163416
0.0115496
0.011650364
0.011407684
0.011768836
0.011811781
0.011317056
0.011536014
0.0115740625
0.011226141
0.011033994
0.011292077
0.011164389
0.011032765
0.011020442
0.010923535
0.010766119
0.011040427
0.010843786
0.0107746795
0.010775515
0.010550958
0.010570664
0.010536698
0.010354505
0.010576048
0.010411558
0.010278755
0.010271718
0.010092437
0.010106914
0.009946521
0.010075138
0.010033448
0.009973855
0.009914934
0.009773739
0.009670661
0.009581103
0.00959565
0.009531406
0.009404296
0.009431436
0.009313616
0.009106807
0.009396316
0.009001997
0.009432408
0.009503234
0.0096616
0.009210835
0.0090261465
0.008862794
0.009324866
0.00891512
0.009161049
0.00925101
0.008751089
0.008757281
0.008489851
0.008417088
0.008576493
0.008410474
0.008466459
0.008330891
0.008567654
0.008552947
0.008021713
0.008142014
0.008079161
0.007906777
0.007927396
0.007908506
0.0076678046
0.008323475
0.008214385
0.008029613
0.007874398
0.0077615925
0.007844358
0.007623957
0.0074654478
0.0077038617
0.0074475934
0.0077138618
0.007839571
0.0072575337
0.0073760115
0.0073991828
0.0072582406
0.0071699633
0.0072268895
0.007140539
0.0069785086
0.0070869564
0.006908786
0.0071765953
0.0072675124
0.007060749
0.0069030463
0.0068731736
0.006877852
0.006714646
0.006626015
0.006840589
0.00653371
0.007297275
0.007562656
0.0069742887
0.00669934
0.00690989
0.006848097
0.006578063
0.006633322
0.0064328336
0.0065009394
0.006409062
0.00631181
0.0062251366
0.006318835
0.006328743
0.0061683333
0.006166905
0.0061079576
0.0060099433
0.00611792
0.006009472
0.0060454607
0.005975463
0.006015271
0.0058341906
0.0059395637
0.005819902
0.005869893
0.005821867
0.0058029233
0.005697701
0.0059228987
0.005851414
0.005573818
0.005574915
0.005632019
0.005506061
0.005672497
0.0056809895
0.0054177064
0.005474271
0.005408241
0.005267573
0.005540022
0.0054994565
0.0052411593
0.005363339
0.005222699
0.005192961
0.0052052853
0.00511053
0.0053423834
0.0049952823
0.0064389743
0.00640458
0.0057115643
0.005459793
0.0055565895
0.005224082
0.005486393
0.005121933
0.005246733
0.0051594567
0.004846664
0.0053089145
0.005058735
0.0053847046
0.004882038
0.005552147
0.005293041
0.005330872
0.00505506
0.0051289103
0.004914194
0.0052024727
0.004876365
0.00545279
0.005525997
0.0046869554
0.0048621935
0.0048390026
0.0047225556
0.004752018
0.004807037
0.004623599
0.004471003
0.0049179695
0.0046867453
0.0048738755
0.004925657
0.0048163575
0.0047181216
0.004612287
0.0046118335
0.0046326015
0.00449143
0.0045036357
0.00448516
0.0043571917
0.0044649323
0.0041339803
0.0042814226
0.0042645535
0.0042785895
0.004135864
0.004456315
0.0045380318
0.0045114155
0.004420755
0.0043934076
0.004179253
0.0042585637
0.004100665
0.004487016
0.0045636795
0.0044573355
0.004399421
0.004435371
0.0042232913
0.0043274392
0.0042400043
0.0048292475
0.0043613478
0.004791139
0.0050720586
0.0040199924
0.004138315
0.0042616953
0.004369392
0.004066951
0.0041332794
0.004240707
0.0038057894
0.004173748
0.0039825137
0.004303001
0.0044145095
0.0040518558
0.004387404
0.004374595
0.0040970445
0.004371502
0.004238441
0.0045328103
0.0044931346
0.004823144
0.0049326792
0.004163832
0.0042008255
0.004201537
0.0038103806
0.0044715386
0.0039122445
0.0043590767
0.0043300097
0.004115889
0.0039749886
0.004501933
0.004309099
0.0040753107
0.0038247965
0.004102997
0.0036297813
0.004934864
0.0051910398
0.00403704
0.0039397413
0.0041410476
0.0039030146
0.0037378222
0.0036154415
0.0038902902
0.0039696107
0.0036658868
0.0037443454
0.0038755804
0.003486539
0.0037345588
0.003725936
0.0034780807
0.0036466578
0.003602049
0.0036753993
0.003773098
0.0036903496
0.0034728635
0.0036612416
0.0033948098
0.0037435284
0.0037926994
0.0033991595
0.003372304
0.0035743557
0.0033084496
0.0034510994
0.0036422543
0.0034075475
0.0031447727
0.0036422939
0.003384194
0.0034681864
0.003648979
0.0030605036
0.004264429
0.004201233
0.0040824045
0.003999001
0.003909919
0.0036230974
0.0039135437
0.003789915
0.003439961
0.003523276
0.0036262844
0.0030994338
0.0036351588
0.004058253
0.003645736
0.0034306974
0.003628322
0.003493121
0.0034313037
0.0032453574
0.003090401
0.003234516
0.003156716
0.0030199653
0.0029359993
0.0031914732
0.0029455412
0.0029002558
0.0029607657
0.0030239855
0.0027559828
0.003033615
0.002900825
0.0035022662
0.0029978182
0.0034577611
0.0034420716
0.0033448965
0.0036001864
0.0033697933
0.003162218
0.0030249816
0.00320133
0.0029044033
0.003948165
0.0034474656
0.0031001987
0.0029481417
0.0032743074
0.0030006345
0.0033790495
0.0032677196
0.002874853
0.0029473433
0.0030871925
0.0028805668
0.0033359972
0.0030264126
0.002995029
0.003218224
0.0027953703
0.0027641382
0.0031138144
0.0026718823
0.003747545
0.0038278487
0.0028447963
0.0033206001
0.003394102
0.0034900077
0.0031557323
0.002888792
0.0034060262
0.002995135
0.0031383622
0.0034047645
0.0028830795
0.0027677715
0.0030819383
0.0028213577
0.0033109912
0.0031878238
0.0030949737
0.0030517338
0.0030671237
0.0027839423
0.003093416
0.00288527
