0.28945065
0.065954946
0.058805864
0.03517899
0.032818392
0.029045083
0.024602562
0.024889715
0.0233334
0.022682838
0.022189764
0.021720445
0.021731773
0.021165429
0.021113195
0.021173978
0.020657623
0.020738829
0.0206902
0.020500218
0.020509273
0.020463077
0.020391112
0.020359855
0.020358546
0.020231953
0.020347338
0.020244606
0.020424766
0.020303996
0.020336298
0.020388456
0.02016341
0.020646216
0.020498874
0.020307299
0.020268884
0.020342523
0.020203223
0.02042901
0.020235201
0.020377906
0.020326205
0.020023162
0.020009283
0.020045988
0.01989342
0.020277513
0.020247975
0.019729838
0.019876301
0.01963724
0.020175578
0.020022077
0.019533126
0.019474542
0.019424312
0.019299543
0.019410715
0.019154597
0.019477315
0.01928149
0.019344963
0.019396886
0.01909749
0.018986711
0.019030435
0.018934859
0.019079162
0.018911937
0.019102054
0.019045541
0.018883722
0.018827932
0.018770488
0.018577935
0.018742042
0.01858292
0.01848188
0.018451069
0.018241337
0.018279519
0.017970964
0.018428445
0.018541016
0.017788798
0.018119624
0.018210618
0.017524308
0.017616687
0.0175248
0.016849369
0.017124873
0.016573852
0.016494295
0.016171783
0.01606186
0.015711164
0.015550767
0.015472219
0.015244926
0.015041728
0.015121435
0.014824056
0.014988567
0.014962018
0.014835358
0.014708835
0.014719814
0.014427759
0.015348525
0.015145961
0.014667918
0.0143376775
0.01502071
0.014686786
0.014716238
0.014613003
0.014194961
0.014161314
0.013787855
0.013788757
0.0135572255
0.013617101
0.013425489
0.01368931
0.013457417
0.013503368
0.013356284
0.013170044
0.013330661
0.012985561
0.013015792
0.013115667
0.012783021
0.013463992
0.013497464
0.013091008
0.01282306
0.0134576475
0.013255549
0.013115666
0.013273728
0.012689277
0.013371701
0.013509686
0.012902104
0.012841091
0.012669362
0.012681791
0.0126920855
0.012378149
0.012771644
0.012759857
0.0125672845
0.01238845
0.012749921
0.012851544
0.012368433
0.012388997
0.012463536
0.012129108
0.012207705
0.0120624425
0.0122032575
0.012114783
0.011969827
0.012154262
0.011975703
0.0121862935
0.012388873
0.012063379
0.011939268
0.012036599
0.012124394
0.011797212
0.011917961
0.012025945
0.011889417
0.011867159
0.011728477
0.012741412
0.012318503
0.012059758
0.012118213
0.011492957
0.011411254
0.011804402
0.011731752
0.012099433
0.011730812
0.011705416
0.011684206
0.011491018
0.011342086
0.011777972
0.011716233
0.011387019
0.011247925
0.011545345
0.0114261275
0.011338414
0.011283007
0.011373741
0.011279332
0.01114516
0.011037386
0.011299148
0.01116357
0.0110489875
0.010977693
0.011095834
0.010969593
0.011087603
0.010991563
0.010922582
0.010825292
0.010928713
0.010768172
0.0109697925
0.010921054
0.010664788
0.010704846
0.010637804
0.010607467
0.010744008
0.010521025
0.011241074
0.011298184
0.01049262
0.010994864
0.010820515
0.010775514
0.011096455
0.0106758
0.010774572
0.010871182
0.010430145
0.010529093
0.01061812
0.010585993
0.010210285
0.010711151
0.010378444
0.010668195
0.010597621
0.010764442
0.010499951
0.010848521
0.010791914
0.010449712
0.010476008
0.010370768
0.010076441
0.010963921
0.010998689
0.00999199
0.010117168
0.010150126
0.010088752
0.010043799
0.0099345995
0.010431479
0.010474189
0.0100738555
0.010252032
0.009929412
0.011012651
0.011168311
0.010071512
0.010319395
0.0107354075
0.010074438
0.01049748
0.010721962
0.010095597
0.01060303
0.010930288
0.010318368
0.010463758
0.010966186
0.0103904195
0.01026033
0.010528612
0.010462396
0.010405392
0.010236652
0.010220296
0.010044218
0.010398631
0.010375311
0.009783018
0.009802832
0.010092393
0.009828508
0.010865507
0.011029371
0.009818516
0.011037908
0.011847583
0.010758829
0.0103466455
0.0108838035
0.010648602
0.010058493
0.010328572
0.010382101
0.009702217
0.010181578
0.010387893
0.00979695
0.009977308
0.010139065
0.0096889315
0.009812971
0.00966983
0.009788517
0.009793944
0.009683539
0.009828221
0.009683355
0.009798794
0.009818894
0.009692509
0.009541423
0.009879029
0.009677664
0.009838726
0.009907011
0.009531154
0.009399674
0.009572833
0.009312228
0.00985439
0.009687904
0.009783926
0.009676383
0.009410661
0.009411135
0.009336037
0.009327617
0.0094373
0.009303317
0.009350692
0.009307149
0.009121565
0.009054409
0.009382022
0.009296231
0.009058031
0.008998338
0.009148359
0.009042505
0.009135455
0.009049099
0.0090382015
0.0089782365
0.008928045
0.008860468
0.009017467
0.008905533
0.008960036
0.008947809
0.008823331
0.008872154
0.0086712325
0.009011758
0.008602455
0.009713296
0.009701439
0.009174668
0.009217708
0.009087864
0.00894221
0.00868597
0.008669395
0.008805997
0.008552942
0.008942618
0.0090252105
0.008705619
0.008531603
0.008994029
0.008715164
0.008613012
0.008601269
0.008560513
0.00838164
0.008647662
0.008436852
0.008578978
0.008609814
0.008420652
0.008317097
0.008513713
0.008465487
0.0083951475
0.008254841
0.008260819
0.008217651
0.00816002
0.008080449
