0.2885009
0.1021147
0.05685222
0.030520802
0.037062522
0.028323391
0.024929268
0.027440071
0.02522921
0.021487651
0.025213107
0.026598474
0.022167394
0.02222401
0.024135621
0.02209583
0.021266868
0.021700373
0.021415219
0.02104679
0.020920252
0.021161249
0.020654378
0.0212922
0.021607662
0.020660808
0.021481708
0.022252595
0.021493277
0.02065772
0.021061704
0.021217825
0.020845369
0.020701999
0.021183977
0.021156343
0.020814668
0.020936139
0.020956919
0.021354645
0.020597292
0.02195779
0.022236248
0.021231024
0.021981368
0.021150613
0.02084455
0.02096287
0.020916736
0.020828431
0.020592453
0.02047469
0.021183498
0.020987177
0.020508619
0.0204759
0.020651339
0.020589998
0.020571066
0.020484576
0.020455582
0.020413585
0.020466154
0.0203516
0.020333204
0.02027639
0.020179978
0.020042406
0.020186827
0.02000293
0.019807214
0.019603096
0.019660285
0.0193499
0.01919741
0.01887299
0.018857012
0.018583603
0.018559627
0.018488621
0.018325666
0.018319027
0.018113837
0.018047372
0.01788494
0.018366728
0.018468551
0.017928509
0.017823394
0.018015275
0.017783068
0.017919367
0.018028276
0.01781717
0.01758933
0.017764395
0.017701693
0.017508106
0.017441774
0.017399851
0.01732453
0.017234337
0.017370591
0.017453626
0.017237956
0.017267855
0.017341409
0.017276393
0.017086612
0.01743497
0.017350994
0.01726829
0.017105168
0.01717422
0.017164305
0.017100366
0.017030006
0.017174121
0.017166523
0.016944462
0.016865658
0.017201243
0.017158583
0.016999394
0.016927937
0.016975539
0.016944967
0.016959643
0.016883314
0.016988764
0.01696795
0.01691073
0.0168436
0.016832272
0.016790396
0.016905434
0.016862137
0.016759844
0.016714772
0.016842594
0.016774148
0.016703045
0.016655654
0.016755609
0.016706053
0.016655551
0.016622102
0.016635366
0.01658388
0.016555488
0.016495341
0.01654155
0.01647737
0.016434193
0.016356418
0.016425226
0.016341353
0.016286606
0.016164472
0.016212767
0.016167777
0.015974177
0.016003424
0.016287673
0.016048454
0.01595718
0.015813963
0.015931366
0.015659017
0.0156872
0.015425856
0.015624206
0.015359617
0.0153735755
0.015169762
0.0152507825
0.015054229
0.014984501
0.014797126
0.014881693
0.0147416955
0.014642917
0.014798752
0.014527877
0.01441691
0.014405648
0.014214382
0.0144168725
0.014203519
0.01416562
0.014106167
0.013920602
0.0140538225
0.013614386
0.016309466
0.016573122
0.015174657
0.014937776
0.014442824
0.014481879
0.01526096
0.014139553
0.014149328
0.014783449
0.014528376
0.013951217
0.01344917
0.01383673
0.013753873
0.013612594
0.013533898
0.012956653
0.013221522
0.012848459
0.0135206655
0.013964571
0.012542762
0.014050559
0.015165952
0.01346236
0.012986383
0.012916801
0.012229626
0.012836121
0.0130181685
0.012002471
0.012933842
0.012961459
0.01232484
0.0122095635
0.012143455
0.012152341
0.011824324
0.011727214
0.011884514
0.011446506
0.011141869
0.012232454
0.011557027
0.011785385
0.01156197
0.011471876
0.01121973
0.011425643
0.010694299
0.012736459
0.013574089
0.01145601
0.012176153
0.013163179
0.011391747
0.011468536
0.0122727705
0.0109223565
0.011474274
0.012767707
0.0114716105
0.010622534
0.011269667
0.010924965
0.010402265
0.010388154
0.010222126
0.009809346
0.00976054
0.009928976
0.009315872
0.009992843
0.010172352
0.008757069
0.010733525
0.012003181
0.009900262
0.009606718
0.010561961
0.008967004
0.009494215
0.011205166
0.009295954
0.008652851
0.009443899
0.008469294
0.008200973
0.008659076
0.00762988
0.009304338
0.009394017
0.007938601
0.008240462
0.0091522
0.0076297782
0.008977654
0.009970576
0.0086249
0.008108467
0.009632452
0.008861245
0.007912514
0.008462348
0.008293707
0.0076328362
0.0075754933
0.0075078947
0.007160958
0.007269796
0.007378238
0.007240664
0.0069059064
0.0070982985
0.0069038677
0.006690465
0.006747576
0.00654081
0.0065249517
0.006548622
0.00650786
0.0065305103
0.0065685012
0.0065440726
0.0065911855
0.0063045993
0.00625239
0.006380701
0.0062850392
0.0060056853
0.0061960914
0.0058471914
0.005974766
0.0057486626
0.0061357715
0.005830853
0.0061320276
0.006130165
0.0057890364
0.0055476488
0.005650763
0.0054901936
0.005591037
0.005523164
0.005525065
0.006203774
0.0054866164
0.006309424
0.0066720084
0.0063905506
0.005629391
0.0059396476
0.0061422163
0.005669199
0.005319739
0.0063188844
0.0061356127
0.005199785
0.0057783388
0.005524177
0.0055745444
0.005216629
0.00594079
0.005542232
0.005673218
0.005898114
0.0052716476
0.005177453
0.005179565
0.0050318334
0.0056057423
0.0056832903
0.004749402
0.005267773
0.004727269
0.0057403124
0.005737774
0.0046081673
0.0052980743
0.0048254556
0.005323919
0.005436152
0.0046847886
0.0060554505
0.006287753
0.005801138
0.005439434
0.0055135004
0.0054791844
0.005193057
0.0050609442
0.0046058665
0.0049261884
0.0045902533
0.0055116564
0.005873281
0.0051386342
0.005893485
0.006144872
0.0056347004
0.005294263
0.004832069
0.0051015895
0.0051128105
0.004329687
0.0049050064
0.004889149
0.004345857
0.005357075
0.0051908116
0.0044336803
0.0049898517
0.0045537488
0.0045303125
0.0044676526
0.0045233644
0.0044291667
0.0047809235
0.0046362616
0.004683573
0.004312146
0.0050980686
0.004960019
0.0042600394
0.0044297604
0.004203889
0.004141248
0.004246049
0.0040259566
0.0042992956
0.0040835603
0.004440933
0.004472098
0.004217494
0.004423156
0.0041270764
0.004054844
0.004076929
0.003835785
0.004481392
0.0043426747
0.0041791135
0.0043546944
0.0040559676
0.0041773547
0.0041298373
0.004344205
0.0041551082
0.0042099147
0.004381304
0.0039826822
0.004151544
0.003906221
0.0041283746
0.004015971
0.0043159504
0.0041184654
0.004318271
0.0041561457
0.0041028312
0.003941103
0.0039695776
0.0037178306
0.0044246768
0.004359311
0.003950887
0.0041909292
0.0039272695
0.003930802
0.0038227763
0.0035573235
0.004110364
0.0040469305
0.0036477977
0.0038577057
0.0040329113
0.0037443026
0.0044542146
0.004096687
0.003691442
0.0036009487
0.0039045594
0.0037539892
0.0036623974
0.0036782287
0.0034824952
0.0034742292
0.0035113143
0.0033753968
0.0037705654
0.0036651697
0.0036250243
0.0040735058
0.0034685396
0.0039911517
0.004340174
0.003561519
0.0035427164
0.0042326646
0.003518217
0.0041672345
0.0044894326
0.0036575273
0.003678175
0.0039111213
0.0035193842
0.003464237
0.0033015336
0.0035513353
0.0036683895
0.0031375003
0.004070453
0.003923937
0.0034531022
0.0036789763
0.0040974836
0.0036081362
0.0035504734
0.0037364077
0.003390181
0.0031896213
0.0038667116
0.003530657
0.0036201656
0.0036708477
0.003338216
0.003324495
0.0034033062
0.0033911823
0.0032747348
0.0032743036
0.003383665
0.0030930082
0.0036483717
0.0034774311
0.0033657337
0.003479162
0.003264008
0.0033310659
0.0031217346
0.003334116
0.0031940306
0.0031700246
0.0029597178
0.0037172807
