0.28632566
0.14907965
0.055077255
0.02990055
0.033159755
0.025706375
0.024461925
0.02614046
0.022411235
0.02231829
0.023612797
0.021055525
0.021646747
0.022564786
0.02190013
0.02018444
0.02309007
0.022679418
0.020478355
0.021355277
0.021734709
0.020678729
0.020592092
0.020638226
0.020834235
0.020003952
0.020300018
0.02059882
0.019660579
0.020750323
0.021097094
0.020889694
0.019835526
0.020301268
0.020984942
0.020613523
0.019732669
0.020211145
0.020452183
0.020422114
0.020012446
0.0191716
0.019286267
0.019054322
0.019573955
0.019528514
0.019567735
0.018803805
0.020960296
0.021813674
0.019981379
0.020417826
0.020675007
0.018833179
0.020507425
0.022500632
0.02014436
0.018922009
0.019255491
0.018629981
0.018611982
0.018691706
0.018175974
0.017713176
0.017976882
0.017469032
0.018136078
0.017689468
0.017134817
0.017061904
0.016798533
0.016582968
0.01712881
0.016795844
0.016592506
0.016485883
0.016509393
0.016206605
0.016195757
0.016034292
0.015854502
0.015726404
0.01607795
0.015935652
0.015620664
0.015540694
0.015740117
0.015560898
0.015561618
0.015496075
0.015480167
0.015353028
0.015496393
0.015361969
0.015376947
0.015291639
0.0153014
0.015208807
0.015353926
0.015288995
0.015111737
0.015019949
0.015336809
0.01521705
0.015019479
0.014953335
0.0151815275
0.015045089
0.01500157
0.014928105
0.014969818
0.014854872
0.015027639
0.014950928
0.014811501
0.014750612
0.014920414
0.014816814
0.014756985
0.014683209
0.014792189
0.01469244
0.014685224
0.014580034
0.014751189
0.014669436
0.0145176025
0.014426023
0.014729769
0.014638077
0.014345528
0.014246766
0.014717842
0.014629261
0.014113654
0.014014043
0.014797782
0.01468641
0.013877428
0.013907301
0.013972759
0.0139018195
0.013830002
0.013922051
0.013482116
0.014073562
0.013845071
0.013824404
0.013707441
0.013390441
0.013379344
0.013133719
0.012912688
0.013470598
0.013298188
0.013100679
0.012829457
0.01317057
0.013098106
0.012631969
0.012695409
0.01260044
0.012492858
0.012523887
0.012404854
0.012422849
0.01228815
0.012391004
0.0121940775
0.012292611
0.012256746
0.011869338
0.011807377
0.012060699
0.012014587
0.011725262
0.011668689
0.0117559945
0.011536501
0.011710003
0.0114808045
0.011715133
0.011850525
0.011239651
0.011331522
0.011874512
0.011678579
0.011312351
0.011304704
0.011427383
0.011560249
0.011266333
0.011449002
0.011373657
0.011320551
0.011298376
0.011099789
0.011110251
0.01165599
0.011417457
0.010996834
0.011123302
0.0111929625
0.0111724185
0.010928248
0.010726035
0.010805729
0.010660869
0.010963785
0.010769515
0.010990579
0.010738038
0.010746201
0.010905457
0.010502711
0.010410818
0.010612396
0.010378178
0.010681589
0.01068974
0.010644
0.010223756
0.010749002
0.010593686
0.010502656
0.010591086
0.010248809
0.010098577
0.0101622995
0.010077137
0.010364548
0.010180841
0.0102461465
0.010358993
0.010370229
0.009918269
0.0108753815
0.011749774
0.0102436235
0.01111614
0.012021986
0.0112655265
0.011133164
0.010260847
0.011061369
0.011940464
0.010975789
0.010749803
0.010848992
0.010956332
0.010583864
0.010215875
0.010049145
0.0107397465
0.0109967915
0.010089966
0.009752307
0.010122489
0.01002645
0.009803168
0.009744636
0.010240118
0.0099695735
0.0099338
0.009739517
0.00950434
0.009095415
0.010136768
0.01007975
0.009214453
0.009520117
0.008885826
0.010373891
0.010052264
0.009129557
0.009107211
0.0087551465
0.009923565
0.009359711
0.009045699
0.00927632
0.009245326
0.009284975
0.009190363
0.009074687
0.008626234
0.00901975
0.0086544305
0.009461018
0.009885417
0.009226861
0.008896415
0.008251367
0.00834426
0.008374762
0.008272543
0.008278805
0.007945265
0.008206253
0.007943139
0.0077589415
0.008574634
0.007857963
0.008632437
0.008347327
0.008214973
0.008918832
0.0075519793
0.008439249
0.008108498
0.007977254
0.0084741935
0.0077527915
0.00781691
0.007868688
0.007373186
0.0076083816
0.0077432976
0.0075562918
0.007580653
0.007812819
0.007135225
0.008054454
0.008543521
0.008013878
0.008601003
0.00821144
0.0074833855
0.008150498
0.008194963
0.0075858706
0.008280237
0.007840547
0.007880843
0.008089472
0.008258491
0.0078555
0.00780935
0.007956564
0.0077265757
0.0070508034
0.00872838
0.009376962
0.008281802
0.008241179
0.0074182977
0.009144786
0.010301544
0.008694133
0.0086239
0.0088027865
0.008156639
0.00828795
0.00828766
0.008553363
0.008334164
0.007131101
0.009487481
0.011252859
0.008625646
0.0083447555
0.009037841
0.0074617253
0.008341678
0.009425276
0.0074046305
0.008335016
0.010100622
0.008314893
0.007144088
0.007682614
0.0067091347
0.008434986
0.009643347
0.00791578
0.007621413
0.008323487
0.0074074925
0.007610274
0.007721942
0.007005412
0.007570243
0.008245505
0.0077585876
0.0075462465
0.007865749
0.0077526844
0.0068340604
0.0076467865
0.008110882
0.0071922527
0.0069027427
0.0069291643
0.0069966987
0.006687174
0.006404524
0.0071912273
0.006825683
0.006976243
0.0073394724
0.0071804035
0.0067250766
0.006816774
0.0068350416
0.0066784974
0.0062420187
0.0073085986
0.0075553567
0.007415662
0.00744524
0.0065213237
0.007885266
0.008675505
0.0077366945
0.007659095
0.007722365
0.0074415635
0.006915275
0.00664261
0.007161554
0.006742966
0.006282696
0.0069748587
0.006920052
0.0064393226
0.0062772334
0.0065659303
0.00625224
0.0070135053
0.0072619296
0.0063070436
0.0066350573
0.006769085
0.0069584963
0.006782399
0.006302158
0.006302472
0.0061032823
0.005825696
0.0067554265
0.0066941357
0.0058044097
0.0056561716
0.006184975
0.0060281567
0.0063205506
0.006176373
0.005806692
0.005629922
0.0062789493
0.006348821
0.0057841917
0.00560263
0.0060419603
0.005934344
0.0058792285
0.0057575214
0.0057862974
0.0055641346
0.0060533695
0.0059035546
0.005658028
0.0055848598
0.0058130734
0.005522991
0.0056745303
0.0055923066
0.0058965893
0.005686781
0.0055359863
0.005571641
0.0056543075
0.005663903
0.0053728484
0.0053032823
0.0057568364
0.0056348336
0.0052694012
0.0052234884
0.005612699
0.0054948274
0.0053783148
0.0053219195
0.0053953365
0.0053624767
0.0053684493
0.0053018443
0.005339852
0.005305774
0.005410386
0.005284786
0.0053632203
0.005340159
0.005171353
0.005107705
0.005447924
0.0054013343
0.0051607466
0.0052670003
0.0052716676
0.0053252415
0.0052801385
0.0053298497
0.005304096
0.0054026456
0.005114539
0.0053200065
0.005026351
0.0051811314
0.0051137065
0.00501574
0.0055060335
0.00516632
0.005597183
