0.28803113
0.045058686
0.07503912
0.05038778
0.023604563
0.032964844
0.034514863
0.025717096
0.023222283
0.025948426
0.02438593
0.021650054
0.022672907
0.023340777
0.021884317
0.021193014
0.021757567
0.021634877
0.020864144
0.021303004
0.021688148
0.020952305
0.021150172
0.02169782
0.02135768
0.020446477
0.021175107
0.021124853
0.020701023
0.02077034
0.020842684
0.020474968
0.020800665
0.020846665
0.020462416
0.02060807
0.02058379
0.020385945
0.020662496
0.020472324
0.020556219
0.020584324
0.02059841
0.020339074
0.020786544
0.020744393
0.020346554
0.020531463
0.02045215
0.020343903
0.02028331
0.020410532
0.020288115
0.0202409
0.020249695
0.020080486
0.020152519
0.019978432
0.020213434
0.020102685
0.020122437
0.019944854
0.020203045
0.0201634
0.019660003
0.019619795
0.019601174
0.019547986
0.01943188
0.019359998
0.019210713
0.019210096
0.019011596
0.018829063
0.018702403
0.018578565
0.0184198
0.018192973
0.017978357
0.017950611
0.017604874
0.017229978
0.017722243
0.01718177
0.01779694
0.017653057
0.016210767
0.016050788
0.016985333
0.016736612
0.016816776
0.016464153
0.015932562
0.015519033
0.016447818
0.016531497
0.0153346
0.015381792
0.015074589
0.014870629
0.01486963
0.014756847
0.014593403
0.01480167
0.014464746
0.01551978
0.014986913
0.014710073
0.014770226
0.01447386
0.0142637715
0.015599929
0.0159185
0.014435526
0.017111367
0.020006116
0.018456826
0.015449435
0.01785782
0.021287115
0.020477079
0.017490562
0.016720667
0.01782746
0.017207898
0.015597465
0.016241344
0.017282387
0.016173832
0.0147404475
0.0148130255
0.015209003
0.015276899
0.014670295
0.014171687
0.014526297
0.014486912
0.014413062
0.014375977
0.013962201
0.014160387
0.014229838
0.014265656
0.0141265085
0.014034938
0.014002877
0.014012218
0.013891223
0.01398515
0.01396942
0.013827461
0.013788332
0.013913598
0.013813898
0.01387437
0.013942675
0.013642452
0.013612541
0.0136049995
0.01386601
0.013838905
0.013959646
0.013973041
0.013549262
0.013859443
0.013949766
0.013835552
0.013796295
0.013709292
0.013583784
0.013809268
0.0139200045
0.013535944
0.013658478
0.013825826
0.013632354
0.013776523
0.013615784
0.013582458
0.0138178365
0.013677874
0.013484395
0.013565569
0.013480507
0.013774904
0.01387823
0.0133830765
0.013820213
0.014069058
0.013727809
0.014040467
0.014076046
0.0135461865
0.013442107
0.013678759
0.013694137
0.013359361
0.013615742
0.013585083
0.013264994
0.013306296
0.013196468
0.013312328
0.013310085
0.013197319
0.013186605
0.013132386
0.013105843
0.013207306
0.013084118
0.013326049
0.013319603
0.013444883
0.013308976
0.013092893
0.013126721
0.013176111
0.013084262
0.013105708
0.013043041
0.013232887
0.013214034
0.012954834
0.012909256
0.013210985
0.013179019
0.013011341
0.012889723
0.01317191
0.013197496
0.013043349
0.012951154
0.01297276
0.012913858
0.013120356
0.013100196
0.012864674
0.012800728
0.012972392
0.012943837
0.012934521
0.012846577
0.012912043
0.012891297
0.012801935
0.012762112
0.012852869
0.012781558
0.012796514
0.012769214
0.01275298
0.012685142
0.012770352
0.012732342
0.012698638
0.012678972
0.012650381
0.012596357
0.012706251
0.012656343
0.012596399
0.012544264
0.012701255
0.012671831
0.012491909
0.012443885
0.012771532
0.012739491
0.012407936
0.012378647
0.012779374
0.012753266
0.012382778
0.0124430945
0.012455501
0.012416437
0.012721218
0.012844973
0.012351719
0.012590672
0.012450364
0.012378483
0.012324229
0.012400858
0.0123085305
0.012475056
0.012382359
0.012394466
0.012499988
0.012102445
0.013081106
0.013190567
0.0123785
0.012480139
0.012695449
0.012650567
0.0122593455
0.012205869
0.012260935
0.012291593
0.012136613
0.012052148
0.01215019
0.012003032
0.012573286
0.0127766235
0.01204028
0.012405887
0.012258641
0.012121695
0.012075804
0.01189898
0.0119499145
0.011842984
0.0119370995
0.011981141
0.011826265
0.011676937
0.011770681
0.011696258
0.011651087
0.011716069
0.011524774
0.011782971
0.0115777925
0.011730723
0.011666146
0.01151136
0.011384298
0.011725552
0.011510075
0.0115903625
0.011694878
0.011295832
0.011379786
0.011279713
0.011191028
0.011455336
0.011568678
0.011191979
0.011143454
0.011363231
0.01121216
0.01146688
0.011658051
0.011204754
0.011272802
0.011023323
0.011110753
0.010931753
0.011097997
0.0108553795
0.011053972
0.0110341385
0.011057422
0.011052134
0.010940376
0.010874306
0.0107221315
0.0106787225
0.010879114
0.01095325
0.010761403
0.010733345
0.010763116
0.010559325
0.011097957
0.011266808
0.010921567
0.010619037
0.010882544
0.010913405
0.010646145
0.010583582
0.010743679
0.010511731
0.010952167
0.01113718
0.010670071
0.011129842
0.011775568
0.011368106
0.011106189
0.01071382
0.010998103
0.011317416
0.010834505
0.010933944
0.011298365
0.011107211
0.011215393
0.011023273
0.010490313
0.011184099
0.011857395
0.01104566
0.010797064
0.011278949
0.010869724
0.010697105
0.01074789
0.010481223
0.010593367
0.01076351
0.010491804
0.010484048
0.010615535
0.010443599
0.010429787
0.010508065
0.0103347525
0.010257017
0.010299426
0.010166218
0.010311552
0.01022358
0.010166228
0.010100812
0.010186707
0.010205138
0.010036794
0.010088965
0.010360706
0.010187265
0.010141882
0.01017386
0.010147814
0.010237574
0.010184624
0.00998174
0.009989672
0.0098489
0.0099044815
0.010006942
0.00976933
0.010789814
0.010489348
0.01075765
0.010565366
0.0106615275
0.01063612
0.010470337
0.01050213
0.010046876
0.010280653
0.010134397
0.010175708
0.009837029
0.00996594
0.010142627
0.0097982
0.010174469
0.0101626525
0.010199175
0.009944274
0.009915205
0.009939424
0.009708752
0.00994623
0.0098817935
0.009706409
0.009712647
0.009564773
0.009714324
0.009466557
0.010295424
0.010293231
0.009608637
0.0099052815
0.010184358
0.009734452
0.009717158
0.010059659
0.009942553
0.00970806
0.009532084
0.0094294995
0.009522889
0.009298425
0.009466923
0.0094141485
0.009359173
0.009405754
0.009203661
0.009315939
0.009248461
0.009092136
0.009059538
0.009040485
0.0089532705
0.009027687
0.0092507275
0.008930394
0.009036316
0.009366242
0.008962012
0.010703892
0.010850407
0.0090843355
0.010980505
0.011346831
0.009623591
0.011511023
0.012637373
0.010687261
0.009706515
0.01078739
0.009560914
0.0101757655
0.0107002705
0.009565263
0.009890805
0.010481055
0.009611837
0.009238108
0.009413866
0.009305787
0.009038835
0.009335029
0.009693936
0.008830902
0.0098355925
0.01042978
0.00939693
0.009574757
0.009359754
0.009504982
0.009170875
0.009047583
0.009005528
0.009152778
0.00906961
0.00936125
0.009072895
0.009055287
0.0092691975
0.008747071
0.009144782
0.0092551885
0.009523471
0.008909289
0.009341121
0.009439911
0.00919856
0.008820525
0.008594887
0.008598303
0.00867189
0.008696955
0.00850635
0.008927904
0.00898728
0.009655471
0.009404774
0.008661359
0.008982172
0.0085215615
0.008491759
0.00863061
0.0083982535
0.00928251
0.009238223
0.0085965125
0.008715811
0.0085596405
0.008248149
0.008877297
0.008868708
0.008514788
0.008456978
0.008586521
0.008357644
0.008607194
0.008677367
0.008368366
0.008318485
0.008507443
0.008111924
0.008686517
0.009179868
0.008761573
0.00838918
0.008980286
0.009097035
0.008206016
0.008236396
0.008234517
0.008159478
0.008478094
0.007988284
0.008729543
0.008718579
0.0087241465
0.008514164
0.008463749
0.008899399
