0.288266
0.09151735
0.052948806
0.030132988
0.0346826
0.02960706
0.02300444
0.025446748
0.022157872
0.026197694
0.027384728
0.022645688
0.02439826
0.027579809
0.024360156
0.021518586
0.02199476
0.021545455
0.022778027
0.022948405
0.022036629
0.021545425
0.022055663
0.021298325
0.022466958
0.022749444
0.022237808
0.021232555
0.022639254
0.023310771
0.021783069
0.022234753
0.02213035
0.02163049
0.021944677
0.02102997
0.021820962
0.022284113
0.021378865
0.021551644
0.02153623
0.021254336
0.021343231
0.020945057
0.021040002
0.021170164
0.020876901
0.020957237
0.020918826
0.021035912
0.020862976
0.020839626
0.020864924
0.020924604
0.020825703
0.020843977
0.020847313
0.020855494
0.020744562
0.020891443
0.0208156
0.02082312
0.02074351
0.020640254
0.020570124
0.020699227
0.02058884
0.020540187
0.020501116
0.020509077
0.020447122
0.02048519
0.020445904
0.020408858
0.020353755
0.020428581
0.020367458
0.02035336
0.020306814
0.020312328
0.020237759
0.020247862
0.020106658
0.020346595
0.020187655
0.02013073
0.020077804
0.019941313
0.019799126
0.019848073
0.019641472
0.01968342
0.01955273
0.019182105
0.018986199
0.0189828
0.018724488
0.018526962
0.018405728
0.018109055
0.017868577
0.018548768
0.018272953
0.017564418
0.017587816
0.01761179
0.017211141
0.01702954
0.016921053
0.016596807
0.016364615
0.016604984
0.016316365
0.016128836
0.01589714
0.015844295
0.015600759
0.01569455
0.015541181
0.0153117115
0.015122962
0.015425091
0.015351069
0.014720368
0.014562651
0.015140004
0.014862428
0.014380775
0.014180305
0.0144236265
0.014141165
0.013965807
0.0138115315
0.013917886
0.013702173
0.013678062
0.0135452
0.013568498
0.013456099
0.013334612
0.013162884
0.013473888
0.013298951
0.012938318
0.01278688
0.013311684
0.013200283
0.012661544
0.012599513
0.013176021
0.012825112
0.012686324
0.013209291
0.012315403
0.012807131
0.012333307
0.012418792
0.012315404
0.012364436
0.012336154
0.012304455
0.012531317
0.012534857
0.0120999655
0.012644271
0.012872461
0.011936433
0.0122409165
0.01231727
0.0122216
0.012026217
0.011646208
0.012489165
0.012456889
0.012010142
0.012121874
0.01210622
0.011826058
0.011554438
0.01147497
0.0116339335
0.011492521
0.011796976
0.011811401
0.011839802
0.011277628
0.012402397
0.012408753
0.011369929
0.011561963
0.011481958
0.0113082575
0.0118686715
0.011977796
0.0112127075
0.011753614
0.011795794
0.011618513
0.011573903
0.01152578
0.01122424
0.011427372
0.011424355
0.010983679
0.011156772
0.010916392
0.011492821
0.011670999
0.011266038
0.011399175
0.011358425
0.010886517
0.011432628
0.01170436
0.01101207
0.011156556
0.0114133805
0.01063282
0.0108410595
0.010903273
0.010830191
0.010876964
0.010714267
0.010594388
0.010782104
0.011023085
0.010582843
0.0108657
0.010769144
0.010954116
0.0108689265
0.010676325
0.010480943
0.010696802
0.010440841
0.01097659
0.011145942
0.010706863
0.010741323
0.01042604
0.010767363
0.010543458
0.0111867525
0.010854437
0.010210318
0.010152212
0.010907938
0.011016612
0.010146619
0.010267006
0.010198257
0.009962871
0.010162174
0.010172661
0.010097209
0.009981749
0.010195655
0.009927924
0.01046867
0.010362522
0.009912751
0.009828351
0.00990982
0.009806274
0.010169571
0.010199972
0.009548692
0.009596653
0.009734079
0.009461989
0.010147053
0.010673143
0.010269071
0.00944316
0.00973839
0.010002313
0.009958918
0.009528922
0.009578857
0.0097464165
0.009583272
0.009256109
0.009273134
0.00931974
0.009609376
0.009363648
0.009032027
0.009005756
0.009159471
0.009059665
0.008942471
0.008772445
0.009113648
0.009061687
0.008710937
0.008636354
0.008838645
0.008683934
0.0087619675
0.008570564
0.00881676
0.008792136
0.008448153
0.008351591
0.008629122
0.008482618
0.008563743
0.008456596
0.008306867
0.008208039
0.0084752785
0.008397649
0.00811769
0.008012106
0.008435893
0.008348718
0.007980725
0.007848942
0.008162489
0.007971169
0.008009532
0.007906043
0.007859579
0.00772281
0.00786427
0.0077675194
0.007765627
0.0076074577
0.0077197985
0.0076033175
0.0076653524
0.0075574643
0.0075215916
0.0073896046
0.007578282
0.007545979
0.0072650486
0.007208146
0.007477594
0.0072953184
0.007232543
0.0072144517
0.0071714185
0.007187899
0.0070342007
0.007096996
0.0069706272
0.0069631054
0.007012119
0.0070239757
0.006921679
0.0070074126
0.0067560594
0.0068273772
0.0067366534
0.006734883
0.006857676
0.0067016315
0.006861787
0.006708341
0.006980699
0.0070035835
0.006750887
0.0066317073
0.0068918825
0.0064336583
0.0067139394
0.006536163
0.0065673348
0.006496187
0.006660491
0.0061797476
0.0069814287
0.0070732534
0.006385977
0.0069155297
0.006464102
0.0063157342
0.0066220923
0.006048957
0.006349564
0.0063080317
0.0062246085
0.006031424
0.0062135733
0.006184727
0.0060171005
0.0060928278
0.005843531
0.00608745
0.005974181
0.0061321487
0.006150596
0.0058376263
0.005957829
0.0059289425
0.0057631214
0.0056798602
0.005661736
0.00560895
0.0054110386
0.0056644618
0.0056036883
0.0056744018
0.005355435
0.005540885
0.0053463406
0.0058244527
0.0057301405
0.005657606
0.0058248085
0.005258625
0.00584167
0.0057397657
0.0052104234
0.005549837
0.005208403
0.0053512896
0.0051755025
0.005212998
0.0050301445
0.0051928926
0.0052177757
0.005508924
0.0056986287
0.0051770736
0.0052017667
0.0053688907
0.0047981027
0.005061323
0.0047954195
0.005234267
0.004899733
0.005017229
0.0048425216
0.004849343
0.0048663644
0.0050656325
0.0047018244
0.0048777056
0.0048480923
0.0047021005
0.0046351883
0.004760602
0.004713625
0.004724037
0.0048540966
0.0045833145
0.004871392
0.004559332
0.004881973
0.0044733896
0.005234126
0.005436957
0.0045776167
0.0051918305
0.0049655745
0.004534503
0.005323934
0.0048786993
0.0046276804
0.0048223897
0.004554014
0.0045930087
0.0044862726
0.004550351
0.0047081416
0.004362509
0.0048804753
0.0047614113
0.004715771
0.0045811334
0.0049700746
0.004921427
0.0045355293
0.0046603656
0.004418787
0.004419052
0.0044154823
0.004246281
0.0044609793
0.004258299
0.0045237145
0.004328214
0.004462383
0.004377957
0.0043513076
0.0042159893
0.0047475286
0.004789433
0.0042103934
0.004500548
0.004283572
