0.2871937
0.05752893
0.0502927
0.032454703
0.026169151
0.025110433
0.024033615
0.022873431
0.02165152
0.021682814
0.02126772
0.020656412
0.02092057
0.020505032
0.019818986
0.020309074
0.020003939
0.019312724
0.020382853
0.020240558
0.019320423
0.019513125
0.019627417
0.018954465
0.01964455
0.01995795
0.018964691
0.019466987
0.01995228
0.01922477
0.018763354
0.019083308
0.018509177
0.018993162
0.01942044
0.018546952
0.018452985
0.018743183
0.018437268
0.017887015
0.018352672
0.018103333
0.017481035
0.017335294
0.017377391
0.0170809
0.016970558
0.0168352
0.016539425
0.01640132
0.016199015
0.016086534
0.015791856
0.016055323
0.01597281
0.0154096065
0.015385556
0.015303192
0.015201653
0.015151415
0.014972337
0.015325192
0.01503823
0.015916722
0.016116904
0.015035774
0.016308619
0.01754834
0.016386973
0.015125389
0.015728202
0.015830614
0.015290312
0.015589324
0.015546173
0.014836877
0.015750997
0.016346632
0.015196969
0.014991638
0.015475611
0.0149778575
0.015015208
0.015247476
0.014746249
0.01516783
0.015421989
0.014727796
0.01511879
0.015556927
0.014808483
0.0147521505
0.014988322
0.014501244
0.015112057
0.015621319
0.014877419
0.014484443
0.01493265
0.014654043
0.014458091
0.014592734
0.014395706
0.014457557
0.0144623695
0.014319196
0.014405474
0.014257097
0.014515321
0.014564044
0.014350641
0.0141999535
0.0144955935
0.014222438
0.014657858
0.014850645
0.014073438
0.015296477
0.016133973
0.015128027
0.0145035805
0.014812863
0.01455586
0.014660384
0.014687672
0.014063812
0.014838065
0.015569714
0.014633154
0.0142101245
0.014450878
0.0141881285
0.014341016
0.014294331
0.0139815435
0.014085147
0.014073041
0.013986986
0.013901852
0.013902277
0.013826658
0.013760726
0.013952625
0.01384234
0.014042909
0.013934574
0.013831381
0.013732214
0.013978067
0.014009352
0.013708952
0.013690781
0.013788865
0.013668582
0.013836171
0.013795885
0.013702164
0.013646133
0.013872436
0.013833563
0.013576284
0.013570013
0.013667156
0.013595342
0.013684752
0.013615273
0.013643973
0.013573557
0.01362566
0.013614989
0.013531339
0.01350192
0.013593074
0.013545402
0.013489574
0.0134346485
0.013621725
0.013557606
0.013457991
0.013424647
0.013531583
0.0134912925
0.013426674
0.013380709
0.013529581
0.013482993
0.013367998
0.01334174
0.013484967
0.013447109
0.013327718
0.013287939
0.013479787
0.013411496
0.0133040445
0.013256694
0.013448917
0.013410307
0.0132360235
0.013216701
0.013376035
0.013322967
0.013223201
0.01316451
0.013364647
0.013298377
0.013151047
0.013096802
0.0132820755
0.013189902
0.013131869
0.01307302
0.013179996
0.01313215
0.013045828
0.013004386
0.013114435
0.01304979
0.013017799
0.012956095
0.0130857825
0.013040896
0.012952637
0.01291033
0.01302198
0.012954928
0.012975457
0.012961728
0.01293316
0.012894222
0.012941093
0.012905846
0.012862182
0.01285169
0.012827258
0.012791085
0.012796987
0.012807599
0.012722485
0.012735107
0.012673224
0.012672064
0.0126274405
0.012646757
0.012559724
0.012984267
0.012946442
0.012655328
0.012828882
0.012655766
0.012643267
0.012538175
0.012585837
0.012529445
0.012455388
0.012355413
0.012751873
0.012797847
0.012497126
0.012577887
0.012377515
0.012296301
0.012332756
0.012174618
0.012237053
0.012192863
0.012232001
0.01215018
0.012296852
0.0122968005
0.012000296
0.012120147
0.011934501
0.012091131
0.012279841
0.011827081
0.012191308
0.012096229
0.011923578
0.011927719
0.011723268
0.011931454
0.0118223615
0.011706215
0.011742228
0.011717212
0.01160717
0.011480153
0.011761925
0.011611131
0.011585507
0.011562027
0.011539881
0.011467856
0.011462516
0.011388764
0.011266348
0.011268179
0.011275023
0.011177108
0.011165199
0.011116758
0.010969318
0.010919248
0.010979575
0.0108556105
0.01094194
0.01086958
0.010683524
0.010631894
0.010704144
0.010553719
0.010685141
0.010691618
0.010401376
0.010354954
0.010341764
0.010243354
0.010280691
0.0100805005
0.01033372
0.010210174
0.0100352345
0.010088443
0.0097744465
0.009754393
0.009952307
0.009551757
0.010384247
0.0102524
0.0096275285
0.010058678
0.009861105
0.009603626
0.009660452
0.009587329
0.009353244
0.009495483
0.009164091
0.009731253
0.0093216775
0.0099677695
0.010171368
0.009188701
0.009466724
0.009213966
0.0093744295
0.009448584
0.008982521
0.008756635
0.009284665
0.008373867
0.009562888
0.009923344
0.009194439
0.008758484
0.008881712
0.008779618
0.008664065
0.008495769
0.008698476
0.008196565
0.009110433
0.009133671
0.008302828
0.00832079
0.008400027
0.008287704
0.008376442
0.007984567
0.008502401
0.008299873
0.007988275
0.008040029
0.007976095
0.0077654687
0.007818238
0.0075984127
0.008016996
0.007875047
0.007707043
0.0077435398
0.007588918
0.007467695
0.0074439496
0.007362666
0.0073868074
0.0072481856
0.0075415485
0.0073873587
0.007357249
0.0072489385
0.007354139
0.007130829
0.007414428
0.0072852354
0.0069912
0.0068368777
0.007463463
0.007274755
0.0070389803
0.007054009
0.0070573916
0.0070228134
0.0069869924
0.0069053657
0.006960597
0.0068825088
0.0068252063
0.006641518
0.0070917364
0.006880267
0.006809763
0.0066308766
0.007072974
0.006950187
0.0066043213
0.006621435
0.006847672
0.0067442185
0.0065415152
0.006513942
0.0065673995
0.0064080954
0.006756999
0.006620621
0.0064826948
0.006409162
0.00652272
0.006337579
0.006616326
0.0064765452
0.0063545834
0.0062248935
0.0065647177
0.0064775287
0.006273337
0.006281559
0.0062736548
0.0062648742
0.00650898
0.006522006
0.0062175225
0.0063290335
0.006168939
0.0061304695
0.00649708
0.0067320727
0.0059429
0.006373135
0.0063148774
0.0061270115
0.0063514425
0.00602768
0.006213974
0.0062480248
0.006027954
0.006039571
0.006326225
0.005977305
0.0062762178
0.0060661896
0.0062176245
0.00608756
0.0062661543
0.0061685704
0.005955968
0.0059061437
0.0061779716
0.0061006383
0.0058097057
0.0056938357
0.007051315
0.005948426
0.006174399
0.0059979693
0.0062314435
0.0059347297
0.0064903796
0.0060343468
0.0062157004
0.0068979277
0.006618328
0.0063864975
0.0062143407
0.0061565284
0.0059437756
0.0060707573
0.006245069
0.0058829435
0.0060266727
0.006222023
0.0058712787
0.0056896284
0.006125608
0.0059350505
0.0059248954
0.006031228
0.005963063
0.0060962103
0.005734941
0.0062125847
0.0062985285
0.005975595
0.0059340284
0.005749419
0.0057724994
0.005539793
0.00546297
0.005470438
0.0053339484
0.005620783
0.005705184
0.005484666
0.0056342497
0.0053512924
0.00536358
0.005702212
0.005744019
0.0052983235
0.0058894125
0.0064482
0.0063802474
0.005789662
0.0053508556
0.0058955983
0.0062822388
0.00582223
0.005552801
0.0058281706
0.0057576722
0.0061049997
0.005795279
0.0054200883
0.005653762
0.0056673754
0.005854942
0.005420702
0.0055078864
