0.8125
0.7407895
0.6759784
0.6174848
0.5648111
0.5174939
0.4751022
0.4372324
0.40351236
0.37359467
0.347159
0.32392597
0.30366758
0.28627923
0.27185628
0.260428
0.25157496
0.24467023
0.23920667
0.23481007
0.23121099
0.22821452
0.22567952
0.22350116
0.22160201
0.21992368
0.21842165
0.21706192
0.2158175
0.21466798
0.21359737
0.21259336
0.21164638
0.210748
0.20989299
0.20907693
0.20829539
0.20754504
0.20682432
0.20612943
0.20546025
0.20481354
0.20418869
0.20358531
0.20300114
0.20243621
0.20188932
0.20135923
0.20084645
0.20034976
0.19986808
0.19940065
0.1989479
0.19850881
0.19808292
0.19766898
0.19726785
0.19687827
0.19650011
0.19613211
0.19577461
0.19542706
0.19509022
0.1947646
0.1944495
0.19414413
0.19384961
0.19356306
0.19328357
0.19301112
0.19274466
0.19248258
0.19222508
0.19197334
0.19172508
0.19148056
0.19124079
0.1910073
0.1907808
0.19055755
0.19033712
0.19011928
0.18990213
0.1896869
0.18947382
0.18926246
0.1890523
0.18884437
0.18863516
0.18842535
0.18821593
0.188006
0.1877954
0.18758519
0.18737583
0.187168
0.18696092
0.18675391
0.1865483
0.1863424
0.18613607
0.1859293
0.18571727
0.1854984
0.18527174
0.18503852
0.18479751
0.18455106
0.18429725
0.18403651
0.18376823
0.18348818
0.18319364
0.1828831
0.1825587
0.1822244
0.18188572
0.18154049
0.18118876
0.18082404
0.18044436
0.18004103
0.17961045
0.17915738
0.17867573
0.17815208
0.17759927
0.17701884
0.17641027
0.17577158
0.17510872
0.17443208
0.17374308
0.17303728
0.17231762
0.17158134
0.17082727
0.17006141
0.16927302
0.16848059
0.16768552
0.16689785
0.1661018
0.16530329
0.16449793
0.1636979
0.16289176
0.16206862
0.16125025
0.16042583
0.1595872
0.1587457
0.15790904
0.15707462
0.15623093
0.15538752
0.15455037
0.15372454
0.15290712
0.15208669
0.15126456
0.15044035
0.14962147
0.14884035
0.1480732
0.14732754
0.14659946
0.14588946
0.14519791
0.1445455
0.1439109
0.14328419
0.14266412
0.14204918
0.14143766
0.14082764
0.14021939
0.13961078
0.13899207
0.13835907
0.1377188
0.13706417
0.13640247
0.13572545
0.13503216
0.13433082
0.1336175
0.13288914
0.13214569
0.1313938
0.13064128
0.12988003
0.12911217
0.12833917
0.1275494
0.12675108
0.1259572
0.12516081
0.12436926
0.12357775
0.12277662
0.121972285
0.12117077
0.1203734
0.11957724
0.11878147
0.11799375
0.11720985
0.116426766
0.1156556
0.11488339
0.11409742
0.11332295
0.112561114
0.11179728
0.11101345
0.110231064
0.10947603
0.10876411
0.10804587
0.107340015
0.106654964
0.10598698
0.1053377
0.1046978
0.104080014
0.10348284
0.10289677
0.10233095
0.10177659
0.101234235
0.100706466
0.1001975
0.09970709
0.099208154
0.09871203
0.098231226
0.0977602
0.09730053
0.096810125
0.096334554
0.09587415
0.09543672
0.0949828
0.094515026
0.09406141
0.09361865
0.09320197
0.09272355
0.09230583
0.091866754
0.09146136
0.091042675
0.09060999
0.09021654
0.08980984
0.089411296
0.08900541
0.08860514
0.08824578
0.08786395
0.08751271
0.087145686
0.08678996
0.08645412
0.08609154
0.08576491
0.085404776
0.0850822
0.08474368
0.08438172
0.08406208
0.08370048
0.08340915
0.083100386
0.08268543
0.08238452
0.08201688
0.08171376
0.08143384
0.08102152
0.080707245
0.08034804
0.08000853
0.07976293
0.07939998
0.07900187
0.07870355
0.078356765
0.078122206
0.07782181
0.07744773
0.07716813
0.07686336
0.076575406
0.07634094
0.07601211
0.07571835
0.075439215
0.075163856
0.07495913
0.074644476
0.07436188
0.074108824
0.073836
0.073673815
0.07337174
0.07307882
0.072850324
0.072576165
0.072417796
0.07222758
0.07192959
0.07176534
0.07155027
0.071385324
0.0714381
0.07114473
0.07089146
0.07079131
0.07059244
0.07042772
0.07047785
0.070270896
0.07000299
0.06990729
0.06974775
0.069586694
0.069787
0.06979265
0.06924476
0.06909097
0.06898272
0.068807565
0.06869044
0.06894237
0.068841316
0.06842778
0.06823482
0.068113595
0.06793624
0.06822721
0.068601914
0.06854313
0.06788622
0.06764862
0.067521155
0.06742471
0.06725432
0.06715583
0.06777549
0.06818303
0.06762886
0.06698174
0.066745795
0.06666042
0.0665484
0.066437095
0.066471316
0.06702369
0.06701174
0.066356614
0.06613379
0.06602304
0.06596663
0.0658574
0.065792575
0.06577299
0.065746345
0.0656276
0.06545097
0.06533924
0.06524689
0.06513758
0.06505542
0.065100804
0.065053664
0.06486541
0.0647327
0.064633004
0.064544365
0.06445199
0.06436712
0.06429938
0.06423605
0.06415762
0.064064
0.06397448
0.063898765
0.063840434
0.06379485
0.06375208
0.063712284
0.06368553
0.06366563
0.06363655
0.06359547
0.06354653
0.063491255
0.063437305
0.0634105
0.06339293
0.06339347
0.06339583
0.063378595
0.063346475
0.063312374
0.06329048
0.06327212
0.063251086
0.06322733
0.063200675
0.063170165
0.06313745
0.06310418
0.063071646
0.063040644
0.06300986
0.06298018
0.06295244
0.062927045
0.0629034
0.06288145
0.06285998
0.06283829
0.062818326
0.062798895
0.06278016
0.06276081
0.062742025
0.06272905
0.062717006
0.06270677
0.06269587
0.06268653
0.062677614
0.06266714
0.06265443
0.062641025
0.06262826
0.06261668
0.06260684
0.06259718
0.06258682
0.0625769
0.06256822
0.06256077
0.062554784
0.06255606
0.06255279
0.062542245
0.06253833
0.06253456
0.06253061
0.06252705
0.06252364
0.062520236
0.0625174
0.06251536
0.062513866
0.06251194
0.06251074
0.06250933
0.06250832
0.06250738
0.062506214
0.06250476
0.06250339
0.06250246
0.062502906
0.06250326
0.06250274
0.06250205
0.06250141
0.06250069
0.06250034
0.06250002
0.0625
0.06250062
0.06250148
0.06250041
0.0625
0.0625
0.0625
0.0625
0.0625
0.06250038
0.0625
0.06250001
0.0625
0.0625
0.0625
0.0625
0.0625
0.0625
0.0625
0.0625
0.0625
0.0625
0.0625
0.0625
0.0625
0.0625
0.0625
0.0625
0.0625
0.0625
0.0625
0.0625
0.0625
0.0625
0.0625
0.0625
0.0625
0.0625
0.0625
0.0625
0.0625
0.0625
0.0625
0.0625
0.0625
0.0625
0.0625
0.0625
0.0625
0.0625
0.0625
0.0625
0.0625
0.0625
0.0625
0.0625
0.0625
0.0625
0.0625
0.0625
0.0625
0.0625
0.0625
0.0625
0.0625
0.0625
0.0625
0.0625
0.0625
0.0625
0.0625
0.0625
0.0625
0.0625
0.0625
0.0625
0.0625
0.0625
0.0625
0.0625
0.0625
0.0625
0.0625
0.0625
0.0625
0.0625
0.0625
0.0625
0.0625
0.0625
0.0625
0.0625
0.0625
0.0625
0.0625
0.0625
0.0625
0.0625
0.0625
0.0625
0.0625
0.0625
0.0625
0.0625
0.0625
0.0625
0.0625
0.0625
0.0625
0.0625
0.0625
0.0625
0.0625
0.0625
0.0625
0.0625
0.0625
0.0625
0.0625
0.0625
0.0625
0.0625
0.0625
0.0625
0.0625
0.0625
0.0625
0.0625
0.0625
0.0625
0.0625
0.0625
0.0625
0.0625
0.0625
0.0625
0.0625
0.0625
0.0625
0.0625
0.0625
0.0625
0.0625
0.0625
0.0625
0.0625
0.0625
0.0625
0.0625
0.0625
0.0625
0.0625
0.0625
0.0625
0.0625
0.0625
0.0625
0.0625
0.0625
0.0625
0.0625
0.0625
0.0625
0.0625
0.0625
0.0625
0.0625
0.0625
0.0625
0.0625
0.0625
0.0625
0.0625
0.0625
0.0625
0.0625
0.0625
0.0625
0.0625
0.0625
0.0625
0.0625
0.0625
0.0625
0.0625
0.0625
0.0625
0.0625
0.0625
0.0625
0.0625
0.0625
0.0625
0.0625
0.0625
0.0625
0.0625
0.0625
0.0625
0.0625
0.0625
0.0625
0.0625
0.0625
0.0625
0.0625
0.0625
0.0625
0.0625
0.0625
0.0625
0.0625
0.0625
0.0625
0.0625
0.0625
0.0625
0.0625
0.0625
0.0625
0.0625
0.0625
0.0625
0.0625
0.0625
0.0625
0.0625
0.0625
0.0625
0.0625
0.0625
0.0625
0.0625
0.0625
0.0625
0.0625
0.0625
0.0625
0.0625
0.0625
0.0625
0.0625
0.0625
0.0625
0.0625
0.0625
0.0625
0.0625
0.0625
0.0625
0.0625
0.0625
0.0625
0.0625
0.0625
0.0625
0.0625
0.0625
0.0625
0.0625
0.0625
0.0625
0.0625
0.0625
0.0625
0.0625
0.0625
0.0625
0.0625
0.0625
0.0625
0.0625
0.0625
0.0625
0.0625
0.0625
0.0625
0.0625
0.0625
0.0625
0.0625
0.0625
0.0625
0.0625
0.0625
0.0625
0.0625
0.0625
0.0625
0.0625
0.0625
0.0625
0.0625
0.0625
0.0625
0.0625
0.0625
0.0625
0.0625
0.0625
0.0625
0.0625
0.0625
0.0625
0.0625
0.0625
0.0625
0.0625
0.0625
0.0625
0.0625
0.0625
0.0625
0.0625
0.0625
0.0625
0.0625
0.0625
0.0625
0.0625
0.0625
0.0625
0.0625
0.0625
0.0625
0.0625
0.0625
0.0625
0.0625
0.0625
0.0625
0.0625
0.0625
0.0625
0.0625
0.0625
0.0625
0.0625
0.0625
0.0625
0.0625
0.0625
0.0625
0.0625
0.0625
0.0625
0.0625
0.0625
0.0625
0.0625
0.0625
0.0625
0.0625
0.0625
0.0625
0.0625
0.0625
0.0625
0.0625
0.0625
0.0625
0.0625
0.0625
0.0625
0.0625
0.0625
0.0625
0.0625
0.0625
0.0625
0.0625
0.0625
0.0625
0.0625
0.0625
0.0625
0.0625
0.0625
0.0625
0.0625
0.0625
0.0625
0.0625
0.0625
0.0625
0.0625
0.0625
0.0625
0.0625
0.0625
0.0625
0.0625
0.0625
0.0625
0.0625
0.0625
0.0625
0.0625
0.0625
0.0625
0.0625
0.0625
0.0625
0.0625
0.0625
0.0625
0.0625
0.0625
0.0625
0.0625
0.0625
0.0625
0.0625
0.0625
0.0625
0.0625
0.0625
0.0625
0.0625
0.0625
0.0625
0.0625
0.0625
0.0625
0.0625
0.0625
0.0625
0.0625
0.0625
0.0625
0.0625
0.0625
0.0625
0.0625
0.0625
0.0625
0.0625
0.0625
0.0625
0.0625
0.0625
0.0625
0.0625
0.0625
0.0625
0.0625
0.0625
0.0625
0.0625
0.0625
0.0625
0.0625
0.0625
0.0625
0.0625
0.0625
0.0625
0.0625
0.0625
0.0625
0.0625
0.0625
0.0625
0.0625
0.0625
0.0625
0.0625
0.0625
0.0625
0.0625
0.0625
0.0625
0.0625
0.0625
0.0625
0.0625
0.0625
0.0625
0.0625
0.0625
0.0625
0.0625
0.0625
0.0625
0.0625
0.0625
0.0625
0.0625
0.0625
0.0625
0.0625
0.0625
0.0625
0.0625
0.0625
0.0625
0.0625
0.0625
0.0625
0.0625
0.0625
0.0625
0.0625
0.0625
0.0625
0.0625
0.0625
0.0625
0.0625
0.0625
0.0625
0.0625
0.0625
0.0625
0.0625
0.0625
0.0625
0.0625
0.0625
0.0625
0.0625
0.0625
0.0625
0.0625
0.0625
0.0625
0.0625
0.0625
0.0625
0.0625
0.0625
0.0625
0.0625
0.0625
0.0625
0.0625
0.0625
0.0625
0.0625
0.0625
0.0625
0.0625
0.0625
0.0625
0.0625
0.0625
0.0625
0.0625
0.0625
0.0625
0.0625
0.0625
0.0625
0.0625
0.0625
0.0625
0.0625
0.0625
0.0625
0.0625
0.0625
0.0625
0.0625
0.0625
0.0625
0.0625
0.0625
0.0625
0.0625
0.0625
0.0625
0.0625
0.0625
0.0625
0.0625
0.0625
0.0625
0.0625
0.0625
0.0625
0.0625
0.0625
0.0625
0.0625
0.0625
0.0625
0.0625
0.0625
0.0625
0.0625
0.0625
0.0625
0.0625
0.0625
0.0625
0.0625
0.0625
0.0625
0.0625
0.0625
0.0625
0.0625
0.0625
0.0625
0.0625
0.0625
0.0625
0.0625
0.0625
0.0625
0.0625
0.0625
0.0625
0.0625
0.0625
0.0625
0.0625
0.0625
0.0625
0.0625
0.0625
0.0625
0.0625
0.0625
0.0625
0.0625
0.0625
0.0625
0.0625
0.0625
0.0625
0.0625
0.0625
0.0625
0.0625
0.0625
0.0625
0.0625
0.0625
0.0625
0.0625
0.0625
0.0625
0.0625
0.0625
0.0625
0.0625
0.0625
0.0625
0.0625
0.0625
0.0625
0.0625
0.0625
0.0625
0.0625
0.0625
