0.8125
0.7388591
0.67256004
0.61295724
0.5594972
0.5116747
0.46902013
0.43110082
0.39751473
0.3678895
0.34188446
0.31920156
0.2996203
0.28306326
0.26966313
0.25921646
0.25110948
0.24475028
0.23968343
0.23557602
0.23218572
0.22934009
0.22691382
0.22481449
0.22297557
0.22134478
0.2198823
0.21855693
0.21734436
0.2162255
0.2151842
0.21420847
0.21328914
0.21241905
0.21159266
0.21080552
0.21005495
0.20933777
0.2086523
0.20799632
0.20736957
0.20676899
0.2061941
0.20564286
0.2051156
0.20461102
0.20412795
0.203664
0.20321858
0.20279181
0.20238304
0.2019927
0.20161958
0.20126213
0.20092095
0.20059435
0.20028166
0.19998227
0.19969547
0.19942217
0.19916148
0.19891195
0.19867368
0.19844694
0.19823027
0.1980228
0.19782335
0.1976312
0.19744624
0.1972682
0.19709313
0.19692083
0.19675152
0.19658482
0.19642283
0.19626527
0.19610961
0.19595541
0.19580203
0.1956491
0.19549692
0.1953429
0.19519033
0.19503815
0.19488603
0.19473346
0.19457938
0.1944259
0.194272
0.19411576
0.19395919
0.19380152
0.19364639
0.19349135
0.1933368
0.19318302
0.19302702
0.19286887
0.19270806
0.1925459
0.19238679
0.19222951
0.19206655
0.19189286
0.19170742
0.19150962
0.19130011
0.19108109
0.19084902
0.19060288
0.19034545
0.19007428
0.18978699
0.18948977
0.18918164
0.18886177
0.18852969
0.18818617
0.18783128
0.18745999
0.18707164
0.18666844
0.18625109
0.18582352
0.18538375
0.18493456
0.18447834
0.1840157
0.18355088
0.1830889
0.18262875
0.18217249
0.18171889
0.1812712
0.1808257
0.18037768
0.17992759
0.17947824
0.17902881
0.17857824
0.17812733
0.17767584
0.17722285
0.17676628
0.17630346
0.17583275
0.17535405
0.17486636
0.17436962
0.17386816
0.17337011
0.17288536
0.17239626
0.17190385
0.17140774
0.17091058
0.17040212
0.16988063
0.16936465
0.16883886
0.16830349
0.16775765
0.16720457
0.16665657
0.1661251
0.16561861
0.16517115
0.1647626
0.16436897
0.16397627
0.1635771
0.16317157
0.16275573
0.16233075
0.16192013
0.1615084
0.16109593
0.16069548
0.16031408
0.15995781
0.15962093
0.15929855
0.15898512
0.15867884
0.15837087
0.15806848
0.15777048
0.15747884
0.15719727
0.15692504
0.15666473
0.1564179
0.15617634
0.15593274
0.15568049
0.15541166
0.15513103
0.15484887
0.154572
0.15430023
0.15402685
0.15375756
0.15348627
0.15322074
0.15296243
0.15270059
0.15243845
0.15215632
0.1518502
0.15152378
0.15118879
0.15085004
0.15051536
0.15019126
0.14986119
0.14952286
0.14917366
0.14881189
0.14843406
0.14803512
0.1476088
0.14715911
0.14668952
0.14621575
0.14571661
0.14519943
0.14467156
0.1441359
0.1435876
0.14302884
0.142456
0.14186132
0.14123593
0.14057401
0.13986562
0.13912898
0.13840126
0.13768636
0.13698985
0.13631205
0.13563024
0.13493712
0.13418598
0.13334523
0.13241316
0.1314195
0.13041282
0.12943663
0.12849943
0.12759122
0.12669995
0.12579064
0.12483261
0.1238526
0.12286594
0.121889435
0.12092761
0.11999759
0.1191267
0.11831809
0.11754271
0.11677122
0.1159968
0.115225166
0.114498824
0.11376654
0.11303478
0.11231101
0.11160362
0.110921
0.110230595
0.1095438
0.10885122
0.10816369
0.10748819
0.106824666
0.106164984
0.10551283
0.10486738
0.10424548
0.10362803
0.10302478
0.10241908
0.10183332
0.10127336
0.100720204
0.1001665
0.09962884
0.09911868
0.09861112
0.09810048
0.09757722
0.097053565
0.09652915
0.096006535
0.09550527
0.09502164
0.09455242
0.09409217
0.093643665
0.09318936
0.09271848
0.092238225
0.09174877
0.09125888
0.09076715
0.090295695
0.08983784
0.08937987
0.08891813
0.08846598
0.08801401
0.08757385
0.08712458
0.0866723
0.08618149
0.08567592
0.08520109
0.084716946
0.08425966
0.08378505
0.08329107
0.08282812
0.082381025
0.08194319
0.08149382
0.08103022
0.0805802
0.08013528
0.079705305
0.07922294
0.07875835
0.07828719
0.07782024
0.07735983
0.07689765
0.07646767
0.07602743
0.075622365
0.07520371
0.074769475
0.07437056
0.07395517
0.073550336
0.07311523
0.072692215
0.07230698
0.07192311
0.07155436
0.07119245
0.07081861
0.07047269
0.07012618
0.069771744
0.06942626
0.06907027
0.06871729
0.06839031
0.06807097
0.06775781
0.06745857
0.06716191
0.0668753
0.06660128
0.06633786
0.0660834
0.06584677
0.06562767
0.06541818
0.06521889
0.065033086
0.0648539
0.06467393
0.06450201
0.06433662
0.06417415
0.064018704
0.06387877
0.06373886
0.06359792
0.06346751
0.06335065
0.06323033
0.063114114
0.06301729
0.062936366
0.062867306
0.062809534
0.062759906
0.062705755
0.06265405
0.06261461
0.06258603
0.062565945
0.062552445
0.06254109
0.06252629
0.0625134
0.06250587
0.06250205
0.06250048
0.062500514
0.062500395
0.06250111
0.06250147
0.0625008
0.062501185
0.06250232
0.06250145
0.062500186
0.06250004
0.0625
0.0625
0.0625
0.0625
0.0625
0.0625
0.0625
0.0625
0.06250046
0.0625
0.0625
0.0625
0.0625
0.0625
0.0625
0.0625
0.0625
0.0625
0.0625
0.0625
0.0625
0.0625
0.0625
0.0625
0.0625
0.0625
0.0625
0.0625
0.0625
0.0625
0.0625
0.0625
0.0625
0.0625
0.0625
0.0625
0.0625
0.0625
0.0625
0.0625
0.0625
0.06250024
0.0625
0.0625
0.0625
0.0625
0.0625
0.0625
0.0625
0.0625
0.0625
0.0625
0.0625
0.0625
0.0625
0.0625
0.0625
0.0625
0.0625
0.0625
0.0625
0.0625
0.0625
0.0625
0.0625
0.0625
0.0625
0.0625
0.0625
0.0625
0.0625
0.0625
0.0625
0.0625
0.0625
0.0625
0.0625
0.0625
0.0625
0.0625
0.0625
0.0625
0.0625
0.0625
0.0625
0.0625
0.0625
0.0625
0.0625
0.0625
0.0625
0.0625
0.0625
0.0625
0.0625
0.0625
0.0625
0.0625
0.0625
0.0625
0.0625
0.0625
0.0625
0.0625
0.0625
0.0625
0.0625
0.0625
0.0625
0.0625
0.0625
0.0625
0.0625
0.0625
0.0625
0.0625
0.0625
0.0625
0.0625
0.0625
0.0625
0.0625
0.0625
0.0625
0.0625
0.0625
0.0625
0.0625
0.0625
0.0625
0.0625
0.0625
0.0625
0.0625
0.0625
0.0625
0.0625
0.0625
0.0625
0.0625
0.0625
0.0625
0.0625
0.0625
0.0625
0.0625
0.0625
0.0625
0.0625
0.0625
0.0625
0.0625
0.0625
0.0625
0.0625
0.0625
0.0625
0.0625
0.0625
0.0625
0.0625
0.0625
0.0625
0.0625
0.0625
0.0625
0.0625
0.0625
0.0625
0.0625
0.0625
0.0625
0.0625
0.0625
0.0625
0.0625
0.0625
0.0625
0.0625
0.0625
0.0625
0.0625
0.0625
0.0625
0.0625
0.0625
0.0625
0.0625
0.0625
0.0625
0.0625
0.0625
0.0625
0.0625
0.0625
0.0625
0.0625
0.0625
0.0625
0.0625
0.0625
0.0625
0.0625
0.0625
0.0625
0.0625
0.0625
0.0625
0.0625
0.0625
0.0625
0.0625
0.0625
0.0625
0.0625
0.0625
0.0625
0.0625
0.0625
0.0625
0.0625
0.0625
0.0625
0.0625
0.0625
0.0625
0.0625
0.0625
0.0625
0.0625
0.0625
0.0625
0.0625
0.0625
0.0625
0.0625
0.0625
0.0625
0.0625
0.0625
0.0625
0.0625
0.0625
0.0625
0.0625
0.0625
0.0625
0.0625
0.0625
0.0625
0.0625
0.0625
0.0625
0.0625
0.0625
0.0625
0.0625
0.0625
0.0625
0.0625
0.0625
0.0625
0.0625
0.0625
0.0625
0.0625
0.0625
0.0625
0.0625
0.0625
0.0625
0.0625
0.0625
0.0625
0.0625
0.0625
0.0625
0.0625
0.0625
0.0625
0.0625
0.0625
0.0625
0.0625
0.0625
0.0625
0.0625
0.0625
0.0625
0.0625
0.0625
0.0625
0.0625
0.0625
0.0625
0.0625
0.0625
0.0625
0.0625
0.0625
0.0625
0.0625
0.0625
0.0625
0.0625
0.0625
0.0625
0.0625
0.0625
0.0625
0.0625
0.0625
0.0625
0.0625
0.0625
0.0625
0.0625
0.0625
0.0625
0.0625
0.0625
0.0625
0.0625
0.0625
0.0625
0.0625
0.0625
0.0625
0.0625
0.0625
0.0625
0.0625
0.0625
0.0625
0.0625
0.0625
0.0625
0.0625
0.0625
0.0625
0.0625
0.0625
0.0625
0.0625
0.0625
0.0625
0.0625
0.0625
0.0625
0.0625
0.0625
0.0625
0.0625
0.0625
0.0625
0.0625
0.0625
0.0625
0.0625
0.0625
0.0625
0.0625
0.0625
0.0625
0.0625
0.0625
0.0625
0.0625
0.0625
0.0625
0.0625
0.0625
0.0625
0.0625
0.0625
0.0625
0.0625
0.0625
0.0625
0.0625
0.0625
0.0625
0.0625
0.0625
0.0625
0.0625
0.0625
0.0625
0.0625
0.0625
0.0625
0.0625
0.0625
0.0625
0.0625
0.0625
0.0625
0.0625
0.0625
0.0625
0.0625
0.0625
0.0625
0.0625
0.0625
0.0625
0.0625
0.0625
0.0625
0.0625
0.0625
0.0625
0.0625
0.0625
0.0625
0.0625
0.0625
0.0625
0.0625
0.0625
0.0625
0.0625
0.0625
0.0625
0.0625
0.0625
0.0625
0.0625
0.0625
0.0625
0.0625
0.0625
0.0625
0.0625
0.0625
0.0625
0.0625
0.0625
0.0625
0.0625
0.0625
0.0625
0.0625
0.0625
0.0625
0.0625
0.0625
0.0625
0.0625
0.0625
0.0625
0.0625
0.0625
0.0625
0.0625
0.0625
0.0625
0.0625
0.0625
0.0625
0.0625
0.0625
0.0625
0.0625
0.0625
0.0625
0.0625
0.0625
0.0625
0.0625
0.0625
0.0625
0.0625
0.0625
0.0625
0.0625
0.0625
0.0625
0.0625
0.0625
0.0625
0.0625
0.0625
0.0625
0.0625
0.0625
0.0625
0.0625
0.0625
0.0625
0.0625
0.0625
0.0625
0.0625
0.0625
0.0625
0.0625
0.0625
0.0625
0.0625
0.0625
0.0625
0.0625
0.0625
0.0625
0.0625
0.0625
0.0625
0.0625
0.0625
0.0625
0.0625
0.0625
0.0625
0.0625
0.0625
0.0625
0.0625
0.0625
0.0625
0.0625
0.0625
0.0625
0.0625
0.0625
0.0625
0.0625
0.0625
0.0625
0.0625
0.0625
0.0625
0.0625
0.0625
0.0625
0.0625
0.0625
0.0625
0.0625
0.0625
0.0625
0.0625
0.0625
0.0625
0.0625
0.0625
0.0625
0.0625
0.0625
0.0625
0.0625
0.0625
0.0625
0.0625
0.0625
0.0625
0.0625
0.0625
0.0625
0.0625
0.0625
0.0625
0.0625
0.0625
0.0625
0.0625
0.0625
0.0625
0.0625
0.0625
0.0625
0.0625
0.0625
0.0625
0.0625
0.0625
0.0625
0.0625
0.0625
0.0625
0.0625
0.0625
0.0625
0.0625
0.0625
0.0625
0.0625
0.0625
0.0625
0.0625
0.0625
0.0625
0.0625
0.0625
0.0625
0.0625
0.0625
0.0625
0.0625
0.0625
0.0625
0.0625
0.0625
0.0625
0.0625
0.0625
0.0625
0.0625
0.0625
0.0625
0.0625
0.0625
0.0625
0.0625
0.0625
0.0625
0.0625
0.0625
0.0625
0.0625
0.0625
0.0625
0.0625
0.0625
0.0625
0.0625
0.0625
0.0625
0.0625
0.0625
0.0625
0.0625
0.0625
0.0625
0.0625
0.0625
0.0625
0.0625
0.0625
0.0625
0.0625
0.0625
0.0625
0.0625
0.0625
0.0625
0.0625
0.0625
0.0625
0.0625
0.0625
0.0625
0.0625
0.0625
0.0625
0.0625
0.0625
0.0625
0.0625
0.0625
0.0625
0.0625
0.0625
0.0625
0.0625
0.0625
0.0625
0.0625
0.0625
0.0625
0.0625
0.0625
0.0625
0.0625
0.0625
0.0625
0.0625
0.0625
0.0625
0.0625
0.0625
0.0625
0.0625
0.0625
0.0625
0.0625
0.0625
0.0625
0.0625
0.0625
0.0625
0.0625
0.0625
0.0625
0.0625
0.0625
0.0625
0.0625
0.0625
0.0625
0.0625
0.0625
0.0625
0.0625
0.0625
0.0625
0.0625
0.0625
0.0625
0.0625
0.0625
0.0625
0.0625
0.0625
0.0625
0.0625
0.0625
0.0625
0.0625
0.0625
0.0625
0.0625
0.0625
0.0625
0.0625
0.0625
0.0625
0.0625
0.0625
0.0625
0.0625
0.0625
0.0625
0.0625
0.0625
0.0625
0.0625
0.0625
0.0625
0.0625
0.0625
0.0625
0.0625
0.0625
0.0625
0.0625
0.0625
0.0625
0.0625
0.0625
0.0625
0.0625
0.0625
0.0625
0.0625
0.0625
0.0625
0.0625
0.0625
0.0625
0.0625
0.0625
0.0625
0.0625
0.0625
0.0625
0.0625
0.0625
0.0625
0.0625
0.0625
0.0625
0.0625
0.0625
0.0625
0.0625
0.0625
0.0625
0.0625
0.0625
0.0625
0.0625
0.0625
0.0625
0.0625
