0.8125
0.7513805
0.6951926
0.64356685
0.59620446
0.5528359
0.51320535
0.47707322
0.44421598
0.4144169
0.38746914
0.3631815
0.34138417
0.32194385
0.3047659
0.2898452
0.27729046
0.2671049
0.25896898
0.2524278
0.24710427
0.24271365
0.23903807
0.23591454
0.23322205
0.23086886
0.22878616
0.22691794
0.22522455
0.2236737
0.2222407
0.22090505
0.21965504
0.21847999
0.21737047
0.21631944
0.21531993
0.21436863
0.21346116
0.21259408
0.21176594
0.21097386
0.2102173
0.20949455
0.20880298
0.20814271
0.20751281
0.20691168
0.20633762
0.20578879
0.20526414
0.20476298
0.20428471
0.2038282
0.2033936
0.20297897
0.20258033
0.20219804
0.20183337
0.20148568
0.20115332
0.20083566
0.20053172
0.2002402
0.19996285
0.19969618
0.19944201
0.19919474
0.19895291
0.1987154
0.19848253
0.19825248
0.19802634
0.1978028
0.19758289
0.19736415
0.1971479
0.19693263
0.1967185
0.19650412
0.19628948
0.19607443
0.19585736
0.19563651
0.19541271
0.19518483
0.19495277
0.1947155
0.19447392
0.19422865
0.19397855
0.19372205
0.19345784
0.19318654
0.19290768
0.19262075
0.19232278
0.19201349
0.19169436
0.19136472
0.19102561
0.19067399
0.19031143
0.18994291
0.18957138
0.18918796
0.18878992
0.18837447
0.18794389
0.18749869
0.18703799
0.1865619
0.1860743
0.18556654
0.18503964
0.18449388
0.18393016
0.18335222
0.18275385
0.18213773
0.18151377
0.18087654
0.18022887
0.17957108
0.17890073
0.17821354
0.17750429
0.17677933
0.17604713
0.17531364
0.17457743
0.17383538
0.17309599
0.17235805
0.1716211
0.17087983
0.17013526
0.16939323
0.1686552
0.16791596
0.16717161
0.16642818
0.16568418
0.16493976
0.16420908
0.16348729
0.16277133
0.16206077
0.16135307
0.16064285
0.15994354
0.15925293
0.15856417
0.15789163
0.15722437
0.15655565
0.15587457
0.15518592
0.15449488
0.15382384
0.15314269
0.15245073
0.15174335
0.15101609
0.1502722
0.14950782
0.14874385
0.14797895
0.1472168
0.14645249
0.14568456
0.1449091
0.14412124
0.14333081
0.1425498
0.14175783
0.14096153
0.14015625
0.1393357
0.13849805
0.13764001
0.1367665
0.13588259
0.13499139
0.13409184
0.13318378
0.13226868
0.131339
0.13038802
0.12942044
0.12843972
0.12744851
0.12645672
0.12545578
0.12443908
0.12340645
0.122361876
0.12130436
0.120221935
0.11911851
0.11798781
0.1168358
0.11565474
0.11444598
0.11326406
0.11211125
0.110974155
0.10979623
0.10862407
0.107479334
0.10634672
0.10522014
0.10409287
0.10311503
0.10212704
0.1011113
0.10018589
0.09922842
0.09835753
0.09766578
0.09692349
0.09601428
0.0952769
0.09456342
0.09385084
0.093340784
0.09282715
0.09209939
0.091451846
0.09090041
0.09031447
0.08979394
0.08941645
0.088947736
0.08831849
0.087787904
0.0873066
0.086806096
0.086368494
0.086019434
0.08570137
0.085239805
0.084743805
0.08433154
0.08393231
0.083529495
0.083163306
0.08285624
0.08257967
0.08220047
0.08178559
0.08142123
0.08108667
0.08075726
0.080452494
0.08019138
0.07995831
0.07968545
0.07934909
0.079033755
0.07875269
0.07848123
0.07821258
0.07796902
0.077758975
0.07754283
0.07727165
0.07699438
0.076744944
0.0765129
0.076288514
0.076083384
0.07590445
0.07573318
0.075512744
0.075282104
0.07507396
0.07487505
0.07468361
0.07450932
0.07435662
0.07417417
0.07395918
0.073764704
0.07358635
0.0734128
0.07325229
0.073115736
0.07293119
0.072719745
0.07254547
0.072375305
0.072207525
0.07205992
0.07186151
0.07163536
0.071439765
0.071250804
0.07107169
0.07091123
0.07077351
0.070600964
0.07041199
0.070253976
0.07010659
0.069966815
0.0698388
0.06972615
0.06961084
0.06947633
0.06934736
0.06923754
0.06913706
0.06904327
0.06895577
0.06885537
0.06874754
0.06864599
0.06855128
0.06846429
0.06837753
0.068291984
0.068204574
0.06811852
0.06803748
0.06795593
0.06787223
0.06778661
0.06770254
0.06762329
0.06754922
0.067462154
0.06736247
0.06727353
0.067188285
0.06710821
0.067024596
0.06692057
0.06681482
0.06671535
0.06662324
0.06654054
0.06642798
0.066311605
0.066201344
0.066102825
0.06599855
0.06588123
0.065787084
0.06569333
0.06560894
0.065502726
0.06537057
0.06526044
0.06515649
0.06507411
0.06499185
0.064902216
0.06480796
0.06471742
0.064639956
0.06457323
0.06449312
0.0644227
0.06435486
0.06428557
0.06422684
0.064161144
0.06407438
0.06398497
0.06389963
0.063840084
0.06378902
0.06376023
0.06372694
0.0636522
0.06356063
0.06348802
0.06342425
0.063369386
0.06332399
0.06329074
0.06325903
0.06322745
0.06319293
0.063158564
0.06312718
0.06310066
0.063073196
0.063040234
0.06301211
0.06298538
0.062966555
0.06294895
0.06293123
0.06291404
0.06289788
0.06288021
0.06286055
0.06284238
0.0628262
0.0628111
0.06279701
0.06278383
0.062772125
0.06275996
0.062749095
0.06273677
0.062734365
0.06274358
0.06275623
0.06275406
0.06274008
0.062741034
0.06272756
0.062723435
0.062707156
0.06271564
0.06274701
0.062804595
0.06279222
0.062744014
0.06274259
0.06278175
0.062853016
0.06286063
0.06283552
0.062853105
0.06292394
0.06304752
0.063094765
0.063072585
0.06301174
0.06296766
0.062946476
0.06294077
0.062926374
0.0628512
0.06282433
0.06277117
0.06277138
0.06271783
0.06271568
0.06267306
0.06266586
0.06264034
0.06264784
0.062654175
0.0626542
0.06261226
0.062589735
0.06260916
0.06262259
0.06258983
0.06256133
0.06255899
0.06254881
0.06253991
0.06256541
0.06259358
0.06258313
0.06253628
0.06265074
0.06256646
0.06258615
0.06265536
0.06264242
0.06259764
0.062563956
0.0625396
0.06252172
0.06260169
0.062542915
0.06257304
0.06263861
0.06262263
0.062551916
0.06250364
0.0625
0.062511325
0.0625
0.0625002
0.06250937
0.06250644
0.06250035
0.0625565
0.062519886
0.0625
0.06250776
0.0625132
0.062502585
0.0625
0.0625
0.0625
0.0625
0.0625
0.0625
0.06250002
0.0625
0.0625
0.0625
0.0625
0.0625
0.0625
0.0625
0.0625
0.0625
0.0625
0.0625
0.0625
0.0625
0.0625
0.0625
0.0625
0.06250001
0.0625
0.0625
0.0625
0.0625
0.0625
0.0625
0.0625
0.0625
0.0625
0.0625
0.0625
0.0625
0.0625
0.0625
0.0625
0.0625
0.0625
0.0625
0.0625
0.0625
0.0625
0.0625
0.0625
0.0625
0.0625
0.0625
0.0625
0.0625
0.0625
0.0625
0.0625
0.0625
0.0625
0.0625
0.0625
0.0625
0.0625
0.0625
0.0625
0.0625
0.0625
0.0625
0.0625
0.0625
0.0625
0.0625
0.06250248
0.0625
0.0625
0.0625
0.0625
0.0625
0.0625
0.0625
0.0625
0.0625
0.0625
0.0625
0.0625
0.0625
0.0625
0.0625
0.0625
0.0625
0.0625
0.0625
0.0625
0.0625
0.0625
0.0625
0.0625
0.0625
0.0625
0.0625
0.0625
0.0625
0.0625
0.0625
0.0625
0.0625
0.0625
0.0625
0.0625
0.0625
0.0625
0.0625
0.0625
0.0625
0.0625
0.0625
0.0625
0.0625
0.0625
0.0625
0.0625
0.0625
0.0625
0.0625
0.0625
0.0625
0.0625
0.0625
0.0625
0.0625
0.0625
0.0625
0.0625
0.0625
0.0625
0.0625
0.0625
0.0625
0.0625
0.0625
0.0625
0.0625
0.0625
0.0625
0.0625
0.0625
0.0625
0.0625
0.0625
0.0625
0.0625
0.0625
0.0625
0.0625
0.0625
0.0625
0.0625
0.0625
0.0625
0.0625
0.0625
0.0625
0.0625
0.0625
0.0625
0.0625
0.0625
0.0625
0.0625
0.0625
0.0625
0.0625
0.0625
0.0625
0.0625
0.0625
0.0625
0.0625
0.0625
0.0625
0.0625
0.0625
0.0625
0.0625
0.0625
0.0625
0.0625
0.0625
0.0625
0.0625
0.0625
0.0625
0.0625
0.0625
0.0625
0.0625
0.0625
0.0625
0.0625
0.0625
0.0625
0.0625
0.0625
0.0625
0.0625
0.0625
0.0625
0.0625
0.0625
0.0625
0.0625
0.0625
0.0625
0.0625
0.0625
0.0625
0.0625
0.0625
0.0625
0.0625
0.0625
0.0625
0.0625
0.0625
0.0625
0.0625
0.0625
0.0625
0.0625
0.0625
0.0625
0.0625
0.0625
0.0625
0.0625
0.0625
0.0625
0.0625
0.0625
0.0625
0.0625
0.0625
0.0625
0.0625
0.0625
0.0625
0.0625
0.0625
0.0625
0.0625
0.0625
0.0625
0.0625
0.0625
0.0625
0.0625
0.0625
0.0625
0.0625
0.0625
0.0625
0.0625
0.0625
0.0625
0.0625
0.0625
0.0625
0.0625
0.0625
0.0625
0.0625
0.0625
0.0625
0.0625
0.0625
0.0625
0.0625
0.0625
0.0625
0.0625
0.0625
0.0625
0.0625
0.0625
0.0625
0.0625
0.0625
0.0625
0.0625
0.0625
0.0625
0.0625
0.0625
0.0625
0.0625
0.0625
0.0625
0.0625
0.0625
0.0625
0.0625
0.0625
0.0625
0.0625
0.0625
0.0625
0.0625
0.0625
0.0625
0.0625
0.0625
0.0625
0.0625
0.0625
0.0625
0.0625
0.0625
0.0625
0.0625
0.0625
0.0625
0.0625
0.0625
0.0625
0.0625
0.0625
0.0625
0.0625
0.0625
0.0625
0.0625
0.0625
0.0625
0.0625
0.0625
0.0625
0.0625
0.0625
0.0625
0.0625
0.0625
0.0625
0.0625
0.0625
0.0625
0.0625
0.0625
0.0625
0.0625
0.0625
0.0625
0.0625
0.0625
0.0625
0.0625
0.0625
0.0625
0.0625
0.0625
0.0625
0.0625
0.0625
0.0625
0.0625
0.0625
0.0625
0.0625
0.0625
0.0625
0.0625
0.0625
0.0625
0.0625
0.0625
0.0625
0.0625
0.0625
0.0625
0.0625
0.0625
0.0625
0.0625
0.0625
0.0625
0.0625
0.0625
0.0625
0.0625
0.0625
0.0625
0.0625
0.0625
0.0625
0.0625
0.0625
0.0625
0.0625
0.0625
0.0625
0.0625
0.0625
0.0625
0.0625
0.0625
0.0625
0.0625
0.0625
0.0625
0.0625
0.0625
0.0625
0.0625
0.0625
0.0625
0.0625
0.0625
0.0625
0.0625
0.0625
0.0625
0.0625
0.0625
0.0625
0.0625
0.0625
0.0625
0.0625
0.0625
0.0625
0.0625
0.0625
0.0625
0.0625
0.0625
0.0625
0.0625
0.0625
0.0625
0.0625
0.0625
0.0625
0.0625
0.0625
0.0625
0.0625
0.0625
0.0625
0.0625
0.0625
0.0625
0.0625
0.0625
0.0625
0.0625
0.0625
0.0625
0.0625
0.0625
0.0625
0.0625
0.0625
0.0625
0.0625
0.0625
0.0625
0.0625
0.0625
0.0625
0.0625
0.0625
0.0625
0.0625
0.0625
0.0625
0.0625
0.0625
0.0625
0.0625
0.0625
0.0625
0.0625
0.0625
0.0625
0.0625
0.0625
0.0625
0.0625
0.0625
0.0625
0.0625
0.0625
0.0625
0.0625
0.0625
0.0625
0.0625
0.0625
0.0625
0.0625
0.0625
0.0625
0.0625
0.0625
0.0625
0.0625
0.0625
0.0625
0.0625
0.0625
0.0625
0.0625
0.0625
0.0625
0.0625
0.0625
0.0625
0.0625
0.0625
0.0625
0.0625
0.0625
0.0625
0.0625
0.0625
0.0625
0.0625
0.0625
0.0625
0.0625
0.0625
0.0625
0.0625
0.0625
0.0625
0.0625
0.0625
0.0625
0.0625
0.0625
0.0625
0.0625
0.0625
0.0625
0.0625
0.0625
0.0625
0.0625
0.0625
0.0625
0.0625
0.0625
0.0625
0.0625
0.0625
0.0625
0.0625
0.0625
0.0625
0.0625
0.0625
0.0625
0.0625
0.0625
0.0625
0.0625
0.0625
0.0625
0.0625
0.0625
0.0625
0.0625
0.0625
0.0625
0.0625
0.0625
0.0625
0.0625
0.0625
0.0625
0.0625
0.0625
0.0625
0.0625
0.0625
0.0625
0.0625
0.0625
0.0625
0.0625
0.0625
0.0625
0.0625
0.0625
0.0625
0.0625
0.0625
0.0625
0.0625
0.0625
0.0625
0.0625
0.0625
0.0625
0.0625
0.0625
0.0625
0.0625
0.0625
0.0625
0.0625
0.0625
0.0625
0.0625
0.0625
0.0625
0.0625
0.0625
0.0625
0.0625
0.0625
0.0625
0.0625
0.0625
0.0625
0.0625
0.0625
0.0625
0.0625
0.0625
0.0625
0.0625
0.0625
0.0625
0.0625
0.0625
0.0625
0.0625
0.0625
0.0625
0.0625
0.0625
0.0625
0.0625
0.0625
0.0625
0.0625
0.0625
0.0625
0.0625
0.0625
0.0625
0.0625
0.0625
0.0625
0.0625
0.0625
0.0625
0.0625
0.0625
0.0625
0.0625
0.0625
0.0625
0.0625
0.0625
0.0625
0.0625
0.0625
0.0625
0.0625
0.0625
0.0625
0.0625
0.0625
0.0625
0.0625
0.0625
0.0625
0.0625
0.0625
0.0625
0.0625
0.0625
0.0625
0.0625
0.0625
0.0625
0.0625
0.0625
0.0625
0.0625
0.0625
0.0625
0.0625
0.0625
0.0625
0.0625
0.0625
0.0625
0.0625
0.0625
0.0625
0.0625
0.0625
0.0625
0.0625
0.0625
0.0625
0.0625
0.0625
0.0625
0.0625
0.0625
0.0625
0.0625
0.0625
0.0625
0.0625
0.0625
0.0625
0.0625
0.0625
0.0625
