0.8125
0.72131824
0.63888365
0.5647653
0.49857017
0.4400085
0.38883305
0.344932
0.31043985
0.2857354
0.26822647
0.2554758
0.24588466
0.237516
0.2294058
0.22181107
0.21493538
0.20893209
0.20390801
0.19991086
0.19691001
0.19474931
0.19309892
0.19152749
0.18973492
0.18762253
0.18523675
0.18270008
0.18015485
0.17770834
0.17538923
0.17314084
0.17087735
0.16855556
0.16618094
0.1637859
0.16140848
0.15906982
0.1567571
0.15444614
0.15212557
0.14980346
0.14749955
0.14523242
0.14312138
0.14127408
0.13968989
0.13834853
0.1370665
0.13631378
0.13578899
0.13495685
0.13389121
0.13262255
0.13147244
0.13046767
0.12942792
0.12828498
0.12696837
0.12539022
0.123565085
0.12163991
0.1196885
0.11773219
0.11579279
0.113870144
0.111984156
0.11012697
0.1082907
0.10645661
0.104744636
0.10343465
0.100996725
0.09916612
0.09796554
0.09680509
0.09521795
0.09306422
0.09083227
0.088763654
0.086833924
0.08499038
0.083069175
0.08092422
0.07855167
0.07604406
0.07353962
0.07114383
0.068884134
0.06674495
0.064560756
0.06226675
0.059805226
0.05601882
0.051262155
0.046549782
0.042534787
0.039190535
0.036045495
0.032971557
0.029817516
0.026419183
0.023035288
0.019888053
0.016887797
0.013954737
0.011279095
0.008958989
0.00691215
0.0053472905
0.0039317883
0.0027813371
0.0019752842
0.0012935201
0.0007956414
0.00042829837
0.00019470608
6.831613e-05
1.4227713e-05
