0.8125
0.7272002
0.64978105
0.57979894
0.5169177
0.4608175
0.41125274
0.36804405
0.3318382
0.30438992
0.28485724
0.27066123
0.2589601
0.24828635
0.23871052
0.23029041
0.22306132
0.21703805
0.21220972
0.20851336
0.20579922
0.20377201
0.20201989
0.20016623
0.19802137
0.1955611
0.19286013
0.1900413
0.18721847
0.18447818
0.1818256
0.17919278
0.17651421
0.17375386
0.1708916
0.16719691
0.16422324
0.16118756
0.15810303
0.15499939
0.1518538
0.14865628
0.14548387
0.14224778
0.13916324
0.13610105
0.13297266
0.12996759
0.1271031
0.12433841
0.12171572
0.11932073
0.11706462
0.11492639
0.11286843
0.113055505
0.11088633
0.108269624
0.105987966
0.10448987
0.103317074
0.10246152
0.101588964
0.10056905
0.099247694
0.09730265
0.09429947
0.090339445
0.08590188
0.08144676
0.07726122
0.07341764
0.06983748
0.06639459
0.063018985
0.059733897
0.056499
0.053265948
0.049762815
0.04567435
0.04129816
0.03747872
0.03421222
0.030872459
0.027416734
0.024018073
0.02071473
0.017553592
0.014611825
0.011908717
0.0094612455
0.007289272
0.005386486
0.00376313
0.002438898
0.0014349842
0.00073893525
0.0003081924
7.710656e-05
1.1884981e-07
