0.8125
0.712982
0.62463206
0.5465734
0.47810563
0.41853413
0.36728916
0.32408795
0.29090738
0.2675167
0.2509888
0.23895983
0.22991347
0.22286963
0.21720247
0.21247387
0.20840363
0.20483387
0.20166014
0.19880502
0.19620413
0.19381528
0.19159156
0.18950975
0.18756986
0.18590713
0.18418479
0.18247266
0.18085332
0.17927735
0.17768113
0.17606406
0.17444651
0.17283176
0.17122895
0.1696354
0.16790058
0.16599838
0.16395341
0.16182761
0.15971681
0.15762259
0.15557314
0.15357025
0.15154381
0.1495428
0.14752637
0.14546582
0.14333758
0.14110212
0.13875975
0.1363757
0.13399091
0.13165353
0.12938619
0.12721252
0.12504905
0.123012334
0.12075558
0.11880475
0.11673137
0.114670575
0.11264881
0.110565506
0.108252205
0.10565587
0.10281458
0.0999113
0.097119056
0.09438469
0.09156386
0.08866022
0.08574156
0.08273988
0.07966811
0.076423906
0.07307693
0.06963592
0.06604684
0.06214417
0.05773525
0.052723784
0.04766066
0.043064833
0.038935274
0.035091028
0.031307194
0.027777024
0.02433843
0.020781234
0.017433168
0.0145873455
0.012060647
0.009881425
0.00811947
0.0065176445
0.005120223
0.0039543468
0.0029556472
0.0021203856
0.0014208289
0.0008357887
0.0003933887
0.000120437915
1.37499665e-05
