0.8125
0.7253359
0.64495087
0.57117134
0.50395435
0.44329023
0.3892181
0.34208262
0.30540666
0.27947983
0.26087746
0.24709262
0.23648858
0.22699058
0.21759605
0.20865802
0.20047061
0.1932712
0.1872382
0.18246794
0.17894244
0.176439
0.17439324
0.17223085
0.16966063
0.1666786
0.16345243
0.16020595
0.15710534
0.15391839
0.15051936
0.1468908
0.14316148
0.13949044
0.13600145
0.1327201
0.12962909
0.12671322
0.12397933
0.12139124
0.11891911
0.116553165
0.11426365
0.11199272
0.11003884
0.107876174
0.10562911
0.10343046
0.101356246
0.09943143
0.09762782
0.095912226
0.09423437
0.09257782
0.09096595
0.08937649
0.08784046
0.086354524
0.08492271
0.0835461
0.08220895
0.08088815
0.079549424
0.078130014
0.07651318
0.0745864
0.07232199
0.06978192
0.06712258
0.06452483
0.062044274
0.059678335
0.057412535
0.055198785
0.0529779
0.050702225
0.048339803
0.045886416
0.04340223
0.04100373
0.03872764
0.036519513
0.033740338
0.030271335
0.026778737
0.023637706
0.020067718
0.017120788
0.014388499
0.011922362
0.009664995
0.0075207283
0.0056516253
0.0041595525
0.003025449
0.0021401425
0.0014102833
0.0008493078
0.00042692779
0.00013720938
1.4653175e-05
