0.8125
0.71272844
0.6233695
0.54382664
0.4736503
0.41248813
0.36013103
0.318244
0.28804493
0.26709378
0.25075784
0.23677664
0.2250636
0.2155395
0.2081157
0.2026705
0.19895214
0.19642766
0.19430833
0.19196594
0.18915145
0.18588878
0.18235664
0.17876644
0.17519027
0.17195521
0.1688338
0.16569455
0.16247548
0.15919346
0.15592441
0.15251108
0.14907604
0.14582045
0.14246945
0.1392759
0.13648812
0.13401775
0.13156317
0.12898047
0.12617736
0.12331742
0.12057718
0.11812768
0.11562464
0.11324278
0.111076914
0.108868755
0.106695056
0.10453563
0.102312125
0.09999236
0.09760826
0.09529034
0.092668585
0.08969941
0.08666342
0.08356953
0.080416374
0.077203356
0.073977984
0.07119272
0.06819637
0.06534693
0.06257224
0.059856176
0.057092655
0.054204587
0.05130266
0.04828204
0.044980694
0.040988028
0.036965795
0.033173118
0.029381007
0.025533857
0.022013543
0.018591985
0.014789097
0.011468676
0.009035095
0.0068418444
0.0052614757
0.004003043
0.0028386973
0.0018286364
0.0011367709
0.0006724472
0.00032479898
0.000100254954
2.4110668e-05
2.9003306e-06
