0.8125
0.7105581
0.6170172
0.53198725
0.45570302
0.38846564
0.33158824
0.28952906
0.26113737
0.24129133
0.22544575
0.21166515
0.20024915
0.19143492
0.1853248
0.18168475
0.17944439
0.17728174
0.17453222
0.1710443
0.16703849
0.16286667
0.15885946
0.15518942
0.1518002
0.14844747
0.14492108
0.14119063
0.13733104
0.13346651
0.12969318
0.12599517
0.12224475
0.11846175
0.11498186
0.11208864
0.1098212
0.108048536
0.10660391
0.105358124
0.10419232
0.10275821
0.10164785
0.09982717
0.09748577
0.09482616
0.0921082
0.08945179
0.086812235
0.084217094
0.08166685
0.079119734
0.07654518
0.07398608
0.07150201
0.06910595
0.06679966
0.06457552
0.06241137
0.060294706
0.058181826
0.056056827
0.053932056
0.05181687
0.049707383
0.04760017
0.045491338
0.043392543
0.041283112
0.039172538
0.037075453
0.034995288
0.03291358
0.030859826
0.02885244
0.026894545
0.024981914
0.023101019
0.021287655
0.019519849
0.017446982
0.015127038
0.012956031
0.011031543
0.009291652
0.0077383206
0.0062375343
0.004803406
0.0034779394
0.0023247642
0.0013676599
0.00064236874
0.00018560514
1.5177939e-05
