0.8125
0.68193036
0.5669427
0.46766457
0.38446555
0.3216814
0.28084973
0.2529893
0.23217969
0.21803884
0.21022196
0.20771444
0.20732285
0.2062261
0.20339008
0.19896762
0.19371231
0.18855423
0.18425
0.18087415
0.17768805
0.17403643
0.16989909
0.16567643
0.1617628
0.1581161
0.15417276
0.15010865
0.146012
0.1419894
0.13795917
0.13381805
0.12952827
0.12546961
0.121910095
0.118723094
0.11587382
0.11342756
0.11140156
0.10976844
0.10840549
0.10721441
0.10588044
0.1046111
0.10338795
0.10222617
0.101139866
0.100103594
0.098928325
0.09719616
0.094469965
0.09085991
0.08680439
0.082518905
0.078421384
0.074415304
0.070193045
0.06611144
0.062286396
0.05870758
0.055226956
0.05157013
0.04797809
0.043867063
0.037547387
0.03181894
0.027990015
0.024946526
0.021872634
0.018771037
0.015751736
0.0129666375
0.010523311
0.008012284
0.0058212145
0.0039226804
0.0024391627
0.0013511926
0.0006269932
0.00017933181
9.372828e-05
7.090369e-05
6.1835203e-06
