0.8125
0.68895197
0.58079267
0.48754898
0.40904006
0.3457817
0.30170473
0.26960996
0.24535234
0.22950046
0.22053866
0.21675865
0.21545637
0.21411388
0.21150039
0.20742317
0.202277
0.19671653
0.19141792
0.18686552
0.18303269
0.17939661
0.17548454
0.17118599
0.16668372
0.16205548
0.15771766
0.15350771
0.14924812
0.14484982
0.14043169
0.13621783
0.13320269
0.1310139
0.13095619
0.13067593
0.1303759
0.12966113
0.12843752
0.126836
0.12508197
0.12334963
0.12162175
0.11943378
0.11485868
0.10783333
0.100848496
0.0949034
0.08945606
0.08448172
0.07988342
0.07560361
0.07147867
0.067458294
0.06312246
0.057754636
0.0507618
0.04343072
0.037595
0.032964427
0.028982155
0.025136927
0.021366157
0.017679475
0.014348322
0.011466195
0.008815586
0.0064905453
0.004582441
0.0032437444
0.002150685
0.0010844348
0.00042450908
8.098565e-05
2.2254465e-10
