0.28827623
0.044143733
0.0772912
0.065030456
0.027165592
0.032691374
0.039579984
0.029205387
0.023877546
0.025677154
0.027061492
0.025309434
0.022094615
0.022807425
0.025127163
0.022937665
0.020700837
0.021572642
0.021041801
0.0208237
0.021025723
0.020475036
0.021028325
0.020928843
0.020386506
0.02095799
0.020697974
0.020420304
0.02107267
0.020424785
0.021435
0.021787072
0.020981098
0.02074638
0.020631611
0.020788223
0.020446077
0.020422433
0.02043159
0.020479308
0.02004774
0.0209378
0.020972475
0.019920705
0.02055811
0.020608924
0.020256704
0.019992445
0.02057819
0.02063495
0.019779565
0.020891404
0.021655032
0.020913338
0.020286627
0.019837623
0.020740243
0.02040911
0.019594477
0.019897966
0.019948117
0.020041915
0.019696862
0.019940706
0.02010295
0.0199843
0.019661667
0.019840641
0.01968689
0.019661853
0.01964548
0.019420182
0.019319018
0.019623728
0.01949782
0.019435901
0.019298488
0.01930871
0.019223118
0.019233162
0.019130373
0.019059898
0.018846786
0.019181615
0.01918652
0.018576602
0.018494006
0.018345205
0.018108193
0.017724376
0.017320955
0.017022511
0.017110348
0.016371356
0.016432919
0.016123442
0.016298594
0.016394956
0.016652107
0.01616119
0.016418872
0.015790226
0.015780985
0.01620364
0.015687995
0.01581906
0.015635647
0.015961302
0.015356351
0.015863126
0.015621184
0.015144311
0.014986228
0.01551493
0.015344047
0.015100166
0.015196063
0.014862406
0.0148874745
0.014820732
0.014703321
0.014721091
0.014628108
0.014617178
0.014577791
0.014433387
0.014629156
0.014286637
0.014842863
0.014939901
0.014140171
0.014591341
0.01454294
0.0140856765
0.014477432
0.014540829
0.0138834305
0.014391118
0.014850433
0.014079966
0.013997161
0.0144828
0.013838634
0.013903816
0.014382713
0.013808604
0.0137032345
0.014212298
0.01381134
0.01333242
0.013424429
0.013265087
0.013318752
0.013269099
0.013065106
0.013101034
0.013040431
0.013051015
0.01293809
0.012895751
0.012768954
0.012969981
0.012823101
0.013195008
0.012863544
0.013036148
0.012938216
0.012756427
0.012659758
0.012789859
0.012740743
0.012458219
0.012362346
0.01284673
0.012504215
0.012697601
0.012690499
0.01231286
0.01236241
0.012348478
0.012280785
0.012252239
0.01212512
0.0123135
0.012072322
0.012515181
0.01219887
0.012228849
0.012159042
0.012139385
0.012183804
0.011948697
0.011956117
0.011926089
0.0119314315
0.011818974
0.011742801
0.011911797
0.011783901
0.011767232
0.011694423
0.011682357
0.01158601
0.011730939
0.011720334
0.011460212
0.011417173
0.011624615
0.0115426155
0.011328214
0.011247774
0.011474863
0.011377799
0.011216
0.011180781
0.011192269
0.011110701
0.0111812055
0.011136357
0.011021751
0.0109704835
0.011095063
0.011036407
0.010911107
0.010917455
0.010940198
0.010846004
0.01092
0.010874254
0.0107974345
0.010711233
0.01088595
0.0108215595
0.010696893
0.010733157
0.010679215
0.010650528
0.010661545
0.0106501365
0.010592081
0.010582857
0.010631849
0.010605476
0.01057458
0.010652562
0.01043244
0.010505679
0.010515886
0.010501442
0.010468841
0.010430063
0.010515038
0.010485721
0.010376223
0.01038264
0.010411982
0.010379222
0.010390385
0.010330628
0.010374972
0.010285891
0.0103699425
0.010288411
0.010325219
0.0102023
0.010347345
0.010244679
0.0101634115
0.010111761
0.010120734
0.010024372
0.010299491
0.0103849815
0.009940631
0.010633868
0.010357451
0.010478102
0.010740231
0.010520566
0.010397566
0.010144825
0.0101360725
0.010255723
0.009969897
0.010299442
0.010325876
0.010095126
0.010230609
0.010020364
0.010018306
0.00995665
0.010146665
0.009914202
0.010148645
0.010384817
0.010178705
0.009802522
0.010476994
0.010292363
0.010437231
0.010528539
0.009790739
0.01038258
0.010352139
0.010205014
0.010194543
0.010008721
0.009873272
0.01010092
0.010136984
0.010140055
0.010072519
0.010015995
0.009899709
0.009793994
0.009748318
0.010056763
0.010100383
0.010041952
0.009879761
0.010024161
0.010012731
0.00972344
0.009730128
0.010007593
0.009852334
0.00985754
0.009839317
0.009737615
0.009653124
0.009994119
0.009928112
0.009688552
0.009607764
0.010020805
0.009956607
0.009646176
0.0096365735
0.009870072
0.00975564
0.0097045675
0.00969484
0.009703149
0.0096094785
0.0098179635
0.009747496
0.0096421065
0.009605627
0.00975259
0.009702773
0.00960489
0.009552642
0.0097582275
0.00969166
0.009580777
0.009540473
0.009718295
0.009644619
0.009586993
0.009550845
0.009639957
0.009605023
0.009554802
0.00951774
0.0096075535
0.009548799
0.009559581
0.00951165
0.009574477
0.009532315
0.00952288
0.00948904
0.009524691
0.0094705345
0.009517831
0.009480949
0.009467515
0.009419457
0.009521761
0.009460603
0.009444932
0.009401452
0.009472638
0.009419204
0.009427026
0.009383081
0.00942176
0.0093744565
0.009391514
0.009336373
0.009397478
0.009334825
0.009376249
0.009315275
0.009349908
0.009296234
