0.2870201
0.055847526
0.065259926
0.037529323
0.025048828
0.026720164
0.023024598
0.024636528
0.02427263
0.02148524
0.022652544
0.023044161
0.021321377
0.02156584
0.022179348
0.02123098
0.020734325
0.021207264
0.0205943
0.0206522
0.020902516
0.020396188
0.020149207
0.020185264
0.01973269
0.019950375
0.019848222
0.01947322
0.018937364
0.018959785
0.018309817
0.018184649
0.017755242
0.01726367
0.01712249
0.016639614
0.017115468
0.017097784
0.016147757
0.016267171
0.016008012
0.015809866
0.015851924
0.015596226
0.01728487
0.01701034
0.015950823
0.015591252
0.015712654
0.015591166
0.015322037
0.015804159
0.015732307
0.015136444
0.015310802
0.015159498
0.015221284
0.015234105
0.015095842
0.0151817575
0.014981591
0.015118104
0.015087806
0.014867079
0.015022834
0.014873132
0.014826438
0.014827862
0.014628924
0.014725156
0.014591227
0.01472174
0.014696593
0.014476518
0.014484309
0.014320468
0.014282297
0.014253161
0.014306251
0.0140388645
0.0139675485
0.013905029
0.013868778
0.013908598
0.013360982
0.014342185
0.01442289
0.014156774
0.013159715
0.014405553
0.014566029
0.0137569485
0.013536935
0.013426996
0.013545088
0.0130126
0.013303161
0.01333471
0.012773372
0.012721703
0.012602334
0.012643767
0.012322441
0.012285738
0.012362142
0.012075658
0.012218754
0.012271342
0.011767402
0.011904106
0.011739672
0.011735993
0.011622869
0.011477933
0.011494341
0.011331938
0.011201617
0.011178254
0.010927771
0.011007371
0.010698415
0.011237306
0.011223608
0.010761878
0.010514128
0.010526801
0.010413427
0.010203979
0.01021549
0.010326549
0.009995419
0.010444622
0.010495141
0.009639954
0.010641329
0.010460984
0.009974911
0.0094377315
0.00967627
0.009569614
0.009242064
0.009707478
0.009696827
0.009165503
0.009134298
0.0090736365
0.009016587
0.008927581
0.008738513
0.008732135
0.008674849
0.008427881
0.0085405195
0.008364943
0.008378897
0.0082634045
0.008330374
0.008097749
0.008089604
0.007936948
0.00785387
0.007912713
0.0077635013
0.00769395
0.0077710543
0.0074262707
0.008002349
0.00777933
0.008484155
0.008179739
0.007790522
0.008063041
0.007332808
0.007536284
0.0072121844
0.00758278
0.0072837486
0.007540571
0.007437218
0.0068070143
0.0072404356
0.0067897253
0.0077284775
0.00807038
0.0066341907
0.008752095
0.009848614
0.008169548
0.007100919
0.008041225
0.0073458604
0.0074866726
0.0075563905
0.007317548
0.007069146
0.0069583617
0.0065602134
0.0067369384
0.0065841544
0.006732765
0.006390779
0.0068882033
0.006500131
0.0066813766
0.006292013
0.006850707
0.006266372
0.0072544725
0.0077508404
0.0061114705
0.007839038
0.008497469
0.006669345
0.007635688
0.009095393
0.008023472
0.0067171976
0.006779034
0.0070491005
0.0065414025
0.006359599
0.0066236327
0.0067278706
0.0060838177
0.006179554
0.0062488294
0.005963387
0.005923094
0.0058509777
0.005804311
0.0060238666
0.0060740025
0.0054787616
0.006594746
0.0069414973
0.00571537
0.0064450405
0.006902331
0.0067066983
0.0065714046
0.0058929655
0.007184737
0.007144489
0.0063637714
0.0060264035
0.0072288923
0.0071130046
0.0061277263
0.0059474804
0.005846534
0.0057225935
0.006139863
0.005419899
0.007199241
0.0073097087
0.005462077
0.006030517
0.00551557
0.005648687
0.0053772987
0.005875371
0.0053823744
0.006281921
0.006289842
0.00512073
0.005470069
0.0053403354
0.0052416143
0.0050562527
0.004974187
0.005730746
0.005335797
0.0053756055
0.005468283
0.0051382785
0.005128132
0.0051566255
0.004911876
0.0050384407
0.0050195274
0.0047315615
0.004624326
0.0049331128
0.0047175405
0.0049310643
0.004518978
0.005206819
0.00493438
0.004619582
0.0046891286
0.005192804
0.004801938
0.0046011396
0.004661555
0.0043040607
0.004156817
0.004913595
0.0047800937
0.0041816165
0.004135677
0.0044506555
0.0041303094
0.004677533
0.004629145
0.004055727
0.0041859704
0.0038340508
0.003927299
0.0037666839
0.0038369142
0.00373175
0.0038965342
0.0035907358
0.003889287
0.0036139737
0.004685408
0.0047418377
0.0036701418
0.004721271
0.0051203053
0.0038739324
0.0044550416
0.005041324
0.0041431165
0.0036807442
0.0041186432
0.003866207
0.0036946174
0.0040212036
0.0037165966
0.0036142904
0.0038810298
0.0035806755
0.0038532522
0.0038499162
0.0037917427
0.0037665942
0.0034552254
0.003735993
0.0043701627
0.0037551473
0.0041677407
0.003992321
0.00462635
0.0045156814
0.0043002353
0.0038206123
0.0042380453
0.0040613124
0.0041763447
0.0040637176
0.0037479142
0.003816909
0.0038617288
0.0034078918
0.0038981799
0.004120696
0.004067274
0.0037082292
0.0037990864
0.0037585401
0.003794263
0.0039083175
0.0034555674
0.0039847787
0.003312011
0.004426764
0.0045971517
0.0035043918
0.0040820874
0.0036714633
0.0036203328
0.0036087371
0.003390393
0.0035168778
0.0033659376
0.0033968359
0.0031673491
0.0033128017
0.0031186913
0.0040751295
0.004198843
0.0032192904
0.003742182
0.0039389213
0.0030992504
0.004110006
0.0042749587
0.0036411744
0.003575935
0.0035266867
0.0035519495
0.0035025012
0.0034176542
0.0033623248
0.0036188338
0.0031249176
0.0044434075
0.004301461
0.0032562455
0.0032651622
0.0031952318
0.0029913653
0.003289967
0.003395899
0.0030447834
0.0031528624
0.0032853018
0.0028187037
0.0037153754
0.0038010415
0.0037390378
0.0033096273
0.0038055133
0.003951615
0.0029651765
0.0030889092
0.0031596224
0.0028120987
0.0037919637
0.003888711
0.0037704082
0.0034463594
0.0033973914
0.0032807512
0.0034087282
0.003063508
0.003603505
0.0037476767
0.0030554738
0.0031090744
0.003323422
0.0031545751
0.0029783102
0.003035071
0.0028201535
0.0028777148
0.0027659351
0.002672814
0.0028225621
0.002894928
0.0025414005
0.0030147796
0.0029789999
0.002820232
0.0028746699
0.0028574944
0.002615437
0.0030248004
0.0028202012
0.002790274
0.0027543327
0.0029034668
0.002789203
0.0027207506
0.00275853
0.0026350776
0.0026601152
0.0025217382
0.0026812016
