0.28757158
0.07751753
0.07146491
0.036493037
0.02602326
0.02393273
0.026028818
0.025362039
0.024258623
0.02324818
0.023506524
0.023165515
0.021673143
0.02298586
0.022593526
0.021408135
0.022410313
0.02169297
0.021664148
0.021851217
0.021243036
0.021775896
0.021710904
0.021441815
0.021035224
0.021123141
0.020841593
0.020850366
0.020604428
0.020944476
0.020584755
0.021048332
0.020733444
0.021032162
0.02102424
0.020549685
0.020569714
0.02066935
0.020470144
0.021060811
0.021141812
0.02034072
0.02140619
0.02173099
0.020717112
0.02076061
0.02144207
0.020681404
0.020477554
0.020703806
0.020327473
0.020979641
0.021218216
0.020927427
0.020265844
0.021446189
0.021744328
0.02073572
0.021028094
0.021095857
0.020906696
0.021055087
0.020379065
0.020927196
0.021424973
0.020803316
0.02087771
0.020694451
0.020510212
0.021014536
0.020710183
0.02014403
0.020249264
0.02025091
0.0200848
0.020558162
0.020681916
0.020314762
0.020185335
0.020135293
0.020263944
0.019992428
0.020123241
0.020364456
0.020160856
0.020062016
0.019964078
0.020100614
0.019937778
0.019941442
0.019865707
0.020418383
0.02023015
0.0197962
0.020157237
0.019963207
0.019940322
0.01994318
0.01997755
0.019745523
0.020451983
0.020418707
0.01956741
0.019621136
0.019562239
0.019764254
0.019529048
0.020146107
0.020245804
0.0195917
0.019738495
0.019771725
0.0197493
0.019294621
0.020426886
0.020778634
0.019511847
0.020455295
0.021686606
0.02034736
0.019491963
0.019885033
0.019250548
0.019753272
0.020290283
0.019233912
0.0194726
0.020075278
0.019220369
0.019313268
0.019741632
0.018829895
0.01928643
0.019943537
0.01893068
0.018665524
0.018981129
0.01825569
0.019072706
0.019681992
0.018570317
0.018068036
0.018269934
0.017635236
0.018444126
0.019028166
0.017874619
0.017545713
0.01779745
0.01706715
0.017866468
0.018531812
0.017443174
0.017030763
0.01723027
0.016515972
0.017953467
0.019043831
0.01764278
0.016398394
0.016757494
0.016342694
0.016895788
0.01746423
0.016473455
0.016368726
0.016788
0.01601179
0.01667734
0.017241681
0.01614382
0.01608003
0.016692886
0.015842227
0.01610748
0.016688474
0.015806824
0.015823297
0.016327439
0.015512045
0.015977638
0.01655893
0.01558739
0.015613609
0.01620736
0.015413267
0.015675463
0.016326211
0.015467387
0.015342738
0.015811965
0.015124622
0.0156929
0.016317442
0.015363254
0.015147942
0.015561695
0.014899746
0.015582055
0.016176503
0.015252723
0.015000537
0.015481643
0.014951832
0.015092897
0.015557158
0.014867018
0.015192851
0.01616533
0.0152774155
0.014730188
0.015414554
0.015010856
0.014696728
0.015529465
0.0147866765
0.014655416
0.01471633
0.01438158
0.0150193125
0.01531332
0.0147630675
0.01462223
0.01445812
0.0147537105
0.0146733625
0.014178727
0.014794104
0.014969535
0.014331043
0.0145481555
0.014862329
0.014192487
0.014359176
0.0144143775
0.013974379
0.01420023
0.014110826
0.014202875
0.014230837
0.013780449
0.014176105
0.01434473
0.0140719665
0.013984628
0.014190619
0.013873351
0.013811022
0.014026006
0.013796479
0.01365474
0.013892879
0.01373113
0.013553695
0.013599373
0.013605046
0.01348719
0.013672921
0.013568285
0.013351421
0.013330724
0.013537898
0.013468162
0.013277181
0.013238958
0.01329197
0.013193273
0.013356569
0.013287426
0.0131501155
0.013058528
0.013390708
0.0133059425
0.013048571
0.013003852
0.013141244
0.013081967
0.013041663
0.013002829
0.013085798
0.013036095
0.013049687
0.01299002
0.013017818
0.01288206
0.013140023
0.013072833
0.012868295
0.012854804
0.013018192
0.012971985
0.012936386
0.012880392
0.012890945
0.012816896
0.012954265
0.012896397
0.012790263
0.012720696
0.013021745
0.013005269
0.012682456
0.012637735
0.013039052
0.012998689
0.012663573
0.012624516
0.012907098
0.01281898
0.012874405
0.012857806
0.01265378
0.012602802
0.0128926
0.012804839
0.012688641
0.012622856
0.012784873
0.012731019
0.01264697
0.012607162
0.012717761
0.012650959
0.012670815
0.012666009
0.012590714
0.0125513645
0.012692566
0.012655094
0.01258373
0.012528361
0.0126627935
0.012592557
0.012599379
0.01254158
0.012604919
0.0125418855
0.012548936
0.012489994
0.012587324
0.012523283
0.012547481
0.01253322
0.01250035
0.0124622835
0.012565389
0.0124812005
0.012544011
0.012462799
0.012520246
0.012459722
0.012480591
0.01241636
0.01252526
0.012483023
0.012423542
0.012393944
0.0124913035
0.012443109
0.012408044
0.012369416
0.012451363
0.012386806
0.012409427
0.012355608
0.012421231
0.012368391
0.012376811
0.012341169
0.012366754
0.012320493
0.012374811
0.012333154
0.012341167
0.012302435
0.012358677
0.012309718
0.012330011
0.012270597
0.012349966
0.012269576
0.012342407
0.012254034
0.012334015
0.012265407
0.01228975
0.012242108
0.012289844
0.012262528
0.012239312
0.012202126
0.012274596
0.012238265
0.012189057
0.012150149
0.012248824
0.012197885
0.012178159
0.01213796
0.012233171
0.012181438
0.012171623
0.012103058
0.0122471005
0.012134723
0.012220443
0.012118706
0.012218345
0.012150404
0.012159969
0.01214401
0.012138548
0.012136062
0.012091041
0.012050708
0.012120608
0.012075082
0.012054905
0.012002595
0.012153667
0.012080031
0.012066779
0.0119874
0.012170234
0.012102037
0.012018443
0.012003089
0.012083712
0.0120532885
0.011989005
0.011957895
0.012041713
0.011988163
0.011992295
0.011933443
0.012035188
0.011965148
0.0119850775
0.011938521
0.011986335
0.011954855
0.01193303
0.0119044185
0.011949557
0.011905235
0.01192644
0.01186316
0.01196111
0.011888196
0.011938536
0.0118812695
0.011905958
0.0118609825
0.011907478
0.011859004
0.011873323
0.011828203
0.011886257
0.011821031
0.0118607655
0.011804688
0.011869758
0.011828639
0.011814942
0.011791326
0.011806081
0.011765186
0.011789876
0.011742423
0.011809523
0.011745617
0.011779025
0.011696149
0.01185752
0.011776182
0.011720195
0.011701446
0.011763894
0.011747007
0.011700396
0.01172318
0.011717453
0.011704129
0.011682599
0.0117021045
0.011672097
0.0116489
0.011746686
0.01177758
0.011631433
0.011599
0.011990282
0.011928052
0.011770452
0.011792794
0.011677521
0.011589167
0.011706415
0.011629552
0.0118046785
0.011728006
0.011712924
0.0117513975
0.011691616
0.011617673
0.011907113
0.011820021
0.011523552
0.011636313
0.011650686
0.011581088
0.011856001
0.011809032
0.011405152
0.01174326
0.011635884
0.011538261
0.011524864
0.011475307
0.011403188
0.011823326
0.011530153
0.011620899
0.011572267
0.011404906
0.011519586
0.011571355
0.011418513
0.011438363
0.011694293
0.011679378
0.011469099
0.011346054
0.011744996
0.011646122
0.0114883855
0.011405365
0.011675247
0.011685903
0.011422961
0.011550118
0.011305
0.011321756
0.011333026
0.011330046
0.01148199
0.011286531
0.011404444
0.0113798715
0.01130494
0.01129998
0.011333503
0.011175029
0.01161236
0.011535831
0.011249821
0.011181541
0.011296083
0.011186981
0.011822742
0.011715096
0.01124993
0.01136221
0.011260533
0.01118733
0.0114309145
0.011451441
0.011410291
0.011298005
0.011356448
0.011391133
0.011249744
0.011182074
0.011285742
0.011236641
0.011183288
0.011087044
0.011385936
0.0113144545
0.011148146
0.01108569
0.011223935
0.011183006
0.011456276
