0.28898087
0.115306996
0.062447682
0.031024547
0.038463116
0.033233684
0.023966646
0.031126851
0.034006707
0.02586176
0.022763552
0.024445081
0.02375392
0.022265727
0.023365945
0.024208345
0.022364954
0.022798987
0.023994848
0.022650687
0.022260824
0.022576928
0.02232965
0.022174388
0.021896591
0.022271255
0.022061309
0.0216495
0.02170091
0.021676788
0.022171773
0.02155505
0.022619022
0.022601118
0.022320567
0.021819001
0.022152731
0.022227293
0.02160731
0.02154419
0.021250954
0.021204105
0.021060152
0.020972304
0.020786455
0.021041187
0.0208053
0.020813601
0.020696446
0.020762559
0.020579813
0.020513061
0.02046158
0.020264456
0.020278055
0.020132959
0.02011716
0.0199671
0.020091152
0.019903572
0.019879615
0.019779695
0.019541798
0.019466726
0.019353244
0.019167261
0.019149326
0.018868612
0.01912133
0.018807635
0.018739104
0.018504681
0.018242158
0.018189395
0.017964559
0.017738424
0.017501002
0.01767534
0.017496327
0.01708392
0.017330667
0.016941706
0.016776701
0.016555004
0.016367288
0.0160764
0.015838359
0.015752785
0.015625423
0.015186501
0.016293777
0.016403435
0.015214939
0.015140454
0.014837172
0.014940467
0.014368277
0.014527014
0.014751579
0.013938748
0.014410247
0.014635727
0.014227611
0.013722117
0.013888325
0.013669553
0.01341965
0.013423905
0.013275825
0.013310325
0.013127373
0.013251204
0.013207957
0.013023581
0.013314306
0.0128824795
0.013487824
0.013711162
0.012930948
0.012870385
0.012995978
0.01258139
0.013452795
0.014197786
0.013470617
0.012755752
0.012984627
0.0130878575
0.012468386
0.012628441
0.012880427
0.012531658
0.012224828
0.012473758
0.0124305785
0.012022716
0.012131486
0.012086592
0.011885072
0.011895555
0.01180457
0.011699808
0.011507328
0.011408958
0.011385284
0.011241582
0.01108538
0.011093234
0.010930284
0.010743284
0.0106955245
0.010532796
0.010344555
0.010694999
0.010226924
0.010639907
0.010548593
0.010227499
0.010015757
0.010570064
0.010567521
0.009644143
0.00995583
0.009975563
0.009830471
0.009469769
0.009703543
0.009625488
0.009275868
0.010011135
0.009986098
0.009534455
0.0093797995
0.009431572
0.009371606
0.009255457
0.009221907
0.00926045
0.009122303
0.009095636
0.009061357
0.009059723
0.008884134
0.00891245
0.008940876
0.008794249
0.008718302
0.008865069
0.008609286
0.009423025
0.009499389
0.009177544
0.008930662
0.008715129
0.008793804
0.0089449035
0.008734109
0.008696895
0.008729662
0.008667554
0.008539445
0.008628487
0.008591701
0.008738262
0.008596249
0.00841017
0.008360587
0.008648456
0.008579808
0.008243346
0.008189865
0.008524601
0.008347873
0.008309
0.008272377
0.0082368525
0.008143832
0.00829057
0.008205205
0.008224075
0.008129495
0.008122363
0.007973461
0.008198913
0.008018849
0.008116028
0.008007036
0.008008172
0.007876748
0.008005201
0.007822332
0.008101419
0.007920269
0.007872448
0.00778441
0.007788071
0.007643452
0.0078556845
0.0076754787
0.0077688075
0.007605925
0.0077266633
0.0075938758
0.007646973
0.007539585
0.007571852
0.0074629732
0.0075438246
0.0074486933
0.007460145
0.0073819323
0.0074002487
0.007331955
0.0073472154
0.00734383
0.0071835197
0.0071175075
0.0073725227
0.0073317527
0.007009135
0.0069401176
0.0073746047
0.0072883093
0.0068759676
0.0068313642
0.0071461834
0.0069893603
0.006985843
0.006874986
0.006943097
0.0067842505
0.0068477006
0.006734155
0.00680485
0.006685635
0.006684445
0.0065702745
0.0067361468
0.006574852
0.006613975
0.006455036
0.0065896455
0.0064486354
0.0064418023
0.0063455435
0.006492842
0.006417437
0.006334081
0.0062709837
0.00636968
0.006219441
0.006498354
0.006354987
0.006212814
0.0061556348
0.0061422363
0.0059517394
0.0065383925
0.006553861
0.005969402
0.0065694824
0.0063395514
0.006222589
0.0061529162
0.006315004
0.005988311
0.0060443864
0.005982689
0.0058596465
0.0058926404
0.005773897
0.005785174
0.005913041
0.005571319
0.0063905516
0.006276973
0.005925171
0.0057362956
0.0058169332
0.005697508
0.005765241
0.0058420524
0.005579483
0.0057574245
0.005755555
0.005738379
0.005626625
0.005749866
0.0055422015
0.005782613
0.0055104964
0.0058912034
0.005851393
0.005666936
0.005633985
0.005587579
0.005608911
0.0053713843
0.005382212
0.0054761544
0.0051038503
0.0058479384
0.0055808607
0.005628305
0.0052713924
0.0056459177
0.0055273436
0.0052141775
0.00540009
0.0052632783
0.0053542717
0.0051954803
0.0052784006
0.005135477
0.0052663335
0.005081162
0.0053709657
0.005226825
0.0051541952
0.0051028104
0.005187877
0.0050779837
0.005159476
0.005090891
0.005099626
0.004945429
0.005167305
0.005010911
0.004997456
0.0048572198
0.0050164945
0.0048164106
0.0050380477
0.004818522
0.0050179395
0.004826737
0.004987748
0.004817115
0.004874038
0.0047301436
0.00497941
0.004851699
0.004740491
0.004657364
0.0048626554
0.004752805
0.0047425665
0.0046879556
0.0047252956
0.004663004
0.004728351
0.0047400836
0.004568567
0.0045590536
0.004710873
0.004667295
0.004583704
0.0045862305
0.004594307
0.004572688
0.004587979
0.004579835
0.004507571
0.00449348
0.0045731985
0.004566246
0.00446255
0.0044706794
0.004490133
0.004469022
0.0044662054
0.0044524544
0.0044572786
0.0044541024
0.004414272
0.004421514
