0.2888379
0.088067554
0.053005297
0.031233855
0.028932298
0.026468188
0.023747206
0.026170015
0.023897506
0.023265526
0.023855405
0.02211043
0.022590032
0.022805622
0.021697497
0.024010994
0.024860794
0.022530342
0.022049814
0.022914296
0.022601446
0.02155525
0.021996116
0.022475705
0.021328725
0.021705305
0.022470994
0.021820983
0.02105762
0.021728128
0.022055626
0.02122879
0.020699594
0.021344677
0.020679748
0.021772305
0.02185261
0.02138151
0.021223957
0.020525796
0.021683296
0.02134736
0.020347906
0.020473456
0.020281538
0.020361437
0.020094179
0.02071636
0.02074281
0.019700628
0.020276584
0.020459963
0.019662315
0.019227546
0.019575942
0.019101942
0.018430673
0.018216567
0.017853357
0.017975794
0.017419573
0.01736728
0.016731068
0.016755506
0.016421614
0.016080283
0.016184809
0.016112551
0.01578645
0.01665183
0.01658965
0.015573022
0.015456137
0.015830003
0.015443313
0.015142803
0.015171426
0.015308007
0.01476685
0.015016464
0.014845337
0.014506091
0.015308105
0.015011609
0.01486468
0.014651275
0.014856555
0.014401206
0.014579184
0.014541082
0.01435779
0.014632539
0.014390123
0.014574442
0.014169981
0.015095911
0.015255873
0.013802965
0.015214778
0.016017685
0.0145167345
0.013982127
0.014584903
0.013857204
0.014003719
0.014328726
0.013708408
0.013895814
0.014278996
0.013485965
0.013832484
0.01405483
0.013472964
0.013596405
0.013772772
0.013409846
0.013336011
0.013388798
0.0131233325
0.013212279
0.013116069
0.013004017
0.013088276
0.0128172785
0.01304993
0.013135478
0.01276942
0.012820871
0.0129265515
0.012750133
0.012397834
0.012348663
0.012809989
0.012674217
0.012795535
0.012376602
0.012785976
0.012999554
0.012168102
0.012195724
0.0123314345
0.012267257
0.011728607
0.011844174
0.0117789535
0.011550999
0.011662994
0.011515784
0.011557641
0.011453585
0.011565373
0.011560564
0.011266548
0.011159123
0.011222719
0.011144728
0.010817897
0.010992691
0.010837306
0.01055935
0.010925227
0.010849771
0.0104375295
0.01091681
0.010716357
0.010783558
0.01073318
0.010337421
0.010180037
0.010228447
0.010155224
0.010335926
0.010191941
0.009865591
0.009904721
0.009764067
0.009779989
0.009704313
0.009585754
0.009866976
0.009914557
0.0093722865
0.0096659735
0.009205534
0.010065567
0.010142387
0.009325377
0.009734452
0.0097712865
0.009074879
0.00990118
0.009869422
0.008877569
0.009401672
0.0092948945
0.008822952
0.008837302
0.008877368
0.008722246
0.008746219
0.008596863
0.00886281
0.008607099
0.008839871
0.008868457
0.008305424
0.008900765
0.008368846
0.009487296
0.009778384
0.009185481
0.008852011
0.008518411
0.008791699
0.008668375
0.008254872
0.008360627
0.008293125
0.008221958
0.0079663675
0.008454244
0.008661829
0.008499861
0.0083094435
0.008097701
0.008340792
0.008040913
0.0078505175
0.0077551357
0.007850379
0.0076849028
0.0077935564
0.007916015
0.0076179504
0.0075135455
0.0075313137
0.00728352
0.007598297
0.007565276
0.007188184
0.007521859
0.0073907687
0.007371329
0.007241002
0.0074713086
0.0072298925
0.007585632
0.007447218
0.007294224
0.0074116928
0.007255163
0.0069957427
0.0073700403
0.0073282723
0.006845609
0.0067750937
0.007152179
0.007130319
0.007083807
0.006912152
0.0068979003
0.0068146414
0.007116874
0.0069065844
0.006846962
0.006802445
0.006790729
0.006671673
0.0069792685
0.006999422
0.0066118524
0.006723147
0.0065672374
0.0064889505
0.007055752
0.0068197134
0.006701
0.0067127817
0.006856023
0.006776694
0.0065509006
0.006539145
0.006806601
0.0064991466
0.006646401
0.0066306335
0.0065749693
0.006559001
0.0066010733
0.0065001086
0.006603077
0.0067705032
0.0064719873
0.006413449
0.0065839165
0.006474623
0.0063179224
0.0062479884
0.006557157
0.0062400973
0.006652946
0.006832293
0.0060848235
0.0068688975
0.0069412603
0.006305966
0.0066640642
0.0065617575
0.0063046888
0.0064583668
0.006695648
0.006414889
0.0061409934
0.0064531057
0.0062553943
0.0061910064
0.006302405
0.006261166
0.0060761548
0.0062597417
0.0062691807
0.0061939075
0.00608707
0.0063439044
0.0062950477
0.0060018734
0.006019628
0.0061264825
0.0060136393
0.0060995556
0.006143916
0.005998721
0.0060165953
0.005903886
0.0059688366
0.0060423575
0.0058584306
0.006205814
0.005990401
0.0057997257
0.0057421536
0.006041289
0.0058425665
0.00588971
0.005781269
0.0058966097
0.005724104
0.005918529
0.0058748485
0.0056633484
0.005645732
0.0058019734
0.0056394935
0.0058446093
0.0057975575
0.0056290687
0.0055886097
0.005712656
0.005638356
0.005685801
0.0056458153
0.005624195
0.0055782925
0.0055871694
0.005499043
0.0057029636
0.005613453
0.0055787177
0.005648235
0.0054113287
0.0055106883
0.0054928293
0.005535182
0.005355274
0.0054501966
0.0052374937
0.0054429322
0.0051835785
0.0056614527
0.005521454
0.005370746
0.0054399446
0.0051961294
0.00518534
0.0054789763
0.00546585
0.0052368813
0.0052185883
0.005400008
0.005288376
0.0054872273
0.0055028335
0.0053037703
0.0052882396
0.005172947
0.0051870043
0.0051657013
0.005096871
0.0052488795
0.0050122663
0.0055240863
0.0056982394
0.0050270967
0.005928105
0.005772721
0.005201558
0.005265759
0.00503427
0.005196733
0.0051156315
0.005010951
0.005346919
0.0049343556
0.0056341724
0.0058309636
0.005207209
0.0051256022
0.005262813
0.005039304
0.0051328395
0.005176072
0.0050269766
0.005420552
0.004911849
0.0059813787
0.006405048
