0.28731623
0.092340566
0.061448086
0.029287219
0.040663045
0.03390586
0.022158595
0.030777588
0.03331996
0.024376629
0.021716729
0.023779705
0.02211458
0.021030298
0.021956777
0.02202932
0.020722918
0.022968138
0.024358096
0.022845278
0.021318913
0.021860598
0.022212306
0.021438388
0.02140001
0.020878488
0.020941505
0.021368777
0.020676782
0.021360815
0.021694234
0.021271082
0.02100698
0.020998523
0.02075004
0.021093206
0.0211827
0.020428034
0.02069583
0.020653235
0.020805037
0.020699784
0.020320548
0.020661475
0.02042814
0.020990366
0.020930938
0.020324389
0.020589454
0.020398045
0.020367732
0.020355007
0.020331351
0.020240676
0.020438036
0.02040569
0.020237507
0.02030447
0.020091357
0.020533198
0.020255776
0.020505052
0.020597303
0.019989258
0.02029446
0.020032635
0.020539107
0.02068799
0.019916693
0.021777801
0.023403814
0.022006707
0.019953953
0.021792253
0.024073424
0.023419783
0.020838426
0.020178316
0.021409035
0.020926928
0.0197619
0.02096104
0.022002747
0.02096848
0.019707253
0.020550018
0.021500653
0.02050149
0.019482799
0.02013185
0.020369349
0.019520313
0.019507416
0.01991078
0.019435769
0.019005414
0.019214751
0.018938163
0.018706487
0.018690014
0.018591532
0.018255554
0.01834743
0.018404508
0.017865323
0.01891453
0.018928334
0.018884728
0.018621292
0.01754176
0.018586656
0.019471435
0.01803113
0.017405836
0.017510833
0.017750308
0.017709855
0.017012814
0.01701818
0.017072381
0.016699223
0.016523495
0.016510388
0.01646063
0.016248383
0.015938362
0.016083682
0.016180491
0.015724948
0.015629495
0.015282358
0.015399014
0.015222553
0.014948505
0.015133192
0.014760088
0.014977154
0.014766559
0.014902997
0.014971495
0.014791109
0.014363476
0.014824339
0.014597761
0.014831084
0.014819846
0.01443133
0.014325976
0.014382114
0.014284387
0.013999656
0.0139439255
0.014160539
0.013905257
0.01403369
0.014017249
0.0141658485
0.014073375
0.013906598
0.013991829
0.0141431615
0.013899335
0.01372766
0.013725593
0.013534435
0.013499466
0.013578869
0.01339418
0.013664798
0.013540481
0.01337872
0.0133618815
0.013369654
0.01323242
0.013424012
0.013321977
0.013979825
0.01399419
0.013403577
0.013321956
0.0132889105
0.013104413
0.013173428
0.013106837
0.01308697
0.013275835
0.013053208
0.012987133
0.012968726
0.013078727
0.012916108
0.01331304
0.013287601
0.013110042
0.012944683
0.013068151
0.01300203
0.012864772
0.012791914
0.012660147
0.012914727
0.0126134725
0.013461965
0.013543569
0.012971129
0.01318341
0.0129569
0.013671746
0.013856169
0.013422218
0.013269495
0.0130011225
0.012720566
0.013082321
0.013180915
0.013040677
0.013045214
0.012695916
0.012662239
0.0128051685
0.012686908
0.013085456
0.012957928
0.012459419
0.012413964
0.01276572
0.012679116
0.012479767
0.01249453
0.012484762
0.012337424
0.012879963
0.013010834
0.012258832
0.012938291
0.013121199
0.012727971
0.0124925645
0.01241829
0.012598731
0.01223131
0.013028845
0.012913535
0.012643747
0.012579094
0.012507812
0.012468937
0.012195685
0.012339316
0.012319393
0.012173887
0.012194323
0.012317683
0.012331854
0.012176641
0.012181707
0.0124152005
0.012479768
0.012959977
0.012951199
0.012502735
0.012287222
0.01232566
0.012274479
0.012281515
0.012239255
0.012369084
0.012372469
0.012113591
0.011985158
0.012380949
0.012230699
0.012281522
0.012348385
0.01213295
0.012509768
0.012267965
0.012461056
0.012411013
0.012070605
0.011959441
0.012390301
0.012208658
0.012777585
0.012575864
0.01219516
0.0123531
0.012320593
0.012079723
0.01207446
0.012005381
0.011985108
0.011963929
0.011854519
0.012174589
0.012185107
0.011913821
0.011940583
0.012012835
0.011909562
0.011893906
0.011903075
0.0117879985
0.011724462
0.011825826
0.011814828
0.011743446
0.011708559
0.011835694
0.011662039
0.011725321
0.01171425
0.011675365
0.011579394
0.012154251
0.012042746
0.011803907
0.011707149
0.011787775
0.011730918
0.011832866
0.011742161
0.011740419
0.011669795
0.0118253315
0.011639118
0.011734627
0.011755939
0.011597256
0.01170821
0.011483364
0.011830422
0.011534982
0.012035623
0.01199203
0.011870391
0.011704464
0.011937191
0.0120067885
0.011879577
0.011996119
0.011811212
0.011849154
0.011509098
0.011536333
0.011647937
0.01143594
0.012229092
0.01250339
0.011522983
0.0128084915
0.014074898
0.012979325
0.012085035
0.012195357
0.012194142
0.012024346
0.01192046
0.011924227
0.011546602
0.0120313065
0.01175094
0.011795404
0.011969532
0.011696458
0.011702693
0.0121177
0.012032022
0.011485589
0.011578999
0.011639587
0.01138286
0.011877336
0.012106103
0.011786538
0.011496656
0.011738144
0.011801458
0.0115889935
0.011445589
0.01174726
0.011602717
0.01157064
0.011567913
0.011643257
0.01152051
0.011533014
0.011465403
0.011669844
0.011428282
0.011721655
0.011646914
0.011386518
0.011325874
0.011760944
0.011761385
0.011290908
0.011329831
0.011535771
0.011408329
0.011646616
0.011811362
0.011310467
0.011419292
0.011380316
0.011280559
0.011549354
0.01143781
0.011365399
0.011316154
0.011424894
0.011354082
0.011415129
0.011386392
0.01139013
0.011318187
0.011380295
0.011266158
0.011479546
0.011340433
0.011399746
0.0112834945
0.011391498
0.0113272
0.011346067
0.011339396
0.01130914
0.011307471
0.011279472
0.011269468
0.01133731
0.011314854
0.011300057
0.011292058
0.011319671
0.011296007
0.01128249
0.011245385
0.011271122
0.011212435
0.011275455
0.011236627
0.01124158
0.01117757
0.011296258
0.011247811
0.011219621
0.011193715
0.011255211
0.011220542
0.011231259
0.011192462
0.011219114
0.011190221
0.011230568
0.011154093
0.011225549
0.0111637125
0.011302233
0.011228868
0.011199836
0.011136792
0.011286356
0.011171403
0.011288076
0.0111875115
0.011280333
0.0111770155
0.011192699
0.011101604
0.011304982
0.011224327
0.011120461
0.011054176
0.011374558
0.011304237
0.011071133
0.011028043
0.011390057
0.011334366
0.011029955
0.010992144
0.011372904
0.011294372
0.011040352
0.011058505
0.0111740045
0.011125675
0.011134822
0.011118936
0.011090527
0.011055342
0.011204126
0.011170848
0.01105651
0.011049884
0.011145157
0.011084348
0.011213616
0.011287947
0.010980375
0.010968952
0.011410296
0.011220771
0.011199889
0.011225663
0.01107474
0.011137876
0.011107924
0.011178274
0.011209242
0.011206529
0.011222735
0.0111120315
0.0112105645
0.011190258
0.011049123
0.011024837
0.011186999
0.0111222295
0.011028349
0.010988307
0.011089116
0.011008876
0.011140359
0.011098865
0.010949802
0.010885713
0.011279671
0.011263202
0.0108915055
0.0109132705
0.011089791
0.010959079
0.01115952
0.011127432
0.010903996
0.010978748
0.010865837
0.011025257
0.010852222
0.011592209
0.011627485
0.011516474
0.011191825
0.01142935
0.011479627
0.011014503
0.01112942
0.011099297
0.010894604
0.011466999
0.011639408
0.011149489
0.011210171
0.01146078
0.011435479
0.011218563
0.011140485
0.0110780625
0.011033039
0.010923999
0.011061199
0.011088446
0.0109886555
0.01097831
0.011166357
0.011138677
0.010908108
0.010905206
0.011031742
0.010853772
0.011177465
0.01126783
0.010904171
0.010927989
0.010992185
0.010863339
0.011027803
0.010988141
0.010898563
0.010852504
0.010992582
0.0110006705
0.010946102
0.010864197
0.010992059
0.010896663
0.010839221
0.010797673
0.010944766
0.010919339
