0.28828642
0.04248513
0.113140285
0.13070743
0.0896906
0.07272121
0.078610696
0.07641225
0.07142198
0.08024665
0.08616141
0.08114886
0.07323751
0.072898634
0.07674958
0.0760228
0.072357476
0.07200284
0.07399147
0.07323469
0.07123499
0.07263764
0.074157596
0.073270686
0.071225785
0.072193645
0.07366178
0.07311087
0.07147469
0.070827834
0.07150617
0.071107276
0.07048076
0.070558615
0.071099006
0.07062224
0.07180144
0.07156261
0.07086902
0.07108244
0.07054226
0.07056787
0.07081371
0.07060737
0.071007185
0.07087786
0.070739575
0.07062797
0.07081107
0.0707426
0.070628725
0.0705823
0.070806876
0.070707284
0.070638604
0.070619114
0.07057228
0.070498414
0.070749365
0.070684195
0.07054647
0.07049305
0.07070137
0.07061401
0.07053978
0.07050457
0.070598446
0.07050439
0.0705673
0.07053712
0.07050469
0.07041555
0.07062874
0.07058868
0.070418835
0.07037031
0.07060075
0.07055583
0.07041973
0.07035772
0.07057068
0.07053295
0.07039604
0.07034856
0.070511885
0.07046095
0.07040513
0.07034362
0.07048297
0.07044091
0.07036359
0.07032612
0.07044716
0.07037588
0.07036079
0.07033247
0.07037897
0.07032916
0.070338406
0.07030511
0.07034367
0.07029702
0.07032537
0.07029409
0.070289634
0.07024939
0.070230894
0.07006796
0.06987867
0.069531344
0.069069915
0.04872657
0.021157682
0.030475492
0.026802354
0.024714887
0.029160773
0.025615847
0.02084663
0.023412526
0.024682967
0.024179617
0.02334454
0.02076027
0.021977982
0.024384566
0.02347215
0.02244179
0.021383276
0.019868178
0.021777594
0.024077153
0.02252988
0.020177146
0.020796584
0.021259042
0.020839343
0.0213714
0.020534048
0.019362777
0.019590186
0.019521428
0.019240385
0.019436277
0.019325959
0.019163167
0.019825548
0.019751752
0.019223994
0.019183218
0.019241557
0.019126454
0.01938836
0.019380063
0.019069754
0.019071488
0.018881155
0.018851722
0.0188865
0.018675612
0.018638484
0.018842177
0.018617261
0.018917501
0.018945644
0.01845608
0.018518439
0.018454375
0.01830286
0.018351147
0.01826682
0.018082445
0.018014425
0.017973198
0.017866276
0.017788026
0.017735742
0.017558912
0.017666755
0.017378619
0.018030599
0.018237362
0.017360387
0.017777123
0.018136717
0.017595813
0.017367572
0.017225204
0.017318098
0.017301476
0.016794976
0.01709702
0.017218456
0.016807271
0.01663832
0.016649581
0.016537493
0.016244864
0.016244918
0.016078075
0.0161485
0.015987461
0.016044071
0.015957247
0.015772728
0.015717825
0.015686115
0.015661584
0.01546669
0.015718432
0.01580161
0.015707824
0.01521774
0.015696885
0.01564254
0.016242005
0.01609674
0.0154409455
0.015188259
0.015286356
0.015207998
0.01565893
0.015685553
0.015116335
0.014819711
0.0155114755
0.015520369
0.015034735
0.014948517
0.015246001
0.014988913
0.014875099
0.014799565
0.014812279
0.014691112
0.014968045
0.014899078
0.014611284
0.014509358
0.014735569
0.014596443
0.014507755
0.014457877
0.014580275
0.014440831
0.014476262
0.014388722
0.014362925
0.014273264
0.014374918
0.014316261
0.014192632
0.014093549
0.014314882
0.014201793
0.014078195
0.014003475
0.014152676
0.014047678
0.013958789
0.013856113
0.014035684
0.01394682
0.013759133
0.013671264
0.013964638
0.01385948
0.013611321
0.013544385
0.013790709
0.013671544
0.013524535
0.013435154
0.0136304125
0.013518818
0.013405521
0.013332409
0.013411564
0.013303203
0.013292927
0.013189845
0.013264161
0.013158187
0.013138319
0.013044685
0.013083632
0.012977299
0.0129986955
0.012887523
0.012966152
0.012874673
0.012804284
0.012709644
0.012832676
0.012728542
0.012655373
0.012552608
0.012709354
0.0126048075
0.012480372
0.012383577
0.012571149
0.012454365
0.012317267
0.012222587
0.012401022
0.012275872
0.012177445
0.012082271
0.012220892
0.01210079
0.012042381
0.011953884
0.012005332
0.011876839
0.011954057
0.0118532935
0.011777282
0.011641551
0.011900221
0.011791937
0.011556049
0.011448443
0.011811997
0.01168115
0.011407259
0.011337514
0.011652711
0.011578541
0.011240639
0.011162105
0.011526041
0.011394322
0.0111436965
0.011017141
0.01148587
0.011401594
0.010921284
0.010857594
0.011186001
0.010997775
0.0110030165
0.010784213
0.011134745
0.01107135
0.010639715
0.010551114
0.010859378
0.010685812
0.010687088
0.010456747
0.010790906
0.010760573
0.010328388
0.010252505
0.010484482
0.010356651
0.010457522
0.010207511
0.010450128
0.010405858
0.010155944
0.010122459
0.010093871
0.009986325
0.010221952
0.010045077
0.01008312
0.00994566
0.010044853
0.010004123
0.009863911
0.0098072775
0.009796624
