0.28837836
0.042806905
0.07074333
0.054120887
0.025050892
0.030746043
0.034179848
0.026582872
0.02272314
0.026320487
0.027474588
0.023563221
0.021982202
0.022866843
0.022201473
0.021892088
0.022097355
0.022094525
0.021539524
0.022982216
0.023605071
0.022144372
0.021829708
0.022262722
0.021718075
0.02183643
0.021942735
0.02144293
0.021389088
0.02133136
0.020865886
0.020976586
0.02096684
0.020348156
0.020043487
0.019800523
0.019546032
0.018920219
0.018828662
0.018776141
0.01831404
0.018347187
0.018176401
0.018475024
0.018317357
0.018775364
0.018488167
0.018358571
0.018410234
0.018222263
0.018010132
0.018438691
0.018414622
0.017889634
0.017784603
0.017852778
0.017624825
0.017944425
0.017870566
0.017921565
0.01777901
0.017596876
0.0174679
0.017875789
0.01755626
0.017555548
0.017579345
0.017316656
0.017180597
0.017553022
0.017473182
0.017510032
0.017310137
0.01725518
0.017177593
0.01777401
0.017671818
0.01699064
0.016970897
0.01708736
0.0169115
0.016909448
0.01696509
0.016821943
0.016805613
0.01696012
0.016781732
0.016690038
0.017193636
0.017057762
0.017265117
0.017205171
0.016584625
0.016551888
0.016901784
0.016688287
0.016931323
0.016938848
0.016557515
0.016468601
0.016686993
0.016583951
0.016741218
0.01660361
0.016591577
0.016572399
0.016392164
0.016340742
0.016533915
0.01643348
0.01641321
0.016329737
0.016395183
0.016359814
0.016226277
0.016148277
0.016430605
0.016390577
0.016098844
0.016040735
0.016313868
0.016240286
0.016099514
0.016008245
0.016215213
0.016186582
0.016024154
0.01595814
0.01595599
0.01586879
0.01616236
0.016049147
0.015816001
0.01577794
0.01586558
0.015800545
0.01577763
0.015674548
0.015704572
0.0156343
0.015653877
0.015539507
0.015614162
0.015500079
0.015512879
0.015391658
0.01550822
0.015533485
0.015234943
0.015137705
0.0153262885
0.015247808
0.015108307
0.014961176
0.0151458
0.01502269
0.015117002
0.014815721
0.015149961
0.015163246
0.014700719
0.014652878
0.01448143
0.014579791
0.014464182
0.014477652
0.014144267
0.014357035
0.01406368
0.014542895
0.014495488
0.013887537
0.01366433
0.0135452375
0.013458182
0.0136082
0.01339987
0.014199439
0.014184114
0.01300561
0.013602997
0.013868559
0.0129782
0.013038305
0.013039489
0.012504362
0.013263342
0.013336037
0.012800455
0.012840934
0.012847915
0.012317139
0.013118056
0.012964643
0.012481265
0.012329704
0.0123471655
0.012144749
0.011987627
0.011940475
0.012308686
0.012025495
0.011789675
0.011701167
0.011913578
0.011842216
0.0115516605
0.011373766
0.011715244
0.011599834
0.01145416
0.011323705
0.0113869645
0.011267729
0.011310169
0.011216705
0.011319297
0.011296171
0.011005484
0.011046119
0.010925236
0.010824535
0.011375812
0.010977124
0.011763691
0.011777222
0.0108615635
0.011484941
0.011559914
0.010704304
0.011479675
0.012173079
0.011470842
0.010880339
0.011067212
0.011164044
0.010708332
0.010639306
0.010776405
0.01070477
0.010452181
0.010664844
0.010448657
0.010475432
0.010459054
0.010424417
0.010587302
0.01040262
0.010272584
0.0102212615
0.009989715
0.010472556
0.010048945
0.01079021
0.010696359
0.010065707
0.010319878
0.009959693
0.010225162
0.010222421
0.009792633
0.010852902
0.010683981
0.010622449
0.010522217
0.010655415
0.011013825
0.0102795875
0.010201286
0.009991888
0.010685665
0.010803469
0.009700599
0.010908061
0.011820561
0.010886304
0.010738894
0.010724074
0.010066305
0.0101429755
0.010440097
0.010241174
0.009581497
0.009912543
0.009630512
0.009902883
0.009420888
0.01015752
0.009886932
0.00954703
0.009864991
0.009855985
0.009555936
0.009548653
0.009440585
0.009340048
0.009289791
0.009292999
0.009222048
0.009275424
0.009063967
0.009335929
0.009195458
0.009102886
0.009142516
0.00891015
0.009070044
0.009071766
0.008878879
0.009161781
0.008849151
0.009477829
0.009669799
0.009330462
0.009157122
0.0092485
0.009380709
0.008869731
0.009020782
0.008905453
0.008745731
0.008858797
0.00887161
0.008708585
0.008998533
0.009103102
0.008681347
0.009213056
0.009287041
0.008834512
0.008918183
0.008829334
0.008883211
0.008448492
0.008433896
0.008514772
0.008367244
0.008716379
0.008426435
0.008588239
0.008939856
0.008350872
0.008401679
0.008304567
0.008369804
0.008250762
0.008045737
0.008079618
0.008201054
0.008150784
0.008141292
0.008332725
0.007872608
0.008079278
0.008088856
0.0077829887
0.00822619
0.0077535077
0.008091411
0.008329191
0.007901213
0.00805908
0.008077521
0.007737419
0.00818389
0.007950938
0.0075682923
0.007838047
0.0075321198
0.007711167
0.007844704
0.00735517
0.0074974806
0.007434227
0.0079437485
0.007647714
0.0075922348
0.0073567405
0.0075586108
0.0072758608
0.007759807
0.007448139
0.007485757
0.007386364
0.007730365
0.007306731
0.0076455646
0.007852353
0.0074580386
0.0074286214
0.0071674194
0.0072196177
0.0070160963
0.0069696195
0.0069491095
0.006745809
0.007396744
0.007328952
0.006885936
0.0071457378
0.0069043473
0.006982257
0.006868183
0.007035777
0.007057247
0.006803628
0.0068094493
0.006587365
0.006496623
0.006443722
0.006514296
0.006631997
0.0063819787
0.0062103607
0.006481625
0.0064508
0.006351525
0.006421083
0.0062227957
0.0063470216
0.0066469666
0.006713029
0.0061590127
0.006317582
0.006426856
0.005900296
0.006929816
0.0061407126
0.007297332
0.007533252
0.006415134
0.0068252743
0.007119436
0.0065079634
0.0063570235
0.0064322557
0.006029517
0.005965635
0.0062539354
0.0061734146
0.0059548635
0.0062450785
