0.28885832
0.043099094
0.0757545
0.0622445
0.02716679
0.03107816
0.03421742
0.028246686
0.025212787
0.024553359
0.025997391
0.025866538
0.023146972
0.022725537
0.02451416
0.023070516
0.021815887
0.022684693
0.022318551
0.02158127
0.02193706
0.021563357
0.021847896
0.021880776
0.021468079
0.021369169
0.0214339
0.021095509
0.021267695
0.021035606
0.02122122
0.020966955
0.020861596
0.020817995
0.020708362
0.020603785
0.02080322
0.020546187
0.02070908
0.020710157
0.020266714
0.020235537
0.020301452
0.020195963
0.020106027
0.020066522
0.019881738
0.019831931
0.019596415
0.019457923
0.019338554
0.019069077
0.019592553
0.018929902
0.019601444
0.019746391
0.018647717
0.019140908
0.01955838
0.018901005
0.018357577
0.018406058
0.018488564
0.017851377
0.01788827
0.01801647
0.017580582
0.017706929
0.01766949
0.017409757
0.017782165
0.017722191
0.01751372
0.017620372
0.017562484
0.017458046
0.017428026
0.017325258
0.017345369
0.017173365
0.01742922
0.017248487
0.017276214
0.017299663
0.017000914
0.017005784
0.017023865
0.016928418
0.017044157
0.016905162
0.017252918
0.017292889
0.016866513
0.017084772
0.017080722
0.016936753
0.016830785
0.016982121
0.016823813
0.016895056
0.016999403
0.016671449
0.016922543
0.016910722
0.016756795
0.016701007
0.016765386
0.016608203
0.016764538
0.016814139
0.01652989
0.016623944
0.016602611
0.01644175
0.016318396
0.016424166
0.01626917
0.01647459
0.016490946
0.016089238
0.01640412
0.016326683
0.016703315
0.016124653
0.016245056
0.016498411
0.016249387
0.015905054
0.015997693
0.01591173
0.015887344
0.015819767
0.015940169
0.015652128
0.015425977
0.015445399
0.015354824
0.015189871
0.015247523
0.015053246
0.014947192
0.014866452
0.014847495
0.014724155
0.014499851
0.014463027
0.014350603
0.01402939
0.014587584
0.0147001445
0.0139146065
0.014760144
0.015289463
0.014634396
0.013913721
0.013684939
0.013877961
0.013753168
0.013398272
0.013228198
0.0133088855
0.013206434
0.012758401
0.012960087
0.012758031
0.013027606
0.012508832
0.012841609
0.012461543
0.01219328
0.011879671
0.012395989
0.012425798
0.011271116
0.011270478
0.0111600505
0.010669784
0.01060187
0.01022807
0.010180115
0.010172616
0.009584422
0.009527561
0.009640034
0.009203029
0.009015526
0.009333908
0.009155716
0.008623327
0.008951731
0.0092583215
0.008466837
0.010038593
0.01087359
0.009649154
0.0090318145
0.00878133
0.008844358
0.008861405
0.008032326
0.007964616
0.0077791573
0.0077114403
0.007846382
0.007550524
0.007615393
0.007527919
0.007616065
0.007300474
0.007937487
0.007705742
0.007654734
0.0072215945
0.007270059
0.007039593
0.0070163705
0.006942402
0.006641245
0.006699259
0.0064991415
0.006650233
0.006555787
0.0065107234
0.006633919
0.006294425
0.006594037
0.006302286
0.006505979
0.0069748578
0.005992664
0.0072227237
0.007530252
0.006694611
0.0061699576
0.0069283224
0.006933777
0.006121006
0.0063839704
0.0063836924
0.0058353604
0.0064076073
0.006842571
0.006318722
0.006205985
0.0061808997
0.006027413
0.005855974
0.0059071635
0.0059026615
0.005802866
0.005721798
0.005509227
0.0055782744
0.005408855
0.0054644984
0.0054386784
0.0052631698
0.005487241
0.005221911
0.0052125663
0.005194608
0.0053079394
0.0049463855
0.0059039574
0.006142616
0.005342173
0.005593211
0.0055439826
0.0050610155
0.0053874715
0.005128909
0.0054702596
0.0054712505
0.004784979
0.005656161
0.005820951
0.005084045
0.0053173546
0.005288252
0.0048522176
0.0054140748
0.005239735
0.0053291824
0.0051634796
0.004739943
0.005059544
0.0049681216
0.0046712426
0.0048202113
0.0046628593
0.0049343226
0.00472609
0.0051076594
0.0051598563
0.004960593
0.004659262
0.0049210708
0.0050051673
0.0046078255
0.004469858
0.0046558846
0.004552493
0.004743507
0.004977494
0.004528482
0.004817875
0.0050106663
0.0044122646
0.0045459066
0.0047620065
0.0043220157
0.0048984564
0.00478831
0.0048160516
0.004750254
0.0044988417
0.004447114
0.004371148
0.0044253417
0.004318083
0.004142244
0.0044408017
0.004143203
0.0046983664
0.004801905
0.0040882123
0.0044284686
0.0042911265
0.0042625344
0.004217224
0.004049988
0.0041604335
0.0039400244
0.0043150857
0.004161037
0.0041261013
0.0040507037
0.003949465
0.0038574506
0.00423634
0.004140954
0.003858465
0.0038657037
0.0038271837
0.0037967153
0.0037348277
0.0036917788
0.0037065453
0.00366964
0.0035824
0.0036587697
0.0035681184
0.00365314
0.0035072435
0.0037242528
0.0036013974
0.004064537
0.0041291066
0.0036544392
0.0037881632
0.003815948
0.0035227584
0.0034534372
0.0035674397
0.0034963929
0.0034614622
0.003480604
0.0033509769
0.003440464
0.0033698704
0.0032736037
0.0035388798
0.003329112
0.0041704145
0.004197651
0.0036219303
0.0038247413
0.0034937335
0.0034322238
0.003424179
0.0033217834
0.0030896105
0.0036714512
0.0034856286
0.0036751013
0.0036606963
0.0034094325
0.003330873
0.0032422126
0.0033731435
0.0031518063
0.0033270598
0.0031840953
0.0033565958
0.0034834433
0.003001991
0.0029397218
0.0034510037
0.003320025
0.0033185857
0.0033439388
0.0029487219
0.0038999475
0.0035609778
0.0034043107
0.0035743008
0.0030790314
0.0031970192
0.003235248
0.002921977
0.0032954067
0.0031629943
0.003345851
0.0029202637
0.0043040575
0.0041638617
0.0027092712
0.002905837
0.0029799268
0.0027290648
0.003024928
0.003247816
0.0028496413
0.0029476152
0.0030180078
0.0029482066
0.0027433492
0.0027837474
0.0028491651
0.0025525957
0.002937914
0.0033226376
0.0029103411
0.0030852596
0.0030842188
0.003308886
0.0030822388
0.00308469
0.0029227203
0.003042127
0.0029983732
0.0028832203
0.0025551536
0.0027134465
0.0027945924
0.00259554
0.0027983624
0.002571509
0.0029005418
0.0027774547
0.003009476
0.002900514
0.0027448926
0.0025735693
0.0025428983
0.002402401
0.00293314
0.0028538418
0.0025827787
0.0025321702
0.0025187694
0.0023359724
0.002542533
0.002502471
0.002669571
0.002595314
0.0024515078
0.0023758027
0.002446628
0.0023402004
0.002736397
0.0027223649
0.0023117657
0.0024072158
0.0022610507
0.002369281
0.002169687
0.0024501777
0.0022657437
0.002470078
0.0024560504
0.0021942195
0.0020883696
0.0023894857
0.002137753
0.0023735836
0.0023506705
0.002217681
0.0021693408
0.0022698557
0.0021228322
0.0023282992
0.0022570705
0.0020666409
0.0019828733
0.0024610013
