0.2900532
0.04357338
0.057625037
0.051939677
0.026525581
0.030243138
0.03429808
0.026902715
0.023699492
0.0256071
0.025483897
0.022968411
0.022511363
0.023178488
0.022003382
0.021336168
0.021454988
0.020996302
0.020217976
0.020665767
0.020441482
0.019715391
0.019700566
0.019767245
0.019424677
0.020121412
0.020399988
0.019577218
0.019336836
0.019133106
0.019307505
0.01895239
0.018779924
0.018726261
0.018527256
0.018284122
0.018105669
0.017915053
0.01783187
0.017889053
0.01764216
0.017779766
0.01749795
0.01731482
0.017212128
0.017305644
0.017043287
0.017580645
0.01733233
0.017015912
0.016919909
0.016858554
0.016663799
0.017499309
0.01719118
0.0163578
0.017414488
0.017745975
0.016927132
0.0165831
0.016828245
0.016681602
0.015897863
0.016857995
0.017217547
0.016428405
0.015629282
0.016148232
0.016308397
0.015850188
0.015495762
0.015705893
0.015052426
0.01507358
0.014744937
0.014813143
0.014866993
0.014233787
0.014388773
0.014635584
0.014107781
0.013560649
0.01383112
0.013915275
0.013210624
0.013742153
0.014518834
0.014086574
0.013327028
0.012978348
0.013059124
0.013433211
0.013067015
0.013462185
0.013236339
0.013196911
0.012986653
0.01231878
0.012272127
0.012325302
0.012176025
0.011989224
0.012345781
0.01209966
0.012372564
0.012154415
0.012306311
0.012213769
0.011706996
0.011616479
0.012031689
0.011777633
0.011777607
0.0117284795
0.011375024
0.0112168
0.011999889
0.012004543
0.011207816
0.011242761
0.011251867
0.010923751
0.011583912
0.011586789
0.011117213
0.010941803
0.011135295
0.010890347
0.010991451
0.011060649
0.010992211
0.010746288
0.01081143
0.010765247
0.01065457
0.010540043
0.010823456
0.010681118
0.010407274
0.010386297
0.0106575815
0.010448539
0.010360684
0.010279586
0.010273405
0.01019267
0.0103635425
0.010309515
0.010088596
0.010023662
0.010228184
0.010046263
0.010081311
0.010004972
0.009909068
0.009774329
0.010066435
0.00993399
0.009835082
0.009769576
0.009770965
0.009563579
0.010000917
0.009998728
0.009442511
0.009621422
0.009454357
0.009484239
0.009628017
0.009510505
0.009652481
0.009644844
0.009399846
0.0093453275
0.009537528
0.009487397
0.009378147
0.009300024
0.009321268
0.0092689255
0.009136085
0.009037498
0.009222395
0.009081971
0.00912504
0.009172023
0.00878637
0.008908505
0.008789199
0.008738846
0.008837703
0.008579903
0.008967076
0.0087760985
0.008683388
0.008959064
0.00842054
0.0088101365
0.008442038
0.0088104075
0.0088584
0.008387823
0.008515201
0.008277469
0.008457651
0.008358297
0.008535087
0.0084693525
0.008187666
0.008064175
0.008510453
0.0085046375
0.008050579
0.008044558
0.008096541
0.0078751715
0.008152309
0.00809816
0.007758929
0.0076506697
0.008031548
0.007926137
0.007756417
0.007719031
0.0077587143
0.0075369887
0.0077786944
0.0076055904
0.007567741
0.007386901
0.007682516
0.007499136
0.0076220124
0.0075195204
0.007525403
0.0073115546
0.007490343
0.007197264
0.0075483066
0.007241363
0.007625735
0.007417524
0.0073256525
0.007239791
0.007288135
0.0069867745
0.007699981
0.007524209
0.006980859
0.0071789417
0.006920554
0.0073401392
0.007351794
0.0068314946
0.007086473
0.006744171
0.006970664
0.0067104246
0.0072002597
0.006852479
0.007191459
0.007083226
0.006902789
0.0071565793
0.00680804
0.007058551
0.007029601
0.00665007
0.0069967895
0.0066345152
0.006721824
0.007022576
0.006431392
0.00724259
0.0071155983
0.006711614
0.007001601
0.006992401
0.0063117226
0.008025643
0.008279413
0.006703569
0.0068956944
0.0071786023
0.006875461
0.006609641
0.006945347
0.0062694415
0.0072190724
0.0072810203
0.0070362412
0.006593851
0.0074668177
0.0071806125
0.0066034445
0.0068687634
0.0065894057
0.006489312
0.006514353
0.0066182897
0.0062162145
0.0064376756
0.0062541603
0.006876836
0.006923524
0.0064019687
0.0063789026
0.0061400174
0.0060494705
0.0061285477
0.0060341214
0.0063783135
0.006164532
0.006465292
0.0062168394
0.006230499
0.0058973283
0.006531168
0.006493689
0.0058381506
0.006078795
0.00591029
0.005766316
0.006117824
0.0061063594
0.005725092
0.00563445
0.0061572655
0.005880233
0.0060800803
0.0060673677
0.0055859573
0.0055156793
0.0060580694
0.00579755
0.0060867495
0.006228322
0.00556094
0.0056078588
0.0056841844
0.005440216
0.0059423335
0.0059066415
0.005249906
0.0051579378
0.0059396685
0.0056514186
0.005615818
0.0056352876
0.005756577
0.005434159
0.005751923
0.005729182
0.0053324155
0.0057759783
0.005052181
0.005848136
0.0057031154
0.0054763868
0.00553615
0.005373357
0.0053338395
0.005131922
0.0053153634
0.0054937527
0.0050173705
0.006003443
0.0063195326
0.0055195433
0.005492563
0.005668026
0.0050362027
0.005613725
0.0055312463
0.0052782535
0.0050259563
0.0055556647
0.004999883
0.005936399
0.0061068176
0.0052185934
0.005409715
0.005057164
0.0052980725
0.0049351407
0.0053701787
0.0053947624
0.0051690466
0.0048605143
0.0053712777
0.0048748124
0.005794221
0.0058881924
0.0049167206
0.0055418015
0.004951934
0.0055804737
0.0057101804
0.0049280985
0.0052226316
0.0051699807
0.0048975633
0.0050878436
0.004975142
0.004898244
0.0048638918
0.0051721367
0.005027112
0.0055329786
0.005578086
0.0048669656
0.0053834585
0.0050487965
0.0052821287
0.0051480606
0.004642679
0.004755203
0.004789341
0.0046621193
0.0049524363
0.0045922217
0.0050342265
0.0048098695
0.0049021957
0.00500329
0.0045115617
0.004582427
0.0044444934
0.004275123
0.004971559
0.0048196083
0.0046719476
0.0045823306
0.0048777997
0.004825625
0.004365658
0.0043463744
0.0044724033
0.0042519476
0.0050017606
0.0049812384
0.0044084564
0.004526527
0.004255652
0.004162219
0.0047458378
