0.28935874
0.04356332
0.10460585
0.12749736
0.08987737
0.073254734
0.07758158
0.073614486
0.07337827
0.07474585
0.072440274
0.07448532
0.07575124
0.07425923
0.07226186
0.07436269
0.07577207
0.07292116
0.0726333
0.07386636
0.07372249
0.07168401
0.073111214
0.07461619
0.073411845
0.071522675
0.072064824
0.07324258
0.07191723
0.07056851
0.0714349
0.07206955
0.07054446
0.06928935
0.06441116
0.033701956
0.022907704
0.03539768
0.038973093
0.030117316
0.02079179
0.023913369
0.029880254
0.028829671
0.023440784
0.022205299
0.02365216
0.022660887
0.022049837
0.022713423
0.022105211
0.02055454
0.02015254
0.021173246
0.020933518
0.019571476
0.021416048
0.022802075
0.021541225
0.020414623
0.020173043
0.01985729
0.019954499
0.01973831
0.019688671
0.019093355
0.01859226
0.018814692
0.018083364
0.018614369
0.018544527
0.018066736
0.01788407
0.01726559
0.017350763
0.017071268
0.017395437
0.017519182
0.016973663
0.017041715
0.017002374
0.01665117
0.016810955
0.016614424
0.016502073
0.01665731
0.016311487
0.016564727
0.016686352
0.016354976
0.015944311
0.01677391
0.016631737
0.016272593
0.016046954
0.01623725
0.01618139
0.015704667
0.015686788
0.01586158
0.015478063
0.016341157
0.016541094
0.01579037
0.015677825
0.015673548
0.015587014
0.015861819
0.015635788
0.016185822
0.01604698
0.015125732
0.015049376
0.015339081
0.015085052
0.015363882
0.015132549
0.014991437
0.0150697855
0.014645702
0.014458966
0.015019414
0.014854972
0.01451956
0.014455841
0.014465193
0.014197964
0.014424824
0.014386545
0.0140802665
0.013921984
0.013857882
0.01374242
0.013900597
0.013791114
0.013856734
0.013735156
0.013371639
0.013376717
0.01319347
0.013380617
0.01313429
0.013303389
0.013060997
0.013245198
0.013190421
0.012927477
0.012907334
0.012630258
0.0126638375
0.012590867
0.012561646
0.012309839
0.012699378
0.01270404
0.012335594
0.012190834
0.012436949
0.0120994495
0.012266059
0.012442314
0.011962933
0.012391433
0.012086913
0.012112615
0.012085554
0.011920189
0.011987388
0.011610955
0.011923969
0.011889741
0.011548269
0.011869751
0.011683353
0.011396952
0.011307362
0.0112830475
0.011133482
0.011123045
0.011183697
0.011046663
0.010867833
0.011105989
0.0109120635
0.0110252425
0.010967254
0.010643232
0.01088691
0.010509948
0.010999244
0.010873341
0.010722615
0.010675211
0.010369352
0.011243828
0.011148074
0.010754743
0.010527271
0.010610449
0.01030212
0.011077856
0.010814604
0.010656118
0.010682625
0.010465781
0.010395183
0.010049047
0.010075328
0.01014176
0.009865046
0.010374629
0.0103623
0.009844084
0.009819662
0.0097962925
0.009537685
0.009919649
0.009929542
0.009711306
0.009867013
0.0093681095
0.01021983
0.010307754
0.009527203
0.010037409
0.010056733
0.009293306
0.0100891655
0.010525917
0.009257074
0.010320937
0.011351633
0.009842977
0.009276506
0.00996105
0.009313753
0.009282504
0.009306171
0.008843242
0.009129018
0.008953934
0.009162822
0.009250198
0.008672028
0.009442457
0.009046468
0.008871281
0.009245294
0.008734581
0.009917027
0.010476624
0.009331092
0.00880383
0.0091672605
0.0090179555
0.008646101
0.008704434
0.00851906
0.008688772
0.008558121
0.008558575
0.008350943
0.008627008
0.00863406
0.00862774
0.008392803
0.008730341
0.00868032
0.008493588
0.008805313
0.008315281
0.008685461
0.008126506
0.009771387
0.009924022
0.009023338
0.009362249
0.00941392
0.009114581
0.008702553
0.0088259475
0.008717301
0.008892625
0.00825649
0.010372476
0.011088192
0.008913186
0.00966404
0.010135759
0.008898706
0.009861465
0.010406283
0.008681889
0.009438138
0.010781593
0.009311812
0.00895239
0.009664985
0.009057719
0.008742365
0.009143886
0.00857395
0.00878695
0.009252817
0.008531923
0.00830821
0.008552186
0.008277227
0.008175147
0.00847941
0.008473635
0.008004379
0.008072541
0.008207741
0.007954399
0.0082976995
0.00840526
0.0077639907
0.0079358285
0.007913116
0.0077763586
0.008158113
0.007984396
0.007846132
0.0078317495
0.007733207
0.007641882
0.007892233
0.007665356
0.007905006
0.0077069406
0.007970159
0.007833681
0.007903653
0.0077619455
0.007918055
0.007665882
0.007991207
0.007997083
0.007608287
0.007790959
0.007507104
0.0076081525
0.007615199
0.0074644065
0.0076163244
0.0075078397
0.0075420574
0.0074803196
0.007560897
0.007424381
0.007825732
0.007478805
0.007574979
0.007382803
0.008252895
0.008384151
0.008000333
0.0077306344
0.008261296
0.008174296
0.0077381767
0.007934107
0.007864281
0.0077562653
0.0075573623
0.0076853675
0.007363791
0.008176227
0.008235104
0.007684248
0.0076310993
0.007911448
0.007709415
0.0076585435
0.00766929
0.0076703574
0.007440694
0.007568668
0.0074969926
0.00746976
0.007428888
0.00782238
0.0077504143
0.0071781916
0.0072801113
0.0073685967
0.007143769
0.00823443
0.008287405
0.007361016
0.007715737
0.007636064
0.007738044
0.0078066983
0.007528202
0.0075758942
0.007198611
0.0074446634
0.007299978
0.007338772
0.007209126
0.0071277334
0.0073654023
0.0071423166
0.0075845607
0.007418122
0.0074626897
0.0072641247
0.00762894
0.0076555177
0.007133879
0.0072696544
0.007213238
0.0071110055
0.007395739
0.0071216435
0.007663298
0.007547006
0.0071003004
0.007266057
0.00695599
0.007975488
0.007961919
0.0072527924
0.0072509483
0.007288698
0.0072154957
0.0071032834
0.0070839725
0.007070296
0.0069980063
0.006955514
0.006929744
0.0070518465
0.0068618576
0.007016364
0.0069313473
0.0070525133
0.006824588
0.0070150215
0.0069072903
0.006843773
0.0070056506
0.0068363063
0.006809792
0.0067820325
0.0068317777
0.0066975285
0.0068923794
0.006816601
0.0067552873
0.006725145
0.006850803
0.006782184
0.006593523
0.006979368
0.00661079
0.007635685
