0.2900736
0.05352759
0.08403019
0.056661684
0.023186311
0.04489835
0.052453306
0.040518727
0.028284112
0.023453766
0.027629608
0.028035507
0.023912678
0.023535738
0.023934914
0.02531976
0.023992797
0.021102628
0.022969952
0.023576284
0.022776773
0.021723652
0.020113898
0.022772312
0.023219794
0.020601427
0.021399595
0.022323325
0.020722957
0.020864943
0.02182953
0.020338072
0.02007143
0.020576203
0.019837327
0.020120049
0.020181099
0.01996368
0.019824833
0.019187253
0.020557372
0.020533195
0.019253926
0.019916175
0.020322518
0.019190686
0.019931661
0.020894343
0.019394346
0.019102486
0.019630833
0.018683461
0.019734452
0.020803565
0.019205349
0.018582828
0.019016996
0.018349616
0.018769922
0.019166907
0.018404193
0.01811475
0.018252308
0.01782863
0.018822098
0.018864444
0.018130489
0.017699651
0.018749509
0.018783672
0.017855627
0.017748713
0.018372675
0.018304614
0.017584858
0.017513659
0.017629478
0.01733206
0.017373743
0.01730583
0.017196415
0.017310645
0.017108332
0.017341824
0.017047303
0.017110245
0.017153883
0.016914256
0.017100401
0.01699548
0.016778631
0.01774004
0.018056372
0.017834013
0.01771518
0.017800672
0.01738983
0.017910553
0.01769384
0.018071495
0.017491706
0.017090935
0.017286459
0.017478272
0.01728606
0.01722993
0.016917733
0.01729939
0.017305758
0.016855426
0.016729621
0.017054075
0.016802454
0.017000936
0.016903833
0.016321989
0.016208157
0.017103516
0.016940532
0.016085377
0.015949799
0.016827442
0.016605427
0.015858455
0.01573089
0.01612854
0.015758788
0.01617913
0.015881358
0.015778646
0.015260798
0.016512478
0.016611291
0.015158241
0.0156559
0.01586436
0.014966638
0.0151848765
0.015433063
0.015181131
0.014577414
0.0154359
0.015100968
0.014863894
0.014584914
0.014888407
0.014671326
0.014455788
0.014308314
0.0145775275
0.014100272
0.014170907
0.013760251
0.014440608
0.014873845
0.013497386
0.013723384
0.013386148
0.014154795
0.015279324
0.014908773
0.014213778
0.01377852
0.01361046
0.013767454
0.0132742105
0.013439827
0.013732565
0.012995775
0.013034579
0.013416904
0.013313785
0.01277708
0.013674009
0.013541438
0.012298353
0.012565761
0.012159724
0.01279341
0.013243812
0.0120500475
0.013642394
0.014662226
0.0124892285
0.013302636
0.015022944
0.0132292705
0.011945671
0.012344889
0.011690165
0.012074739
0.011964834
0.010641966
0.012879506
0.014458177
0.011829275
0.0106235435
0.011382908
0.010874202
0.011087097
0.011508483
0.010621681
0.010947409
0.011720597
0.0110404445
0.010721547
0.011395329
0.011537422
0.010123878
0.010584128
0.010267455
0.009551718
0.009761193
0.009298105
0.010669644
0.010682687
0.0091748675
0.010541301
0.0115995435
0.0105535975
0.009841301
0.010143119
0.01074668
0.009884869
0.009346095
0.00935296
0.009207539
0.009024029
0.009110427
0.009090352
0.009085148
0.009533513
0.00928313
0.009334757
0.0091525735
0.008909168
0.008857385
0.0089693265
0.008888871
0.008692254
0.008551433
0.009072822
0.008981471
0.008457704
0.008380801
0.008816014
0.008509018
0.008830662
0.008838233
0.008306035
0.008220729
0.008709762
0.008546581
0.008410871
0.008258446
0.00860005
0.008573902
0.008133198
0.008026888
0.008641097
0.008521239
0.008079956
0.008014266
0.008372594
0.008249142
0.00802446
0.00792434
0.008334327
0.008175165
0.007960713
0.007906723
0.008137508
0.008066445
0.0078083314
0.0077254823
0.008176066
0.008015721
0.007767157
0.007699184
0.007974551
0.007836883
0.0077529927
0.007654222
0.007857644
0.007728471
0.007732216
0.0076516233
0.0076733828
0.0075563374
0.007746262
0.0076629464
0.007508907
0.0074238568
0.007738056
0.0076427595
0.007437654
0.007371651
0.007645432
0.007558737
0.007342568
0.0072655044
0.007655579
0.0075680916
0.0072401804
0.0071797105
0.007506199
0.0073743653
0.007255686
0.007156803
0.007369747
0.0072346465
0.007279238
0.007149505
0.0071729217
0.0069727995
0.007371644
0.00729234
0.006996883
0.0069843917
0.006996745
0.0068718027
0.00754714
0.007668069
0.006674979
0.007371766
0.006958922
0.007352875
0.0075547365
0.0070670494
0.007629501
0.0074928277
0.00705006
0.0071887244
0.006981313
0.0073745972
0.007461393
0.007045677
0.006783008
0.0070639676
0.006868122
0.0067342757
0.00770206
0.007377857
0.0066991467
0.006936246
0.006883548
0.0069274507
0.006590076
0.0066237203
0.006826935
0.006671528
0.0064473315
0.0067640715
0.006623123
0.0062978803
0.0070380014
0.007492546
0.0071091927
0.006546423
0.006547407
0.006770857
0.0070050103
0.0067234635
0.0061385524
0.0063075074
0.006223151
0.006119969
0.0061092004
0.006230255
0.005979996
0.0060889623
0.0060522705
0.0059823543
0.0059588808
0.0063929134
0.005826215
0.006041451
0.006237719
0.005844131
0.0059786495
0.006020713
0.005796828
0.006051509
0.006334351
0.006339123
0.005760225
0.006310396
0.0067330594
0.006536813
0.0064397505
0.006849771
0.007068953
0.006373875
0.006199073
0.0056578307
0.0069833933
0.0070863552
0.0068151713
0.0069135353
0.0062893345
0.007126208
0.0067472085
0.006199081
0.0066582323
0.0057755425
0.006549798
0.006511713
0.005773188
0.0059091435
0.0055991723
0.005865337
0.0055353176
0.0058657066
0.005843334
0.0063154064
0.0060651056
0.005756825
0.0056364853
0.005509753
0.0055962824
0.005735956
0.005490555
0.0058981106
0.0059714466
0.005350078
0.0052885315
0.0055325837
0.005445357
0.0057534906
0.005638207
0.0053570108
0.005453449
0.0053667617
0.0052963705
0.0053774375
0.0053698267
0.0055076643
0.0054425076
0.005304437
0.0054598115
0.005208913
0.005251545
0.005269755
0.0053565674
0.0052479287
0.0052280687
0.00527858
0.005400118
0.0051745903
0.0053370055
0.0050364463
0.0054065236
0.005005931
0.0051914733
0.004822075
0.0055566058
0.005319753
0.0050863517
0.0049300715
0.005256293
0.0051026535
0.0051792297
0.005108982
0.0048777238
0.004782422
0.005267998
0.00508662
0.0048994557
0.004873835
0.00497631
0.0049057542
