0.28825578
0.060372468
0.07168376
0.03635402
0.030635813
0.030172134
0.023391291
0.026121413
0.027454646
0.022264497
0.023086777
0.025216214
0.022975229
0.021285519
0.021898389
0.022375293
0.02112919
0.021041168
0.021655366
0.020953998
0.020687243
0.021178076
0.021230156
0.020530699
0.021209473
0.021370456
0.021446226
0.02047491
0.021640671
0.022001334
0.021587295
0.021502087
0.020584252
0.020882318
0.021119641
0.021217445
0.02112092
0.020406634
0.021074444
0.021118408
0.02144678
0.02162317
0.020742193
0.020989737
0.020907843
0.020905733
0.021242628
0.020834906
0.020673024
0.020429783
0.020713024
0.02080712
0.02072571
0.020607159
0.020356081
0.020308165
0.020759346
0.020708753
0.020563982
0.020612782
0.020312218
0.020767322
0.020804117
0.020538894
0.020533344
0.020741938
0.020364756
0.020936957
0.021201523
0.02029915
0.021371523
0.022020355
0.021224625
0.020915886
0.02083861
0.020787435
0.020924335
0.020320954
0.02095099
0.021422068
0.02045961
0.020882055
0.021403382
0.02096539
0.020685427
0.020458005
0.020810097
0.02094237
0.02019752
0.021171682
0.022271195
0.021382885
0.020419082
0.020600168
0.020761447
0.02083142
0.020427281
0.020161826
0.020229084
0.020083023
0.020126171
0.020032428
0.02037598
0.020467818
0.020028954
0.020497859
0.020983681
0.02050441
0.019937368
0.020455057
0.020799695
0.020373717
0.020059504
0.02014295
0.020002985
0.019960916
0.020028384
0.019789027
0.019931434
0.019950435
0.019811748
0.019821482
0.019791713
0.019684905
0.019789435
0.019709323
0.019529233
0.019815166
0.01965803
0.02020018
0.019816263
0.020045912
0.020315366
0.01947306
0.020829558
0.021759784
0.020319225
0.01922817
0.019244714
0.01955248
0.019378291
0.019702198
0.019833472
0.019076878
0.019016465
0.019348769
0.019407237
0.019021742
0.018970111
0.018910527
0.018864172
0.01910456
0.018891225
0.018779665
0.018736908
0.018684896
0.01839008
0.01837581
0.018274968
0.01829044
0.018198155
0.017964758
0.01785344
0.017987987
0.017998733
0.017282108
0.017428247
0.017408652
0.01723026
0.016723964
0.016226701
0.016800229
0.016786505
0.016267156
0.015873954
0.017546209
0.017436134
0.015451596
0.01590696
0.015198708
0.01752044
0.0186966
0.015677487
0.015990501
0.017251788
0.015547096
0.014582832
0.015217461
0.014257237
0.016078942
0.017115017
0.015212461
0.014168393
0.014782277
0.013885796
0.015161497
0.01606623
0.014509864
0.014032264
0.014825811
0.013808415
0.014296006
0.014939995
0.013782948
0.014378351
0.015239041
0.013824751
0.013936047
0.01454818
0.0135817705
0.0139510995
0.014692828
0.01354695
0.013856995
0.014497963
0.013623769
0.013576046
0.014077376
0.013242237
0.013791838
0.014459276
0.013474685
0.013338429
0.013871718
0.013204793
0.013495274
0.0140113635
0.013329391
0.013514853
0.01401394
0.0135377385
0.013302654
0.013527043
0.013450295
0.013139124
0.013289916
0.0134826675
0.012898743
0.01328446
0.013494923
0.012928207
0.012937185
0.013207656
0.012885089
0.012956497
0.013094614
0.012874097
0.012670376
0.012900119
0.01288302
0.012780175
0.012657858
0.012937813
0.012904367
0.012596995
0.012438658
0.012877699
0.012860518
0.012548566
0.012441012
0.012621128
0.012514391
0.012683001
0.01248425
0.012571029
0.012563329
0.012340044
0.012263383
0.0125140585
0.012394336
0.012292984
0.012207001
0.0123402355
0.012267788
0.012198358
0.012109123
0.012407824
0.012301381
0.012056074
0.011998055
0.012375803
0.01233457
0.01193517
0.011895545
0.01231508
0.012198052
0.011975954
0.011969964
0.012024756
0.01191293
0.012147029
0.012076642
0.011912126
0.011874168
0.012015465
0.011886611
0.012007382
0.011953154
0.011836186
0.011766548
0.011998311
0.011972184
0.011744474
0.011695308
0.012018879
0.011952092
0.011677812
0.011663138
0.011971193
0.011891355
0.011677306
0.011662222
0.011783185
0.0117266895
0.011733516
0.011717924
0.011684981
0.0116512915
0.011731417
0.011679973
0.011638296
0.011571345
0.011785559
0.011705704
0.011593332
0.011697401
0.011500063
0.011440185
0.011831105
0.0117658675
0.011647378
0.011735268
0.011558574
0.011746343
0.011526238
0.012668136
0.012721335
0.012075278
0.012001798
0.012075906
0.012115769
0.011865854
0.0118747195
0.011692676
0.0116973
0.011604909
0.011541328
0.011516721
0.01138929
0.011549403
0.011289199
0.011817257
0.011797525
0.01171554
0.011506633
0.01189471
0.011582058
0.0116581805
0.0114528835
0.011695385
0.011499948
0.011313719
0.011507305
0.011425532
0.011695795
0.0116308555
0.011334921
0.01142906
0.011221491
0.011229125
0.011523017
0.01134821
0.011546738
0.011494127
0.011207699
0.011099647
0.011445057
0.011370542
0.01112587
0.011087005
0.0112107145
0.011189237
0.011143602
0.011029046
0.011287215
0.011177323
0.010959484
0.010926242
0.010971423
0.010811552
0.011116988
0.01096817
0.011095279
0.011016834
0.010980378
0.011111806
0.011054259
0.010754891
0.011054721
0.010985684
0.010649358
0.010758263
