0.2871937
0.046930578
0.069415756
0.044797625
0.021033198
0.038085673
0.039250046
0.027444765
0.024050498
0.024970949
0.026191503
0.025020933
0.021810403
0.022397913
0.02427516
0.022956485
0.020627365
0.022258522
0.023493567
0.021635914
0.020570911
0.02107305
0.021020979
0.020383706
0.019928185
0.019651502
0.0199036
0.01951597
0.018840129
0.019290512
0.018690687
0.01952178
0.019085987
0.018049678
0.017952517
0.017760629
0.017638333
0.0171988
0.016890483
0.016621834
0.017135255
0.016765246
0.016823683
0.016884552
0.016592076
0.016592955
0.01623024
0.016408682
0.015945138
0.016432168
0.016314693
0.015693223
0.015967285
0.015746517
0.015493244
0.015312963
0.015484965
0.0151733635
0.01542017
0.015449843
0.015024415
0.015474611
0.015323411
0.014970883
0.014999204
0.0149035305
0.014890262
0.014746003
0.014677758
0.014841668
0.014571893
0.0154182715
0.015586791
0.014559302
0.016156288
0.017516641
0.015987085
0.014566832
0.0152119575
0.0152964
0.014655826
0.014906275
0.01504453
0.014407656
0.014873519
0.014910661
0.014151056
0.0155018
0.016299138
0.015087794
0.014598881
0.015033628
0.014912869
0.014554086
0.014400053
0.014392488
0.01448515
0.014301439
0.013886795
0.014147214
0.01392464
0.013947911
0.013983953
0.013585195
0.014280729
0.01424921
0.013598639
0.013665269
0.013729767
0.013488685
0.0137445675
0.013785531
0.013629404
0.013453613
0.013674978
0.013571955
0.0135964705
0.013466816
0.013581795
0.0135841025
0.013302039
0.013263363
0.01350217
0.013335094
0.0133925425
0.013338223
0.013363588
0.01332982
0.013233148
0.013181792
0.013302165
0.013203195
0.0132701
0.013209199
0.013219374
0.0131801665
0.0131639885
0.013111972
0.013179985
0.013106392
0.01317287
0.013134375
0.013081774
0.013024923
0.013147722
0.013066556
0.013084501
0.01304312
0.013038239
0.012988885
0.0130352825
0.012986477
0.012999346
0.012929265
0.013020051
0.01295
0.0129591
0.0129147945
0.012925918
0.012874802
0.012916185
0.012858458
0.012869989
0.012806269
0.012878485
0.012818593
0.012792125
0.012725244
0.012846456
0.012779822
0.012714733
0.012650861
0.012804325
0.0127438465
0.012611023
0.012554417
0.012740496
0.012662649
0.01253714
0.012472066
0.012674905
0.012583057
0.012461546
0.012396886
0.012585153
0.012506649
0.012348227
0.012276205
0.012517646
0.012440766
0.0122162895
0.012144837
0.01245873
0.012359176
0.012098649
0.012026221
0.01238341
0.012309715
0.011948426
0.01188778
0.0123121245
0.012217377
0.0118296025
0.011752163
0.012264226
0.012165844
0.011698544
0.0116296215
0.012162756
0.01211195
0.011595565
0.011719557
0.011671957
0.0115272105
0.011900317
0.011917899
0.011524583
0.01174784
0.011440307
0.011595293
0.011336307
0.011649876
0.011493639
0.011420389
0.01152842
0.011312772
0.011277295
0.01127213
0.011243275
0.011161454
0.011260134
0.011299543
0.011173632
0.0109837465
0.011243624
0.011026685
0.011132591
0.011152473
0.01109603
0.010937526
0.011023213
0.010883081
0.010779475
0.010688078
0.0108586
0.010722584
0.010966656
0.010833343
0.010702948
0.010678618
0.010581295
0.010496564
0.010671553
0.010624518
0.010407805
0.0103445845
0.010516253
0.01040456
0.010381035
0.010306639
0.010259684
0.010138132
0.010458349
0.0102844685
0.010213922
0.010126998
0.010258292
0.010050445
0.01025352
0.010100342
0.010030438
0.009860259
0.010139351
0.009932258
0.009855796
0.009636084
0.0099419085
0.009645156
0.009820537
0.009540193
0.009878861
0.009608765
0.009571417
0.009575703
0.009371749
0.009165695
0.009845037
0.009807791
0.00907163
0.009397633
0.00913105
0.009238726
0.009082032
0.008948418
0.009391043
0.00912116
0.009289126
0.009373932
0.008850577
0.008876114
0.008917801
0.008890136
0.008825742
0.008737804
0.008710334
0.00875146
0.008905442
0.008578166
0.008512534
0.008459981
0.0083182035
0.008444287
0.008448605
0.0082539795
0.008348937
0.008150551
0.008262265
0.008185976
0.00867138
0.008608117
0.008368271
0.00795383
0.0081499545
0.007953552
0.0076262257
0.008091359
0.007988806
0.007566122
0.007908682
0.0077363127
0.0075871884
0.007493876
0.007589041
0.0077332617
0.0075099766
0.0071406905
0.0075453804
0.0071831555
0.0076772436
0.0073564374
0.0075923484
0.007679733
0.007366775
0.00748028
0.007354488
0.00735521
0.0072069666
0.0074061337
0.00698993
0.007285656
0.006856412
0.007382897
0.006998217
0.007892546
0.007796783
0.007105445
0.0071010813
0.00714054
0.007055688
0.0069955885
0.007134533
0.0073268428
0.006870219
0.0068795923
0.006837238
0.0066748797
0.0068367063
0.0065884576
0.00659906
0.006686186
0.0062558535
0.0073253936
0.007098988
0.0070336014
0.007009531
0.006686703
0.006388586
0.0064669275
0.006556984
0.0062687085
0.00668498
0.0066712857
0.0065039718
0.006319365
0.0065080835
0.006529001
0.0065458245
0.006105773
0.0064330143
0.0063191447
0.006027048
0.0064667105
0.006137748
0.006873105
0.0068751792
0.006191565
0.006695042
0.0068963505
0.0063915015
0.0068023005
0.0071324487
0.006407224
0.0062879585
0.00642355
0.005886344
0.0063772253
0.0063801296
0.005849304
0.006639114
0.0067387433
0.006127452
0.006195985
0.006221026
0.006046705
0.0059994883
0.0058651804
0.005856506
0.0061545777
0.00598186
0.005788557
0.006097956
0.0056172903
0.007132203
0.0076452307
0.00684897
0.006153433
0.0064469464
0.0062168553
0.006097421
0.0060594655
0.0064081163
0.006043158
0.006364996
0.0060780277
0.0061556217
0.0056580813
0.0063862777
0.006069101
0.0061146133
0.006175082
0.005675237
0.0055147787
0.0060746595
0.0059998934
0.0058439746
0.0056790076
0.0056354688
0.0053710546
0.0055988613
0.0054673925
0.0055615692
0.005463703
0.0055828914
0.0055492646
0.00540542
0.005485978
0.00512852
0.0058173127
0.0056123547
0.005838513
0.0054833493
0.0065411837
0.0061106533
0.00525102
0.006101325
0.0056336536
0.005548373
0.0056146174
0.0053175353
0.0057893656
0.0060151103
0.005177229
0.005295714
0.005184475
0.005257176
0.005128745
0.0054221563
0.0052154814
0.0058265566
0.0054617706
0.005361145
0.0055538467
0.0052500344
0.005561014
0.005341985
0.0051486804
0.005165555
0.0051312777
0.005054736
0.0049634487
0.0051384815
0.0049780393
0.0049392753
0.0050817006
0.0049422146
0.0051549263
0.005068122
0.0052410536
0.0051126066
0.0055181696
0.0053330343
0.0051422263
0.0052226246
0.0054145646
0.0051771756
0.004932326
0.005056361
0.0049593667
0.004932139
0.004997876
0.0047749206
0.0047634863
0.0048636463
0.0047593024
0.00468384
0.0047275117
0.00466592
0.004621644
0.0047058524
0.004561613
0.0047805593
0.004672243
0.004689312
0.0046611317
0.004547535
0.004624887
0.004505322
0.0048932773
0.005005835
0.004975383
0.0050582574
0.0044570044
0.0047645303
0.0061620423
0.0057997196
0.0055397614
0.0061459173
0.005593062
0.005678943
0.00538327
