0.28748986
0.099718906
0.052978586
0.026049266
0.03762657
0.031655528
0.024188116
0.029026063
0.02898398
0.022543972
0.027047595
0.030668458
0.02450035
0.02314523
0.024497882
0.022970513
0.022873133
0.022641188
0.021546954
0.022155454
0.022116626
0.020882562
0.021749085
0.02196973
0.020803014
0.021141501
0.021684615
0.020776413
0.020820608
0.021213325
0.020775167
0.020496137
0.020739198
0.020645382
0.020176945
0.0216162
0.021965474
0.020838559
0.02057585
0.020709455
0.020742444
0.02048824
0.020297108
0.01997442
0.020107007
0.019728383
0.020380674
0.020192975
0.020909252
0.019978708
0.020472256
0.020290291
0.019386789
0.01917799
0.018875826
0.01866777
0.018859655
0.018331202
0.018653097
0.018550983
0.01769383
0.017764634
0.017372588
0.017344393
0.017072013
0.016725354
0.016581817
0.016375644
0.016139984
0.016105765
0.015782962
0.01584655
0.015625693
0.0152895935
0.015072291
0.015023115
0.014742886
0.014997065
0.014727411
0.014318071
0.014366217
0.013997552
0.013806594
0.01358484
0.013245731
0.013744871
0.014014688
0.013130163
0.01312232
0.013330311
0.012584823
0.013414075
0.013471543
0.013335018
0.01245331
0.013494086
0.014028602
0.013871454
0.012144159
0.014251011
0.0136073185
0.014514591
0.015271111
0.013867361
0.0148433745
0.015754635
0.0139844855
0.012793851
0.013646123
0.01282462
0.012668468
0.012537372
0.012013999
0.011671013
0.012549061
0.012681459
0.011747946
0.011897157
0.0115017565
0.011436517
0.011498272
0.011402813
0.011491843
0.011179216
0.011488073
0.01099886
0.011755819
0.0111762015
0.0115496395
0.011520535
0.010835006
0.010555073
0.011290483
0.010993533
0.010803719
0.010545239
0.0108162165
0.010383678
0.011054675
0.011095137
0.0106181055
0.010731886
0.010267953
0.010751831
0.010587479
0.010301851
0.010662016
0.009901917
0.010602555
0.010696877
0.010321617
0.010049556
0.010289655
0.00969755
0.009826485
0.009954462
0.009271937
0.009171615
0.009443802
0.009216414
0.009212188
0.008996991
0.009293058
0.009092075
0.008719994
0.008552567
0.008529262
0.008329529
0.008747066
0.008592685
0.008330538
0.008537009
0.008295393
0.008354244
0.008193125
0.008256733
0.0081066415
0.00819429
0.008161094
0.0080334935
0.0077386796
0.007951076
0.0075102453
0.0075206757
0.007481041
0.0076548974
0.0073470124
0.007457899
0.0072644292
0.0075101205
0.0075253323
0.0071880086
0.007604687
0.007362182
0.0075324266
0.007526046
0.0077183903
0.007099464
0.008238307
0.0084916055
0.0069255494
0.0085181855
0.0093492605
0.008339202
0.0076570306
0.007522382
0.007884078
0.007732052
0.00709261
0.0071682245
0.0071166237
0.006996922
0.0068630218
0.006757725
0.0069727073
0.006862752
0.0067596664
0.0066563687
0.006597772
0.0068041827
0.006512733
0.007303845
0.0071976227
0.0069718696
0.0070289983
0.0067770234
0.0068842787
0.006483601
0.0066968654
0.0066236146
0.0063203345
0.0067317667
0.0067471787
0.0066096834
0.0064482093
0.006713785
0.0065075955
0.006619382
0.006393356
0.006770827
0.0065112114
0.006458664
0.0065499432
0.006440669
0.00629601
0.006462993
0.006517874
0.0061184713
0.0061939135
0.0061711273
0.006090609
0.006204316
0.005972139
0.006469641
0.0064327368
0.006139631
0.0062585776
0.006028814
0.006190399
0.0060492954
0.006137233
0.006283821
0.005960503
0.0060230824
0.005829729
0.006185789
0.006306358
0.006076625
0.0057442016
0.0064123347
0.0060180337
0.00598159
0.0060062488
0.0057657263
0.0056545925
0.005992508
0.005743247
0.0059517347
0.005983845
0.0056645838
0.005643057
0.0057770535
0.005623123
0.005786495
0.0058865207
0.0054514688
0.005423198
0.0056172255
0.0053048325
0.0060542226
0.006210688
0.005226822
0.0058321226
0.0060130605
0.005439196
0.005415357
0.0054501803
0.005218948
0.0051049707
0.00543037
0.0053522866
0.0050802403
0.0050829295
0.004959173
0.0052123046
0.0050034975
0.005280243
0.005094903
0.005008811
0.00497169
0.0047775204
0.0049145496
0.004637415
0.00564309
0.0057744435
0.004865671
0.0049283043
0.0050608963
0.004753474
0.00486132
0.0048138383
0.004569719
0.0044896393
0.004642633
0.0045874873
0.0046397387
0.0045304033
0.004479177
0.004404036
0.004244733
0.0045778933
0.0044188006
0.0048148036
0.00482478
0.0045081857
0.0043813814
0.0046175723
0.0044400445
0.004395953
0.0043487637
0.004290732
0.0041534547
0.0044598277
0.004380125
0.0042093587
0.004240529
0.00438297
0.004138677
0.0044958657
0.004428234
0.004002242
0.004159384
0.0040347637
0.0039032747
0.0041106283
0.0039233696
0.0044187265
0.004339635
0.0041210237
0.0041382085
0.0039764275
0.004267819
0.0039511193
0.0042592906
0.004410278
0.0040416527
0.0039273924
0.0044496562
0.004243153
0.0045113713
0.0043471097
0.003918162
0.004488519
0.004215555
0.0042386954
0.0041675135
0.004071807
0.0040300493
0.0040242746
0.003836748
0.00400971
0.0038799595
0.003933518
0.0038857653
0.0038334597
0.0038535092
0.0038021232
0.003693493
0.004141662
0.004008819
0.0036671069
0.0037096646
0.0035910003
0.0034759387
0.004308567
0.004325912
0.0036042554
0.004586317
0.0046423143
0.0037314694
0.003927463
0.0038781075
0.0036191184
0.0038092413
0.0036641024
0.0035749006
0.0035819162
0.0036057953
0.0034228035
0.0038163625
0.0036289066
0.0038304513
0.0041132453
0.0034964636
0.003988786
0.0040777554
