0.28778604
0.056151953
0.068002485
0.042294413
0.023489371
0.026779637
0.023249337
0.024888977
0.024609223
0.022314535
0.022748241
0.022643542
0.022038748
0.02183573
0.02223976
0.021566302
0.021714186
0.022058507
0.021163972
0.022098089
0.022846857
0.02156026
0.021536306
0.02222816
0.021725208
0.021352092
0.021423059
0.021260502
0.021389386
0.021116825
0.020804243
0.021431914
0.020967199
0.020823423
0.020793794
0.020949751
0.02036854
0.021609506
0.021228239
0.020373667
0.0203214
0.020499483
0.020248175
0.020652706
0.020667458
0.020023732
0.020060899
0.020170758
0.01994172
0.02031424
0.02034814
0.019745804
0.020130862
0.020154716
0.019848594
0.019601848
0.019900603
0.019322395
0.01980221
0.019895626
0.019359859
0.019342698
0.019275751
0.019188201
0.018992005
0.0192492
0.019232543
0.018695226
0.019092882
0.019185873
0.01884189
0.018869193
0.018759064
0.018375844
0.01856731
0.018219214
0.018585233
0.018854612
0.018115623
0.018158646
0.01859956
0.018030737
0.017563976
0.017693132
0.017742857
0.017323224
0.017137595
0.017114865
0.016868388
0.017549837
0.017273815
0.017374948
0.016973784
0.017041981
0.017194318
0.016910454
0.01676722
0.016417533
0.016405633
0.016483463
0.01623942
0.016483888
0.016425746
0.016250549
0.015969308
0.016396949
0.016398946
0.015705824
0.015715115
0.015713431
0.015435268
0.015608358
0.015555237
0.01576452
0.015500435
0.014986885
0.014846232
0.0151593825
0.014805622
0.01444893
0.014357872
0.014267561
0.01407219
0.0140522765
0.01397618
0.013697445
0.013547431
0.013943496
0.013618951
0.013397306
0.013250629
0.013347278
0.013044336
0.013407032
0.013384902
0.012928024
0.012810509
0.012866612
0.012827027
0.012965028
0.012567058
0.013176222
0.013207682
0.012668048
0.012557871
0.012562056
0.012469719
0.012342288
0.012779497
0.012727983
0.012134443
0.012478457
0.012563323
0.012167829
0.011994173
0.011994665
0.012154158
0.011684429
0.012473933
0.012952584
0.012072544
0.012064695
0.0125813335
0.012013853
0.011631806
0.011944015
0.011698711
0.011617594
0.011439767
0.011477438
0.011609954
0.011351466
0.010965563
0.011051431
0.010946687
0.010858059
0.010800307
0.0107683465
0.010611892
0.010467559
0.010285458
0.010370645
0.0102740815
0.010271207
0.010181856
0.010071255
0.010053832
0.009776988
0.009651539
0.00973669
0.009758593
0.009547022
0.010039638
0.010161978
0.009810639
0.009633335
0.009561611
0.00949015
0.009299447
0.009288049
0.009299901
0.009194347
0.009083399
0.009273293
0.008915228
0.009381657
0.009453822
0.009118325
0.009060226
0.00902437
0.00906196
0.008862814
0.008880536
0.00872048
0.00907129
0.008843317
0.008751159
0.008882419
0.008527521
0.00913772
0.009128671
0.008493243
0.008650328
0.00863684
0.008510084
0.008455611
0.008356951
0.008297487
0.008358228
0.008163213
0.008196484
0.008268107
0.008051045
0.008458958
0.008416721
0.008434267
0.008355803
0.008512973
0.008231147
0.008434166
0.008283936
0.008063971
0.008005033
0.008312766
0.008201128
0.008321871
0.008236858
0.007905764
0.007779543
0.008550032
0.008435051
0.0077417656
0.0076943845
0.008384663
0.008558759
0.007811832
0.007907707
0.0077543133
0.0077404487
0.007752368
0.0074558295
0.008817638
0.009323125
0.007695891
0.009517549
0.012132657
0.010818522
0.007879681
0.008551313
0.010846558
0.009308667
0.007896966
0.008292395
0.008755967
0.007883262
0.008617875
0.009112567
0.008686286
0.008547009
0.008311492
0.008595113
0.0084281815
0.007908675
0.007911229
0.007679485
0.0076693683
0.007720607
0.0075049973
0.00741295
0.0075682593
0.007228881
0.0075994916
0.0076841875
0.007723659
0.0072426624
0.008170328
0.008494706
0.007603169
0.0074532474
0.0072253793
0.0075981864
0.0073623187
0.007158512
0.007041421
0.0068375133
0.006739387
0.006965092
0.0070342124
0.007092343
0.006972073
0.0068665133
0.0065679853
0.0071561807
0.006815683
0.0070184083
0.0071669095
0.0064053214
0.0063130576
0.007016428
0.0068472177
0.0068424847
0.006884647
0.0062796897
0.006119536
0.0065954314
0.0063707926
0.0061723613
0.006235944
0.0061784214
0.006026214
0.0061534774
0.0061380626
0.0058941715
0.00628742
0.006247267
0.0062920726
0.0060949437
0.006544838
0.0060882694
0.006399349
0.006400081
0.0061872187
0.0061423867
0.0057648853
0.0056959144
0.0058552027
0.005735852
0.005883116
0.0059169885
0.005772454
0.0056531946
0.0056285243
0.005688839
0.0059054308
0.0057210065
0.0056549837
0.0058229226
0.0056595043
0.005684711
0.005731534
0.0056125
0.005547177
0.005457427
0.0054468815
0.0055259056
0.0053236447
0.0053209313
0.005304292
0.0055463617
0.005353997
0.005269276
0.0054891207
0.0053980066
