0.28862342
0.055164266
0.071870066
0.03915784
0.025997058
0.02816836
0.025315097
0.02314529
0.023867546
0.022219837
0.023503117
0.023848446
0.022368928
0.022261789
0.022820815
0.021748187
0.022819936
0.023589656
0.022734845
0.021639014
0.023883259
0.025141561
0.023293704
0.022303669
0.02242625
0.022406338
0.022611424
0.021991054
0.021610409
0.021888742
0.02155239
0.021379894
0.021403348
0.021313973
0.020964095
0.021272892
0.021204978
0.020723308
0.020912373
0.020908663
0.020691568
0.02076927
0.020805709
0.020568376
0.02081185
0.020701172
0.020530632
0.020531246
0.02051947
0.020341078
0.020594409
0.020585569
0.020116558
0.020773107
0.021210983
0.020498654
0.019889742
0.02013979
0.020253569
0.019828694
0.019514792
0.019548079
0.019137738
0.019175354
0.01907211
0.018741854
0.018650802
0.018436478
0.018272467
0.01817205
0.018039025
0.017750949
0.017741961
0.017748596
0.017487502
0.01735176
0.01725433
0.016976574
0.017259777
0.017209271
0.017241744
0.016828137
0.017208438
0.017066391
0.016752975
0.016573735
0.016585961
0.016167363
0.017050773
0.01711862
0.016009873
0.016787395
0.017377242
0.01632077
0.015805878
0.016163232
0.015975052
0.0151151195
0.015780116
0.016400954
0.015691772
0.014574182
0.015523615
0.016055217
0.015253913
0.01481285
0.014973514
0.014714785
0.01402374
0.014068332
0.014483967
0.013889778
0.013600559
0.0137706315
0.013448883
0.013235457
0.013319735
0.013106886
0.012864411
0.01295311
0.012761477
0.013712384
0.014195874
0.012787491
0.014394251
0.014847928
0.012917588
0.012676475
0.012745589
0.012260928
0.011844563
0.0118596135
0.011809442
0.011699617
0.011552262
0.01147228
0.011514316
0.011385656
0.011370835
0.011307776
0.011304348
0.011112382
0.011370196
0.011189122
0.011370326
0.011297849
0.010855008
0.0107349465
0.01084916
0.010673483
0.010825944
0.010767527
0.010734844
0.010458288
0.010832909
0.010648031
0.010477703
0.010404956
0.0103115775
0.01021862
0.010450347
0.010422508
0.0099865785
0.00999164
0.010018433
0.009913982
0.010202982
0.010181035
0.009750192
0.00986823
0.00969183
0.009589241
0.009848155
0.00971774
0.009452686
0.009368733
0.009479581
0.009414983
0.009168809
0.00903698
0.00939912
0.00924683
0.009045619
0.00893936
0.00892815
0.00880931
0.008999323
0.008927164
0.008747412
0.008627786
0.0085168285
0.008488394
0.008663301
0.008414967
0.0087060295
0.008562521
0.008314828
0.008307311
0.008187562
0.008092878
0.008250978
0.008004517
0.008199104
0.008184881
0.007904936
0.00790295
0.007936903
0.00785264
0.007709004
0.0077707744
0.0075362977
0.007614113
0.007429008
0.007302195
0.007813925
0.007616757
0.0074361325
0.007713955
0.0073955157
0.0073011904
0.007324828
0.007164215
0.00723494
0.0070516146
0.006857692
0.0068342923
0.0067534395
0.0067087873
0.006725369
0.0065050772
0.0069357157
0.0068272897
0.0063051116
0.006211897
0.0064797173
0.006200839
0.006512501
0.0064979144
0.005947765
0.005858043
0.006238099
0.005989589
0.006089162
0.0060046776
0.0059003565
0.0057257935
0.005997818
0.0057611414
0.005836046
0.0059171305
0.0055116746
0.0056782723
0.0054706163
0.0056617036
0.005364167
0.005602021
0.005352912
0.0055812276
0.0053363913
0.005539477
0.005458895
0.005242661
0.005206945
0.0052101067
0.0051869988
0.0052619777
0.00507583
0.00540825
0.0053484836
0.0050433483
0.0052116923
0.004992422
0.005485209
0.005604672
0.005323862
0.005180641
0.005678578
0.0052901045
0.005164312
0.0052749715
0.00513804
0.0049879774
0.0054473565
0.005371488
0.0048249126
0.0048840605
0.0047892802
0.00486897
0.0047628838
0.004647748
0.0046652206
0.0046591964
0.004688253
0.004553769
0.005188068
0.0049978727
0.004923191
0.004767598
0.0048432075
0.0046364176
0.004932831
0.004763887
0.0047123344
0.0046778764
0.004770673
0.004810169
0.0045650243
0.0046828245
0.0044358824
0.0046766847
0.00442799
0.004703023
0.0047174674
0.0044117607
0.004796744
0.004615226
0.004748851
0.004671738
0.004913636
0.0046371976
0.0047145863
0.0047002076
0.00445145
0.0043140654
0.004700364
0.0046198606
0.004423968
0.0045074644
0.004572663
0.0043305038
0.004770546
0.0048005837
0.004272524
0.0043268776
0.004494175
0.0042517986
0.004735232
0.004737201
0.00447455
0.0042931414
0.004568117
0.0045535504
0.004401754
0.0043333475
0.0045112553
0.004478321
0.0043169316
0.0042038527
0.004537662
0.004468105
0.0042300653
0.0041919076
0.0044491976
0.0043774694
0.004089725
0.0041056355
0.0043138484
0.0041931933
0.0043908153
0.0043731877
0.0041073714
0.004114481
0.004185652
0.004052771
0.0043853377
0.004367925
0.0040213503
0.0042875367
0.004122609
0.0045563043
0.004449664
0.0043294104
0.0043785195
