0.28786772
0.052782338
0.06448248
0.03955855
0.022521222
0.027466008
0.025459783
0.022971446
0.023523198
0.023907995
0.022173464
0.022451038
0.02332055
0.021849299
0.021910707
0.022861427
0.021553775
0.021485182
0.022127287
0.021253603
0.021341212
0.021910584
0.02106235
0.020979762
0.021305054
0.020726828
0.021251919
0.021665642
0.020864457
0.020794483
0.021110602
0.02054459
0.02112945
0.021619057
0.020661078
0.020969788
0.021627286
0.02085405
0.020601131
0.02104021
0.020443581
0.02094431
0.02147757
0.020551458
0.020737447
0.021403333
0.02055037
0.020581072
0.02104117
0.020331876
0.020862712
0.021497944
0.02057753
0.020403303
0.020779701
0.020211801
0.020921715
0.02141908
0.020563146
0.020302547
0.02058989
0.020097911
0.021011176
0.02134712
0.020609334
0.020097619
0.02038461
0.019963983
0.02029913
0.020116976
0.019938113
0.020256214
0.019748442
0.021047791
0.020849878
0.020060904
0.020125011
0.019790756
0.019822681
0.019683518
0.019338459
0.019921018
0.019722916
0.019178828
0.019180657
0.019097468
0.018896637
0.018794598
0.018649988
0.018603638
0.018312316
0.018519973
0.018132726
0.018667005
0.018698422
0.01791635
0.018507224
0.018569633
0.017811812
0.017806498
0.017616643
0.017566023
0.017493071
0.01756698
0.017557012
0.018077197
0.018062234
0.017436115
0.017484989
0.017379278
0.016917044
0.017671844
0.018193737
0.016934978
0.016908577
0.016902052
0.01686451
0.016463928
0.016637811
0.016310202
0.017626675
0.017925741
0.016196826
0.018312234
0.019934392
0.018177457
0.016492562
0.016988887
0.016750671
0.015577684
0.016327757
0.016060388
0.015422271
0.015577541
0.015362746
0.01519423
0.014890102
0.014938318
0.014755306
0.014430347
0.014393355
0.013998363
0.014048662
0.013615313
0.01412645
0.013934477
0.01389669
0.013893381
0.013469521
0.013601132
0.013138433
0.012902421
0.013253217
0.0129268095
0.012652953
0.012420784
0.013310251
0.013248242
0.012195378
0.012217484
0.0119870575
0.0119446
0.011779117
0.011984899
0.01201534
0.011269469
0.012102422
0.011781174
0.011356886
0.011531702
0.011338119
0.010848549
0.010770656
0.010775198
0.010730654
0.010567709
0.010621666
0.010503181
0.01080437
0.010368488
0.011917014
0.01183143
0.010815997
0.011193926
0.010734461
0.011153579
0.01105525
0.01061933
0.010728873
0.01041368
0.010471806
0.010485404
0.010198203
0.010561018
0.010401166
0.010326637
0.010091835
0.010345402
0.010319387
0.010277615
0.009994253
0.010274562
0.010027979
0.01063506
0.010659377
0.0097752325
0.009620265
0.010427316
0.010184247
0.009876796
0.0097823655
0.009870664
0.0096940445
0.010164968
0.009995036
0.009683781
0.009562072
0.009474061
0.009621873
0.009494701
0.009336459
0.00934299
0.009323396
0.009605625
0.009346702
0.009684525
0.009550044
0.009469333
0.009434097
0.009563941
0.009530145
0.009352614
0.009503727
0.009158637
0.009843775
0.009528107
0.00958354
0.009651974
0.009532454
0.009381342
0.009155455
0.009517409
0.00953265
0.009344225
0.009124537
0.009357537
0.009092932
0.008969768
0.009429758
0.008789693
0.009334515
0.009573024
0.009049525
0.009858448
0.0097827045
0.009843522
0.009171367
0.010188398
0.010364615
0.009334226
0.009314366
0.009073324
0.009119739
0.009265538
0.008885337
0.010272145
0.010322961
0.0089111915
0.00867251
0.008837047
0.009552734
0.009284011
0.009719661
0.00929838
0.010045394
0.010284606
0.009251677
0.0093634585
0.0087006735
0.010328819
0.010567109
0.0094354
0.009333094
0.009029744
0.009112229
0.008645606
0.008650322
0.008779842
0.008509892
0.008722803
0.008628062
0.0084772995
0.009170511
0.008777832
0.009434655
0.009428047
0.008426876
0.008380606
0.00887292
0.008683395
0.009103357
0.008971424
0.008654985
0.008363218
0.008979146
0.00870137
0.008866425
0.008944401
0.008262002
0.008258843
0.008573382
0.008419213
0.008761971
0.00872247
0.008269214
0.008123775
0.008523128
0.008331818
0.008206488
0.00815194
0.008449656
0.008133013
0.008782197
0.0086285705
0.00801227
0.007967024
0.008684119
0.008550971
0.008203852
0.0085051255
0.008027137
0.008126061
0.008332287
0.007998832
0.008404667
0.008271077
0.007971753
0.007921041
0.007960598
0.007944447
0.008253871
0.008002347
0.008033224
0.008091581
0.007868239
0.008250142
0.007854674
0.008371013
0.008825181
0.008290351
0.007921492
0.00863757
0.008219621
0.008014682
0.007889979
0.0080340905
0.008051429
0.008282292
0.0078595225
0.008318037
0.008370217
0.007816766
0.007596822
0.008091717
0.007836778
0.008149506
0.007965402
0.008218431
0.008095506
0.007717226
0.007559056
0.008079379
0.007835294
0.008235839
0.008227819
0.0075893966
0.007900718
0.007570593
0.007625325
0.007820684
0.007491452
