0.29029825
0.05596525
0.061884824
0.03593203
0.027697707
0.028477164
0.023968866
0.02829115
0.028389776
0.022693709
0.02744323
0.032130167
0.028180787
0.022377158
0.025739731
0.030826584
0.029486174
0.024372382
0.02179723
0.023336723
0.024067909
0.022690462
0.021274308
0.022446143
0.02352967
0.022490785
0.020906499
0.022137031
0.023828605
0.023510342
0.021920776
0.02101322
0.02118182
0.02183605
0.021759419
0.020716444
0.020854868
0.021494338
0.021130214
0.020549221
0.020658446
0.021245047
0.021240989
0.02074415
0.020242952
0.020574136
0.02069007
0.020389052
0.020257942
0.020107588
0.02032608
0.019911863
0.01997378
0.019867891
0.019633638
0.019522393
0.019310122
0.019615516
0.019324241
0.01969281
0.018965608
0.018891437
0.01942589
0.018835755
0.018602125
0.018823734
0.018352121
0.018718777
0.018699557
0.01817741
0.018311078
0.017845573
0.017953893
0.01812823
0.017636294
0.01797519
0.01821204
0.017970769
0.017129295
0.01726736
0.017237986
0.01733107
0.016396234
0.016548881
0.017155834
0.016597064
0.016201297
0.015715463
0.017494095
0.017436728
0.015690846
0.015847597
0.015121054
0.017163811
0.017964894
0.01563386
0.016160974
0.017391795
0.015706586
0.014604102
0.014952731
0.014198746
0.015037353
0.015462545
0.014230486
0.014578018
0.015219159
0.013942831
0.013742116
0.014197752
0.0133741535
0.013757162
0.014267732
0.013312552
0.013240301
0.013649069
0.013010907
0.012989543
0.013237454
0.012756961
0.012770255
0.012948811
0.012597401
0.01230221
0.012476032
0.012148186
0.012232229
0.012248516
0.011808328
0.011918121
0.011646214
0.011972598
0.0119411275
0.011630061
0.011610978
0.011488668
0.011529866
0.011294345
0.011452091
0.011555914
0.011256956
0.011222686
0.011104477
0.011235103
0.011172456
0.011002255
0.01094428
0.010979354
0.010758822
0.011200407
0.011212868
0.010572427
0.010713723
0.010586069
0.010508224
0.01074874
0.010845569
0.01048182
0.010490923
0.0104526365
0.010442495
0.010459673
0.010476525
0.0102876155
0.010191101
0.01010453
0.010002721
0.010187168
0.010094791
0.010177043
0.01008157
0.009937684
0.009940379
0.009942623
0.009864116
0.009918419
0.00984864
0.0097896485
0.009657149
0.009822883
0.009667127
0.009792435
0.0096965665
0.00959788
0.009476674
0.009688344
0.009546116
0.0095266625
0.0094196815
0.009532382
0.009411518
0.009407836
0.009272928
0.009504565
0.009378406
0.009286011
0.009222745
0.0092981225
0.009239904
0.009176541
0.009127976
0.009183074
0.009179204
0.009001079
0.008977556
0.009113262
0.0090623675
0.008934854
0.008902703
0.008988331
0.008932917
0.008881056
0.008865239
0.008781825
0.008773935
0.008820749
0.008738575
0.008807736
0.008755161
0.008587099
0.008559807
0.008595279
0.008419067
0.008739949
0.008677639
0.008351295
0.0085449265
0.00826274
0.008530221
0.008285221
0.0086743375
0.008640002
0.008206711
0.008273388
0.008308394
0.008095407
0.008183182
0.008025455
0.008053528
0.007902
0.008409022
0.0082478905
0.008143793
0.008016904
0.008056308
0.007924454
0.007898522
0.007857311
0.007688459
0.0078029665
0.007621677
0.008101662
0.008071817
0.0077312575
0.0077700024
0.007697524
0.00752351
0.007472994
0.0073896907
0.007245539
0.0072675627
0.0071982406
0.0070162355
0.0073034302
0.0072493493
0.00694308
0.0070074485
0.006819165
0.006847216
0.0069753076
0.006568003
0.0067340224
0.0068297256
0.0064159227
0.006539963
0.006666772
0.006303305
0.0064066593
0.006580101
0.006379237
0.006067162
0.0063681677
0.006358996
0.0063597965
0.00605871
0.0057515656
0.006429789
0.0066203526
0.0063431324
0.005884983
0.006798631
0.007119037
0.006477793
0.0063493545
0.006374873
0.0062051094
0.005773296
0.0059906305
0.0058710626
0.005841063
0.0056651556
0.005645321
0.005432591
0.005466651
0.0053584613
0.0053363317
0.005276727
0.0054636137
0.0052825636
0.0056672767
0.0058173966
0.0053564473
0.005438944
0.005172052
0.0051981756
0.0052649123
0.0050061434
0.0053712763
0.0055370317
0.004928739
0.005139983
0.005194821
0.0049974937
0.005062722
0.0049148663
0.004894446
0.0047101444
0.005018281
0.0048858523
0.0050403625
0.0050386637
0.004944707
0.004976637
0.004788508
0.004674402
0.0049405964
0.0048452136
0.0047489195
0.0050252653
0.0045592994
0.004987223
0.004991955
0.004853988
0.004801309
0.004685867
0.0046894806
0.0047345012
0.004537123
0.004696553
0.0047426415
0.0045357393
0.004546083
0.0045674196
0.0044681355
0.004337347
0.0043359012
0.004351083
0.0042908625
0.0042427815
0.004185246
0.0042145825
0.0044112313
0.004104024
0.004955076
0.0050942283
0.004679268
0.004350712
0.004384453
0.0045377337
0.0042962614
0.0044420017
0.0044246935
0.0042791436
0.0045699277
0.0043277917
0.0042018513
0.0043354793
0.004245838
0.004180201
0.0041534817
0.004279762
0.0040487894
0.0041648396
0.004132719
0.0040917294
0.004040267
0.0040356815
0.0039761327
0.0042837043
0.004315768
0.0040227626
0.0038744167
0.0040232064
0.0039429218
0.0038638872
0.0037304629
0.0039782003
0.0039506885
0.0038009163
0.0037384292
0.0038799532
0.0037425228
0.0039419527
