0.2899
0.07088417
0.073481746
0.0366555
0.033009846
0.03404386
0.023628443
0.03191346
0.036685407
0.028081635
0.022903537
0.025872365
0.026060233
0.023179581
0.023739701
0.025176056
0.023385713
0.022661736
0.02314446
0.022191597
0.02364281
0.02413015
0.022628084
0.023573436
0.023440346
0.023458645
0.023078874
0.022338057
0.023068165
0.022530517
0.022153728
0.022318559
0.021956941
0.022362301
0.021975705
0.022212246
0.022082372
0.021823958
0.021953128
0.02164434
0.021517517
0.021471389
0.021191359
0.021159912
0.020991674
0.021166705
0.020972425
0.021090277
0.020936066
0.020863494
0.02079377
0.020619357
0.020907775
0.020565609
0.021091253
0.021250373
0.02027627
0.021654928
0.02216343
0.021109378
0.020970268
0.020787636
0.02013263
0.020389542
0.020329205
0.019600663
0.019914163
0.01984443
0.019643545
0.019689603
0.019137673
0.019663595
0.019752786
0.019281268
0.019184293
0.018860513
0.01902753
0.018839164
0.018956413
0.018775688
0.019378329
0.019262204
0.018658446
0.019034902
0.018672714
0.019332912
0.019652026
0.01875451
0.019605195
0.020409105
0.019396417
0.018830333
0.01934199
0.019418003
0.018594205
0.019390335
0.019974016
0.018905843
0.018888367
0.019513154
0.019092986
0.01859379
0.019044837
0.019153731
0.018404344
0.019368362
0.020270396
0.019437632
0.018338086
0.019332469
0.020136952
0.019349253
0.018426105
0.018892147
0.019459896
0.018793793
0.018284589
0.018577995
0.018684464
0.018176436
0.01842179
0.018784685
0.018402366
0.01818142
0.018375427
0.018268794
0.018090392
0.018195704
0.018077837
0.01793076
0.01805604
0.018141815
0.017837787
0.017904395
0.017966209
0.017777542
0.018223615
0.018140746
0.018332345
0.018322797
0.01778805
0.017623955
0.017937554
0.017796202
0.018844618
0.018992439
0.018012285
0.018222613
0.018176869
0.018121967
0.017622927
0.01770037
0.017925939
0.017741913
0.017453095
0.017716365
0.017696412
0.017587563
0.01742612
0.017768089
0.017642515
0.017189873
0.017149808
0.017234355
0.017178142
0.017404446
0.017191114
0.01708387
0.01705913
0.016978605
0.0168556
0.017014863
0.01696533
0.016827578
0.01667689
0.01675752
0.016720748
0.01665798
0.016488528
0.016596593
0.016560666
0.016510976
0.016225057
0.01645696
0.016346253
0.01627799
0.01603217
0.016118221
0.016148346
0.015820578
0.015601572
0.015862973
0.015642121
0.015348545
0.015203126
0.015175802
0.014886543
0.015022516
0.0147478515
0.014810431
0.014428314
0.014662073
0.014197697
0.01427645
0.013845663
0.014215387
0.01363327
0.013857566
0.013573862
0.013370458
0.013068265
0.012943895
0.012815599
0.012563401
0.01256302
0.012281466
0.012755394
0.012324673
0.012635283
0.012819417
0.011942596
0.012425914
0.01174613
0.012189499
0.011909559
0.011925924
0.011752176
0.011672455
0.011575285
0.012119907
0.011562326
0.011497672
0.011617408
0.011269969
0.011149906
0.011270221
0.011273022
0.011103687
0.010957106
0.010838903
0.011269788
0.011101037
0.010825631
0.010777649
0.010621835
0.010625963
0.010559869
0.010426305
0.010338674
0.010692186
0.010358433
0.010669264
0.010516423
0.010490834
0.01041625
0.010250007
0.010088451
0.0101264315
0.009932711
0.010024388
0.009640848
0.010499393
0.010933592
0.009921459
0.010121044
0.010940324
0.010245155
0.009655475
0.009825687
0.010079683
0.009315568
0.009502887
0.009365613
0.009109061
0.009262339
0.009011865
0.008937895
0.008842622
0.008841406
0.008682502
0.008608735
0.008609388
0.008487602
0.008280239
0.008535073
0.008286443
0.00807727
0.008074301
0.007935188
0.008115345
0.008149092
0.0078619765
0.008030183
0.0078098527
0.008107849
0.0077880756
0.007900217
0.007867582
0.007469185
0.008170159
0.0082390485
0.0077977423
0.0075915493
0.008072861
0.0073961094
0.0077695814
0.007736021
0.007305768
0.007515171
0.007469823
0.007178111
0.007281205
0.007200995
0.007109811
0.006858071
0.0077179205
0.0077695376
0.0076004504
0.0070691034
0.007990308
0.007604035
0.007601192
0.0077110827
0.007308303
0.0068804063
0.007278532
0.0072026937
0.0070353076
0.006982202
0.0070219226
0.006641338
0.007972192
0.008118648
0.0067493827
0.007999718
0.009110014
0.007781263
0.0070567694
0.007110735
0.0070971698
0.0069276174
0.00672028
0.006526889
0.0065705925
0.0063988767
0.0065083043
0.006282803
0.00645831
0.0061032563
0.0074990406
0.0079255635
0.007163362
0.0065007084
0.006813526
0.0065684784
0.0064985007
0.0063503035
0.006610252
0.006269665
0.0062151626
0.006321752
0.006049193
0.006258193
0.0059355795
0.0061001163
0.0059841163
0.0061671934
0.005920611
0.006324408
0.006470321
0.005788253
0.006932804
0.0071767312
0.0061753374
0.006173093
0.0068293717
0.0060283984
0.0065298765
0.0072927806
0.0065778606
0.0057608546
0.0070120306
0.0074285716
0.006369941
0.0060706786
0.0064755916
