0.28827623
0.052789938
0.056415334
0.03695642
0.02567573
0.026094219
0.025566608
0.024727536
0.023126498
0.02408357
0.023922162
0.022196561
0.02299081
0.023195425
0.021867102
0.022676915
0.023274189
0.021909608
0.02201529
0.0226221
0.02173462
0.02170978
0.022141457
0.021545961
0.021350324
0.021740606
0.02125194
0.021182409
0.021404816
0.021084199
0.021092052
0.021363651
0.021018773
0.021101618
0.021370763
0.021199867
0.020849168
0.020872295
0.020785116
0.02062448
0.021071926
0.020865073
0.02081882
0.020635886
0.020848228
0.02078782
0.020476658
0.020432413
0.020612463
0.02053387
0.020306127
0.020275606
0.020378256
0.020194596
0.020186776
0.02008366
0.0199191
0.01968936
0.019658687
0.019486109
0.019359438
0.019165803
0.019070024
0.018838536
0.019390566
0.019426929
0.01914718
0.019245273
0.01904842
0.018438553
0.018349452
0.018295793
0.019098058
0.018994011
0.018431334
0.018062478
0.01808212
0.017881444
0.017636565
0.017737607
0.01753386
0.017742025
0.017640559
0.017810699
0.01773089
0.017320827
0.017338572
0.017061196
0.017118447
0.016970709
0.016932936
0.016868507
0.016791997
0.016789356
0.016656907
0.016858509
0.016502142
0.0170239
0.016829332
0.016390303
0.016350083
0.016479315
0.016277697
0.016464498
0.016358064
0.016001424
0.0164005
0.015984558
0.016424624
0.016357293
0.01577905
0.015758112
0.015834795
0.015478921
0.015979858
0.0155100925
0.015901135
0.016044192
0.01554241
0.015594115
0.015693681
0.015325219
0.015160362
0.015359954
0.01496164
0.015123489
0.0150380535
0.014624839
0.014611714
0.014547496
0.01441206
0.014583793
0.014340985
0.014475743
0.014489708
0.013986451
0.01418331
0.0137475105
0.0145165995
0.014524394
0.013435674
0.01478747
0.014965877
0.01336478
0.014897349
0.015830925
0.014240841
0.01333302
0.014146688
0.013259739
0.013066071
0.013409386
0.012597364
0.013240204
0.013598506
0.012620517
0.013145442
0.0137435645
0.012829403
0.012273438
0.013095159
0.012771356
0.012055029
0.012025566
0.012165892
0.0116314655
0.013065641
0.013230559
0.011569214
0.012917033
0.013973854
0.012969614
0.011984386
0.012068347
0.012622595
0.0119152265
0.0113603445
0.011316781
0.011279506
0.010996061
0.010956928
0.010973416
0.010934855
0.010471176
0.010848421
0.01084061
0.010101396
0.010652817
0.0108486265
0.010488834
0.0101614
0.010011372
0.010182506
0.009982861
0.009622245
0.009633913
0.0095037
0.009475745
0.009478932
0.009186606
0.009284669
0.009157127
0.0088049825
0.009167745
0.009035632
0.008717824
0.008442097
0.008838348
0.008463386
0.008310912
0.008059725
0.007977821
0.0077845976
0.008047667
0.007945809
0.007503958
0.0075020064
0.007489597
0.0075355074
0.007100496
0.008284468
0.0076482384
0.008312222
0.0074587874
0.008218282
0.00809323
0.007093201
0.007059637
0.007316747
0.007016663
0.00692863
0.006766007
0.0068961936
0.0065879193
0.0070057637
0.0069020465
0.006509369
0.0064576897
0.0064506107
0.0063165072
0.0065551135
0.0064321333
0.0061853174
0.0061298735
0.006101957
0.0059583546
0.006198093
0.006101973
0.005827368
0.005704403
0.005971937
0.0056606657
0.006153179
0.006030177
0.0055554
0.0054438375
0.005791483
0.0055494006
0.0057073957
0.005598992
0.005433665
0.005351197
0.0054266728
0.0053202915
0.0053773895
0.005265077
0.0052446164
0.0051418985
0.0053824647
0.005191458
0.0052426793
0.0051293676
0.005066531
0.0050510806
0.004915254
0.004732791
0.005909228
0.005643115
0.0049661943
0.0052708997
0.0051017185
0.0051274817
0.005057663
0.004718179
0.005003514
0.004584508
0.006315716
0.006423688
0.005438903
0.005280029
0.005164542
0.005107594
0.0047072084
0.0048405407
0.004595265
0.0049632867
0.0048202183
0.004901029
0.004916258
0.0049413494
0.004619427
0.004840682
0.0047800965
0.00472026
0.004601001
0.004379703
0.0048173987
0.0045525865
0.0046418034
0.0045102844
0.004455974
0.0043311925
0.004530532
0.004377968
0.0046683294
0.0045063295
0.0043980195
0.004209884
0.004358189
0.0041068564
0.0044959476
0.0042787935
0.004491991
0.0044710785
0.004228079
0.0040884227
0.004164561
0.004104599
0.0039708493
0.0040275906
0.0039035373
0.003737161
0.0041350857
0.0038769227
0.0040401956
0.004087431
0.003819434
0.004207572
0.003940075
0.0041311807
0.003994059
0.0039288816
0.0039584986
0.003926167
0.003617363
0.0038096176
0.003585533
0.003837793
0.0036639955
0.0038919386
0.0036400731
0.003752181
0.0035017394
0.0038616688
0.0036398682
0.0037914636
0.003902207
0.003421845
0.0037018189
0.003526305
0.0035046956
0.003652762
0.0033663025
0.0037183121
0.0036676063
0.0034743727
0.003630269
0.003507755
0.003391477
0.0033973937
0.0032920372
0.0033901327
0.0033230595
0.0031666255
0.003348127
0.0034828607
0.0031210396
0.0037905276
0.0036789936
0.003909767
0.003803242
0.0036805163
0.0036047716
0.0032769993
0.0035787502
0.0032921918
0.003469216
0.0031463478
0.0034734309
0.0035759818
0.0030642382
0.0031719666
0.0031680241
0.0030739948
0.0032488536
0.0031286646
0.003024868
0.003146791
0.0029180974
0.0029629301
0.0029805535
0.002717259
0.0033505254
0.0031954348
0.0032148839
0.003093942
0.0029008586
0.0031357147
0.002919336
0.0028980933
0.0029709542
0.0027920976
0.0027730372
0.0027391363
0.0028635513
0.0028452333
0.002779159
0.0026325285
0.0027572885
0.00262056
0.0028841456
0.0029335755
0.0027063268
0.0032613091
0.0029799603
0.0030481117
0.002927647
0.0032648712
0.002944176
0.0028944567
0.0029174306
0.0028726638
0.0026409328
0.0030645162
0.0029222153
0.0027579952
0.0025905822
0.0028537463
0.0027069517
0.002827987
0.002711296
0.0027736302
0.0026730206
0.002661283
0.0026517075
0.0026388064
0.0024539428
0.0028708426
0.002779375
0.0025476322
0.0024791881
0.002683318
0.002550998
0.0026054585
0.0025020677
0.0026029877
0.0025199568
0.002473133
0.0023962492
0.0024876168
0.0023553818
0.002660228
0.0025602577
0.0023539152
0.0023501501
0.002471366
0.0023879844
0.0024564844
0.002428267
0.0022876319
0.0022148008
0.0026179834
0.002532651
0.00224657
0.0022450583
0.0024471257
0.002330632
0.0023914047
0.002383967
0.0022575415
0.0022769154
0.0023140372
0.00229044
0.0023687854
0.0023669722
0.002224357
0.0023171594
0.002161976
0.002307223
0.0021438922
0.0023264082
0.0020516396
0.00237464
0.0023127971
0.0021773155
0.0020971952
0.0022815878
0.002070421
0.0025497926
0.0024088963
0.002341561
0.0022750471
0.002448938
0.0022896805
0.0024849537
0.0023018522
0.0026438318
0.0025172345
0.0022419947
0.002455232
0.0020952614
0.0032829233
0.003791716
0.0023813844
0.00314655
0.004038049
0.0032616544
0.0025454203
0.0030126164
0.0033934934
0.0024133117
0.0028321454
0.0030667773
0.0024912984
0.002549591
0.0027751874
0.0023340087
0.0025451535
0.0026002016
0.0025541044
0.0021970014
0.002662655
0.0024130447
0.0024195227
0.0024434011
0.0024771478
0.002241448
0.00273798
0.0026948925
0.0020353913
0.0020905375
0.0023322331
0.002050262
0.0031486235
0.003434764
0.0020421818
0.0046233195
0.006567066
0.004633078
0.0028002113
0.0038650942
0.0039621354
