0.2871018
0.05076699
0.06338439
0.042534173
0.021530986
0.03165428
0.031398486
0.024300396
0.023386938
0.024114123
0.024884982
0.022761228
0.021285737
0.022806453
0.022050196
0.020638138
0.021590436
0.021111788
0.02069375
0.021176144
0.020858204
0.020492302
0.02120056
0.021071127
0.020665895
0.020463636
0.020835372
0.020415882
0.020731255
0.02054551
0.021024644
0.020706395
0.020128652
0.020134037
0.020216044
0.019960502
0.019980952
0.01987595
0.019782243
0.01959054
0.019528352
0.019406233
0.0193618
0.019089358
0.01899582
0.018787032
0.01844419
0.018150272
0.01765762
0.01715361
0.017338341
0.016826155
0.016764296
0.016854234
0.0165688
0.016347356
0.016167698
0.016022697
0.015646696
0.0152866645
0.016079612
0.01562509
0.01557913
0.015623398
0.01544677
0.015141911
0.01513356
0.015028316
0.014562227
0.014390387
0.014395324
0.014249019
0.013994115
0.013995578
0.013653431
0.01388409
0.013502256
0.0138453385
0.013655218
0.013232868
0.0130738085
0.013072847
0.012792435
0.012934831
0.0126124425
0.0131421415
0.01339521
0.012474748
0.013706341
0.015236899
0.014492124
0.014705993
0.014534048
0.01294331
0.01306463
0.013528143
0.012729756
0.012578021
0.012954217
0.012455086
0.013230947
0.0137951495
0.012575593
0.012026357
0.012377195
0.0119788
0.011957437
0.0120445425
0.011620448
0.012033922
0.012057871
0.011469637
0.012110616
0.012484316
0.011645461
0.0115219755
0.011834186
0.011288703
0.011489329
0.011777175
0.01115116
0.0113581205
0.011778548
0.011157337
0.011008184
0.011116627
0.010829173
0.010978428
0.011208582
0.010874572
0.010817692
0.011061897
0.010928389
0.010562862
0.010791674
0.010473631
0.010628323
0.010701865
0.011145608
0.011144179
0.010344745
0.010771506
0.0108881695
0.010702784
0.010428626
0.010424259
0.010358446
0.010194939
0.01008203
0.01006635
0.010061777
0.009969247
0.010053384
0.009875725
0.010516621
0.010601814
0.009700003
0.01074126
0.011428286
0.010389713
0.010094538
0.010413018
0.010394611
0.010058637
0.009648153
0.010196176
0.010067799
0.009352173
0.00955585
0.009587876
0.00924341
0.009489968
0.009614263
0.009388246
0.009103491
0.0094985515
0.009518213
0.009382399
0.009187383
0.009427241
0.009408115
0.009488913
0.0091787195
0.0091404645
0.009141752
0.009060184
0.008941208
0.009030238
0.00894031
0.00908484
0.009121438
0.008837651
0.0086163385
0.009163726
0.0092199305
0.008927153
0.008754929
0.008782919
0.008673184
0.009239853
0.009294449
0.008542323
0.008854613
0.008925506
0.00875204
0.008804356
0.008585728
0.00887561
0.009241191
0.008748452
0.008578892
0.008812651
0.008534828
0.009069717
0.009235479
0.008516789
0.008686271
0.008869178
0.0086756935
0.008411519
0.008722648
0.008605167
0.008538286
0.008512641
0.008296349
0.00823246
0.0084196655
0.008342935
0.008493216
0.008383507
0.008276719
0.008197005
0.00839702
0.008263282
0.008287708
0.008308821
0.008164053
0.008117607
0.008235632
0.008166122
0.008080527
0.00802531
0.008177391
0.008100868
0.008109689
0.008025573
0.0080378475
0.00794628
0.008153151
0.008157394
0.007860213
0.00783911
0.008083302
0.007997238
0.007874869
0.007829365
0.007935685
0.007889985
0.007804645
0.007748483
0.007901324
0.007811885
0.0077968067
0.007731486
0.007795038
0.007741176
0.007729346
0.007676804
0.007718012
0.007658006
0.0076760375
0.0076077483
0.007661114
0.0076000015
0.0075960145
0.007530049
0.0076026283
0.0075348974
0.007539609
0.007466039
0.0075504123
0.0074756383
0.0074606403
0.0073864143
0.0075006797
0.0074247685
0.007383956
0.007314501
0.0074356943
0.0073560732
0.007323045
0.007251274
0.007367796
0.007292351
0.007233206
0.0071661826
0.0072917216
0.007207541
0.007167674
0.0070922137
0.007228455
0.0071580634
0.0070627555
0.0069959424
0.0071636713
0.007088006
0.006976849
0.006903162
0.007108078
0.0070024193
0.0069152005
0.0068386174
0.006977674
0.0068739145
0.0068654865
0.006795557
0.00682861
0.006745839
0.006805653
0.0067479913
0.0066846195
0.0066141523
0.0067463643
0.0066745817
0.006567873
0.0065117055
0.0066369423
0.006571161
0.0064649247
0.0064298552
0.006489951
0.006404038
0.006437622
0.006365732
0.006338458
0.006263785
0.0063635246
0.0063221953
0.0061446927
0.006110328
0.0064060222
0.006224113
0.006111163
0.006088689
0.0060107247
0.005861522
0.006473133
0.006334929
0.0058483332
0.0065065795
0.0057963543
0.008422058
0.0090243695
0.006250864
0.0088512255
0.01175031
0.009701553
0.006440407
0.007805796
0.008759133
0.0075722313
0.0068816016
0.0072364085
0.0069124103
0.0065645985
0.0063338466
0.0062835137
0.006184584
0.0062029413
0.0060416474
0.0056564542
0.006034287
0.0059705735
0.0056721345
0.0058882446
0.005501473
0.0060182586
0.0066328426
0.0059892996
0.005444562
0.0062232106
0.005946066
0.005598078
0.0056695812
0.005587893
0.0053709135
0.00570675
0.0060128123
0.0052917954
0.0054208688
0.0054944623
0.005495926
0.005113086
0.0053571905
0.005519251
0.004892601
0.004810572
0.0050805476
0.004932515
0.0049000005
0.0048182784
0.004914824
0.004786745
0.005056516
0.004890124
0.004629242
0.004559431
0.004826182
0.0045726714
0.004721686
0.0046171644
0.0045941886
0.00445129
0.004586247
0.004379583
0.004682263
0.004562804
0.0044845496
0.004444393
0.0043339697
0.0042799395
0.0043540406
0.004210305
0.00444889
0.0042878464
0.0044571236
0.0043824464
0.0042606764
0.0043039857
0.004188243
0.004191424
0.004152538
0.0041268733
0.004116231
0.0040400093
0.004184866
0.0040646843
0.0041528433
0.004076173
0.0040358924
0.003913523
0.00421889
0.004129646
0.0038614154
0.0037383076
0.0043053827
0.004328958
0.0037283953
0.003712977
0.003942814
0.0037527883
0.0041417875
0.004133217
0.003810089
0.0039870082
0.0036499698
0.0038654227
0.003652617
0.0035155949
0.004121425
0.0040920083
0.0035002714
0.0035214908
0.0036639087
0.0036039476
0.0035823828
0.0036115178
0.003748895
0.0035042327
0.0036555578
0.0035393385
0.0037205506
0.0034508125
0.00404389
0.004294759
0.003617864
0.0037733924
0.0040919427
0.0034231513
0.003468089
0.003463919
0.003321062
0.0033834297
0.0032866597
0.0032296432
0.0035392307
0.0032767805
0.0035205483
0.0036393886
0.003290518
0.0043887817
0.0044870735
0.0035123515
0.0036752375
0.0033384946
0.0033307874
0.0033373963
0.0031876347
0.0039789598
0.0041540843
0.0036051285
0.003333418
