0.28790858
0.15126826
0.039577488
0.04152226
0.035572022
0.022204453
0.029656388
0.03176075
0.025008863
0.021503476
0.02539113
0.025219413
0.021405667
0.023113877
0.025387703
0.024450624
0.021605803
0.021609487
0.023212934
0.022087201
0.020495957
0.021926785
0.023073435
0.02191425
0.020917257
0.02070197
0.021799251
0.021184845
0.020347225
0.020791618
0.020805508
0.020802448
0.020239178
0.021123199
0.021586338
0.020445263
0.020748662
0.020934591
0.020589964
0.020720197
0.020310612
0.020319646
0.020409064
0.019906359
0.019968608
0.019917922
0.019961981
0.019971736
0.019763017
0.01999632
0.01984299
0.019910669
0.019879142
0.019837586
0.019476585
0.020016037
0.02007274
0.019069413
0.020775774
0.02138877
0.019858098
0.019366896
0.019392384
0.019256203
0.019332685
0.01849447
0.01924189
0.019237487
0.018424796
0.018137626
0.018422222
0.018014656
0.017961742
0.017828343
0.017269965
0.017092392
0.017190048
0.016915062
0.01690339
0.01669844
0.01608941
0.017008258
0.016229728
0.017117998
0.016641544
0.016250318
0.015891867
0.016140064
0.015740478
0.015879236
0.016058138
0.015106518
0.015156704
0.015070873
0.014927949
0.0148384115
0.014861519
0.014397889
0.016240308
0.016458185
0.014969966
0.01591249
0.015868803
0.015074852
0.014899324
0.014022461
0.014873582
0.015403032
0.014849222
0.014423064
0.014102869
0.0143415155
0.015125054
0.013982656
0.014792114
0.014049509
0.014516786
0.015069455
0.013770394
0.014765841
0.016140087
0.01446483
0.0137699805
0.014890346
0.014426288
0.012958236
0.013818798
0.01415332
0.0129803
0.013892542
0.015174668
0.01391768
0.01312197
0.013428602
0.013309486
0.013288985
0.013163622
0.012857231
0.012351963
0.012859806
0.012605076
0.012225702
0.012960066
0.012816124
0.013070643
0.01253552
0.012829664
0.013071968
0.012129213
0.012060334
0.012151577
0.011897489
0.012202819
0.011912604
0.012605111
0.012394075
0.011407562
0.011338655
0.011864795
0.0114251645
0.011710193
0.011713929
0.011210895
0.01110981
0.011297684
0.011095283
0.011279821
0.011123039
0.0109804915
0.01070338
0.011960496
0.011709283
0.011085764
0.010716095
0.011819596
0.010643697
0.011579402
0.012337136
0.010914641
0.011244312
0.0122805545
0.011464263
0.010926939
0.010815371
0.011298972
0.011343072
0.010457051
0.010252466
0.0107864095
0.01074187
0.010900254
0.010336093
0.010963912
0.0111119775
0.010217248
0.010715072
0.010414277
0.010582797
0.010446067
0.010374445
0.010156705
0.010355424
0.010240887
0.010104116
0.0098680295
0.010080755
0.00969771
0.010790188
0.010458924
0.009947235
0.010158176
0.009439458
0.009572067
0.009695823
0.009436113
0.010326415
0.010458457
0.009870549
0.009528417
0.009493022
0.009269347
0.009568483
0.009456168
0.009686423
0.009447064
0.009953073
0.010167856
0.009044598
0.011610936
0.014069997
0.010855841
0.009663719
0.009929118
0.009193225
0.009799443
0.010401635
0.009037769
0.010127634
0.010899186
0.009685931
0.009899587
0.010935965
0.009336234
0.00909494
0.009558397
0.0088035045
0.010184479
0.010442642
0.009229851
0.009241726
0.0092353625
0.008957327
0.008624422
0.008813604
0.008643955
0.008398561
0.0083640395
0.008408147
0.008347195
0.00808429
0.008938444
0.009018074
0.008293323
0.00791039
0.0078988895
0.008394178
0.008460446
0.008066924
0.007970693
0.008131452
0.007851119
0.008031968
0.007947256
0.00767244
0.0078578545
0.007859921
0.007997732
0.0074939732
0.009105992
0.008437238
0.0083483085
0.008275422
0.0072148666
0.0071316496
0.007874989
0.007630434
0.009959056
0.009900743
0.007387867
0.008575403
0.008262895
0.007596796
0.007879854
0.0071797185
0.0072678197
0.0069800764
0.007062731
0.007117007
0.006851139
0.0075523444
0.007778077
0.007913655
0.0069295825
0.008078627
0.008119454
0.0076556304
0.007553503
0.006619163
0.0072645447
0.0069717322
0.006755594
0.0069359336
0.0068321717
0.00649354
0.0070125475
0.0066338233
0.006903487
0.0071364692
0.006989541
0.006416774
0.006366081
0.006651196
0.0066058994
0.006083846
0.0069740615
0.0074514546
0.006782926
0.0064565544
0.006780438
0.006151954
0.007001078
0.0077301315
0.0073013157
0.0063350424
0.0066465475
0.006587018
0.006169077
0.006995838
0.0072243214
0.0065806233
0.006052103
0.0076048314
0.0075040944
0.0066067446
0.0063460693
0.0067119007
0.0069445036
0.0061935647
0.006122848
0.006639374
0.0061356705
0.0063049397
0.007003775
0.006741017
0.0058830385
0.006221685
0.006349932
0.0058360198
0.0061296946
0.0060570464
0.0055775563
0.0058716214
0.006199395
0.005776062
0.006394018
0.006672519
0.006759927
0.00608078
0.008462594
0.009032856
0.006859336
0.0070955814
0.006799377
0.0077256225
0.008333106
0.006812764
0.0068874694
0.0071075098
0.006650196
0.006669663
0.0055684242
0.0073257126
0.008312501
0.0074247816
0.0073006204
0.0075525627
0.006438779
0.0066727363
0.0067413854
0.0064608105
0.005727164
0.0058783144
0.005743628
0.0058577764
0.0059160404
0.0056755864
0.005960211
0.0054274728
0.005492402
0.00578307
0.0054657296
0.005549369
0.0051761656
0.006170543
0.0063824574
0.0058334
0.005652301
0.006094981
0.0060849134
0.005081667
0.005708641
0.006404037
0.0054481956
0.005730349
0.0058396887
0.0057376362
0.005582157
0.005294578
0.0052462206
0.00564396
0.0053326585
0.005271519
0.005598653
0.0052991156
0.005247887
0.005421124
0.00497314
0.005310497
0.0055183303
0.005425461
0.0051076175
0.0055688214
0.0052824267
0.005372441
0.005604949
0.005036134
0.0048166215
0.0052696806
0.0051376536
0.005253386
0.005185627
0.004919889
0.0046941997
0.0052722604
0.005269092
0.004916834
0.004827162
0.004828727
0.0047649
0.004995411
0.0048634023
0.0050137113
0.0047915187
0.004740047
0.004708069
0.004909824
0.0048237606
0.0046873237
0.0046265554
0.0046667107
0.0046129464
