0.28634608
0.044608682
0.071923025
0.060641337
0.025275921
0.030860595
0.03661561
0.028085858
0.022373697
0.024185067
0.026166337
0.024659693
0.020966604
0.023440072
0.027358944
0.024929702
0.020747788
0.022950264
0.025797294
0.024826074
0.021978013
0.021069022
0.022076404
0.022620829
0.02204252
0.020557947
0.020627506
0.021214036
0.020409549
0.020370847
0.020806203
0.020383991
0.019857682
0.02045347
0.020717623
0.019903501
0.020344766
0.020890443
0.020494532
0.020264603
0.020083359
0.019570569
0.020399729
0.020376021
0.019538363
0.019768713
0.019864876
0.01931932
0.01944117
0.01926831
0.019484257
0.019275669
0.019000959
0.018979037
0.018972853
0.018747019
0.018671324
0.018513309
0.018591784
0.018338295
0.018224869
0.01808238
0.017828545
0.017605394
0.017556312
0.017207997
0.016823754
0.01639582
0.016247025
0.01584473
0.01564437
0.015302655
0.015548284
0.01522749
0.01517576
0.015176133
0.014427322
0.015191618
0.014797953
0.014409408
0.014270668
0.014152159
0.013883752
0.014064665
0.013649878
0.014021181
0.013430615
0.014583848
0.01462819
0.012993003
0.014046997
0.014284651
0.0147971595
0.014242418
0.012892902
0.013441932
0.013667096
0.01376877
0.01370116
0.013427794
0.013108194
0.012907274
0.012830317
0.012764558
0.012701261
0.0127019165
0.012707601
0.012424573
0.01234362
0.012703199
0.012470613
0.013292592
0.01354511
0.013072374
0.012790233
0.012550202
0.012854318
0.013343014
0.012429959
0.012516846
0.0129069835
0.012443572
0.012465638
0.012333375
0.012266177
0.012143095
0.012059681
0.0119701885
0.011823553
0.012132001
0.011757373
0.011975616
0.012023215
0.011852472
0.011698064
0.011672472
0.011469086
0.011774589
0.011764714
0.011512271
0.0114601
0.0114757195
0.011248671
0.011448829
0.011294581
0.01124619
0.011494208
0.011372574
0.01126486
0.011017333
0.011876329
0.011623174
0.010911894
0.010919367
0.011323712
0.0111535
0.010971986
0.010866716
0.011030376
0.010806166
0.011083142
0.011039027
0.010740752
0.010714668
0.010736038
0.010616926
0.010843046
0.010679352
0.010703333
0.010568008
0.010774215
0.010770544
0.010494846
0.01049718
0.010451923
0.010474225
0.010689091
0.010494668
0.010686797
0.01065158
0.010413182
0.010344586
0.01038574
0.010346594
0.010370929
0.010299682
0.010456651
0.010331263
0.010445532
0.010454953
0.010185386
0.0101123275
0.010654024
0.010581348
0.010120638
0.010212202
0.010047964
0.010040824
0.01010039
0.010029685
0.010163262
0.009983846
0.010025844
0.010033429
0.010102001
0.009947495
0.009997581
0.009884887
0.010062673
0.0100309625
0.0099275755
0.010192423
0.010039511
0.010714601
0.01076135
0.0101162
0.010079457
0.010118507
0.009878988
0.010059786
0.0100565525
0.009999546
0.010165832
0.010377397
0.010146555
0.009818454
0.009828712
0.010012251
0.009896574
0.010149147
0.010095354
0.00982131
0.009768431
0.009772296
0.0099410415
0.009677523
0.010355998
0.0102641275
0.0097338045
0.009840629
0.009724745
0.009775926
0.009612393
0.01009054
0.010163891
0.009583048
0.009703681
0.009834544
0.009579845
0.009975664
0.01018221
0.010062694
0.009794713
0.009618834
0.00989498
0.009688818
0.00957528
0.009773318
0.009732068
0.009685545
0.009500617
0.009836417
0.009690751
0.009641119
0.009576445
0.009578757
0.00949389
0.009436119
0.009402934
0.009675698
0.009625692
0.009320232
0.009320952
0.009539529
0.009411635
0.00940176
0.009374137
0.009325145
0.009354155
0.009228136
0.009136834
0.009628236
0.009621999
0.009213688
0.009534984
0.009318486
0.009770524
0.009495757
0.009610946
0.009436583
0.00940359
0.009260458
0.009781213
0.009609793
0.009229312
0.009200722
0.009329095
0.009069845
0.009774658
0.0098029515
0.009193498
0.010132071
0.010161909
0.009351862
0.009634834
0.009484861
0.009348929
0.009339665
0.009154388
0.009372319
0.009285624
0.009132954
0.009111176
0.009099429
0.009008982
0.008995837
0.009004498
0.009014685
0.008907827
0.009236836
0.009175989
0.009001706
0.008913013
0.008974477
0.008890644
0.009035528
0.008979827
0.00899163
0.008827078
0.008977495
0.008854418
0.009148081
0.00913172
0.008822109
0.008963731
0.008712177
0.009682447
0.010085759
0.008882261
0.010611314
0.012116454
0.010638299
0.009331941
0.010036734
0.010562821
0.009527402
0.009634948
0.010193884
0.009426613
0.009447963
0.009734787
0.009190828
0.009097352
0.009326407
0.009182756
0.009083587
0.009065203
0.00884813
0.0088877445
0.008851954
0.008761686
0.00883308
0.008625953
0.008930015
0.008935914
0.008716839
0.008769217
0.0087290695
0.008701687
0.008691923
0.008562365
0.008648645
