0.28929746
0.0593188
0.07432549
0.044567216
0.02554348
0.028720811
0.027782872
0.023214335
0.024008512
0.025021559
0.022570843
0.021514742
0.02234829
0.021718591
0.02100554
0.021830738
0.020797275
0.021573586
0.022271326
0.020780133
0.02178218
0.023615241
0.021983897
0.020568484
0.021192381
0.021423526
0.02071854
0.020700155
0.021340655
0.020775778
0.020948077
0.021019196
0.021370048
0.02095365
0.020512976
0.021202484
0.021273335
0.02107392
0.020903843
0.020505458
0.020682735
0.020760197
0.020516759
0.020315519
0.021114456
0.021254173
0.02059398
0.020797258
0.020710416
0.020385407
0.020414745
0.020328885
0.020335982
0.020498618
0.020266218
0.020861521
0.020963276
0.020396486
0.021107236
0.021363044
0.020371439
0.021364959
0.022378683
0.021450752
0.020299377
0.02149506
0.02247995
0.021104848
0.02046352
0.020883566
0.02049016
0.020389069
0.02054722
0.020192364
0.020422986
0.020409552
0.020281337
0.02035356
0.020380178
0.020393262
0.020221414
0.020256963
0.02024971
0.020160677
0.020393578
0.02032
0.020640856
0.020391626
0.020344215
0.02037265
0.02034781
0.02024211
0.020328505
0.020263495
0.02038962
0.020320045
0.020216264
0.020177834
0.020320848
0.020303853
0.020141428
0.020107444
0.020243721
0.02020628
0.02014389
0.020132849
0.020052003
0.020011589
0.020156292
0.020089008
0.019997805
0.019976761
0.020002836
0.019941548
0.020026973
0.01994233
0.019936576
0.019898094
0.01990355
0.019850567
0.019843662
0.019777833
0.01982139
0.01974541
0.019739354
0.019646375
0.019711012
0.01961415
0.019607315
0.019499676
0.01953441
0.01937279
0.019446254
0.019233013
0.019363502
0.019176375
0.019156924
0.019383913
0.019225625
0.019187188
0.018845366
0.019023262
0.018885141
0.018478366
0.018624326
0.018540436
0.018060235
0.018174224
0.018158888
0.017738145
0.017461011
0.017556656
0.017176924
0.017802425
0.01785429
0.01717112
0.01683537
0.016705187
0.016881956
0.01638528
0.016613608
0.016639562
0.016560558
0.016309679
0.01634411
0.015736628
0.01625012
0.016240299
0.0155621255
0.015261867
0.0151787745
0.014777735
0.015022461
0.015070985
0.0148332445
0.0145850135
0.014919519
0.01477274
0.014606218
0.014609107
0.013998057
0.013859004
0.014328301
0.014236548
0.014115552
0.013783321
0.014450396
0.014039072
0.014028474
0.014320049
0.01348906
0.013366077
0.014229484
0.014134931
0.013285224
0.013175297
0.013507181
0.013213076
0.01381756
0.013708285
0.013414115
0.012988851
0.014344309
0.014132995
0.013034821
0.012983876
0.013609454
0.013608697
0.012923434
0.012980696
0.01318254
0.012796712
0.013603312
0.013777748
0.012884946
0.013597206
0.014319603
0.013603891
0.01298252
0.013232517
0.013015349
0.0128916325
0.012801799
0.012780125
0.012733497
0.012845089
0.012450155
0.013463211
0.013720672
0.012836523
0.012889549
0.01296221
0.012732918
0.012651592
0.012339029
0.013295176
0.013524619
0.013025296
0.012848883
0.013163232
0.0127820885
0.012928627
0.013195515
0.012994406
0.012503189
0.013413294
0.012940238
0.013297764
0.013225105
0.013090327
0.013220138
0.012459946
0.012535009
0.012724173
0.012564343
0.012199302
0.01223212
0.012436326
0.0122066615
0.01279746
0.012831628
0.0121695325
0.012142601
0.012074802
0.012392537
0.012038504
0.012328696
0.012316376
0.012081777
0.012391982
0.01238482
0.011961392
0.0120071
0.011833134
0.012237345
0.01175278
0.013387193
0.013666388
0.011991292
0.012649809
0.013113865
0.012320407
0.012478001
0.012685984
0.012139366
0.012079154
0.012222218
0.012125817
0.0119909765
0.011709935
0.012390815
0.011609609
0.012935531
0.013443228
0.012175928
0.012046065
0.01235547
0.011761248
0.011678543
0.012075725
0.011909406
0.01148916
0.011778444
0.011838916
0.011762009
0.01189066
0.011561449
0.011576086
0.011721288
0.011571139
0.011261535
0.011162669
0.0114106685
0.011119877
0.011293245
0.011279553
0.011403662
0.011280385
0.011408339
0.011457647
0.011239988
0.011231032
0.010823611
0.011612077
0.011373862
0.011657256
0.011774172
0.011225241
0.011377695
0.011118225
0.010994777
0.011111811
0.011000966
0.010890361
0.010790248
0.011011618
0.010898772
0.010903259
0.010611057
0.011347879
0.011331163
0.010567341
0.010516018
0.010557721
0.010598332
0.010585065
0.010467249
0.010935326
0.0108044995
0.010789849
0.010641464
0.01062044
0.010447952
0.010605543
0.01050742
0.010652661
0.010441727
0.01074066
0.01062404
0.010361501
0.010489802
0.010246501
0.010412182
0.010299171
0.010359676
0.010430503
0.010213852
0.010558709
0.010559623
0.0108690215
0.011026685
0.010303195
0.010445222
0.010556914
0.010304556
0.010266833
0.010120011
0.010267397
0.01010184
0.010192928
0.010299065
0.010211662
0.010155694
0.010027922
0.010072644
0.009999085
0.010018964
0.010433018
0.010262224
0.010120331
0.010297011
0.010361862
0.01023181
0.009949037
0.010141998
0.0101665165
0.0099011585
0.00990643
0.010049344
0.009756987
0.009727982
0.009935035
0.009786878
0.00977216
0.009979946
0.010009101
0.009795786
0.009766295
0.009848353
0.0095166005
0.009929017
0.009931534
0.009923947
0.009739426
0.010263689
0.0103605455
0.010281853
0.010005184
0.0095507605
0.009644671
0.009638061
0.009495871
0.009476333
0.009641495
0.009424816
0.009997022
0.010026174
0.010415584
0.010294963
0.009563332
0.009901221
0.009847283
0.009667336
0.009614424
0.009523359
0.009805379
0.009644825
0.009838413
0.009697124
0.009475303
0.00940461
0.009447684
0.009306152
0.009651907
0.009773525
0.009680103
0.009454544
0.0092778485
0.009531491
0.009268834
0.009352206
0.009128564
0.010198662
0.01051106
0.009706064
0.009215186
0.010040601
0.0098933345
0.009247076
0.009350184
0.009435494
0.009319995
0.009371688
0.009281275
0.009103759
0.008986708
0.00932824
0.009239118
0.009212964
0.009148965
0.00897838
0.00883198
0.009306625
0.009246055
0.008950592
0.008994912
0.008882105
0.00885998
0.0092846
0.008954464
0.009068277
0.009035221
0.008825797
0.008682776
0.0089273965
0.00888174
0.008842381
0.0088641355
0.008658301
0.008513971
0.009230115
0.009237894
0.008600815
0.009192709
0.009072029
0.008580503
0.008488312
0.008690776
0.008713089
0.0085726725
0.008743822
0.008303833
