0.2863665
0.063858114
0.069823265
0.044739157
0.02078631
0.02122633
0.023062631
0.021596616
0.023316985
0.02390007
0.020850966
0.024670884
0.02578473
0.022498025
0.021372177
0.023907756
0.023388678
0.020302474
0.023943981
0.025695309
0.022688394
0.020587223
0.023033915
0.023541018
0.020600336
0.021980695
0.024222506
0.022744482
0.020323267
0.022169987
0.02436254
0.021712957
0.019973712
0.020470055
0.019685071
0.021546876
0.021973873
0.019619279
0.022311807
0.02451849
0.022853298
0.0202645
0.020117942
0.021745672
0.019933602
0.019427683
0.020055458
0.019586356
0.018424936
0.018202975
0.018838348
0.01822139
0.01914578
0.019057019
0.018417135
0.017855968
0.018555176
0.017618617
0.018157491
0.018299488
0.017081542
0.017965155
0.018202849
0.016873315
0.018572604
0.019685531
0.017742755
0.017456697
0.017613107
0.016823603
0.017618548
0.0179939
0.01627914
0.017355157
0.019060535
0.017549405
0.015944473
0.017040186
0.017603582
0.015957687
0.01594635
0.016797058
0.015890138
0.015267614
0.015596309
0.015226819
0.015671061
0.015703231
0.015205654
0.0149243595
0.014940198
0.014537108
0.015713058
0.015687704
0.015498606
0.015085976
0.014886956
0.014908761
0.014152236
0.014131208
0.013945244
0.013841438
0.013925825
0.0135827325
0.014092852
0.013996888
0.0143271955
0.013912094
0.013600305
0.013211084
0.014079653
0.013828307
0.013656296
0.013826725
0.013054888
0.013265952
0.013269859
0.0128772585
0.012771177
0.012966424
0.012609898
0.0127924755
0.012677488
0.012338921
0.012429641
0.012065157
0.012698486
0.012582757
0.012006576
0.012003213
0.012027931
0.011748974
0.012142007
0.011895296
0.012076844
0.011895672
0.011805862
0.011510943
0.011958976
0.011697262
0.011772628
0.011783835
0.011455539
0.011307269
0.011479131
0.011418626
0.011190668
0.011199996
0.0111814765
0.011031819
0.011250568
0.011156213
0.010959008
0.010959349
0.010794974
0.010757484
0.010971856
0.010730072
0.010897855
0.010829281
0.010470208
0.010403325
0.010826339
0.010681509
0.010460712
0.010460294
0.010394501
0.010284147
0.0103749065
0.010223065
0.01024942
0.010219338
0.010034635
0.010009931
0.01020464
0.0100016035
0.010028735
0.010009847
0.010243984
0.009870331
0.009862884
0.009768018
0.01011766
0.010040422
0.01007625
0.009868418
0.009759323
0.009806982
0.009616618
0.009567269
0.009549336
0.009826526
0.009431243
0.009661763
0.009479261
0.009446703
0.00938293
0.0094440775
0.00969126
0.009125967
0.009376946
0.009229691
0.009464563
0.00936757
0.0090310415
0.009410746
0.008999526
0.009354862
0.009462613
0.008865229
0.010044812
0.009559516
0.009503505
0.009292339
0.00945283
0.008927579
0.009450702
0.009718728
0.009183028
0.008978529
0.009223896
0.009351733
0.008708079
0.009036678
0.008950057
0.008555186
0.008590082
0.008620971
0.009229966
0.009123546
0.009161288
0.008827546
0.008916403
0.008870288
0.008936436
0.008693823
0.008437294
0.008746479
0.008276696
0.008977055
0.008728511
0.008396267
0.008485347
0.0082530305
0.008357
0.008251544
0.008307266
0.007987601
0.008105371
0.008156282
0.007799505
0.008636242
0.008498053
0.007722512
0.008359275
0.007835685
0.009187996
0.009815771
0.007832543
0.01048513
0.0133154495
0.010390309
0.007813145
0.009363578
0.010521098
0.008623806
0.008148518
0.008852546
0.008110392
0.008235284
0.008607234
0.0076896455
0.008466378
0.009152412
0.008175801
0.008103472
0.008402756
0.007875391
0.007904787
0.00797411
0.0077086054
0.0074502802
0.007511662
0.007534899
0.0071961004
0.0073419916
0.007212361
0.007270767
0.0073232106
0.0069096847
0.0073135174
0.0072770133
0.007050835
0.0072243065
0.00705909
0.0069301208
0.0069582504
0.006742645
0.0069505055
0.0069328505
0.006677419
0.006563744
0.0069833286
0.0067042387
0.0065846215
0.006629148
0.0066123065
0.0063978615
0.0069045257
0.0066452697
0.006679237
0.0066142585
0.0065273917
0.006961459
0.0065774447
0.0075350567
0.007126061
0.0067392555
0.006691742
0.0068407753
0.006516089
0.0069671124
0.0067161205
0.006469472
0.0063290955
0.006565757
0.006406689
0.0064285225
0.0062627816
0.0065698735
0.0062694387
0.00656308
0.0066858563
0.00597279
0.0059833233
0.0060737547
0.0059340727
0.0065522343
0.0061144233
0.006750709
0.0067430153
0.006093197
0.006394657
0.0062502525
0.006187027
0.0060747876
0.00616426
0.006072184
0.0060256473
0.0061788573
0.0058464617
0.006196628
0.0058208206
0.0063576386
0.005933056
0.0064820447
0.0061685503
0.0065080696
0.0064468794
0.0061958856
0.005976409
0.006172151
0.005818093
0.0066189333
0.00654275
0.0061787837
0.006134731
0.00587065
0.005779004
0.0057917447
0.0056031714
0.0059921984
0.0057380847
0.005921979
0.0059194206
0.0057337745
0.005662923
0.005618281
0.005778551
0.005626069
0.005967939
0.0058510094
0.005784457
0.005688984
0.0056413203
0.0056857113
0.0053735212
0.0060139666
0.005913276
0.0053746947
0.0055962764
0.005406212
0.005848316
0.0056565893
0.00593596
0.0057555586
0.0056249225
0.005541479
0.00586823
0.005472275
0.0063515007
0.0065349243
0.005731363
0.0063418294
0.005938361
0.005776199
0.005914384
0.005603954
0.0059300065
0.005538322
0.0060378904
