0.28848046
0.050654497
0.06698377
0.04062946
0.027837954
0.027122816
0.025186146
0.024565272
0.024048043
0.022942321
0.022544049
0.022513686
0.022112295
0.021670857
0.021741988
0.021675667
0.021226784
0.021411149
0.021519385
0.020969922
0.021784516
0.022264374
0.021382144
0.020971308
0.021234313
0.0208439
0.021605924
0.02186208
0.021232218
0.02091494
0.021316858
0.020973722
0.021255357
0.021175586
0.021216596
0.020959035
0.02101992
0.02096481
0.02067929
0.020528205
0.020606574
0.02040602
0.020259513
0.019997856
0.019995194
0.019528195
0.01968467
0.019557865
0.018611215
0.01914567
0.019200644
0.01823034
0.01851123
0.018724201
0.018014835
0.018211566
0.018658971
0.017924776
0.017818218
0.018103823
0.017734146
0.01769337
0.017768228
0.017616699
0.017400889
0.017574152
0.017496645
0.017210957
0.017618308
0.017470865
0.017592505
0.017397158
0.017250216
0.017286066
0.017121552
0.016991576
0.017519558
0.017386086
0.016984351
0.016975323
0.017134136
0.016966796
0.017194653
0.017229503
0.016810438
0.016793514
0.017138489
0.017105725
0.017039837
0.016982617
0.017139958
0.016902687
0.017073933
0.017064897
0.017024742
0.016895877
0.016849726
0.016850872
0.01696225
0.016872121
0.016941918
0.016912358
0.016758978
0.01671944
0.016917432
0.016842984
0.01672247
0.016699094
0.01680967
0.016704025
0.016800156
0.016776746
0.016644131
0.016592914
0.016829299
0.016784301
0.016569406
0.016528368
0.01678261
0.016729983
0.01654011
0.016505899
0.016653398
0.016555013
0.016618626
0.016589545
0.016455928
0.01639009
0.016709113
0.016675478
0.016336037
0.016324015
0.016749473
0.016764767
0.01632365
0.016559945
0.016297104
0.016475983
0.016188735
0.017133309
0.017394973
0.01642788
0.016646473
0.017262042
0.017040048
0.016377632
0.016924776
0.017773274
0.017489126
0.017091112
0.01685842
0.016979702
0.016952133
0.01647164
0.01682547
0.017133603
0.017045911
0.016825566
0.016239567
0.016341059
0.01657235
0.01646079
0.016234202
0.016066536
0.016083576
0.016020333
0.01592721
0.01606716
0.015888536
0.016133418
0.016218536
0.01576814
0.016312666
0.016638676
0.016024854
0.016604446
0.017133305
0.016430838
0.016036997
0.01634302
0.016181523
0.015672723
0.01613734
0.01639661
0.015647247
0.01590164
0.016471589
0.016047223
0.015592719
0.015898602
0.015926274
0.015451654
0.015914215
0.016144214
0.015615195
0.0155527545
0.015735516
0.015374872
0.015471636
0.015697148
0.01534086
0.015284061
0.015380003
0.015130923
0.01532276
0.015320159
0.015164174
0.015141969
0.015034891
0.015028219
0.014910224
0.015178409
0.015121094
0.014896907
0.015021217
0.014977957
0.014759016
0.014852293
0.014695304
0.014845905
0.015002601
0.0146750435
0.014806516
0.014979176
0.014765114
0.014451022
0.014656793
0.014391634
0.015127328
0.015343758
0.014830726
0.014686865
0.014666837
0.015006167
0.014566724
0.014571709
0.014712527
0.014481132
0.014304821
0.014505816
0.014564899
0.014271662
0.014118917
0.01451289
0.014242518
0.014478077
0.014527522
0.014077329
0.014013332
0.0143224
0.014270843
0.014120416
0.013979961
0.014339115
0.014330499
0.013911565
0.0138567835
0.01423872
0.014115724
0.013924423
0.013811216
0.014169251
0.014096747
0.013813436
0.013787354
0.01395157
0.013887979
0.013705604
0.013631952
0.0139540285
0.013810233
0.013708718
0.013598098
0.013868388
0.013815205
0.013563447
0.013506331
0.013626389
0.013506807
0.013657945
0.013534826
0.013542349
0.013517897
0.013363444
0.013321874
0.013402201
0.013336661
0.013288821
0.013182481
0.013377613
0.01324937
0.013229764
0.013132541
0.013168924
0.01304507
0.01327348
0.013266233
0.012911986
0.013021166
0.012829773
0.012768733
0.0134315295
0.013220395
0.013057436
0.013262018
0.013065952
0.012632216
0.013299947
0.012845487
0.01325002
0.013485096
0.012463278
0.014097366
0.014779729
0.013731174
0.014757832
0.015702201
0.0143802995
0.0138052
0.01458772
0.0141383605
0.013554104
0.0135262525
0.013427061
0.013030029
0.0132185
0.013035561
0.012484174
0.012522957
0.012374611
0.012271893
0.01226296
0.012160316
0.011965189
0.012045597
0.011738573
0.011627302
0.01182083
0.011736091
0.01162833
0.012019337
0.011703566
0.011940994
0.012018395
0.011338048
0.011084832
0.012042469
0.0118958885
0.011795774
0.011743481
0.011091453
0.010893424
0.011630893
0.0116749415
0.011044045
0.010917434
0.010994109
0.010615257
0.011384722
0.011487171
0.011900256
0.011241454
0.011185058
0.0108860275
0.010696755
0.010810186
0.010599508
0.010677747
0.010475497
0.0101563325
0.010629718
0.010618837
0.01042468
0.010137201
0.010286473
0.009732028
0.010753789
0.010829836
0.009862079
0.01002819
0.009802916
0.009465193
0.009561889
0.009350106
0.009308008
0.00927964
0.009239659
0.009194218
0.008671293
0.0094658
0.009869908
0.009298648
0.008932501
0.008733108
0.009110031
0.008555857
0.0092182
0.009501926
0.009095755
0.008852013
0.008591134
0.008480319
0.008630183
0.0081357425
0.0089492155
0.00861155
0.0082357405
0.008066614
0.008450753
0.008460153
0.007887151
0.007834211
0.00799568
0.007761057
0.007719766
0.0074900747
0.007948112
0.007685542
0.007616645
0.007702431
0.007339426
0.007212883
0.007443426
0.0071950457
0.0074760094
0.0071494714
0.007389245
0.0069617457
0.0077068447
0.007394314
0.007019834
0.007001354
0.006924813
0.0068934695
0.007181438
0.007219281
0.0066470006
0.006823203
0.0065229028
0.006475883
0.006986084
0.0065932465
0.006965378
0.006750116
0.0065601817
0.006530788
0.006446553
0.006386494
0.00661896
0.00639124
0.006517908
0.0066695516
0.005935619
0.006541215
0.0060696118
0.0060470193
0.007565995
0.006569359
0.008562532
0.008815162
0.008025895
0.0076349997
0.007661605
0.0077430704
0.006945115
0.00668074
