0.2899
0.04341088
0.114933245
0.13413203
0.09727808
0.08045536
0.08962754
0.08653531
0.07905308
0.08848027
0.09669947
0.09215709
0.082523614
0.079149626
0.08202723
0.08294001
0.08044452
0.07899705
0.079535805
0.080107145
0.07890176
0.078581475
0.07886507
0.078629486
0.07763813
0.07825354
0.07854656
0.07777932
0.07744425
0.0765355
0.07807752
0.07860733
0.07701988
0.07902015
0.07994189
0.07745231
0.07754686
0.07876014
0.077209145
0.076300584
0.07623253
0.075393505
0.075363
0.06297552
0.032123838
0.02057173
0.028820286
0.030362463
0.024151294
0.020007538
0.02218861
0.023545742
0.021728456
0.019609949
0.021423718
0.023289062
0.02200222
0.019861657
0.019708974
0.020631583
0.020073922
0.019207247
0.019597808
0.019744543
0.019128319
0.019331587
0.019567974
0.019163003
0.019167447
0.019369384
0.019163154
0.019371046
0.01929558
0.019667707
0.01946644
0.018959671
0.018996136
0.01923927
0.01901202
0.019223021
0.019298946
0.019027853
0.018958032
0.01910933
0.01906606
0.019072922
0.019006794
0.019086294
0.019039316
0.01901866
0.018961458
0.018989855
0.018965488
0.018977532
0.018933019
0.019041145
0.018988768
0.018898683
0.018885473
0.018962974
0.018910686
0.018936636
0.018915668
0.018892506
0.018854626
0.01895967
0.018908838
0.018873548
0.018847683
0.018895796
0.018865244
0.01886034
0.01883406
0.018876107
0.018849885
0.018831981
0.01880616
0.018864026
0.018836308
0.018811984
0.018791124
0.01883415
0.018806688
0.018794727
0.018768642
0.01881825
0.018795507
0.01876015
0.018735876
0.018814432
0.018791521
0.018724678
0.01870489
0.01880517
0.018781105
0.018694496
0.018677993
0.018789008
0.018765286
0.01866767
0.018655209
0.018757336
0.018724093
0.018660933
0.018646622
0.01870755
0.018680759
0.018647298
0.018629564
0.018671053
0.018645158
0.018633023
0.018612063
0.018642226
0.018622858
0.018596426
0.018576914
0.018618628
0.018596036
0.018566914
0.01854958
0.018581806
0.018558277
0.018542113
0.018525744
0.018533168
0.01851152
0.018517165
0.018496873
0.018494843
0.0184759
0.018474694
0.018451625
0.018463459
0.018445484
0.018419715
0.018397644
0.01842218
0.018393707
0.018368894
0.018350417
0.01833984
0.018310385
0.01833767
0.01830866
0.01825074
0.01821545
0.018266367
0.018234575
0.018116178
0.018088007
0.01822407
0.018044531
0.01823959
0.018114092
0.017986398
0.018011605
0.017738799
0.017696897
0.01756523
0.017454863
0.017314987
0.01714866
0.016909506
0.016943377
0.01663885
0.01673375
0.016745036
0.016189354
0.016167343
0.015995173
0.015729163
0.015861033
0.015775895
0.015623085
0.015550106
0.015211049
0.0151752895
0.015003521
0.014940616
0.014613715
0.01476775
0.014522779
0.014323302
0.014137607
0.014089405
0.01380906
0.0142220305
0.014269021
0.013789505
0.013975681
0.0140090035
0.013297741
0.013718226
0.013954396
0.0133051425
0.01360964
0.013845951
0.01314082
0.013433513
0.013682141
0.013202821
0.013253748
0.013092305
0.013198146
0.013383508
0.013094377
0.013694122
0.013542908
0.013067978
0.012759257
0.013967688
0.013846458
0.012888714
0.01290166
0.013145546
0.013109248
0.012774008
0.012641657
0.013096762
0.012816303
0.013125271
0.012852155
0.0128683895
0.012903258
0.012615613
0.012468112
0.0133873625
0.013449665
0.01242365
0.012459931
0.012735772
0.012564848
0.012973773
0.012977738
0.012428462
0.012412225
0.012462724
0.012375131
0.012921405
0.012611438
0.012547434
0.012458165
0.012564719
0.012311769
0.012804815
0.012797031
0.012188688
0.012247219
0.012535316
0.012345563
0.0125474045
0.012571107
0.012111179
0.012025658
0.012716335
0.012472526
0.0123170065
0.012160671
0.01234894
0.01223312
0.012265734
0.012210685
0.012176667
0.012184548
0.012118517
0.011987249
0.012222245
0.012113087
0.012004691
0.011863519
0.012418419
0.01210785
0.011959716
0.011797313
0.012329243
0.012105522
0.011833169
0.011843915
0.011965041
0.011859621
0.01206163
0.012077947
0.011632897
0.012104196
0.011492484
0.011417776
0.012057081
0.011615936
0.011682619
0.0115399435
0.0116314115
0.011451702
0.01147332
0.01162377
0.01131712
0.011813354
0.011332498
0.012114953
0.012122717
0.011827569
0.011641961
0.01171348
0.011516211
0.011163677
0.011889209
0.011853594
0.011083711
0.0121805
0.012939927
0.011570175
0.011075251
0.0109746205
0.011089165
0.010660571
0.011844414
0.011089102
0.0128158135
0.012199678
0.011059058
0.011597522
0.0108349845
0.01043981
0.0134992
0.0126158865
0.013338033
0.013840109
0.011478116
0.015848687
0.01978916
0.015613454
0.011390033
0.013657644
0.014855792
0.012759806
0.012370794
0.012380798
0.011926229
0.012109928
0.011284647
0.011701609
0.011876923
0.010745221
0.010756168
0.011658465
