0.28803113
0.08282045
0.06271016
0.03218654
0.029703781
0.028234204
0.022526184
0.027202876
0.027227351
0.022367805
0.023672095
0.0249909
0.024072045
0.021605425
0.022735089
0.023846537
0.02168169
0.021327225
0.022317698
0.022238463
0.020574914
0.022438506
0.023873108
0.02280911
0.021377036
0.020860737
0.022037575
0.022113895
0.020572843
0.021470869
0.022519499
0.02187044
0.020940244
0.020653285
0.021381281
0.021300614
0.020361051
0.021770513
0.022933515
0.022447223
0.021277912
0.020925993
0.021067956
0.021300768
0.021417608
0.020774936
0.020312335
0.02069573
0.020673154
0.02026581
0.020775162
0.020572418
0.02049189
0.02056352
0.020461503
0.020554028
0.020448009
0.0203043
0.0206692
0.020581843
0.021124244
0.020374184
0.021444941
0.021953939
0.020473337
0.022002362
0.022177055
0.020275693
0.0233983
0.02566374
0.022452975
0.020030791
0.020530425
0.019896712
0.02157849
0.021953398
0.020566689
0.021469975
0.02134937
0.019893428
0.022171944
0.023890013
0.021511748
0.019749938
0.02016189
0.01947039
0.020959971
0.02169682
0.019785257
0.020570284
0.021815231
0.020054946
0.019202681
0.019656422
0.018814946
0.02033832
0.021396607
0.01985394
0.019034727
0.019354425
0.018415833
0.019513406
0.02045201
0.018950881
0.018495772
0.018771738
0.017978441
0.01885526
0.019032681
0.017790286
0.018969065
0.019469181
0.018432839
0.017382441
0.017789485
0.018089376
0.017764496
0.017155344
0.017632872
0.017558463
0.01703685
0.016702956
0.016742408
0.01692505
0.016169665
0.01635754
0.01679674
0.016412957
0.015430704
0.016527517
0.017239382
0.016640346
0.016414547
0.015554637
0.014970347
0.01572078
0.016226338
0.015896892
0.015182789
0.015000909
0.015173475
0.01524888
0.014941782
0.015227844
0.015053928
0.014595519
0.014621012
0.014916841
0.014679729
0.014633124
0.014620811
0.014595983
0.0144134285
0.01449013
0.014486208
0.014385473
0.014266756
0.014533456
0.014471098
0.014228853
0.014181686
0.014385749
0.014271066
0.0142767215
0.014238912
0.0142185325
0.014117352
0.014232513
0.014200126
0.01411919
0.014035354
0.014320121
0.014273413
0.013960868
0.01392231
0.014317654
0.014207848
0.0139736915
0.013928824
0.01421724
0.014153671
0.013935692
0.013894279
0.014171586
0.014099753
0.013907687
0.013856391
0.01416025
0.0140923
0.013872909
0.01382342
0.0141527625
0.014078428
0.013830994
0.013788466
0.0141119175
0.014021296
0.013835449
0.013805233
0.013999097
0.013922301
0.01386543
0.013832025
0.013897893
0.013831249
0.013913128
0.013873235
0.013819094
0.013761468
0.013942617
0.013887361
0.013767992
0.013710823
0.013972901
0.0139154615
0.013715233
0.013669523
0.013982364
0.013919148
0.0136874905
0.013643447
0.013990405
0.013929509
0.013661507
0.013642214
0.01388855
0.013829857
0.013695096
0.013664258
0.013831851
0.013803034
0.0137139
0.013732142
0.013717574
0.0136943385
0.013798463
0.01378639
0.0136963455
0.013690695
0.0137995435
0.0137126865
0.013912941
0.013714691
0.013798381
0.013618584
0.013891164
0.013842345
0.013712101
0.013689425
0.01385948
0.013820241
0.013601355
0.013598246
0.013775523
0.013726916
0.013597312
0.013576105
0.013619092
0.013538311
0.01374581
0.013660138
0.013550296
0.013496059
0.013696231
0.013587664
0.01364166
0.013580133
0.013541303
0.013416182
0.013784629
0.013655059
0.01350883
0.013487662
0.013578941
0.013536714
0.013493866
0.013491802
0.013460465
0.013463579
0.013497562
0.013579662
0.013386592
0.013554697
0.013533153
0.013427898
0.013712943
0.013996639
0.01352862
0.013441759
0.013830488
0.013838564
0.013690889
0.013676073
0.013519126
0.0133938575
0.013813451
0.01352441
0.01351944
0.013462632
0.013393392
0.0133054005
0.01341939
0.013346079
0.013412397
0.01335102
0.013303305
0.01323776
0.01321224
0.013153602
0.013297266
0.013138945
0.013244323
0.013163145
0.013215229
0.013208891
0.013021101
0.012998904
0.013296161
0.013099176
0.013174728
0.013016116
0.013088994
0.012881306
0.013205496
0.012977317
0.013062216
0.012914295
0.013080058
0.012903112
0.012994605
0.012971606
0.0128576495
0.012808047
0.012985443
0.013008376
0.012802232
0.012761489
0.012827645
0.012795438
0.012888917
0.012788176
0.0127006
0.012682241
0.012776542
0.01268607
0.012653421
0.012574896
0.012809259
0.012750198
0.012573357
0.012501423
0.012650347
0.012562755
0.012583819
0.012461729
0.01262411
0.0125397025
0.012529696
0.012501123
0.012366954
0.012356773
0.012637258
0.012465403
0.012274844
0.012460179
0.012594581
0.012649999
0.01258023
0.012914757
0.012345538
0.012349605
0.012545171
0.012258879
0.012518222
0.012556411
0.012229886
0.012323253
0.012511946
0.012209434
0.012193787
0.012292768
0.01224608
0.01219478
0.012447938
0.012298204
0.012130915
0.012032564
0.01222973
0.012329243
0.01215987
0.012342705
0.012334614
0.0121072335
0.012477013
0.0120810205
0.012699004
0.0133852875
0.0127577735
0.012272932
0.012524642
0.01257429
0.012571397
0.012642108
0.012561829
0.012309081
0.012058247
0.012354892
0.012552455
0.01252943
0.012027316
0.012580551
0.013004586
0.012183894
0.011950739
0.012200515
0.012450923
0.012499777
0.012582381
0.012021161
0.012536891
0.013508245
0.012700982
0.013185926
0.012658854
0.012850001
0.01363423
0.013172059
0.012332696
0.012414262
0.012537047
0.0120388055
0.012241426
0.01282506
0.012482832
0.01236439
0.012098583
0.011959118
0.011991936
0.013118734
0.012948017
0.0122573385
0.012510151
0.012521488
0.011893046
0.012347527
0.012308923
0.012299698
0.012342346
0.011815106
0.01167234
0.01184233
0.011791446
0.011839997
0.011780982
0.011539931
0.011413325
0.011629444
0.01173303
0.01169141
0.011614736
0.011575744
0.011171457
0.011887059
0.011746493
0.011479632
0.011495392
0.01119524
0.011108165
0.011175456
0.011152196
0.011367106
0.011326817
0.011073896
0.011029977
0.01134589
0.0115354555
0.011239551
0.011228035
0.010894734
0.011376553
0.0110640405
0.011228886
0.010975532
0.01089536
0.011049899
0.011090477
0.011163224
0.011114437
0.011139117
0.010584883
0.011142711
0.010749549
0.010706678
0.010810935
0.010532081
0.0104497075
0.01070759
0.010589442
0.0105078
0.010395019
0.010278192
0.0108415065
0.010973764
0.010938848
0.010164959
0.011535775
0.011812695
0.010901009
0.0113980295
0.011128015
0.011287726
0.011324382
0.010630268
0.010721293
0.010813318
0.010454483
0.010724054
0.010683331
0.010359065
0.0109089045
0.0110820085
0.010519407
0.01014818
0.01069055
0.010869366
0.010641109
0.010474796
0.010192814
0.010382357
0.010193571
0.01097314
0.010340805
0.01046759
0.010279448
0.010536057
0.01037037
0.010029123
0.0098741045
0.010044194
0.00985427
0.010253955
0.009911147
0.010044828
0.009977959
0.00986589
0.010029759
0.009846166
0.00989036
0.01000578
0.009569645
0.009680804
0.009944051
0.009712695
0.010225411
0.009746027
0.0105701955
0.010727708
0.009888579
0.00989931
0.009945181
0.009934485
0.009899909
0.009714709
0.010143436
0.010089389
0.009603293
0.009796909
0.009862992
0.009625718
0.009850665
0.009768747
0.010312568
0.010081056
0.00984408
0.010526019
0.009863414
0.010052166
0.01048179
0.009662959
0.009923697
0.009737148
0.0095022535
0.00966937
0.009379317
0.009628962
0.009321392
0.00948296
0.009459048
0.00918359
0.009317302
0.009075034
0.010146441
