0.288266
0.052762315
0.07066363
0.041209538
0.022808671
0.028437868
0.026621208
0.02433802
0.023623377
0.02457814
0.02392344
0.022215808
0.023177603
0.02357699
0.021902695
0.022837283
0.024144659
0.022769252
0.021697843
0.02273392
0.023087362
0.022301992
0.021962186
0.022501105
0.022338303
0.021819184
0.021702847
0.021968162
0.021677583
0.021827586
0.02201877
0.021597004
0.02218005
0.022279257
0.022310473
0.021643324
0.022299653
0.022630274
0.022377474
0.02188055
0.021879086
0.021915883
0.022172026
0.022116994
0.0214945
0.02175578
0.02178408
0.021623908
0.021468213
0.02183531
0.021905089
0.021454567
0.021774992
0.02172733
0.021698454
0.021595681
0.021195658
0.021403948
0.021292781
0.021024927
0.0208906
0.021081911
0.020954594
0.02055964
0.020658305
0.020356968
0.020767497
0.020820796
0.020044453
0.020151997
0.019858778
0.019422963
0.01906528
0.01890712
0.018507473
0.018906899
0.0189958
0.017972605
0.018193966
0.017962037
0.017789109
0.01786721
0.017621104
0.017328087
0.017466344
0.017203623
0.01766911
0.017382702
0.017112972
0.017085904
0.016940711
0.01683634
0.016686333
0.016590107
0.01667262
0.016454054
0.017032685
0.017038975
0.016102184
0.017408123
0.018286237
0.01697986
0.016255258
0.016179992
0.016416324
0.015731964
0.015718462
0.015760303
0.01540035
0.015163727
0.015526836
0.015766371
0.01486336
0.014902002
0.015148617
0.014702082
0.014532905
0.014455289
0.014151637
0.014889094
0.01498088
0.013788097
0.016186602
0.0183765
0.016407395
0.013788971
0.015054907
0.016572151
0.015611991
0.013911779
0.013996139
0.014744744
0.014527559
0.013469358
0.013520044
0.014104833
0.013263841
0.013216731
0.013557595
0.013095259
0.012836679
0.0130831385
0.012823723
0.012600962
0.012529921
0.012445781
0.012467307
0.012170579
0.013509137
0.013819255
0.0125610875
0.012772635
0.013051446
0.012666336
0.012571018
0.012085135
0.012550588
0.012856099
0.011756507
0.012693569
0.013437025
0.012243579
0.011990217
0.01205645
0.011740041
0.011852544
0.011461941
0.011894832
0.011862864
0.011239146
0.011461109
0.011308141
0.011136752
0.011438402
0.01146717
0.011059669
0.011105419
0.011044984
0.01108287
0.011216908
0.010942164
0.010836624
0.010829191
0.010778521
0.010686845
0.010607076
0.010577948
0.01047385
0.01050699
0.010337123
0.010537333
0.010490865
0.010258523
0.010389571
0.010348476
0.010169377
0.010168999
0.009975225
0.010312849
0.010183173
0.01015825
0.010027963
0.01020464
0.010161127
0.009957765
0.009849493
0.010127083
0.009881961
0.009886636
0.009726222
0.00989071
0.009952345
0.0095017655
0.009540633
0.009596635
0.009447652
0.009923873
0.010037524
0.009537303
0.009710842
0.00954778
0.009429253
0.009550214
0.009214564
0.009759985
0.009822412
0.009126038
0.00961943
0.009713586
0.009243484
0.009531948
0.009287015
0.009262207
0.00911997
0.009134853
0.009131373
0.008971964
0.009009235
0.008880201
0.008779782
0.008842371
0.008733638
0.008830477
0.008802368
0.008715392
0.008544245
0.008860584
0.008739262
0.0085442085
0.008534978
0.008516784
0.008388066
0.00853065
0.008456671
0.008405611
0.00845915
0.008265954
0.00823719
0.00854404
0.008394567
0.008588275
0.008650138
0.008547022
0.008458762
0.008399016
0.008397202
0.008155275
0.008113036
0.00826909
0.008136992
0.0081229
0.008125327
0.008058623
0.00796552
0.008188243
0.008098683
0.00807187
0.007938265
0.007978571
0.007844859
0.008128093
0.007945574
0.007952198
0.007838634
0.00796922
0.007851016
0.007885837
0.007830462
0.007812182
0.007715533
0.0079099145
0.007846303
0.007670661
0.007606572
0.007826201
0.007736072
0.007622844
0.0075556864
0.0077102208
0.0075785406
0.0076169674
0.007529646
0.007559272
0.007461507
0.007532694
0.0074693076
0.0074362936
0.0073865815
0.007469557
0.0074337185
0.0073565017
0.0072903833
0.0074594114
0.0073506883
0.007264434
0.0071771634
0.0074134604
0.007307064
0.0071978034
0.0071288287
0.007411852
0.0071930713
0.0071307854
0.0070470492
0.0072802976
0.00708147
0.0071590967
0.0071369563
0.006981733
0.007092409
0.0071368036
0.006866068
0.007210514
0.006982473
0.006946908
0.006906817
0.0068588573
0.0069008004
0.0067884563
0.0067607462
0.0068114526
0.0067787445
0.006706001
0.006631825
0.0067397673
0.006653325
0.006623438
0.006558195
0.006646611
0.0065613315
0.0065693855
0.006478296
0.0064966506
0.0064018816
0.0064725727
0.0064114905
0.0063562966
0.0064076683
0.0064285924
0.006206682
0.0063531385
0.0061782175
0.006295879
0.0062200283
0.0061255307
0.006096242
0.0061830576
0.0059938175
0.006313058
0.00618686
0.0058634975
0.005917596
0.0060037845
0.0058674854
0.0057234205
0.0057409923
0.005826023
0.006449539
0.0057430803
0.0074175503
0.0070527564
0.0059219613
0.006463355
0.005924765
0.006031394
0.005938634
0.005688871
0.0057688896
0.005599722
0.0058409185
0.005774133
0.0058224793
0.0058726296
0.005702766
0.0056390897
0.005530657
0.0055306195
0.0054380703
0.0055520195
0.0052974415
0.0054400936
0.0051702186
0.005247691
0.0052160583
0.0051769293
0.0055049784
0.005193157
0.0055448264
0.0053380555
0.0051110624
0.0048999
0.005094481
0.004837407
0.0054633897
0.005439956
0.004750325
0.0050030514
0.005032527
0.005005565
0.004812063
0.0048201527
0.004676824
0.005158711
0.005310552
0.004749233
0.0049118414
0.0048662224
0.0046556536
0.004595386
0.0047420072
0.0046408125
0.004438385
0.0051150327
0.0045533753
0.0053765127
0.005493026
0.004938767
0.0048713293
0.004859973
0.0048623695
0.004733425
0.0046420526
0.0046342616
0.004419724
0.004760181
0.0045070588
0.005187237
0.0051868395
0.004633132
0.0048590885
0.0044931383
0.004740754
0.004771235
0.004340451
0.0046342625
0.0047508045
0.0042479164
0.0046069412
0.0045955665
0.0044048247
0.0043714135
0.004564665
0.0043477737
0.004588383
0.004688085
0.004450344
0.0044502323
0.0042836936
0.0041864645
0.004386936
0.004089166
0.0043560304
0.004230233
0.00440412
0.0042353
0.004168227
0.0044059292
0.0040040794
0.004401179
0.004152464
0.004508348
0.004554005
0.004717368
0.0044343
0.0045392974
0.0044385553
0.0040359083
0.0040738364
0.004086072
0.0040236954
0.0043910486
0.004221493
0.004358103
0.0043141716
0.00410167
0.004418081
0.0039992514
0.0040411423
0.003917118
0.0040548733
0.0038722362
0.003899293
0.0038913095
0.0037574135
0.004038285
0.0038514414
0.0041880463
0.0039649825
0.0040506204
0.003931932
0.004020372
0.003879517
0.0039184582
0.0038262762
0.0039226157
0.0037129316
0.004032673
0.004120322
0.0038459376
0.004047681
0.0036582062
0.00395584
0.0036387306
0.0042520906
0.004143061
0.0039409525
0.0039141816
0.0038872752
0.0038387787
0.0038057857
0.0037258219
0.0038047277
0.0036658
0.0040014493
0.0039817793
0.0035865428
0.003693007
0.003613054
0.0034548675
0.0042923046
