0.2889298
0.0883753
0.06860821
0.03381477
0.03569842
0.03533708
0.024780205
0.026856363
0.02948772
0.024953624
0.021925246
0.024113974
0.023185277
0.022597453
0.022358323
0.023113279
0.022387005
0.022009432
0.021970222
0.021843957
0.021509841
0.02134254
0.021310486
0.021074956
0.020931939
0.021107713
0.020865634
0.020727234
0.020718776
0.02049264
0.020375213
0.020722955
0.020494467
0.020543657
0.020495089
0.020214174
0.020246902
0.020084789
0.019962087
0.020153245
0.019814575
0.02033074
0.020392723
0.020040924
0.01989896
0.01992499
0.019492015
0.019503908
0.019430643
0.019387124
0.019318467
0.019129371
0.019199446
0.019000383
0.019254267
0.019046059
0.018695017
0.019027235
0.018555952
0.019126974
0.019081397
0.018782074
0.018484714
0.018341238
0.018261088
0.017867848
0.0177649
0.017400077
0.017969737
0.01785667
0.017217463
0.017271055
0.017476102
0.017121846
0.016623082
0.016710537
0.016293617
0.016505448
0.01577327
0.016221443
0.016135206
0.016279964
0.015997881
0.016347053
0.015783316
0.015543468
0.015592498
0.01488695
0.014616073
0.014816771
0.014556085
0.014790524
0.0147706345
0.014103417
0.013665234
0.014345522
0.014282845
0.013537905
0.013558363
0.013249525
0.012833393
0.01372191
0.013695851
0.012834743
0.012737784
0.012476962
0.01233345
0.01270355
0.0120058255
0.012924418
0.013194621
0.012940705
0.012488228
0.011873447
0.01186758
0.011718151
0.011950925
0.011854164
0.011779974
0.011701569
0.011976025
0.011645089
0.011484712
0.011404376
0.011502124
0.011165266
0.011734582
0.011708205
0.011138615
0.011147988
0.010984928
0.010887359
0.011039928
0.0108639635
0.011173663
0.010730892
0.011188171
0.011262295
0.010615297
0.010589582
0.010633119
0.010498852
0.010423447
0.010328422
0.010514431
0.010313925
0.010391154
0.010089132
0.010442987
0.010087288
0.01037518
0.010088761
0.009987803
0.00974829
0.010801334
0.010650444
0.009595622
0.009677067
0.009922043
0.009832929
0.009737837
0.009907835
0.009469689
0.009544837
0.009564238
0.009331751
0.009551145
0.00940584
0.009206557
0.009089795
0.0093541285
0.009234897
0.009087689
0.008979772
0.009184034
0.009002991
0.00913335
0.008955602
0.0090920525
0.008821513
0.009070932
0.008733905
0.009143341
0.008936319
0.008746427
0.008572117
0.008968256
0.008758531
0.008662107
0.008564556
0.008637909
0.008559596
0.008583184
0.0086208405
0.0083330115
0.008392238
0.0083540315
0.00833178
0.008316629
0.008347873
0.008071881
0.008063353
0.008121046
0.008039356
0.008057543
0.007968339
0.0079176845
0.007831954
0.007975487
0.007952622
0.0076468936
0.0076409825
0.007861049
0.0076632504
0.0076992884
0.0075851264
0.0074953116
0.007384592
0.0075029284
0.007416911
0.007231155
0.0071868636
0.007297152
0.0071127545
0.00715052
0.007032022
0.006996941
0.0069082608
0.007022781
0.006914739
0.006895795
0.006748695
0.0067502465
0.0066946633
0.006711636
0.0065585584
0.006908176
0.0068128887
0.0064306543
0.0065381634
0.0067819287
0.0064595104
0.0069127195
0.006942144
0.0063438844
0.007137029
0.0068336762
0.0066474522
0.0066596232
0.006837169
0.0068073696
0.006187409
0.0067911707
0.0069710687
0.0063110986
0.006162388
0.0063913916
0.0061923675
0.005981552
0.006079064
0.005971998
0.0059451754
0.0059590465
0.005795373
0.0062848236
0.0060282215
0.006221367
0.006331028
0.006035158
0.005977715
0.006431963
0.006338687
0.005744645
0.005792568
0.0056978576
0.005536445
0.0057566557
0.005806493
0.0055558984
0.0057876892
0.0054513216
0.0055013685
0.005488157
0.0053105806
0.0054854783
0.0054738647
0.0054529994
0.0055144173
0.005473061
0.0054653604
0.005327957
0.0053516943
0.00550318
0.0051012933
0.0059968135
0.0063146553
0.005619925
0.005323482
0.005647864
0.0055316505
0.0051758313
0.005098827
0.0051082713
0.005042438
0.0051819603
0.004810938
0.006026547
0.0064273993
0.00566778
0.0053473017
0.0055566356
0.0053363102
0.005356493
0.005003256
0.0055097765
0.0057285815
0.005137986
0.005110135
0.0053560194
0.0048851683
0.0056485585
0.0058354535
0.004953934
0.0052118083
0.0052999374
0.005050069
0.0050410093
0.004844192
0.004934534
0.0046382896
0.0050699976
0.0052739545
0.0048288843
0.0047295364
0.0050812694
0.004962155
0.0049834307
0.004656821
0.005121914
0.0053470302
0.0047033746
0.0045774863
0.004817482
0.004653709
0.00452325
0.0044683157
0.004629684
0.0045646597
0.004726101
0.004762023
0.0047152378
0.004432763
0.00484053
0.0045864736
0.0044354456
0.0043847566
0.004622188
0.004535506
0.004570093
0.0045584175
0.004220895
0.0041517257
0.004433213
0.004333591
0.0043699513
0.0042511453
0.0043718223
0.0042117336
0.0044439808
0.004316907
0.0042268946
0.004091717
0.004351953
0.004174772
0.0042474605
0.00415627
0.0042386367
0.0041583367
0.004129004
0.0040224656
0.004269585
0.0041419007
0.003969005
0.0039216024
0.0039642486
0.003882385
0.0042527197
0.004223105
0.0038660073
0.003864239
0.0040919627
0.0039354027
0.0040720752
0.0040252716
0.0038864603
0.0038935102
0.0038565442
0.0037331749
0.004020782
0.0037469976
0.0042984583
0.004258648
0.0037548125
0.004231681
0.004121487
0.003852784
0.0038424935
0.003971674
0.0038354276
0.004089056
0.0039832857
0.0038443338
0.0036655841
0.0038258594
0.0035662565
0.0040193074
0.004010193
0.0034969319
0.0035726689
0.0035881829
0.0034544177
0.004008619
0.004015809
0.003546457
0.0038918343
0.0036518537
0.0035761243
0.00409852
0.0036972489
0.003710679
0.0036255752
0.0035888422
0.0034494482
0.003624821
0.0034494258
0.003723288
0.003740378
0.0033286966
0.003509382
0.0033486485
0.0031891174
0.004048949
0.003689952
0.0036073085
0.0039182375
0.003278454
0.003755411
0.0033921748
0.0038062509
0.003916802
0.003644983
0.0037647162
0.0036009115
0.0032728352
0.0036139123
0.0035621275
0.0034781937
0.0037289534
0.0034641754
0.003284563
0.0032533119
0.003486079
0.0033511694
0.0034685812
0.0033140548
0.0033726245
0.0030934375
0.0035312788
0.0032043469
0.0031841584
0.0030401044
0.0032754336
0.0030239262
0.0034816663
0.003567338
0.0029320593
0.0031731434
0.0030281276
0.0028935336
