0.2885009
0.05760303
0.07302553
0.042523544
0.025437728
0.028174536
0.025165126
0.024169603
0.023926407
0.022387492
0.02298974
0.022463167
0.021678722
0.022029543
0.021692252
0.021295572
0.02142647
0.021254783
0.02119304
0.021289065
0.020995507
0.021465933
0.021366531
0.02101726
0.02169541
0.021460151
0.02160035
0.021235786
0.021650845
0.021498853
0.02124542
0.021171875
0.021457441
0.021393627
0.020876935
0.020893453
0.020986252
0.020921143
0.020903802
0.020883769
0.02100581
0.020813962
0.021467976
0.021450652
0.020819413
0.021128409
0.021071488
0.020844547
0.020813294
0.020777771
0.020728977
0.0206701
0.020614624
0.02080779
0.020827217
0.020698711
0.020626118
0.020693636
0.02051644
0.020923635
0.02080101
0.020556597
0.0205452
0.0205449
0.020435749
0.020464603
0.020374374
0.020326542
0.020220665
0.020288212
0.02014398
0.019972881
0.019742357
0.01965773
0.019348236
0.019278182
0.01892382
0.018832266
0.018524349
0.018296108
0.018058943
0.018372625
0.018394984
0.0179858
0.018528761
0.018185161
0.018100586
0.017973928
0.017830214
0.017696595
0.017672202
0.017400997
0.017525816
0.017382776
0.01752725
0.017462762
0.017331876
0.017600857
0.017490797
0.017349554
0.01731727
0.017300045
0.017199371
0.017402997
0.017211506
0.017183365
0.01709088
0.017195912
0.01723517
0.017080827
0.016976228
0.01691805
0.016855996
0.01699456
0.016939145
0.016960876
0.016869532
0.016901314
0.016807934
0.016868295
0.016836971
0.016743746
0.016699696
0.016812941
0.01676285
0.016678678
0.016639242
0.01667989
0.016627857
0.016675087
0.016592901
0.01665972
0.016603386
0.016557023
0.016486961
0.01665228
0.01659328
0.01646355
0.016401624
0.0166616
0.016600488
0.016392851
0.016348176
0.016561547
0.01647915
0.016391158
0.016324045
0.016498834
0.01642408
0.016339034
0.016289806
0.016376896
0.016291363
0.016379666
0.016304746
0.016287096
0.016226903
0.016276823
0.01624079
0.016246887
0.01625401
0.016166447
0.016073598
0.01629631
0.0162293
0.01601286
0.01615015
0.016507443
0.016112102
0.017201083
0.017285166
0.015902
0.016919134
0.017494142
0.01644372
0.016500117
0.016792484
0.016125469
0.0162443
0.016425071
0.015914416
0.016460268
0.01706208
0.01633653
0.0159786
0.016258603
0.01571688
0.01637433
0.016905077
0.016035872
0.016140006
0.016327506
0.015902719
0.015670639
0.015909394
0.015452057
0.01644826
0.017140748
0.016535671
0.015807142
0.016725548
0.016035723
0.01581688
0.015693797
0.015857713
0.015437626
0.016298644
0.015706485
0.01626089
0.016408205
0.015294245
0.015314055
0.015357733
0.015203453
0.015977161
0.015329362
0.015952714
0.015614085
0.015581426
0.015386302
0.0153905405
0.01505142
0.01583376
0.0153847905
0.015495855
0.015651954
0.015020609
0.014929436
0.015137243
0.014973362
0.015312235
0.015112504
0.015083701
0.014944379
0.015036911
0.015021245
0.0148949
0.014946796
0.014819537
0.014941904
0.014850248
0.014867363
0.014775363
0.014968407
0.014684965
0.014714174
0.014575624
0.014546881
0.014624973
0.014476548
0.014506429
0.014460154
0.014289667
0.01430701
0.0142156035
0.014233072
0.014105176
0.013959681
0.014350604
0.01403441
0.014114273
0.013940637
0.01385837
0.013932001
0.013643789
0.0139934225
0.013702367
0.013693093
0.0138824405
0.013657483
0.013810624
0.013746788
0.013484776
0.013655171
0.013385332
0.013578586
0.013177316
0.013911734
0.013506449
0.0144961225
0.015453249
0.01439643
0.013214189
0.014780474
0.01475437
0.014431537
0.013979767
0.014202074
0.014281296
0.01366677
0.013456195
0.013884914
0.013698774
0.013977435
0.013775904
0.013486479
0.013581661
0.013469716
0.01332366
0.013239493
0.013134827
0.013590354
0.013112593
0.013404292
0.0136103695
0.013357456
0.013108087
0.012766966
0.01281517
0.012648174
0.012910691
0.0128689045
0.012779388
0.012524009
0.012763843
0.012556911
0.012908399
0.013107136
0.0126988925
0.01266558
0.012377079
0.012948181
0.013062623
0.012735547
0.012602836
0.012735414
0.01246157
0.01234695
0.012688182
0.012531671
0.012455694
0.012395778
0.012296427
0.012233299
0.01209521
0.01237882
0.012289348
0.012175473
0.01227389
0.012125122
0.01196833
0.0118029
0.012324515
0.012293406
0.011951667
0.012027882
0.011844091
0.011930194
0.011893067
0.011573297
0.011694492
0.011428696
0.012884058
0.012694083
0.011877346
0.011703197
0.011770978
0.011657245
0.012303103
0.012150775
0.01145517
0.011523069
0.011593558
0.011229515
0.011892285
0.0114963055
0.011712834
0.0118985595
0.011265036
0.011099535
0.011450517
0.01117524
0.0113544585
0.011300686
0.011025667
0.011026666
0.010840905
0.01087159
0.01063943
0.0108107105
0.010542975
0.010783851
0.010664214
0.01043069
0.010866535
0.010382015
0.01034335
0.010605077
0.010656063
0.010197406
0.010243236
0.010355989
0.0098390775
0.011305767
0.011629087
0.010265455
0.010759036
0.010464867
0.009678175
0.010324684
0.009429961
0.010645807
0.010461035
0.010335532
0.010011524
0.010432298
0.009654411
0.010595272
0.010082882
0.009812575
0.010114726
0.009660974
0.010101245
0.009774421
0.009736121
0.0091960225
0.009539016
0.008951805
0.010189111
0.010138539
0.00891292
0.009374271
0.008753039
0.008678014
0.009022356
0.008534939
0.00915666
0.009159787
0.00853708
0.009102502
0.009151533
0.008525985
0.008519712
0.00874584
0.008489518
0.00813019
0.008244214
0.0081624845
0.007959797
0.008903875
0.008167617
0.0094924765
0.008187506
0.01037628
0.0102829235
0.00850964
0.009274739
0.00923564
0.008280224
0.009227625
0.008724291
0.008519107
0.008139926
0.008303663
0.00813345
0.00821261
0.007978663
0.007995866
0.008386807
0.007762289
0.008060907
0.007979206
0.0074786334
0.00782486
0.0077290596
0.007372938
0.0072900294
0.008067462
0.0075250245
0.008684687
0.008645407
0.007929639
0.00796426
0.007947179
0.0077070505
0.0076900455
0.007349988
0.007828677
0.007527622
0.007896877
0.007743653
0.0071092336
0.006986746
0.007948387
0.008406532
0.0071068904
0.008150482
0.008270432
0.007333309
0.0074979807
0.00737272
0.007094694
0.007712325
0.007767499
0.006903549
0.0068838014
0.0067567825
0.0065283827
0.006898901
0.007281047
0.0066242367
0.007491253
0.0066772862
0.0076738275
0.0076062717
0.0070142034
0.00786467
0.0070895893
0.007222709
0.007072583
0.007142175
0.0067897565
0.007536404
0.006931078
0.007831047
0.0077875718
0.006580151
0.0071988613
0.0067528947
0.0065945783
0.006964604
0.006305588
0.0069324733
0.0070832744
0.0067715473
0.0067748292
0.0068536033
0.008112837
0.007495331
0.0077967993
0.007856536
0.0073438752
0.007040428
0.007468534
0.006879371
0.00690089
0.00714419
0.006810921
0.006566692
0.0065656304
0.006305386
0.0064938883
