0.2876124
0.066873424
0.058676213
0.03319445
0.028415764
0.027938291
0.022341592
0.02696388
0.027692692
0.022004507
0.023971334
0.027257198
0.024063146
0.020884067
0.02288279
0.024445228
0.022981564
0.020704944
0.022625407
0.024793794
0.024550498
0.022858793
0.020981
0.020315409
0.02146189
0.021216504
0.020862842
0.01989918
0.020165242
0.02055551
0.020595485
0.019872433
0.019608198
0.019370312
0.020074379
0.019249411
0.019820996
0.019520992
0.018394502
0.018974816
0.01846028
0.01886595
0.018938838
0.017608562
0.017792521
0.017661894
0.016400946
0.018279515
0.019316122
0.01745052
0.015780827
0.018581254
0.020243669
0.017208567
0.015854532
0.016265286
0.01639026
0.015698036
0.01530901
0.015438654
0.01511335
0.01527702
0.015051562
0.015256611
0.015318804
0.01494414
0.015117601
0.015107243
0.014811605
0.014863317
0.014781854
0.014631604
0.014665435
0.014517024
0.014689267
0.014504555
0.014749825
0.014765787
0.0146936765
0.014382112
0.015116115
0.0151526965
0.01434651
0.015103251
0.0153923435
0.015025253
0.0148265315
0.014296117
0.01529774
0.015670078
0.014585483
0.015244138
0.016185658
0.0152017735
0.014542893
0.014864651
0.014383891
0.014739548
0.014936154
0.014259714
0.01502268
0.015599887
0.01468531
0.014746971
0.015265752
0.014447518
0.014499468
0.01504689
0.014308661
0.014390998
0.014817316
0.014225502
0.014554412
0.014893547
0.014143995
0.014614767
0.015153899
0.014319283
0.014231496
0.014608741
0.014042809
0.014588664
0.015199962
0.014392778
0.014156918
0.014535394
0.0140037015
0.014346282
0.014802501
0.014089269
0.014163318
0.014574711
0.013982267
0.014238224
0.014596592
0.0139358165
0.014242233
0.0147466855
0.014064695
0.013978596
0.014344516
0.013838175
0.014162096
0.014586444
0.013916229
0.013975541
0.014363617
0.013809547
0.013981973
0.014362409
0.013775903
0.013931397
0.014324211
0.0137228565
0.013908602
0.014324731
0.013722281
0.013799404
0.014163754
0.013614501
0.0138629
0.014302594
0.013676905
0.01364895
0.013970423
0.013468877
0.013881889
0.014374904
0.013693522
0.013489214
0.0137637975
0.013351916
0.013885255
0.014370861
0.013644333
0.013412412
0.0136977555
0.013283822
0.013812161
0.014320682
0.01359922
0.01332035
0.013570177
0.013193328
0.01381018
0.014295522
0.0135563435
0.013303162
0.013499487
0.013205969
0.013675141
0.014081209
0.013643622
0.01358477
0.013463028
0.013506186
0.01332758
0.013370139
0.013668488
0.013272296
0.0134938955
0.013759772
0.013465665
0.01352487
0.013557087
0.013480305
0.01349971
0.01320143
0.013430268
0.013569304
0.01332521
0.013250564
0.01319427
0.0135252355
0.013529175
0.013078983
0.013576485
0.014083828
0.013999223
0.013858188
0.013485648
0.013047284
0.01353098
0.013680934
0.013324897
0.013636616
0.013652195
0.013096911
0.0135375
0.013941775
0.013404804
0.013438683
0.013802621
0.013309471
0.013065086
0.013094857
0.012911265
0.012897797
0.012898843
0.01293616
0.012882578
0.012831763
0.012871529
0.012924063
0.012856685
0.012980029
0.012920112
0.0129969
0.012960165
0.012809713
0.012792836
0.012877938
0.012851785
0.012846478
0.012756777
0.01290878
0.012943547
0.01276281
0.01273172
0.012740751
0.0127127515
0.01287707
0.0127925165
0.01277605
0.012762158
0.012710568
0.012696579
0.012731086
0.012682433
0.012749466
0.012720991
0.012662489
0.01264124
0.012718986
0.012688662
0.012623891
0.012586107
0.012781591
0.012759498
0.012574084
0.012553644
0.012660161
0.0126106525
0.0126415705
0.012598875
0.012587957
0.012579064
0.012561594
0.012532468
0.012540132
0.012472454
0.012659331
0.012648627
0.01242436
0.012400606
0.012585442
0.01252314
0.012423222
0.012352847
0.012609328
0.012626213
0.0123141855
0.012328017
0.012302995
0.012254597
0.012412266
0.0122905485
0.012513385
0.012620791
0.012180527
0.012996296
0.013629727
0.012907892
0.012727899
0.012972158
0.012764149
0.012490387
0.0123815425
0.012521661
0.012392444
0.012055088
0.012130299
0.012241937
0.012141358
0.012023505
0.012013928
0.01182608
0.01190469
0.011950945
0.01174964
0.0116183935
0.011350238
0.011294011
0.011338693
0.0111320885
0.0112912245
0.011330728
0.010978341
0.010942946
0.011279922
0.010756981
0.010571505
0.010819082
0.0107821515
0.010401537
0.010659985
0.010302822
0.010337437
0.009922527
0.010079632
0.009923179
0.010007233
0.009862035
0.009736839
0.00944681
0.009527616
0.009593747
0.009485349
0.009314224
0.009191024
0.009279007
0.009272893
0.008871832
0.009568931
0.008967596
0.009023807
0.008721542
0.009161837
0.0087985685
0.008675766
0.008676791
0.008455743
0.008734945
0.008540642
0.008676385
0.008703734
0.008260003
0.008436325
0.008192833
0.008386386
0.0080160685
0.008080255
0.008162048
0.007846055
0.0079137385
0.007799448
0.007637694
0.0077571585
0.0076419436
0.007310664
0.0073877065
0.007238414
0.007081844
0.007109063
0.0070117484
0.007034609
0.0070339977
0.006842067
0.0067169294
0.0069256686
0.006775155
0.006811269
0.006734414
0.0066618007
0.0066686687
0.0063941428
0.00645146
0.006243992
0.0063776
0.006156448
0.0063217916
0.006327366
0.006040989
0.0061932206
0.006103201
0.006052119
0.0061534755
0.005836088
0.0059879664
0.0059508053
0.005899196
0.00559107
0.006033959
0.0057128295
0.0056397053
0.0059039495
0.005496837
0.005573038
0.005821124
0.005319122
0.005557228
0.0055027767
0.0055063604
0.005292976
0.0052781403
0.005483281
0.005254513
0.0051886784
0.0051290854
0.005049895
0.005120785
0.0048464607
0.0051079616
0.0051227887
0.0048054922
0.004991974
0.0050568264
0.0048085856
0.0048313765
0.0048725903
0.004687464
0.004917988
0.0050750896
0.0048908493
0.004769869
0.004728461
0.004659427
0.0049742702
0.004521675
0.0051531773
0.005388552
0.00490025
0.0047449707
0.004825929
0.0047058766
0.0045964825
0.0046703587
0.004791874
0.0044251042
0.004969195
0.004679458
0.0044874977
0.004497205
0.004337913
0.0045382273
0.0042780745
0.00454742
0.0044115246
0.004347729
0.0044224802
0.004242725
0.0041244626
0.0044060326
0.004260768
0.004258575
0.0042349114
0.004400547
0.0040791645
0.00461126
0.004523439
0.0043339366
0.0043360237
0.0040948745
0.004097358
0.004017765
0.004041442
0.0039882273
0.0038177685
0.0038970616
0.0037894214
0.0040420373
0.0038278783
0.004059924
0.0039480664
0.003770556
0.0038821802
0.0039259978
0.0036136508
0.003902233
0.003720342
0.003790024
0.0038971417
0.0036132587
0.0038232617
0.003989098
0.004043016
0.003517491
0.0040486082
0.004415367
0.004437448
0.003773067
0.0038987014
