0.28945065
0.075185664
0.061852466
0.03559364
0.031638674
0.02914626
0.02468435
0.025763093
0.026044184
0.021709776
0.024396745
0.027259136
0.023524398
0.020849884
0.022490406
0.0220177
0.020960024
0.021738103
0.022323182
0.021122677
0.020950688
0.02139393
0.020895503
0.020640448
0.020952655
0.020473631
0.021608775
0.021319458
0.020892622
0.02084587
0.020643996
0.020837784
0.020363478
0.021580296
0.021254882
0.02078289
0.020787472
0.020358542
0.02047322
0.020262217
0.020494923
0.020301998
0.020765161
0.020478023
0.020631777
0.020751623
0.020201562
0.020512696
0.02029524
0.02070949
0.020662114
0.020111427
0.020315329
0.020086596
0.020855827
0.020737393
0.02006928
0.02025807
0.020031625
0.020549387
0.02053173
0.020042514
0.020246973
0.019995045
0.020662472
0.020825485
0.020028273
0.020662498
0.02106492
0.020177068
0.020465733
0.02107337
0.020242248
0.020135889
0.020539174
0.020023055
0.020329406
0.02070353
0.020180985
0.019972842
0.020116245
0.019801931
0.020962132
0.021546653
0.020924533
0.019975414
0.020900168
0.021818422
0.021066746
0.020535847
0.019884491
0.021192973
0.021603847
0.020071723
0.021112114
0.021688456
0.020686844
0.021222914
0.021159738
0.01979455
0.021330068
0.022713045
0.021222437
0.019600123
0.020316036
0.020341503
0.020145366
0.020030769
0.019411901
0.02077387
0.02140606
0.019857699
0.020108327
0.021016724
0.019970505
0.01941144
0.019706564
0.019181537
0.02045431
0.02127567
0.020109827
0.019521793
0.019979581
0.019306866
0.019609148
0.01999536
0.019145848
0.019998642
0.020995246
0.019796252
0.01904738
0.019358391
0.018967627
0.019674415
0.02002604
0.019006493
0.01967104
0.020549716
0.019589147
0.018804837
0.019002896
0.01868999
0.018742217
0.018696493
0.01869429
0.018594084
0.01870197
0.018657347
0.018521022
0.018524965
0.018316237
0.018609613
0.018561432
0.018900866
0.018855276
0.018076712
0.019079806
0.019888842
0.019243829
0.018527968
0.018773103
0.019345991
0.019062353
0.017971808
0.018769069
0.019963646
0.019625353
0.020012552
0.020123625
0.018538645
0.017662698
0.018009836
0.017919451
0.018468471
0.018631222
0.017354468
0.01725629
0.017959725
0.017409686
0.017444164
0.017577229
0.016602
0.016938675
0.017689234
0.016968591
0.016774332
0.016785963
0.016095856
0.016849717
0.017558048
0.016375214
0.01582464
0.016212493
0.01569468
0.016235495
0.016940853
0.015940653
0.015665818
0.01610083
0.015472774
0.015615818
0.016129965
0.015266396
0.0153472265
0.015853463
0.015068463
0.015157732
0.015648881
0.01482245
0.015099439
0.01567445
0.014802762
0.0147172315
0.015131327
0.01439643
0.014868285
0.015371978
0.014453992
0.014395684
0.014817934
0.014104159
0.014394127
0.014917011
0.014111039
0.013998099
0.014455418
0.013814993
0.0140874125
0.014675749
0.013713722
0.014086974
0.014985849
0.013688547
0.013799471
0.01454182
0.013486563
0.013870083
0.014939901
0.013585356
0.013598404
0.0146224545
0.01332328
0.013568058
0.014381441
0.013353045
0.012968723
0.013149898
0.012894985
0.0128981015
0.013081677
0.012869966
0.012869604
0.013470441
0.012989037
0.012859054
0.013065029
0.013152425
0.012660605
0.012874592
0.012967434
0.012911963
0.012678797
0.01242489
0.012844778
0.012912397
0.012815722
0.0124033345
0.012689753
0.012730487
0.012570061
0.012419529
0.012383886
0.012345244
0.012445703
0.0123576345
0.012444389
0.0121822655
0.012504603
0.012713681
0.012181384
0.012092124
0.012282251
0.012107068
0.012486207
0.012436592
0.012213028
0.0120701
0.012255907
0.012265556
0.011933289
0.0119098015
0.012147951
0.011998355
0.0119346455
0.011840814
0.012056999
0.011933261
0.011971477
0.011993639
0.011760507
0.011710207
0.011901784
0.011847828
0.011843279
0.01166375
0.011925307
0.011932821
0.011802234
0.011679684
0.011696756
0.011725385
0.011860634
0.011646055
0.011730946
0.011739132
0.011882465
0.011710215
0.011671801
0.011704261
0.011670803
0.011528727
0.011640206
0.011639426
0.011883534
0.011749943
0.011413849
0.011426368
0.011667919
0.011554099
0.011413056
0.011339976
0.011700164
0.0115635665
0.011417534
0.011373916
0.011499773
0.011417858
0.011394368
0.011360683
0.01142102
0.011355479
0.011352688
0.01133157
0.011331868
0.011285049
0.011268678
0.011215108
0.011357337
0.011264496
0.011189503
0.011111855
0.011371486
0.011229261
0.011221126
0.011074749
0.011384167
0.011166508
0.011289728
0.01110777
0.011318813
0.011098306
0.011278793
0.011103138
0.011276155
0.011163474
0.011187457
0.011144797
0.011172026
0.011230146
0.011088814
0.01112366
0.011071112
0.011081514
0.011007567
0.011002656
0.011098704
0.011074473
0.010998775
0.010998041
0.010979076
0.010963325
0.0109806135
0.010964175
0.010913026
0.010880031
0.010986743
0.010947657
0.010872044
0.010819015
0.011002806
0.010938973
0.010894706
0.010798859
0.010973495
0.010896449
0.0108414665
0.010766114
0.010901663
0.010818292
0.010882693
0.010809846
0.010802205
0.010711205
0.010886054
0.010808702
