0.28852132
0.043058563
0.06903905
0.053725895
0.024186954
0.03346763
0.03910574
0.030744923
0.022210138
0.026023477
0.03134663
0.028927177
0.023254177
0.021138707
0.022205474
0.021854542
0.02114223
0.021185169
0.021350088
0.02093438
0.020824004
0.021168856
0.02087111
0.02098082
0.020991558
0.021136535
0.020835914
0.021050384
0.020974351
0.020922253
0.020825183
0.02053924
0.020525344
0.020605423
0.020473117
0.020710142
0.020646997
0.020459441
0.020574102
0.020420883
0.020827146
0.020737978
0.020471634
0.020486247
0.02040798
0.020373752
0.020402692
0.020346992
0.0203076
0.020331128
0.020322261
0.0202329
0.02024105
0.020258827
0.02021984
0.020210689
0.020132747
0.020364644
0.02022697
0.020283526
0.020357477
0.020146305
0.020103915
0.020117223
0.019936651
0.019889079
0.020163627
0.019923275
0.020290496
0.02041108
0.019735096
0.020407544
0.020627635
0.020047655
0.020025136
0.019868687
0.020113597
0.020084416
0.019346178
0.021116307
0.022750719
0.02150891
0.01977018
0.02016955
0.020589752
0.020104352
0.02003288
0.019793792
0.019070113
0.020017775
0.020331947
0.019086787
0.019631213
0.020725809
0.01965182
0.01893164
0.01916964
0.018642677
0.019196609
0.019563409
0.018603904
0.019105574
0.019659488
0.018638767
0.018590787
0.01899459
0.01824694
0.018904706
0.019542092
0.018524956
0.018193135
0.018679807
0.018064162
0.018427618
0.018807003
0.017987037
0.018465715
0.019174557
0.018205026
0.018004855
0.01834367
0.017723812
0.01835377
0.019005327
0.018097764
0.01783864
0.018134067
0.017575568
0.018075353
0.01864778
0.0178157
0.017920768
0.018102944
0.017489357
0.017940886
0.018405823
0.017595802
0.017815595
0.018166894
0.017461564
0.017583204
0.017999643
0.017333874
0.017498309
0.017806532
0.017153561
0.01758168
0.017876022
0.017071405
0.017370617
0.018002404
0.01744554
0.016987294
0.017131163
0.016845787
0.016805084
0.016782666
0.016720673
0.016488634
0.016450493
0.016368957
0.016081393
0.016061353
0.01597189
0.015688287
0.015868858
0.015825724
0.015559317
0.015328981
0.015186407
0.015549055
0.014574739
0.014586318
0.014536309
0.014147368
0.0136961145
0.013616583
0.013526558
0.013185576
0.012906272
0.012832649
0.013302155
0.013089329
0.012796909
0.012334625
0.013040564
0.0129316645
0.012071121
0.011910734
0.011784161
0.011547998
0.012427655
0.012255522
0.011469406
0.011398259
0.011383377
0.011192766
0.011521625
0.01116544
0.011697077
0.011509922
0.0108423745
0.010825275
0.011063147
0.010806747
0.011048988
0.011007576
0.010521407
0.010367872
0.0110311555
0.010870967
0.010359316
0.010185297
0.010968377
0.010897409
0.010200382
0.010143276
0.010325384
0.010041994
0.010804214
0.010559165
0.010193945
0.009924546
0.010502911
0.010234069
0.0101875095
0.010305799
0.0101329135
0.009958431
0.009895536
0.009920848
0.009930257
0.0098083215
0.010225124
0.010104022
0.009533696
0.009446734
0.009691973
0.009525155
0.009909942
0.009863536
0.00953856
0.009325924
0.009685141
0.009392468
0.009602494
0.009619206
0.009226758
0.009198545
0.009326666
0.009151729
0.009323166
0.009232485
0.008985245
0.008932049
0.009133826
0.008967139
0.008976587
0.008831139
0.008900087
0.008712248
0.008999646
0.008901595
0.008605478
0.008542462
0.008877874
0.00883894
0.008379497
0.008370443
0.008619914
0.008458198
0.008383117
0.008294845
0.008340032
0.008232847
0.008213992
0.00810901
0.008147375
0.008026117
0.008094874
0.007942419
0.008020383
0.007857506
0.007981489
0.007855195
0.007844114
0.007734301
0.007829773
0.007765487
0.0076223225
0.007549506
0.007654225
0.0075829416
0.007457958
0.007392338
0.007458599
0.007355558
0.00738579
0.0073902593
0.0073380484
0.00743196
0.0072674905
0.0074187615
0.007172948
0.0069798506
0.0078001213
0.007361065
0.0070307255
0.0070307027
0.006971672
0.0071355826
0.0070557916
0.0069324
0.007194733
0.006742554
0.007021159
0.0066420236
0.0070732324
0.0067309937
0.0068343543
0.006916759
0.006404882
0.007337729
0.006674137
0.0071892464
0.00754375
0.007017942
0.0066502355
0.0069065304
0.006352976
0.006528335
0.006284693
0.0063183815
0.0067743775
0.0061689415
0.006964983
0.007411709
0.0070170523
0.0067309975
0.00668223
0.0063022426
0.006521206
0.0064073843
0.0060333647
0.0059646834
0.0060446393
0.0057886057
0.0056479094
0.0061060726
0.0058823433
0.005861897
0.005750855
0.005778812
0.005466021
0.005524891
0.0053950367
0.005179189
0.0057092067
0.0053995787
0.0057737585
0.0053609773
0.005525702
0.005488113
0.005348041
0.005272474
0.0052829473
0.005461031
0.005103314
0.005578864
0.0050945603
0.00573276
0.006159914
0.0056434814
0.005134816
0.0056414227
0.0057544415
0.005348537
0.005022115
0.0050828974
0.0049591656
0.0049320604
0.005086265
0.0049790875
0.005362565
0.0051155337
0.0052058254
0.004725929
0.00560664
0.005556395
0.0050828317
0.0050512417
0.0050343056
0.0050238003
0.004576447
0.0048033413
0.004689692
0.004464588
0.0050783125
0.004889518
0.0055632493
0.004931152
0.0052994457
0.005319157
0.00487092
0.004847608
0.004643929
0.004595732
0.0048308834
0.0047058403
0.0046163197
0.0045622378
0.0043682395
0.0053714453
0.0052048694
0.004323359
0.0043467563
0.0048208293
0.0046084444
0.004586259
0.0045294426
0.0044724117
0.0042161974
0.0047827256
0.004615582
0.0044047255
0.004457841
0.0041239555
0.0043956637
0.0040630777
0.004808705
0.004494363
0.0048776413
0.0048745573
0.0050548427
0.00485081
0.0043942872
0.004414879
0.0043459334
0.0042481283
0.0043273023
0.003994034
0.00502375
0.0047647967
0.004336353
0.004424106
0.0042425334
0.004170062
0.0043609836
0.0042057782
0.004200344
0.0040741167
0.0042921887
0.004182341
0.004195022
0.0040798686
0.0041640564
0.004068757
0.0041311043
0.0039646155
0.0042412984
0.004166787
0.0039413264
0.0038963656
0.004039994
0.003953775
0.003949724
0.0038542289
0.0040169437
0.0038176153
0.004218251
0.004179468
0.0037650883
0.003688626
0.0040929336
0.0038430162
0.004132775
0.004082098
0.003771079
0.0037758052
0.0037586826
0.0036273443
0.0040929145
0.004053885
0.0036883678
0.0039009433
0.0035498354
0.004519058
0.0041045044
0.0041470216
0.004333685
0.0035775078
0.0037159573
0.0035822357
0.003796229
0.0035418842
0.0044053174
0.0045041908
0.003530428
0.0035858506
0.0038856172
0.0035537388
0.004150789
0.004263275
0.0035023158
0.0038553241
0.0036970528
0.0041057267
0.004107152
0.003895487
0.0038445748
0.0037954792
0.0037576612
0.003539589
0.0039863638
0.0037659823
0.0039479504
0.0036067497
0.0038859479
0.003974696
0.0035638444
0.0035274448
0.003721794
0.0036263205
0.0034300238
0.0033705707
0.0035061997
0.003266273
0.0038913963
0.0038672287
0.0032347161
0.0035141483
0.0032954651
0.003165194
0.0037331532
0.0033645227
0.004178557
0.0041020033
0.0032985744
0.0035479348
0.003203153
0.0040289275
0.0040417495
0.0032581321
0.0035384241
0.00345185
0.0035691326
0.0034492381
0.0033348745
0.0034193841
0.003263373
0.0033181794
0.0031751841
0.0035086975
0.0033091959
0.0032620376
0.003525532
0.0031359615
0.0035832848
0.0037632852
0.0033212204
0.0031294625
0.0033349593
0.0029686328
0.0036731262
0.003746597
0.0037736448
0.0036177572
0.003801264
0.003901874
0.0032036116
0.003234817
