0.28897065
0.04584075
0.06987804
0.054354813
0.025041616
0.032914653
0.03926904
0.02936384
0.022700807
0.026977666
0.029349625
0.02531693
0.022790318
0.02328103
0.023954755
0.023755504
0.022122478
0.02301979
0.024157554
0.023032384
0.02195011
0.022462526
0.022656798
0.022108361
0.021520397
0.021984749
0.022134265
0.021243582
0.021320343
0.021527579
0.021166325
0.020824054
0.020959893
0.021111378
0.020672219
0.02109959
0.02142342
0.021230822
0.02063193
0.020674584
0.020997167
0.020579705
0.020462945
0.020387447
0.020509357
0.020098085
0.020112446
0.020160696
0.020045994
0.019790499
0.020199621
0.020319609
0.019756854
0.019962946
0.02000354
0.0199212
0.019853951
0.019391695
0.020061374
0.020486591
0.019844757
0.019396037
0.01952807
0.01918178
0.019437652
0.019298183
0.018888103
0.019121863
0.019143948
0.018660935
0.018808937
0.018695971
0.018596733
0.018342631
0.018045636
0.018131277
0.017768018
0.017598733
0.016773462
0.018930627
0.016660875
0.017089076
0.017485643
0.015930256
0.016500326
0.01766222
0.016593967
0.015418281
0.016132778
0.016263796
0.015269983
0.015615217
0.016221011
0.015395522
0.014985047
0.015135619
0.014742192
0.015273786
0.015542783
0.014772852
0.014951753
0.015437163
0.014809415
0.014617875
0.014820084
0.014426072
0.014576137
0.014712523
0.0141152665
0.014698102
0.015186238
0.01439289
0.014024782
0.014242551
0.013901849
0.014227907
0.014452205
0.013847679
0.0141249485
0.014485898
0.014055692
0.013696894
0.013875171
0.0138174705
0.013598933
0.013607722
0.0135034
0.013466896
0.01339182
0.013248965
0.013393703
0.013446244
0.013268933
0.013132371
0.013437516
0.013352769
0.013081388
0.0131001
0.0130492225
0.013023224
0.0128755
0.013224189
0.013158142
0.012885608
0.012951556
0.012837204
0.01279709
0.012798873
0.012681335
0.012606885
0.012878616
0.012812671
0.012579468
0.012651805
0.012532254
0.012683024
0.012624763
0.012423009
0.01238066
0.012357474
0.012343871
0.012246194
0.012642585
0.012656932
0.0123028355
0.012327146
0.012294691
0.012124884
0.012271642
0.012220286
0.011997063
0.011933737
0.011994814
0.011862735
0.01200717
0.011962813
0.011895642
0.011792809
0.011892504
0.011813729
0.011677963
0.011638793
0.011684758
0.011599344
0.01172619
0.011623788
0.011545685
0.011514355
0.011423613
0.011348021
0.011526253
0.011454451
0.011320542
0.011253342
0.011402373
0.011295591
0.011305596
0.01131954
0.011129398
0.011154135
0.011172767
0.0111226095
0.011165296
0.0111332005
0.011032877
0.010997139
0.011117605
0.011091098
0.010908618
0.010915436
0.010894716
0.010813029
0.01092229
0.010883115
0.0107215075
0.010678858
0.010820382
0.010733212
0.010697752
0.01069891
0.010527901
0.010495551
0.010600679
0.010584167
0.010398977
0.010362775
0.010795962
0.010788896
0.010464337
0.010486835
0.010538132
0.010383404
0.010272452
0.010228105
0.0102511225
0.010201999
0.010242078
0.010285825
0.010115079
0.010201217
0.010117357
0.0101622855
0.010288126
0.010122611
0.009950467
0.010309727
0.010198402
0.009830009
0.009800612
0.009939572
0.009823929
0.010063283
0.009889206
0.00998098
0.009747258
0.009935774
0.009806394
0.009766075
0.009693461
0.009695978
0.009677443
0.009499774
0.009432003
0.009524685
0.00940466
0.00937947
0.009232348
0.009503997
0.009343582
0.009233951
0.009150506
0.009223792
0.009018403
0.009266369
0.0090601565
0.009050333
0.008910711
0.008939922
0.008800555
0.008878167
0.00872334
0.0087431995
0.008610119
0.008665784
0.0086231055
0.008445243
0.008506346
0.008312871
0.0082405815
0.008942437
0.008695236
0.008268058
0.008425042
0.008267008
0.008076781
0.008108292
0.008089667
0.0078323195
0.0077857426
0.007723155
0.007761532
0.0076335873
0.0077951644
0.0075445087
0.007904156
0.007933118
0.0075835637
0.007704641
0.0075162314
0.0074857078
0.00754839
0.007194214
0.007934299
0.008041245
0.007984891
0.0074957535
0.0075376634
0.007742451
0.0076561808
0.0069695064
0.007192359
0.0072583477
0.0070711244
0.0068471213
0.007294839
0.0071068723
0.007091358
0.006866189
0.0070088985
0.006770356
0.006563732
0.006918058
0.006792499
0.007097023
0.0068489052
0.0067209452
0.0066095996
0.006764758
0.0066708378
0.0066424846
0.006722255
0.006258175
0.006250041
0.006185392
0.0061255656
0.0061084577
0.0060131648
0.006119194
0.0060736914
0.0060324464
0.0058973283
0.005896142
0.005650366
0.005809499
0.0054689213
0.0059484565
0.0057403543
0.005750153
0.005753195
0.0054533533
0.0057086577
0.0054968353
0.0055604507
0.00564759
0.005099752
0.0053453115
0.0051355264
0.0050551333
0.005277589
0.005028991
0.004892165
0.0050863163
0.004845347
0.004997872
0.004944687
0.004692068
0.004809432
0.004544879
0.005060213
0.005313942
0.0049606916
0.004604876
0.0051028715
0.0048629213
0.0055924878
0.0052650874
0.0059033334
0.005242991
0.0048996187
0.0045373277
0.0053301393
0.0051679616
0.0048232065
0.0049401154
0.004560621
0.004286178
0.00471267
0.004643345
0.0045574517
0.0044258237
0.004279462
0.0041540717
0.0040841773
0.0039908155
0.0042419136
0.003849635
0.0037470132
0.0043732678
0.0040148264
0.0050718975
0.0047404133
0.0043018577
0.0042017056
0.0040352703
0.003747647
0.004416828
0.0042278985
0.0045719347
0.0045912415
0.0037712448
0.0042760023
0.0043601
0.0040422566
0.0038122844
0.004357479
0.004256593
0.0038616594
0.004387026
0.0039887563
0.0039140605
0.0040365043
0.0035601493
0.0037062299
0.0034890033
0.0035637456
0.0034160158
0.0033108797
0.0035415357
0.00346407
0.0033286663
0.0034785469
0.003389261
0.0038345633
0.0035524552
0.0038224284
0.003681629
0.0036610488
0.0036511214
0.0033220325
0.0035293319
0.003518777
0.003380128
0.0034433964
0.0033255902
0.0032000963
0.0031796668
0.003305298
0.0031571873
0.0032154995
0.003230799
0.002935529
0.003961049
0.003768053
0.0032129486
0.003555537
0.0032800592
0.0036487302
0.0035356286
0.0032190948
0.0033024482
0.003258074
0.0030492973
0.0031929866
0.003061212
0.003260826
0.0033048522
0.0030805068
0.0030536645
0.0029844155
0.002945633
0.0030171114
0.002964422
0.0031320844
0.0027955472
0.0043236823
0.004253973
0.0040069036
0.0036116429
0.0033693884
0.003307177
0.004316698
0.0037188102
0.0040493496
0.003850159
0.0037374056
0.0036205873
0.0035556213
0.0036389132
0.0032150736
0.0031503486
0.0032080784
0.00297463
0.003538844
0.0035360649
0.0032434363
0.003339113
0.0033452197
0.0029350098
0.002980208
0.0028643936
0.0028611377
0.0027983163
0.0029624812
0.0030927975
0.0027181536
0.0031584657
0.0028471758
0.0028896297
0.0031058975
0.0027786456
0.0028150806
0.003184583
0.002772637
0.003087378
0.0037098173
0.0033574838
0.0031694013
0.0030719119
0.003957121
0.003291135
0.0033919339
0.0035493597
0.0031876524
0.0031526492
0.0027531812
0.0028615885
0.0027723534
0.0031354644
0.0029576
0.0038091836
0.0038175366
0.0028080465
0.003722158
0.0041955467
0.00307911
0.003138097
0.004021971
0.0030128397
0.0031769194
0.0037217431
0.002821792
0.0029822318
0.0033046647
0.0024947722
0.003790241
0.004808432
