0.28746945
0.06709773
0.05529191
0.03149732
0.032582544
0.02751623
0.02331143
0.026376711
0.024140425
0.02128149
0.02307002
0.022001522
0.021334253
0.021458253
0.020818172
0.020962128
0.020733768
0.020689014
0.020694705
0.02073316
0.020553028
0.020477511
0.020474313
0.020310013
0.020383526
0.020151375
0.020481281
0.020200567
0.020200877
0.020203298
0.020047331
0.019886041
0.020040661
0.019653395
0.020386247
0.020391922
0.01955042
0.020761607
0.02137264
0.019899005
0.019965103
0.020696623
0.01993194
0.019409345
0.01986823
0.019889014
0.019001171
0.019527523
0.019898156
0.019281194
0.018972998
0.01904237
0.018493896
0.019237375
0.019609503
0.018897565
0.018211054
0.018639969
0.018406745
0.018213307
0.017922567
0.017891638
0.017805463
0.01756411
0.017540494
0.017083498
0.017034756
0.016839664
0.016420582
0.015949428
0.015744902
0.0154814245
0.015245938
0.015116848
0.015047062
0.014978399
0.014272969
0.014727294
0.014848742
0.014140972
0.015760032
0.016588837
0.016058117
0.0151157975
0.014457489
0.014745716
0.014323536
0.014515828
0.014790282
0.014181179
0.013741117
0.014430511
0.013828497
0.013597388
0.013815518
0.013661273
0.013221341
0.013783903
0.013915447
0.013289608
0.013200575
0.013075799
0.0130580785
0.0128353415
0.012769066
0.012850982
0.012505115
0.012742815
0.01258736
0.0127806375
0.012562838
0.012390698
0.012401663
0.012018628
0.012080547
0.011771469
0.011717136
0.011698882
0.0114642745
0.011489135
0.011207413
0.01159998
0.011615866
0.01115
0.011152093
0.0109347375
0.011741321
0.011617753
0.011417407
0.010927389
0.011400747
0.011535519
0.010933428
0.011227618
0.010476902
0.01086922
0.010593127
0.010087681
0.010094087
0.010092401
0.0098403655
0.010072212
0.009833377
0.009987678
0.009682339
0.010543701
0.010532528
0.009765693
0.009928048
0.009806663
0.009920849
0.010012976
0.009581823
0.0093975775
0.009509869
0.009172314
0.009124667
0.009188726
0.009151884
0.008907915
0.0089667095
0.008968894
0.0088860495
0.008863734
0.008625635
0.0090695545
0.009138077
0.008604175
0.009329294
0.009475148
0.008805286
0.008672184
0.0091193905
0.008853714
0.008694989
0.008642002
0.0088217985
0.008741807
0.008534343
0.00841736
0.008508292
0.008428946
0.008177175
0.008154576
0.008488579
0.0082763685
0.008396312
0.008278081
0.00810156
0.007927031
0.008523268
0.008477856
0.0078549
0.007879325
0.008159697
0.00797967
0.008020629
0.008004311
0.0077969204
0.0076683457
0.008136784
0.0080488585
0.007663721
0.007611091
0.007956984
0.0078079626
0.0077474904
0.007697612
0.0076360446
0.007535225
0.0076884734
0.0076086316
0.007542264
0.007442007
0.0076382123
0.007566417
0.0074252444
0.0073899888
0.0074330815
0.007333459
0.007496536
0.0073795593
0.007329581
0.0072809295
0.0073325075
0.0072723604
0.0072011207
0.0071378923
0.007240746
0.007157445
0.007180953
0.007145878
0.0070464523
0.006981583
0.007132625
0.007031134
0.0070142574
0.006912727
0.007025065
0.006925214
0.006929574
0.0068652234
0.0068439096
0.006772595
0.006855576
0.0067559946
0.0068405126
0.0067679235
0.00670331
0.0066245706
0.0067663137
0.0066120722
0.006729552
0.006631656
0.0066027627
0.0065036262
0.0066546183
0.0065435353
0.006580164
0.006493525
0.006503467
0.0064332965
0.006431354
0.006323257
0.006485181
0.0063546114
0.006398126
0.006355235
0.006268468
0.0062558018
0.006320514
0.006170174
0.006267751
0.0061465413
0.006230975
0.0061501036
0.0061622825
0.00613932
0.0060499175
0.006104778
0.0060252002
0.006006164
0.005946496
0.0059651
0.006084949
0.0059757754
0.0061518424
0.006314146
0.005801016
0.0067550414
0.0059832223
0.0077984314
0.008245648
0.006474393
0.0065904916
0.0068147355
0.006692376
0.006008101
0.0069789183
0.00789279
0.006127463
0.0065591657
0.007592263
0.006212668
0.006314616
0.0068646907
0.0058840276
0.006589185
0.007128922
0.006166277
0.006331622
0.0069263563
0.0063392743
0.006004559
0.0063495524
0.0062293536
0.0056547564
0.006331984
0.0058968477
0.005889956
0.0059712045
0.0057259235
0.005749731
0.005737242
0.0056999438
0.0058577904
0.0056616776
0.0058601596
0.0060588517
0.005367607
0.0057715015
0.0055117663
0.005600164
0.005542652
0.0055878297
0.0053896997
0.005677366
0.005435679
0.005621823
0.005451554
0.0055211387
0.0054068523
0.0054785535
0.0053414647
0.0054072663
0.00532198
0.0052810484
0.0051817135
0.005387768
0.0053640213
0.0051700785
0.0052246884
0.0051234877
0.0051371776
0.0051011927
0.005087499
0.0049737226
0.005056662
0.0048732613
0.0052609313
0.005176977
0.0048855245
0.0049867667
0.0048951437
0.0048079304
0.0050958483
0.005000916
0.004798917
0.0048315953
0.0047556763
0.0047458615
0.0047265333
0.0045487615
0.0049542333
0.0048829117
0.004658702
0.0045871255
0.0048818495
0.004620518
0.0046205837
0.004584173
0.0044796746
0.0044782357
0.004503973
0.004423576
0.004655388
0.0046050274
0.0044870065
0.004474634
0.0044923346
0.0044361423
0.00439956
0.0044239745
0.0043064803
0.004546737
0.004478106
0.004404286
0.0045375265
0.004205753
0.00434224
0.0041387524
0.004664615
0.0047911094
0.004048685
0.0051828995
0.005256301
0.004492421
