0.28837833
0.057400152
0.07099007
0.043445963
0.024022639
0.028980866
0.02674692
0.023617571
0.024475606
0.024754861
0.023364082
0.022656605
0.023362547
0.022795143
0.022085765
0.022708714
0.02217372
0.021742402
0.021905387
0.02159152
0.02141284
0.02130079
0.021414092
0.021128267
0.021105437
0.021356931
0.020693889
0.021674052
0.021961808
0.02135633
0.0204399
0.020749154
0.020927126
0.02046907
0.020466523
0.02063459
0.020556388
0.020255951
0.020155951
0.021525959
0.021227913
0.020395912
0.020205341
0.020258853
0.020149179
0.020342698
0.020131042
0.020249857
0.020217672
0.019781495
0.019930752
0.019646836
0.020071944
0.02006778
0.019708144
0.019587085
0.019515924
0.019538676
0.01920575
0.019389894
0.019375967
0.018927606
0.018910082
0.018883307
0.018580385
0.018782057
0.018663257
0.018345924
0.01823022
0.018031145
0.017932862
0.017633999
0.017723808
0.017526636
0.017265635
0.017127594
0.01655914
0.016282808
0.016287858
0.015644375
0.016116383
0.015973587
0.015027619
0.014694099
0.014749758
0.014050376
0.014218579
0.013951604
0.01373501
0.013707758
0.013316515
0.013141859
0.013354366
0.013177085
0.013013397
0.01307335
0.012523255
0.012734812
0.012349977
0.012376768
0.012113954
0.012208539
0.012106925
0.011905556
0.011918843
0.011651188
0.0116041815
0.011626579
0.011372986
0.011891719
0.011847732
0.011204533
0.011361671
0.011229467
0.010983419
0.011720118
0.011146103
0.0115042925
0.011632989
0.010699338
0.011010754
0.010877003
0.010686795
0.010497753
0.01059061
0.010234994
0.010872831
0.0108098015
0.0101577
0.009921087
0.010425314
0.010013453
0.010434384
0.0106401695
0.009953295
0.010448661
0.010633399
0.009601749
0.010782991
0.011740956
0.010448113
0.009657043
0.010372907
0.009996302
0.009386753
0.0097119855
0.009286605
0.009338255
0.009219829
0.009237415
0.0091274595
0.00901528
0.008919038
0.008810599
0.00868225
0.008898976
0.00871883
0.00858553
0.008588522
0.008977685
0.008275781
0.009004366
0.008991065
0.00816715
0.009161409
0.009332766
0.008786088
0.0082605705
0.008775023
0.008464425
0.008610721
0.00792689
0.009588502
0.00975667
0.008604032
0.0083444705
0.008025262
0.008299671
0.008020422
0.007880848
0.0077358834
0.0076613966
0.0077594533
0.0075229607
0.007603346
0.007358081
0.0077970247
0.0077307834
0.007419288
0.0073817223
0.0071598454
0.007658506
0.007231971
0.00820413
0.0077936524
0.007448813
0.007407205
0.0073086633
0.0070613795
0.007693675
0.00741505
0.0072370246
0.007271728
0.0071487934
0.0068916753
0.0075851004
0.007632052
0.0068465155
0.006793946
0.0069501265
0.0067942073
0.006967435
0.0068204254
0.007036753
0.0067094117
0.0069483183
0.00683953
0.0067017525
0.0066297282
0.0065272576
0.0064636306
0.0064349896
0.006422886
0.0066977614
0.0064715133
0.00700874
0.0070938338
0.0065100864
0.006510017
0.0065428894
0.006569101
0.0062008384
0.006237127
0.006369311
0.0060686595
0.0065886932
0.006306792
0.006494578
0.0063804626
0.0061573535
0.0060779355
0.0061276555
0.0059729354
0.005917789
0.0061498806
0.005967897
0.006096573
0.0060022003
0.0058599003
0.005911483
0.0058254874
0.0059170895
0.005822044
0.005810647
0.0058362135
0.005749365
0.0057677682
0.0055861394
0.005877688
0.00572299
0.0057599954
0.005828084
0.0056750025
0.0056023113
0.005742647
0.0055283303
0.0061846063
0.0064231907
0.0052998816
0.007464807
0.0084553
0.0069870646
0.0070060063
0.008136162
0.007214714
0.0062689264
0.006883795
0.0064517036
0.006433209
0.006369712
0.0054663313
0.006207068
0.007133258
0.0058734254
0.0056670564
0.0062450333
0.0058655962
0.0056573194
0.0056518163
0.005539859
0.0053447164
0.0053915274
0.0051907203
0.0051828437
0.0050983294
0.0050575677
0.0051095732
0.0050386884
0.0051581957
0.0048935106
0.0054156766
0.0054058954
0.0051239333
0.0052329707
0.0053585
0.0050969315
0.004925741
0.0050618155
0.004829627
0.0053174323
0.005275931
0.0052314526
0.004851518
0.0052116723
0.0052447836
0.004784591
0.004715079
0.0052416925
0.004945978
0.00470211
0.004723123
0.0046377447
0.004594539
0.0046102223
0.0044440567
0.004551325
0.004513999
0.0043865596
0.0047335234
0.004548141
0.0047999793
0.004765531
0.004427185
0.004385731
0.0045168474
0.004277764
0.004864607
0.0049411017
0.004361218
0.004680848
0.004657951
0.004286589
0.00448404
0.0044107046
0.004349264
0.0043587186
0.004221695
0.004267793
0.004115176
0.004409909
0.0043328633
0.0041558407
0.0043582376
0.004061298
0.004189247
0.0039676665
0.004367569
0.0044475584
0.0039537754
0.0043999595
0.0042232913
0.004070824
0.004199354
0.004047424
0.0040640575
0.004059531
0.003939931
0.004028034
0.0042139147
0.003930433
0.0041387947
0.0043393406
0.003931741
0.004031179
0.003968802
0.0038687184
0.0039398693
0.0038652401
0.003741849
0.0039627114
0.003781102
0.0036755998
0.003627001
0.0036344684
0.0038150158
0.0036619052
0.0037774248
0.0035779532
0.0034751121
0.0038489618
0.0034956702
0.0043195006
0.0042380015
0.0036618179
0.0043656775
0.0042088977
0.00397752
0.004029012
0.0035324867
0.0038591705
0.0037289492
0.0037177985
0.003761669
0.003727753
0.003629273
0.0035872941
0.0036972316
0.003570889
0.003691871
0.0038047067
0.0036807554
0.0034394392
0.00358537
0.0033286808
0.0037677635
0.003498004
0.0037814602
0.0038235777
0.003498014
0.0035777509
0.0035985003
0.0036088238
0.0034727491
0.0038662693
0.003768106
0.003606797
0.0033926992
0.003987677
0.0037536758
0.0035658618
0.003509735
0.0033834714
0.0032634484
0.0037142911
0.003526222
0.003546606
0.0034247104
0.0033686298
0.0032566916
0.003662464
0.0036147262
0.0031975564
0.0032743348
0.0032689928
0.0032252732
0.0034935176
0.0034074038
0.0033955153
0.003409817
0.003153775
0.0033691125
0.0030595027
0.004303356
0.004147969
0.003185707
0.003692393
0.0035414381
0.003477597
0.0034102544
0.0032587114
0.0033332992
0.003134422
0.0034844622
0.0033719197
0.003552859
0.003495171
0.0034911826
0.00325083
0.0036388824
0.0034972846
0.0033064205
0.0033640105
0.003470226
0.0033113752
0.0033195338
0.003398467
0.0030836456
0.0032401755
0.0030572757
0.003113216
