0.28770432
0.05510366
0.065093346
0.041032236
0.022485748
0.028952474
0.027324883
0.022509873
0.023890486
0.025189945
0.022892823
0.02129454
0.022518367
0.022030717
0.020842886
0.021981398
0.021526365
0.020825269
0.02173802
0.021079475
0.020973371
0.021611804
0.021288311
0.020930856
0.020946478
0.021182874
0.020701868
0.02172145
0.021856928
0.020587487
0.021863153
0.022472108
0.021278987
0.020959778
0.02136069
0.021422965
0.020739472
0.021234097
0.021546334
0.02086077
0.020964844
0.021008544
0.021091865
0.020643396
0.020770581
0.02102164
0.02049631
0.020778876
0.020969376
0.020502998
0.020476772
0.02060928
0.020465052
0.020256544
0.020484738
0.020226864
0.020660138
0.020815397
0.020354675
0.02027365
0.020297231
0.020320052
0.02014218
0.020292765
0.02047289
0.020089345
0.02050217
0.020787042
0.020446511
0.02004762
0.020633357
0.020805964
0.020326989
0.020188825
0.020111138
0.020066263
0.020153714
0.020073516
0.020026559
0.019929422
0.020325998
0.019930432
0.020210795
0.020408362
0.019742439
0.020014947
0.019960368
0.020057354
0.019704891
0.01977527
0.019761005
0.019637413
0.019556634
0.019786691
0.019623183
0.019693615
0.019645056
0.019685743
0.01943819
0.02011723
0.020426685
0.020447815
0.019720687
0.019541183
0.0197121
0.020050172
0.02000519
0.020022111
0.019746972
0.019262735
0.01930753
0.019338997
0.019242423
0.019145876
0.01921858
0.019321948
0.019074427
0.0193585
0.021837423
0.020018982
0.020669257
0.01924859
0.019840544
0.021030525
0.02009313
0.019673051
0.019813394
0.019155348
0.019470867
0.018955827
0.020319164
0.021054873
0.019469647
0.019404938
0.020139346
0.019188058
0.018985732
0.019323573
0.018576428
0.019330854
0.02015441
0.019212775
0.018379534
0.01841862
0.018247424
0.01785325
0.018077688
0.018109545
0.017241627
0.017889516
0.018193051
0.01761771
0.017651228
0.018087639
0.017283445
0.017241457
0.018587591
0.0174566
0.02055766
0.021770366
0.017558206
0.018728072
0.018573992
0.017769786
0.018130163
0.01776969
0.018141506
0.018203767
0.017267192
0.018015891
0.018536786
0.018460674
0.018209813
0.017119152
0.017625287
0.0185249
0.018219657
0.017285205
0.017032774
0.017409885
0.017406676
0.016992373
0.016800828
0.016982418
0.016986163
0.017050782
0.016698876
0.017084185
0.017204132
0.016732024
0.016828977
0.016541636
0.017439617
0.01761282
0.01655075
0.017145641
0.017282458
0.01650685
0.017188242
0.01723072
0.016578607
0.016896302
0.016536089
0.016819263
0.017235808
0.016489753
0.017049985
0.017284468
0.016504645
0.017347492
0.017858902
0.016642874
0.01662656
0.017135158
0.016254576
0.016789557
0.017290154
0.01623384
0.01664051
0.01750162
0.016476156
0.016101278
0.016438393
0.015884072
0.016806662
0.017467778
0.016267402
0.01661608
0.01760074
0.016674588
0.015958965
0.016232224
0.016041338
0.016357362
0.016436554
0.015689455
0.016769059
0.01745505
0.016140446
0.015793031
0.01626703
0.015549894
0.016144328
0.016851539
0.0157126
0.015976314
0.01676251
0.015778141
0.015489545
0.015736101
0.015247109
0.01577827
0.016076503
0.015415226
0.016005522
0.015924541
0.015276447
0.015709788
0.015527147
0.015110177
0.01508075
0.015277748
0.014904312
0.015162081
0.01517829
0.015086611
0.0149783
0.014972654
0.014879365
0.014675192
0.014560974
0.0146381855
0.014456459
0.014963768
0.015137904
0.01463116
0.0145023605
0.015212946
0.014415252
0.014336309
0.01461696
0.014295963
0.014273795
0.01456621
0.014445686
0.013912021
0.014078549
0.0142638935
0.013874452
0.0137761505
0.014039551
0.013870475
0.013734751
0.013683636
0.013961427
0.013943121
0.013647795
0.013533098
0.013609804
0.013654406
0.013547954
0.013355817
0.0136106135
0.013390478
0.013957818
0.013891358
0.013632397
0.013516959
0.013870663
0.013590608
0.013267408
0.013306394
0.013486302
0.013224624
0.013853398
0.013896094
0.01305794
0.013322745
0.013418713
0.013075792
0.013267803
0.013435756
0.013190781
0.012953791
0.013726988
0.01352745
0.012962061
0.012949021
0.013190906
0.013059709
0.013217464
0.013271679
0.012793285
0.012724541
0.0130208945
0.0129152285
0.012816955
0.012958586
0.012761367
0.0130492905
0.01313049
0.013019547
0.012798369
0.013275199
0.013130975
0.012639119
0.012669779
0.012964505
0.012629576
0.013253688
0.013315155
0.012568918
0.0129406005
0.012977674
0.012826049
0.01253913
0.013043292
0.012906357
0.012764752
0.012716766
0.012464919
0.012417396
0.012961744
0.012824739
0.012696271
0.012477028
0.012936999
0.012799539
0.012730991
0.01269136
0.012525778
0.0124842
0.012615015
0.012407822
0.012948292
0.013061572
0.012288005
0.012321677
0.012635835
0.012441023
0.012733124
0.012757015
0.012279469
0.0122316405
0.012644398
0.012376177
0.012815729
0.013007098
0.012250912
0.01295384
0.013033149
0.012914048
0.01282424
0.012380165
0.01263921
0.01254715
0.013064054
0.012967705
0.012182068
0.012401092
0.012569889
0.012427591
0.012415376
0.012337293
0.0126487315
0.012791961
0.012481809
0.012400068
0.01241358
0.012264418
0.012604599
0.012603335
0.012284037
0.012202953
0.0122041935
0.012148991
0.012528499
0.012397684
0.0121494895
0.0121592805
0.012153432
0.012104146
0.012381067
0.012277868
0.012189216
0.012154281
0.012113117
0.012034923
0.012312796
0.012270457
0.011962983
0.011924285
0.012340512
0.012207463
0.012058039
0.012005058
0.012170966
0.012159356
0.012104151
0.0120797185
0.012053411
0.011978026
0.01212947
0.011987296
0.012244561
0.012209349
0.011928608
0.011962645
0.011989847
0.011892763
0.012270048
0.012256686
0.011861108
0.011941455
0.011877216
0.011861372
0.012001243
0.011800329
0.012433354
0.012258988
0.0119005805
0.011919294
0.011900667
0.011741077
0.012657326
0.012764874
0.011850737
0.012706459
0.013128356
0.012086148
0.013756156
0.015620581
0.014529958
0.012274596
0.013185784
0.013928209
0.0135893375
0.012913659
0.012977614
0.013134691
0.012604837
0.012817484
0.0128998505
0.012431799
0.012241657
0.0124830315
0.012268112
0.01238549
0.012635264
0.01216099
0.012267523
0.012592276
0.012158342
0.01207641
0.012244546
0.012102496
0.012140591
0.012230725
0.012106068
0.0119354995
0.012065825
0.01203306
0.0119541725
0.012046088
0.011928157
0.012100088
0.01215249
0.01228081
0.0121517265
0.0121312
0.012072091
0.011854078
0.011814768
0.012036592
0.011932357
0.012132688
0.011997499
0.012254782
0.012400226
0.011699155
0.01284904
0.013700038
0.012876406
0.012356521
0.012340355
0.012370426
0.012444652
0.011978989
0.012283801
0.012625344
0.012212027
0.01205222
0.011977043
0.012241912
0.011997568
0.01199047
0.012005263
0.011826727
0.011698025
0.012018651
0.011986886
0.012139103
0.012245088
0.011831631
0.011983924
0.011791828
0.0123115145
0.012434587
0.011623229
0.012980639
0.014037351
0.013075066
0.012307917
0.012062532
0.011857487
0.012213505
0.011892949
0.011900812
0.012013525
0.011732477
0.011707612
0.011687975
0.0116733685
0.011673992
0.011588248
0.011787322
0.01160184
0.012110036
0.012247283
0.011582137
0.012857038
0.013957328
0.012825883
0.012305997
0.012632255
0.01221427
0.0121595785
0.0122932615
0.01176247
0.012143192
0.012462492
0.011678624
0.012147874
0.012792925
0.011949834
0.011837262
0.0121731525
0.011728148
0.0120889945
0.012411128
0.011777106
0.012120448
0.012485807
0.011856421
0.01202086
0.012425952
0.011723719
0.011904355
0.012250976
0.011639751
