0.28632566
0.08019433
0.06932399
0.035111934
0.027899578
0.0275752
0.020581959
0.020987585
0.022375206
0.020930931
0.023540318
0.023783749
0.020989379
0.0220267
0.022325227
0.021104932
0.020617627
0.021067718
0.020741144
0.019731887
0.020416467
0.019701587
0.020514578
0.020815348
0.019353233
0.021571055
0.02308474
0.020827228
0.01966094
0.020962909
0.020200973
0.019312622
0.019343216
0.01899839
0.018944902
0.019122958
0.018859774
0.01897608
0.019154487
0.018614
0.019077677
0.018871216
0.018614363
0.0183239
0.018166514
0.017955834
0.017906712
0.01745718
0.01788464
0.017425798
0.017209226
0.017231496
0.016822673
0.016673276
0.016651772
0.016548647
0.016294377
0.016343938
0.016220605
0.01597681
0.015805857
0.016106447
0.015961278
0.015671931
0.015676549
0.015653938
0.015727922
0.015475709
0.015735492
0.015399292
0.015981855
0.016231261
0.0154827535
0.016003313
0.016532855
0.015377763
0.016367467
0.017306766
0.016100569
0.015297112
0.016075974
0.016026953
0.015114431
0.017320877
0.018566765
0.016268408
0.016061392
0.01646729
0.016128084
0.015513226
0.0156099675
0.015970994
0.015756546
0.014959599
0.015534382
0.015179503
0.0154447965
0.015552831
0.01487768
0.014923719
0.0150416205
0.014878978
0.015219048
0.015191498
0.014920908
0.015055235
0.014892583
0.015018683
0.014984149
0.014731653
0.014718816
0.014883648
0.014738676
0.01495112
0.014986403
0.014641561
0.0149272485
0.014843337
0.014662572
0.014624253
0.014713992
0.014640982
0.014543213
0.014674165
0.014438961
0.015160224
0.015198637
0.014633742
0.0145803755
0.01493336
0.014744702
0.014516405
0.014590525
0.014527273
0.014355094
0.014420636
0.014344261
0.014459085
0.0146141425
0.014329179
0.014538865
0.0147984475
0.014599678
0.01446906
0.014407743
0.014576768
0.014494098
0.014519581
0.014396434
0.014443457
0.014421634
0.014348078
0.014388089
0.014144015
0.014025129
0.014147964
0.014346418
0.0141303465
0.014658642
0.014563241
0.014187234
0.013967966
0.014454522
0.0145695135
0.014993739
0.015250879
0.0146096675
0.01476593
0.014626853
0.014251549
0.01446334
0.014540586
0.0144052245
0.01418436
0.014054584
0.014076219
0.013966288
0.014326212
0.014414447
0.013968412
0.014093264
0.014062607
0.014033257
0.013986039
0.014084838
0.014076454
0.013763393
0.013826563
0.013681695
0.013800125
0.013751374
0.013642463
0.013775582
0.013596552
0.013711482
0.013576866
0.013627353
0.013742958
0.01352613
0.013582814
0.013729871
0.013442803
0.013825319
0.01399105
0.013925187
0.013426411
0.01379669
0.014112294
0.013855745
0.013173553
0.013623406
0.013732709
0.013558932
0.0132451905
0.013551838
0.01354883
0.013438724
0.013047911
0.013440284
0.013473034
0.013075051
0.012954499
0.012889158
0.012807521
0.012686421
0.012677342
0.012484383
0.01242622
0.012483701
0.012274402
0.012326417
0.012186132
0.012526818
0.012205443
0.012351729
0.012485837
0.0120049035
0.012109715
0.011786505
0.011779052
0.011563402
0.011677757
0.0113626225
0.0123997405
0.0127513185
0.012191008
0.011879998
0.011447907
0.011493154
0.011365116
0.0110330805
0.011204076
0.0108010685
0.010942983
0.01106442
0.010797042
0.010404791
0.010864679
0.010528368
0.010683175
0.010198299
0.010412577
0.010469116
0.010159132
0.010484726
0.010620356
0.009763597
0.010493864
0.011075507
0.010576655
0.010038824
0.010211281
0.009632585
0.009694758
0.009843863
0.009581592
0.010288064
0.010565921
0.009728002
0.009869463
0.009717993
0.010082042
0.0097609395
0.009265945
0.009002984
0.009162135
0.009015067
0.009782523
0.010181491
0.009048366
0.009841722
0.010385451
0.009791798
0.009862637
0.009267953
0.009020365
0.009036116
0.00855712
0.0084049115
0.0087258415
0.008556807
0.008950031
0.009076392
0.008942177
0.008638686
0.00848949
0.008494396
0.0083037475
0.008157022
0.008612393
0.00845863
0.008254294
0.008131629
0.008393371
0.008257391
0.0081137465
0.008112056
0.008060371
0.007955839
0.008052182
0.007975523
0.007983016
0.007859034
0.008066233
0.007950813
0.0078078993
0.0077270106
0.007978071
0.007909773
0.007671119
0.0076134815
0.007876014
0.007783023
0.0075727305
0.0074914247
0.007849177
0.0077081923
0.00754174
0.0074514314
0.0077590044
0.007660201
0.007461605
0.0074137882
0.007600723
0.0075196736
0.007414866
0.0073355385
0.0075514633
0.007444493
0.007353682
0.007279755
0.0074699675
0.0073706936
0.007313725
0.0072463774
0.007342534
0.007250527
0.007284204
0.007197467
0.007275482
0.0071945195
0.0072121676
0.0071323197
0.007217794
0.0071436954
0.0071379603
0.007057628
0.00716267
0.0070736557
0.007086829
0.0070129507
0.00707476
0.0069859196
0.0070485603
0.006961711
0.007018345
0.0069402675
0.006961133
0.0068839006
0.006963618
0.0068879738
0.006872306
0.006782753
0.006956059
0.0068613426
0.006790737
0.006700074
0.006945553
0.006829323
0.006735431
0.0066643283
0.0068455026
0.006779292
0.006647335
0.0065825456
0.006788034
0.0067079216
0.0065730573
0.0064996146
0.0067563704
0.0066863038
0.0064911484
0.006447786
0.0066842525
0.0066131223
0.0064742416
0.0064379056
0.0065820576
0.006529007
0.0064646043
0.006465619
0.006414503
0.0064073037
0.0064261607
0.006359598
0.0064271665
0.006376888
0.0063757226
0.006249881
0.006420721
0.0062533
0.006409357
0.0061399085
0.0067070704
0.006288767
0.006305492
0.0060499907
0.006668288
0.006453835
0.0060661347
0.0060199252
0.0063757575
0.006374737
0.0059479363
0.0059952284
0.0061734323
0.006201867
0.0059557427
0.006023966
0.005955177
0.005932618
0.0058979723
0.0057620625
0.005894764
0.0057908953
0.0056939274
0.005604061
0.005881416
0.005794745
0.005624713
0.0055496213
0.0057970495
0.005672772
0.0055993893
0.0055750967
0.005530888
0.0055132597
0.0055435398
0.0055389907
0.005382919
0.0054371334
0.0054224203
0.0054597617
0.005405431
0.0055224635
0.0054051466
0.0053897663
0.0054859184
0.0053443355
0.0057035536
0.0052416227
0.0057490044
0.005611477
0.0051635797
0.005258456
0.005527325
0.0053143674
0.005726611
0.0055457875
0.0052950475
0.0053290487
0.0051137204
0.0052879066
0.005095433
0.0050654626
0.0049354453
0.00539132
0.0052950275
0.0054430165
0.0055731847
0.0052916086
0.005291214
0.00526173
0.0053246445
0.0049208696
0.0050442033
0.005313469
0.0050942646
0.0047048465
0.004693611
0.0049981032
0.0045199133
0.005843185
0.0064852647
0.005126048
0.0058359453
0.0074111843
0.0057941885
0.00525822
0.006007818
0.005637148
0.004817884
0.005140688
0.005652293
0.0051052803
0.004574425
0.0052087237
