0.28753072
0.0525835
0.07268288
0.050764363
0.02228809
0.042060215
0.046916414
0.030700544
0.02144728
0.024312811
0.022403292
0.021846466
0.022603696
0.021304244
0.022886693
0.022924088
0.021720016
0.021708002
0.022017898
0.021159505
0.0219042
0.022086369
0.021179713
0.021595543
0.021951342
0.021265611
0.021015057
0.021179514
0.020755112
0.021450957
0.021885015
0.021296298
0.02064887
0.021226779
0.02145505
0.020881766
0.020649495
0.020858571
0.020797208
0.020466989
0.02106361
0.021123275
0.021167107
0.020798555
0.020515932
0.020598467
0.020794353
0.020515675
0.020668384
0.020743795
0.020568572
0.020461736
0.020411855
0.020447897
0.02043625
0.020270174
0.02049022
0.020436177
0.020290429
0.020273404
0.020241946
0.020137645
0.020303952
0.020215886
0.020200992
0.020112662
0.019895107
0.020090869
0.019828089
0.019696483
0.019573309
0.01944908
0.019158812
0.019172387
0.018681416
0.018706085
0.01824951
0.017899232
0.017598333
0.017108358
0.017184136
0.018074693
0.016738255
0.017729498
0.017622275
0.017882098
0.017279202
0.016617723
0.016534531
0.016383601
0.016075032
0.016968511
0.017025659
0.015913242
0.015778946
0.016116621
0.01555531
0.017720388
0.017227588
0.016075196
0.016151758
0.015541348
0.015483022
0.015494056
0.015464681
0.015128571
0.015110667
0.015110287
0.014853128
0.0147764385
0.014943548
0.014725577
0.014724455
0.014786669
0.014649411
0.014832463
0.01449279
0.015032195
0.014654443
0.015695503
0.01523668
0.014291697
0.01426974
0.014973956
0.014768544
0.014155019
0.0140680345
0.014248085
0.014038811
0.01421725
0.014100137
0.014221146
0.013966061
0.014150185
0.014110056
0.01375476
0.013657386
0.013950276
0.0137724755
0.013716705
0.013704162
0.013627979
0.013454687
0.013878037
0.0137621015
0.013377652
0.013327375
0.013666548
0.013539561
0.013330947
0.013285329
0.013300295
0.013193451
0.013310765
0.013186492
0.013219786
0.013127584
0.013093608
0.012970098
0.013175367
0.01306698
0.0128776105
0.012766178
0.013127655
0.013038743
0.012620449
0.012530987
0.013098776
0.013024516
0.012392688
0.012357165
0.012483902
0.01229619
0.012573719
0.012565788
0.0122176455
0.012221754
0.012154159
0.011912788
0.012089458
0.01188987
0.012109063
0.012140817
0.011755598
0.011899345
0.011791018
0.011623029
0.011681639
0.011504375
0.011566006
0.011635616
0.01141328
0.011973179
0.011990129
0.011299211
0.011358579
0.011402582
0.011021707
0.011476341
0.011442546
0.011025251
0.011878851
0.011799745
0.010942745
0.011563825
0.011657131
0.011066254
0.011116658
0.011047289
0.010699086
0.010816506
0.0105032595
0.010684938
0.01056911
0.010474931
0.010475002
0.01057902
0.0104538435
0.010172782
0.010605308
0.010672049
0.010195886
0.010109418
0.010074408
0.010126633
0.010033553
0.010163529
0.0100159915
0.010701927
0.010937541
0.010161019
0.01073135
0.010091011
0.0103736045
0.011137764
0.010200215
0.00982912
0.010425967
0.010021352
0.009740444
0.00981148
0.0097162165
0.009425466
0.009335985
0.009432145
0.009189163
0.009550388
0.0095070815
0.009194524
0.009103624
0.009256295
0.00900332
0.009221682
0.009270511
0.008851856
0.008832638
0.008856555
0.008683921
0.008822013
0.00873499
0.008523765
0.008578229
0.008387183
0.008377419
0.008340829
0.008223374
0.008255233
0.008030592
0.008380459
0.008217293
0.00801555
0.008179477
0.007687356
0.008869068
0.00884601
0.00795404
0.008049707
0.008127233
0.0078037865
0.0076757367
0.0073354817
0.007838047
0.0075157783
0.007481545
0.0075953673
0.0074165165
0.006960602
0.007319171
0.007198876
0.0068128207
0.0071944804
0.007066168
0.0068288366
0.006918285
0.00661714
0.006703317
0.00656225
0.0063357204
0.0067855865
0.00644169
0.0065548443
0.0066624884
0.006211182
0.0062931958
0.006221527
0.006205199
0.006293019
0.006104715
0.0062217885
0.0059218057
0.005981277
0.0057550003
0.005861861
0.005611924
0.005659079
0.0055183866
0.0055974014
0.0054333
0.0052413796
0.005698873
0.0053401203
0.0065634768
0.00719741
0.0053900457
0.0073764385
0.009333153
0.0072481954
0.005676216
0.0067281215
0.0064646066
0.005438056
0.0061238185
0.0061409757
0.005084609
0.005473759
0.005592137
0.0053350404
0.0050938097
0.0051643294
0.005145849
0.004776614
0.0053164125
0.005364264
0.0053044707
0.004671122
0.0058149905
0.005969955
0.005236817
0.005209739
0.004740587
0.0050535467
0.004907905
0.004980323
0.005040713
0.004749466
0.0046283435
0.004413587
0.0046141394
0.004383369
0.004574026
0.0043642065
0.004581185
0.004450515
0.004617711
0.0044414685
0.0043440475
0.0044599655
0.004221193
0.004611979
0.0042471415
0.0048619006
0.005018435
0.004134054
0.004536765
0.004239377
0.0046925703
0.004746658
0.00409847
0.0049525523
0.004710593
0.0044639404
0.0044728904
0.0042987736
0.004284825
0.0042615067
0.0042245337
0.0040130964
0.004157593
0.0042410973
0.0038985328
0.004202696
0.00433788
0.004044726
0.004111247
0.0039833975
0.0038854934
0.0038577982
0.003920788
0.0038526868
0.0036678792
0.0037332193
0.003972553
0.0037663619
0.003797816
0.0036708943
0.0036407774
0.0037378154
0.003672554
0.0036391325
0.0036319038
0.0036750033
0.0034622552
0.003621513
0.0034821145
0.0034973156
0.0037954876
0.0036013592
0.003681869
0.0035926097
0.003735055
0.0034484162
0.0038637856
0.0038404092
0.0036407963
0.0037234055
0.003291244
0.0039280616
0.0037936715
0.0035558818
0.003434709
0.0037744355
0.0034899004
0.0035946593
0.0034450572
0.0035845742
0.0032973837
0.0037514
0.003598138
0.0033017516
0.0033089295
0.0033234556
0.0031647552
0.0038531723
0.0039824923
0.003321316
0.003693423
0.0035743902
0.0032489586
0.003620432
0.0031247505
0.00335257
0.0031819642
0.0033471435
0.003311937
0.0031023908
0.0030641668
0.0032008656
0.003049956
0.0033009367
0.003264987
0.0029682925
0.0034168034
0.0029518763
0.003961811
0.0041904096
0.0031309624
0.0044555557
0.004957358
0.003710809
0.003628239
0.004024218
0.0037704231
0.003550824
0.0036425237
0.0036361965
0.0035860392
0.0033829927
0.0031066071
0.003305252
0.0030027612
0.003611302
0.0038043363
0.0029687888
0.003696157
0.0043260567
0.003652769
0.0031103222
0.0033620473
0.0034209166
0.0033204528
0.0031263183
0.003139979
0.0029518502
0.0032216143
0.0031184598
0.0031714712
0.003229294
0.0032258611
0.0032637406
0.0029415414
0.0032582972
0.0034106567
0.0029395034
0.0030174386
0.0029353239
0.0029225957
0.0029952591
0.002702073
0.003065006
0.0030185322
0.0028022549
0.002972834
0.002996382
0.0028588362
0.0029135738
0.0028273882
0.0029057406
0.0029550993
0.0030426346
0.0028511265
0.0030055947
0.0030540337
0.0028111124
0.0028035983
0.0029331471
0.0027849164
0.003052436
0.0032855421
0.0028860057
0.0031633538
0.0029767316
0.0029586891
0.0029103106
0.002816124
0.0029742226
0.0028177036
0.0028927315
0.0028024747
0.0027923032
0.0026026433
0.0030838381
0.003007263
0.0027199138
0.002830046
0.00277761
0.0029357683
0.0029690284
0.0025300775
0.0028525628
0.0026645772
0.0024403192
0.0026672122
0.0025712245
0.0027728255
0.002835893
0.0025295683
0.0030432092
0.0027447182
0.0028923433
0.0029007432
0.0029173698
0.0026219608
0.003179878
0.0030258317
0.002624056
0.0027701429
0.002597845
0.0025121816
0.0026998539
0.0025100887
0.0031303659
0.0030182395
0.0025439672
0.0027089391
0.002626283
0.0024697084
0.0025647108
0.002501217
0.0024718605
0.0024017533
0.0024302036
0.0023158055
0.0025565522
0.002419714
0.0024768906
0.0023969633
