0.2871733
0.05231684
0.05394538
0.03371432
0.024705065
0.025840024
0.024308762
0.023046596
0.022240445
0.022944292
0.021829233
0.021279372
0.021758929
0.020788549
0.021538822
0.021788128
0.020320915
0.02209518
0.02367944
0.022188075
0.020134004
0.020857995
0.022009423
0.02092751
0.019342845
0.020735877
0.022207841
0.02182891
0.02021536
0.01885236
0.020483842
0.021115145
0.019878557
0.019132832
0.018734273
0.019496568
0.020008914
0.018937657
0.018492265
0.018509075
0.018558132
0.018558383
0.017911064
0.019457435
0.020569568
0.019578505
0.019288307
0.019033102
0.01802001
0.018011414
0.018751545
0.018343752
0.017560214
0.01744205
0.017292732
0.017617153
0.017399495
0.01694403
0.017453829
0.017339597
0.017667467
0.017390018
0.017020604
0.016837643
0.016629634
0.016446218
0.017100967
0.017038053
0.016132986
0.016118724
0.01612443
0.015886834
0.01624359
0.015954444
0.015948785
0.015960172
0.015658265
0.015488445
0.015421291
0.015321456
0.015467778
0.0153437955
0.015560973
0.015369584
0.01506772
0.014941915
0.01509451
0.0150369555
0.015043919
0.014933844
0.014793818
0.01472652
0.014734308
0.014621671
0.01483646
0.014736031
0.0146727925
0.014619086
0.014522624
0.01442495
0.014718719
0.014668341
0.014470797
0.014426815
0.014431506
0.014328223
0.014491384
0.014438779
0.014393871
0.0143187195
0.014373419
0.014282021
0.014314715
0.014278997
0.014330075
0.014270312
0.0142578585
0.014175155
0.01427688
0.014231525
0.01418341
0.0141298035
0.014261174
0.014166017
0.014178455
0.014139544
0.014131869
0.014083077
0.014151312
0.014081447
0.014119501
0.014046417
0.014128546
0.01410127
0.014004559
0.013955743
0.014133831
0.014067355
0.013974459
0.013919704
0.014119603
0.0140675865
0.013919577
0.013875169
0.014101715
0.014044338
0.013870762
0.013822478
0.014121994
0.014065626
0.0138202505
0.013784622
0.0140995
0.014033042
0.013792173
0.013748328
0.014100078
0.014024046
0.013763998
0.0137348855
0.014018859
0.013947097
0.013764884
0.013704985
0.014038328
0.013991903
0.013716231
0.013697971
0.013931862
0.013838266
0.013808834
0.013712089
0.013929351
0.013898797
0.013706836
0.0136757195
0.013809572
0.013726667
0.013850925
0.013727573
0.013804403
0.013808161
0.013692744
0.013650267
0.013725008
0.013659656
0.013814454
0.01371728
0.013692093
0.01367833
0.013674441
0.013613555
0.013709679
0.013654058
0.013679515
0.013607245
0.013702333
0.0136824
0.013578103
0.01352911
0.013722274
0.0136724785
0.013564188
0.013503488
0.013721728
0.013686436
0.013508286
0.013462099
0.013710099
0.013660003
0.013490997
0.013426962
0.013734448
0.013682477
0.013444009
0.013409902
0.013684261
0.013615978
0.013467717
0.013391907
0.013694997
0.013641242
0.013410169
0.013381906
0.013596244
0.013507407
0.013467864
0.013386204
0.013597816
0.013554233
0.013387742
0.013355144
0.013523339
0.01345596
0.013415492
0.013333257
0.013570226
0.013537012
0.013312198
0.013291337
0.013519066
0.013455152
0.013317492
0.013264525
0.013537305
0.013494216
0.013252396
0.013239595
0.013441221
0.013358775
0.013320625
0.013261742
0.013403636
0.013370852
0.013244922
0.0132276295
0.013316557
0.013238269
0.013328253
0.013262986
0.013276172
0.013241116
0.013248538
0.0132024065
0.013253629
0.013192501
0.013251367
0.013173327
0.013270781
0.013232056
0.013154631
0.01311555
0.013233666
0.013175351
0.013153269
0.013101891
0.013237205
0.013211421
0.013077675
0.013062562
0.013183818
0.013124499
0.013131208
0.013102817
0.013149083
0.013133955
0.013063419
0.013057169
0.013118163
0.013091226
0.0130873695
0.013074004
0.013080806
0.013089307
0.013008301
0.012987997
0.013177642
0.013119679
0.013010246
0.013031806
0.013075304
0.013009027
0.013098937
0.0131064085
0.012959373
0.012991934
0.012933724
0.012954253
0.012928742
0.012922688
0.012965401
0.01292899
0.012940373
0.012844558
0.013003316
0.01287397
0.013097105
0.013033266
0.012878876
0.0129340915
0.012813064
0.013304605
0.013335161
0.012907867
0.013431676
0.013068167
0.012909229
0.0129381595
0.012743666
0.013376535
0.013433032
0.013167742
0.013090972
0.0131935375
0.01324908
0.0130836675
0.012974899
0.012837209
0.012866321
0.012895871
0.012747665
0.012769089
0.012852815
0.012755573
0.012795751
0.012750286
0.012659135
0.013205211
0.01330289
0.013006653
0.012909862
0.012812099
0.012958527
0.012978439
0.013036489
0.012808333
0.012974738
0.013040899
0.012700011
0.012652248
0.012783968
0.012672613
0.012701395
0.012573103
0.012963136
0.013397616
0.012848921
0.012804906
0.012947221
0.012651674
0.012697128
0.012669039
0.012634617
0.012654793
0.012588602
0.01253305
0.012617838
0.01263335
0.012430656
0.01250578
0.012488275
0.012419112
0.012395699
0.0124524655
0.012314812
0.012665398
0.012629129
0.012487575
0.0125718005
0.0126000075
0.012724173
0.01260035
0.012358186
0.012608662
0.012682016
0.012343659
0.0123080835
0.012438554
0.012162171
0.012650925
0.013018288
0.012736472
0.012338773
0.012342515
0.012459262
0.012246004
0.012120997
0.0121138925
0.012209713
0.012072205
0.012096171
0.012311482
0.012038048
0.011939793
0.012003298
0.0118208425
0.011891398
0.011884409
0.011803813
0.011593259
0.011730979
0.011588193
0.01146284
0.011425103
0.011703168
0.011584618
0.011164211
0.011374985
0.011129606
0.011644448
0.011545408
0.011267477
0.011290719
0.011181075
0.010892059
0.011349447
0.011167391
0.011391922
0.011058059
0.010981642
0.010908331
0.011184107
0.011132044
0.010509278
0.010427867
0.010585395
0.010338818
0.011053736
0.010893375
0.01042597
0.010302267
0.010592009
0.01040849
0.010509175
0.01066466
0.0101323
0.010113843
0.00991777
0.010075161
0.009849706
0.0099631185
0.009759623
0.00982508
0.009532488
0.009742732
0.009622582
0.009499311
0.009506959
0.009445293
0.009356341
0.00985798
0.0095187165
0.010217392
0.010830906
0.009693593
0.009561604
0.010246453
0.009859192
0.0090843225
0.00947254
0.009161193
0.008996509
0.008943239
0.008903593
0.008862208
0.009074521
0.008655049
0.009656805
0.009692927
0.009780427
0.009409033
0.008872769
0.00895265
0.008834027
0.00868814
0.008918099
0.008561071
0.009373537
0.009025771
0.008682944
0.008770536
0.008630763
0.008381457
0.0088298805
0.008746811
0.008283275
0.008313824
0.00858773
0.00834639
0.008572139
0.008699515
0.008092463
0.008278119
0.008491207
0.0080479095
0.008443768
0.008190177
0.008117833
0.008169881
0.007859009
0.00871591
0.008442869
0.0087868655
0.008657474
0.0083265295
0.008327214
0.00805089
0.0079605775
0.00808042
0.0079677515
0.007948272
0.007735323
0.008297095
0.008024261
0.008114747
0.007977705
0.007725908
0.0078012994
0.0077022538
0.0075473045
0.00797372
0.0075392895
0.008325622
0.008462251
0.007621929
0.008416819
0.008069171
0.007839151
0.008067608
