0.2894915
0.0617833
0.059125382
0.036281813
0.029118478
0.028775612
0.024183221
0.026506776
0.026467785
0.022702219
0.025081975
0.026620455
0.023647705
0.022382459
0.023066932
0.022429556
0.022131579
0.022290593
0.021811774
0.022593046
0.022652427
0.021794543
0.021701686
0.021655127
0.021333357
0.021199072
0.020750815
0.021104435
0.02081876
0.02048543
0.020463532
0.020647896
0.02047859
0.020609686
0.020491712
0.0203457
0.020336399
0.02014921
0.020412719
0.02041544
0.020110874
0.020139975
0.020083385
0.01980914
0.019732317
0.019460881
0.019117959
0.019386904
0.019088874
0.018510042
0.019268418
0.01831728
0.019516982
0.019253114
0.019521741
0.018647352
0.01910753
0.019494003
0.018137667
0.017980816
0.018238982
0.01781218
0.017429926
0.017323144
0.017484372
0.016834743
0.017218018
0.01693871
0.016601155
0.017625889
0.01720274
0.016835243
0.01679192
0.0161802
0.015903242
0.016532535
0.015922546
0.017223364
0.01787599
0.015632546
0.018804995
0.021498064
0.01929347
0.016552838
0.017409801
0.018195108
0.017384592
0.016838685
0.016096152
0.016202316
0.016534755
0.01533812
0.015614959
0.016152725
0.015106338
0.0155716315
0.016240072
0.01572228
0.014857969
0.015412715
0.015536125
0.014589936
0.015134907
0.0153967505
0.014548135
0.015011817
0.015780687
0.015020434
0.01423363
0.014660485
0.014473704
0.014259912
0.014385149
0.014192008
0.014028107
0.014003624
0.013808974
0.013933249
0.013735894
0.013523739
0.013877392
0.013661488
0.013576214
0.013218716
0.014272489
0.014234426
0.0135438545
0.013473543
0.013543959
0.013103764
0.013553831
0.013349533
0.013312153
0.01346553
0.012858228
0.0131580755
0.0129380105
0.012837615
0.013063069
0.012512525
0.013122042
0.01335932
0.012713374
0.012375441
0.012556963
0.012464605
0.012390315
0.012743781
0.012176628
0.0129537815
0.013463703
0.013069668
0.01250583
0.012806892
0.013140603
0.012618449
0.012470841
0.0123804845
0.012215254
0.011999809
0.01192985
0.011988413
0.012208457
0.0119429305
0.012158626
0.0121177845
0.012165627
0.011803813
0.011919007
0.011949646
0.011644793
0.0116152605
0.011660672
0.011358996
0.012040633
0.012038504
0.011361967
0.01135537
0.011593774
0.01133095
0.011507168
0.0115850745
0.01135043
0.011116217
0.011853513
0.011881664
0.011158283
0.011197406
0.011415835
0.0111670755
0.01106846
0.011220433
0.011028777
0.010921583
0.010850593
0.011004514
0.010992485
0.010841406
0.010961101
0.010783157
0.010917605
0.010875351
0.010815372
0.010702086
0.010572419
0.011207555
0.011509091
0.010939094
0.010729965
0.011200995
0.0111991875
0.010776132
0.010579906
0.011053376
0.010891254
0.010746201
0.01067284
0.010711797
0.0107354345
0.010715713
0.010615899
0.010624868
0.010436763
0.010831633
0.010805341
0.01029705
0.010274443
0.010512888
0.010335571
0.0106547475
0.010640544
0.010292828
0.010180998
0.010666001
0.010591474
0.010296998
0.0103579415
0.010186195
0.010131299
0.010338257
0.010229328
0.010309978
0.010161721
0.010332786
0.010227534
0.01021563
0.010210275
0.010109949
0.010075338
0.010224185
0.010146108
0.010042331
0.009987593
0.010177787
0.010051713
0.01008534
0.010008725
0.010056835
0.009926274
0.010155408
0.010061088
0.009964182
0.009897646
0.010017161
0.00992731
0.009985269
0.009954506
0.009815271
0.009804196
0.009855639
0.009781512
0.009908601
0.00984553
0.009806694
0.009748497
0.009813226
0.009713386
0.0098504
0.00975202
0.009705346
0.009643602
0.009768666
0.00969433
0.009609144
0.009568273
0.009703945
0.009601942
0.0095756175
0.00952611
0.009562491
0.0095059695
0.009521478
0.009454676
0.0095386235
0.009473054
0.009421846
0.0094156405
0.009398128
0.009315925
0.009404921
0.009373449
0.00926796
0.009217772
0.00932188
0.009290259
0.009228889
0.009175387
0.009201847
0.0094067985
0.009005604
0.009325351
0.009222668
0.008980871
0.008952096
0.008921737
0.009516279
0.009053544
0.010547352
0.010267386
0.009215829
0.009243776
0.009246698
0.009121218
0.009657779
0.00962368
0.008806482
0.0088043
0.008893945
0.008679829
0.009985902
0.009703378
0.00882304
0.008969347
0.008754481
0.008873339
0.008669215
0.008657888
0.0085234195
0.0086633945
0.008598297
0.008506449
0.008455849
0.008664527
0.008635049
0.008466836
0.008552431
0.008364602
0.008471556
0.008222942
0.008650426
0.008730734
0.0080286665
0.008552358
0.008458556
0.008020268
0.008138736
0.008033633
0.007928777
0.0081418
0.007941948
0.008292247
0.008452074
0.008035365
0.0082824575
0.008228161
0.0082640145
0.008109105
0.008491715
0.0082891295
0.008068907
0.007867222
0.008565523
0.008083367
0.008285972
0.0084044
0.0077655963
0.007847778
0.007878699
