0.68
0.63129854
0.58671194
0.54595965
0.50881064
0.475049
0.4444698
0.41687787
0.3920868
0.3699198
0.35021263
0.33281898
0.3176494
0.3055066
0.29658172
0.29004225
0.28517267
0.2814848
0.2786471
0.27643046
0.27467483
0.27326632
0.27212146
0.27117866
0.27039167
0.26972544
0.26915315
0.26865363
0.2682104
0.26781073
0.26744387
0.2671005
0.26677528
0.26646268
0.26615784
0.26585707
0.26555705
0.26525474
0.26494506
0.26462948
0.2643083
0.2639813
0.2636484
0.26330826
0.2629602
0.26260725
0.26225033
0.261891
0.26153076
0.26117057
0.2608102
0.2604504
0.26009223
0.25973713
0.25938684
0.25904217
0.2587027
0.25836816
0.2580392
0.25771555
0.25739735
0.25708532
0.2567785
0.25647646
0.256178
0.25588268
0.2555885
0.255298
0.25501135
0.25472832
0.25444803
0.25417048
0.25389668
0.25362635
0.25335962
0.25309682
0.25283825
0.25258368
0.25233397
0.25208807
0.2518466
0.2516089
0.25137606
0.25114673
0.25092027
0.25069812
0.2504772
0.25024733
0.25000137
0.24971923
0.24939728
0.249036
0.24861386
0.24815242
0.24766602
0.24716434
0.24665314
0.24613194
0.2456037
0.24506897
0.24452853
0.243983
0.24343286
0.24287829
0.24232025
0.24175835
0.24118754
0.24060781
0.24001643
0.23941123
0.23879412
0.23816556
0.23752744
0.23688687
0.23624277
0.23559609
0.23494817
0.23429626
0.23363863
0.232974
0.23229332
0.23158999
0.2308579
0.23009501
0.2292984
0.22847615
0.22762953
0.22676395
0.22587435
0.2249615
0.22401197
0.22302373
0.22198807
0.22091319
0.21978144
0.21859097
0.21734726
0.2160429
0.21467334
0.21322428
0.21167865
0.21004583
0.20834972
0.2066441
0.20496696
0.2033401
0.20176792
0.20025639
0.19879623
0.19737077
0.19595747
0.19455867
0.19318376
0.19184932
0.19056584
0.18932134
0.1881052
0.18690072
0.18569136
0.18447009
0.18324156
0.18200545
0.18077174
0.17955025
0.17834218
0.1771492
0.17597263
0.17481858
0.17369193
0.17258969
0.17150325
0.17042656
0.16936088
0.1683058
0.16726027
0.16621923
0.16518831
0.16415627
0.16312352
0.16209313
0.16106816
0.16004956
0.15904436
0.15804763
0.15705566
0.15606475
0.1550802
0.1540922
0.15309927
0.15209879
0.15109715
0.15009029
0.14907508
0.14805426
0.14702399
0.14598402
0.14492977
0.14386332
0.14278215
0.1416903
0.14059642
0.13952114
0.13847175
0.13744116
0.13641636
0.13538955
0.13435748
0.13331851
0.13227363
0.13123417
0.13018663
0.12913798
0.12808691
0.12705208
0.12602943
0.125016
0.124022774
0.12304489
0.122081704
0.12113989
0.12022024
0.11932106
0.11844883
0.11759853
0.11677125
0.11596313
0.11516946
0.114403404
0.11365327
0.11291506
0.11218604
0.11146871
0.11074734
0.11003435
0.109326564
0.10862392
0.10792545
0.10723051
0.10654053
0.10585735
0.10518399
0.104524456
0.103874356
0.10322377
0.102569856
0.101912305
0.10125928
0.10061057
0.09996904
0.09935655
0.0987568
0.09816699
0.09759516
0.09703453
0.09647948
0.09593033
0.0953743
0.09479902
0.09422995
0.09367654
0.09314343
0.09263438
0.09213341
0.091627724
0.09111225
0.090593964
0.09007183
0.08955146
0.08901682
0.088474
0.08793038
0.08740098
0.08686959
0.08632576
0.085785426
0.085268855
0.08478072
0.08430538
0.0838032
0.0833049
0.08284363
0.082425304
0.082021184
0.081594706
0.081168704
0.080761775
0.08037187
0.07994961
0.07954234
0.07915996
0.07880071
0.078418605
0.077987306
0.077565074
0.077146284
0.076770075
0.07629803
0.07583181
0.075316265
0.07483513
0.07439024
0.073828414
0.07336784
0.072831996
0.072389364
0.07200697
0.07143077
0.07099499
0.070522375
0.07001785
0.06974975
0.06929777
0.06876458
0.068445764
0.06809679
0.067738734
0.067563556
0.06718432
0.06669921
0.06638098
0.06605729
0.065758124
0.06555035
0.065208696
0.06475836
0.06434629
0.06393031
0.06359073
0.06327193
0.0628803
0.06250398
0.062078457
0.061690364
0.06119873
0.060854685
0.060441405
0.06012348
0.05979546
0.059362043
0.0590371
0.058625992
0.058273677
0.0580016
0.057533715
0.057181347
0.056812122
0.056432113
0.056199715
0.05579359
0.05545082
0.055141047
0.054830126
0.054574903
0.05419059
0.053811405
0.053352185
0.052959714
0.05260894
0.052175313
0.051842004
0.05142104
0.05109735
0.050646156
0.050307337
0.049992844
0.04968702
0.049374636
0.048943702
0.048527967
0.04809157
0.047671057
0.0471883
0.046710428
0.046242934
0.04587859
0.045388136
0.04512134
0.04474397
0.044402663
0.04395522
0.04364397
0.043166216
0.04282731
0.04256428
0.042177107
0.042025022
0.04171828
0.041476406
0.041330654
0.04104799
0.040750977
0.040446572
0.040143054
0.03986814
0.03959498
0.03929976
0.038955916
0.03853229
0.038105913
0.037627343
0.037263483
0.036883235
0.03652872
0.03631761
0.036056492
0.035995826
0.035762884
0.03547342
0.03529596
0.035103112
0.034905378
0.03463328
0.034461036
0.034255926
0.03412143
0.033874724
0.033660565
0.03343059
0.033268746
0.03308583
0.032861147
0.032650016
0.032441504
0.032243177
0.032024935
0.03182515
0.03162767
0.031444557
0.031241877
0.03103003
0.030811625
0.03059927
0.030389022
0.030193271
0.030007165
0.029823408
0.02964091
0.02946361
0.029293401
0.029097201
0.028895712
0.028707994
0.028532501
0.028357986
0.028188722
0.028027589
0.027849557
0.027652258
0.027465506
0.02730464
0.027143668
0.026986158
0.026838576
0.026699299
0.026526207
0.026327698
0.026125344
0.025947267
0.025733354
0.02550655
0.025285846
0.02508871
0.024866141
0.0246463
0.024438871
0.024256635
0.024043685
0.023817755
0.023601202
0.023398886
0.02320413
0.02300884
0.022833234
0.022664675
0.022520237
0.022387093
0.02226041
0.022144096
0.022033025
0.021929508
0.021832343
0.021736745
0.021644024
0.02155159
0.021459477
0.021369131
0.021281235
0.021193964
0.02110735
0.021022296
0.020939222
0.02085699
0.020777427
0.02069774
0.020616919
0.020534737
0.020452382
0.02036918
0.020284986
0.020202015
0.020116247
0.02001353
0.019894207
0.019770594
0.019645004
0.019522551
0.019326515
0.019081706
0.018828249
0.018560208
0.018307317
0.018073658
0.017843198
0.01763237
0.017441621
0.017264418
0.017100856
0.016946426
0.016798448
0.016656535
0.016518256
0.016384402
0.016235476
0.016074067
0.015908172
0.015749777
0.015540959
0.015310033
0.015058266
0.014805937
0.014550153
0.014297872
0.014078827
0.013870794
0.013680517
0.013502143
0.013332573
0.013171391
0.013011482
0.012866962
0.012735245
0.012607314
0.012478778
0.012347485
0.0122217415
0.012102162
0.011986582
0.011872477
0.011761414
0.011655989
0.01155433
0.011455637
0.011360084
0.011268349
0.011178543
0.011090317
0.011004836
0.010914075
0.010816551
0.01071786
0.010619926
0.01052388
0.010422915
0.010315734
0.010208836
0.010106107
0.010010585
0.0099203605
0.009832753
0.009747395
0.009659811
0.0095674265
0.009469926
0.009372978
0.009278182
0.009182742
0.009088934
0.008999586
0.0089053335
0.008805129
0.008699148
0.008590625
0.008490326
0.008380734
0.008260211
0.00813717
0.00801595
0.0079059
0.007788701
0.007670405
0.007548477
0.007431256
0.007316079
0.0072017433
0.0070968047
0.0069981227
0.006908463
0.0068263737
0.0067496505
0.006677695
0.0066075698
0.0065390086
0.0064751348
0.0064159646
0.0063604456
0.0063043847
0.0062489514
0.006191158
0.006127201
0.00605723
0.005987643
0.005923954
0.005858532
0.0057891356
0.005719468
0.005648888
0.0055822483
0.0054929345
0.0053892955
0.00528181
0.005174193
0.005076922
0.004992536
0.0049076527
0.0048223506
0.0047445158
0.004667095
0.0045899274
0.0045188684
0.0044486537
0.004376464
0.0043081683
0.0042429008
0.0041802167
0.0041224025
0.0040674526
0.004013414
0.0039606867
0.0039071846
0.0038549157
0.003808365
0.0037494835
0.0036797193
0.0036061176
0.003530699
0.0034592017
0.003394371
0.0033362925
0.0032843305
0.0032360435
0.0031911838
0.0031499087
0.0031116963
0.0030750986
0.0030396816
0.0030053016
0.002971994
0.0029398676
0.0029088117
0.002879109
0.0028510492
0.002824082
0.0027971845
0.0027708362
0.002744904
0.0027206407
0.0026986783
0.0026768085
0.0026532183
0.0026300596
0.0026094222
0.0025907536
0.0025734052
0.0025548725
0.0025354861
0.0025176832
0.0025013315
0.0024855928
0.0024696894
0.002454088
0.0024398398
0.0024266995
0.0024147066
0.0024029678
0.002392347
0.0023805762
0.0023666925
0.0023514365
0.0023356667
0.0023211222
0.0023080818
0.002295508
0.0022832213
0.002271447
0.002259116
0.0022461198
0.0022328908
0.0022193694
0.0022067886
0.0021945285
0.0021818671
0.0021689637
0.0021557347
0.0021425665
0.0021297063
0.0021174191
0.0021056144
0.0020936357
0.0020811264
0.0020681734
0.0020552026
0.0020424784
0.0020299165
0.0020174077
0.0020053366
0.0019936787
0.0019824093
0.0019707233
0.001958418
0.0019459412
0.0019333744
0.0019205353
0.0019077486
0.0018963299
0.0018853978
0.0018725882
0.0018582914
0.0018435341
0.0018300217
0.0018184837
0.0018070497
0.0017934362
0.001777395
0.0017618478
0.0017492167
0.0017373093
0.0017236749
0.001709714
0.0016978425
0.0016862627
0.0016728258
0.0016598827
0.0016488225
0.0016397028
0.0016305883
0.0016197948
0.0016100131
0.001601269
0.0015935504
0.001588159
0.0015814865
0.001571295
0.0015611122
0.0015529675
0.0015461975
0.0015405915
0.00153571
0.001530973
0.0015262526
0.0015220314
0.0015183833
0.001515143
0.0015117062
0.0015079207
0.0015044316
0.0015012247
0.0014977662
0.0014941994
0.0014910524
0.0014884467
0.0014864358
0.0014843437
0.0014808051
0.0014752275
0.0014670119
0.0014574698
0.0014488176
0.001441653
0.0014359183
0.0014313348
0.0014274704
0.0014236694
0.001419174
0.0014135432
0.0014071945
0.0014011723
0.0013931502
0.0013834253
0.0013722132
0.001358452
0.0013450861
0.0013341081
0.0013256725
0.0013178597
0.0013098551
0.0013001873
0.0012893341
0.001279408
0.0012709552
0.0012629954
0.0012542532
0.0012451207
0.001237277
0.001230252
0.0012230646
0.0012153382
0.0012067723
0.0011978763
0.0011890123
0.0011795989
0.0011703767
0.0011558034
0.0011359887
0.0011129298
0.001086448
0.0010611028
0.0010392949
0.0010174786
0.0009958394
0.0009751302
0.0009568738
0.00091182865
0.0008675667
0.0008129963
0.0007616636
0.0007290265
0.00070423685
0.0006796987
0.00065215863
0.0006225096
0.0005715489
0.00052778574
0.0004949857
0.00048823113
0.00048408975
0.00046500444
0.00044724837
0.00042397995
0.0003984072
0.00037453463
0.00035372452
0.00033851163
0.00032661954
0.00031266268
0.00029884788
0.0002895092
0.0002808718
0.00027038564
0.00025910986
0.00024973237
0.00024281243
0.00023668399
0.00023073173
0.00022616792
0.00022082808
0.00021687045
0.0002141131
0.00021035249
0.00020617068
0.00020240311
0.00019871503
0.00019487082
0.0001912749
0.0001878004
0.00018433473
0.00018102484
0.00017683436
0.00017299669
0.00016950413
0.0001657955
0.00016236013
0.00015924606
0.00015666103
0.000153318
0.0001503138
0.0001475705
0.0001448111
0.00014251682
0.00013745666
0.00013492591
0.00015590206
0.00015993591
0.00014355233
0.00013491743
0.00014749053
0.00014665203
0.0001228039
0.0001205301
0.00014948621
0.00016318345
0.00013448003
0.00011681271
0.00010348143
0.00016372166
0.00017660004
0.00014209421
0.00019137717
0.0001886468
0.00014824183
0.00012577325
0.000121998826
0.000106829706
0.000103927916
0.0001019596
0.00010331829
9.8906436e-05
0.000103090875
0.00011979123
0.00013971723
0.00014482849
0.0001336944
0.00011920829
0.00011156513
9.999249e-05
9.603817e-05
9.370875e-05
8.9242254e-05
8.418993e-05
8.74844e-05
9.734181e-05
9.285433e-05
8.978507e-05
8.883346e-05
8.672615e-05
8.896652e-05
0.00010169412
0.00010067573
8.7670494e-05
7.6647666e-05
7.821633e-05
7.3992116e-05
7.1963615e-05
8.071629e-05
8.223749e-05
7.211241e-05
7.263861e-05
6.637473e-05
8.129746e-05
7.696483e-05
6.0268605e-05
5.972258e-05
5.921678e-05
6.001883e-05
6.0003895e-05
5.9114038e-05
6.7565656e-05
7.777841e-05
6.0473893e-05
5.468068e-05
7.31456e-05
0.000106180705
7.6980126e-05
5.8603877e-05
4.9868875e-05
4.9882055e-05
4.6322068e-05
4.3009317e-05
4.1897732e-05
4.5559485e-05
5.7483372e-05
8.16608e-05
0.00010633593
0.00013366727
0.00015690399
0.00017216978
0.00018170412
0.00019238242
0.000100146804
4.8119746e-05
6.944077e-05
4.6614157e-05
7.6982156e-05
0.00014457275
0.0001916889
0.00010386568
5.0089577e-05
7.052506e-05
4.700559e-05
5.000995e-05
5.72415e-05
8.172484e-05
9.531798e-05
0.0001180558
6.854031e-05
7.0601214e-05
6.417623e-05
7.001629e-05
0.00010569288
0.00010313686
8.747883e-05
7.352696e-05
6.219315e-05
5.335047e-05
4.1815598e-05
4.3516935e-05
4.0340492e-05
3.4384353e-05
3.7279202e-05
4.7129844e-05
5.29673e-05
5.0928502e-05
3.8414393e-05
3.767083e-05
3.677054e-05
3.6029527e-05
3.556341e-05
3.524446e-05
3.4930417e-05
3.458692e-05
3.423214e-05
3.392621e-05
3.3674605e-05
3.3448632e-05
3.3233136e-05
3.3011638e-05
3.2779833e-05
3.254485e-05
3.23312e-05
3.214812e-05
3.1992993e-05
3.1859614e-05
3.1739568e-05
3.1632e-05
3.1534648e-05
3.1439755e-05
3.134138e-05
3.1235468e-05
3.1118314e-05
3.0991938e-05
3.0864994e-05
3.0740954e-05
3.062059e-05
3.050232e-05
3.0388555e-05
3.0278254e-05
3.0168978e-05
3.005932e-05
2.9948242e-05
2.983451e-05
2.9720317e-05
2.960837e-05
2.9502718e-05
2.9405668e-05
2.9318122e-05
2.9238232e-05
2.916467e-05
2.9094434e-05
2.9026407e-05
2.8958888e-05
2.8891343e-05
2.8823064e-05
2.8755432e-05
2.8688193e-05
2.8622293e-05
2.8556757e-05
2.8491551e-05
2.8425704e-05
2.8359555e-05
2.8292261e-05
2.8224149e-05
2.8154216e-05
2.8084569e-05
2.8014056e-05
2.7942735e-05
2.7870425e-05
2.7797421e-05
2.772366e-05
2.7650656e-05
2.7578593e-05
2.750783e-05
2.7438147e-05
2.7368671e-05
2.729912e-05
2.7229718e-05
2.716059e-05
2.7092336e-05
2.702437e-05
2.695685e-05
2.68898e-05
2.6823325e-05
2.675652e-05
2.6689579e-05
2.6622589e-05
2.6555332e-05
2.6487947e-05
2.6420252e-05
2.6353151e-05
2.6285907e-05
2.6218388e-05
2.6150867e-05
2.6083082e-05
2.6015767e-05
2.5948835e-05
2.5882191e-05
2.5815167e-05
2.5748608e-05
2.5681398e-05
2.5614538e-05
2.5547462e-05
2.5481562e-05
2.5415504e-05
2.5350579e-05
2.5288484e-05
2.5229152e-05
2.5170575e-05
2.5110061e-05
2.504684e-05
2.4981464e-05
2.491473e-05
2.4850604e-05
2.4790404e-05
2.4733534e-05
2.4677818e-05
2.4621504e-05
2.4563384e-05
2.4501784e-05
2.4440902e-05
2.4381308e-05
2.43231e-05
2.4265999e-05
2.421007e-05
2.4153598e-05
2.4094199e-05
2.4035984e-05
2.3979246e-05
2.3923572e-05
2.3868428e-05
2.381258e-05
2.3755869e-05
2.3699318e-05
2.3642233e-05
2.3585486e-05
2.3528437e-05
2.3472076e-05
2.3416027e-05
2.3359942e-05
2.3303495e-05
2.3246816e-05
2.31878e-05
2.3130258e-05
2.3074974e-05
2.3021097e-05
2.296739e-05
2.2911832e-05
2.2853785e-05
2.2794644e-05
2.273641e-05
2.2678629e-05
2.2622256e-05
2.2566448e-05
2.2510687e-05
2.2454415e-05
2.239794e-05
2.2340448e-05
2.2282606e-05
2.2224447e-05
2.216742e-05
2.2111572e-05
2.2056414e-05
2.2001188e-05
2.1944461e-05
2.1888742e-05
2.183457e-05
