0.68
0.6242903
0.57403415
0.5288029
0.48823762
0.45200565
0.41979536
0.39131415
0.36628696
0.34445825
0.3256152
0.30982047
0.2978446
0.28938416
0.2832921
0.2788111
0.275451
0.27288884
0.27090013
0.26933292
0.2680772
0.26705474
0.26620892
0.2654952
0.26488227
0.26434556
0.26386887
0.26343963
0.26304668
0.26268122
0.26233813
0.26201215
0.2616988
0.26139373
0.26109406
0.2607973
0.2605013
0.26020455
0.25990528
0.2596031
0.25929818
0.25898913
0.25867522
0.25835618
0.25803247
0.25770405
0.2573705
0.2570327
0.25669122
0.25634706
0.25600132
0.25565296
0.2553008
0.2549467
0.25459245
0.25423995
0.25388998
0.2535413
0.25319338
0.2528456
0.252497
0.25214824
0.2518005
0.25145543
0.2511139
0.25077608
0.250437
0.25007474
0.24966581
0.24920204
0.2486849
0.24812374
0.2475297
0.2469088
0.2462662
0.24560481
0.24492788
0.24423689
0.24353437
0.24282165
0.24210274
0.24137814
0.24064647
0.23991168
0.23917226
0.23843129
0.23768568
0.23693581
0.23618062
0.23542044
0.23465297
0.23388052
0.2331011
0.23231661
0.2315197
0.23071599
0.22990845
0.22909611
0.22827993
0.22746618
0.22665553
0.22584493
0.22502749
0.22421527
0.2234071
0.22258608
0.22174965
0.22090714
0.22006175
0.21921074
0.21835446
0.21749093
0.21661858
0.21572693
0.21482073
0.21388648
0.21292621
0.21194813
0.21093981
0.20990683
0.20884587
0.20776196
0.20667173
0.20558377
0.20449436
0.20339799
0.20228262
0.20113812
0.1999488
0.19871706
0.19744238
0.19612612
0.1947656
0.19336689
0.19193383
0.19046757
0.18896112
0.18741658
0.18584599
0.18426202
0.18268028
0.18110643
0.17955883
0.17802387
0.1765001
0.17498992
0.17349006
0.17199829
0.17052679
0.16907215
0.16763043
0.16619979
0.1647754
0.16336088
0.1619592
0.16057375
0.1591988
0.15783904
0.1564967
0.15516976
0.15385641
0.15256344
0.15129703
0.15005623
0.14883842
0.14764352
0.1464809
0.14533837
0.14421934
0.14311995
0.14204428
0.1410129
0.14000247
0.13900886
0.13802643
0.13706274
0.13611531
0.13518295
0.13425979
0.13333806
0.13241865
0.13149785
0.13057782
0.12966695
0.12877041
0.1278915
0.12702876
0.12617476
0.12532696
0.12449369
0.12371756
0.12294381
0.12216836
0.12139754
0.120633356
0.11987208
0.1190986
0.118316345
0.11752915
0.11673836
0.11594565
0.11515855
0.11438094
0.11361354
0.11284709
0.11208486
0.11133057
0.11058048
0.10983541
0.1090928
0.10835739
0.1076281
0.1069032
0.10619314
0.10549579
0.10481728
0.104143105
0.10347356
0.102810256
0.10214532
0.1014826
0.100819394
0.10015242
0.09948879
0.09881788
0.098144285
0.09747294
0.096791565
0.09611643
0.09544143
0.09476603
0.09409191
0.09341893
0.0927523
0.092086315
0.091416806
0.09074426
0.090067305
0.08938065
0.088678494
0.08794888
0.087223515
0.086502366
0.08578084
0.08506553
0.08434868
0.08361665
0.082873106
0.08212701
0.081374675
0.08063297
0.079881474
0.07911615
0.07837853
0.07762733
0.076876715
0.07617702
0.07545543
0.07472476
0.07404367
0.073309794
0.07264483
0.07204161
0.07135922
0.07078125
0.07022139
0.06960484
0.06909294
0.06851684
0.06793319
0.06743075
0.06682882
0.06630946
0.06568197
0.06503142
0.064428724
0.06377647
0.06323587
0.06257964
0.062032994
0.06146468
0.06090316
0.06039452
0.059748523
0.05924408
0.058644537
0.058198486
0.057733905
0.057129364
0.056627464
0.056044936
0.055555675
0.05502019
0.054514434
0.05407426
0.05357914
0.053171452
0.052645046
0.052144554
0.051635463
0.05115802
0.050701942
0.050207213
0.04976119
0.04925846
0.04878746
0.04826745
0.047790516
0.047292273
0.046810403
0.046353675
0.04584544
0.045387942
0.04486521
0.044412494
0.043919638
0.04351246
0.043046378
0.04264681
0.04222733
0.041868873
0.041494444
0.0411234
0.040767442
0.040401693
0.04005461
0.03969307
0.039338514
0.038995728
0.03863697
0.03829611
0.037962273
0.037661772
0.037360433
0.03705782
0.036772665
0.036468152
0.036173966
0.035846118
0.035521302
0.035165716
0.03481082
0.034458518
0.03409688
0.033764604
0.033412136
0.033150993
0.032844897
0.032651205
0.032398652
0.032167636
0.031917546
0.031660665
0.031392064
0.031118736
0.03085509
0.030622082
0.030384487
0.030198222
0.030013692
0.029871708
0.02972818
0.029582774
0.02941859
0.029225731
0.029007822
0.028768018
0.028525015
0.028277123
0.028044153
0.027812248
0.027622528
0.027421528
0.027248926
0.027055746
0.026850462
0.026627589
0.026396602
0.026190193
0.025978018
0.02577525
0.025569193
0.025359787
0.02511838
0.024878472
0.02465592
0.024437852
0.024194745
0.023965653
0.023739155
0.023473237
0.023215896
0.022960095
0.022738
0.022494288
0.022255939
0.022009281
0.021773202
0.021500867
0.0212652
0.021040592
0.020876255
0.020669086
0.020428
0.020209823
0.02006382
0.019796647
0.019584894
0.019391716
0.019273035
0.01906327
0.01891333
0.018765498
0.018602699
0.018562289
0.018391881
0.018414449
0.018194122
0.018036641
0.017900089
0.017767081
0.01752945
0.017318131
0.017161017
0.016898757
0.016657833
0.016508227
0.016392846
0.016175948
0.016004456
0.015827846
0.015603633
0.015382607
0.015183206
0.0151331695
0.014881415
0.014737356
0.014522409
0.014411404
0.014100272
0.01389759
0.0136653595
0.013487428
0.013215156
0.013020952
0.01305216
0.012981349
0.012552541
0.012487823
0.012197337
0.012079993
0.011790179
0.011665317
0.011577133
0.0114732
0.01117192
0.011023004
0.010828221
0.010744063
0.010384674
0.010271298
0.0100076385
0.010008943
0.009729473
0.009581669
0.009407832
0.0092567885
0.009044254
0.008831427
0.008704019
0.0085688
0.008222046
0.008109043
0.007960911
0.007907155
0.0076117436
0.0075095748
0.0073806276
0.007364433
0.007066497
0.0070421766
0.0068812896
0.006884999
0.006680065
0.0065952637
0.006503702
0.006455624
0.006231003
0.006164499
0.0061826366
0.006142996
0.0058771325
0.0057498585
0.005830802
0.005917205
0.00557543
0.005410789
0.0053420025
0.0053562424
0.005184342
0.005119897
0.0050330944
0.0049767313
0.0048749354
0.004764171
0.005081003
0.0053202556
0.0050251703
0.00474794
0.004736211
0.004664676
0.0047888826
0.0046861656
0.0045161205
0.0044171032
0.004607383
0.00476628
0.004496791
0.0042148326
0.0042355154
0.0040749586
0.0041305083
0.0040091476
0.0040157693
0.003940012
0.004082375
0.0042808545
0.004051711
0.003768796
0.0044286293
0.003931109
0.003741906
0.0041111098
0.004248864
0.0038760416
0.0036251966
0.00391627
0.0037553653
0.003616163
0.0037533932
0.0035753013
0.003434765
0.0033136471
0.003168555
0.0031039165
0.002973778
0.002833405
0.0027638436
0.0027405655
0.0026914696
0.0027242287
0.0026528754
0.00260259
0.0026157342
0.0025084761
0.0024642842
0.0023992641
0.0023675633
0.0022805722
0.0022930985
0.0022055802
0.002210752
0.0021884504
0.0021135318
0.002083162
0.0020224384
0.001946092
0.0018858556
0.0018573189
0.0017972366
0.0017343641
0.0016870687
0.0016332961
0.0015986651
0.0015871855
0.0015596312
0.0015240994
0.0014829212
0.0014616586
0.0014373647
0.0014121336
0.0013623807
0.0013142516
0.0013409723
0.001341341
0.0012593225
0.0016085826
0.0012378487
0.0013931494
0.0013925302
0.0012701337
0.0012867987
0.0012287437
0.0011995988
0.0015085745
0.001905265
0.0015010689
0.0011656017
0.001138421
0.0011200042
0.0010492523
0.0010811231
0.0010482767
0.00101282
0.0009844154
0.0009632802
0.0009879413
0.0009313796
0.00094263913
0.00092663296
0.000871692
0.001002486
0.00096742075
0.0009839466
0.0008613344
0.00088947214
0.00086154987
0.0008285031
0.0008764985
0.0007839006
0.0007811664
0.00075651327
0.0007539494
0.00078603684
0.0007375309
0.00070664135
0.0008681681
0.00078229286
0.00085605046
0.0007774473
0.00074835675
0.0006780044
0.00086916646
0.0009570434
0.0008619862
0.0006487691
0.0006583863
0.0006746114
0.0006510804
0.0006601844
0.0006575891
0.00056093035
0.0006113941
0.0005292063
0.00050788076
0.0005371428
0.0005031389
0.00046972348
0.0006703598
0.0005430417
0.0005206208
0.0005032593
0.00047290334
0.000912131
0.0008502795
0.00052044034
0.000475287
0.0004516334
0.00042388006
0.0007868264
0.0007215748
0.0005098346
0.00046194985
0.00044449736
0.00041576615
0.00039493726
0.0008667201
0.0007425234
0.00042984
0.00038859542
0.00037969832
0.00037033536
0.00039915106
0.00035757638
0.00031949673
0.00048508486
0.0003650939
0.00039576815
0.00038100596
0.00038182645
0.00035944025
0.00033537354
0.0003368441
0.00068045687
0.00045548906
0.00034442943
0.000323197
0.0007065001
0.0015308359
0.0008577557
0.0003833639
0.00030019655
0.00028913424
0.0002800626
0.0002911213
0.00030653275
0.00027496915
0.0002725818
0.0002612056
0.00031448493
0.00038251575
0.00025977523
0.00022730937
0.00022266453
0.0002212662
0.00021309587
0.0004174741
0.00029716548
0.00031228477
0.00027649596
0.0002345013
0.0002202585
0.00020685639
0.00068363774
0.00093441317
0.0005804785
0.0002669776
0.00022523369
0.00022979165
0.00021061716
0.00024480463
0.00026292552
0.00021054223
0.00020414064
0.000210874
0.00023427742
0.00019135294
0.00017827921
0.00017742469
0.00019587406
0.00020975791
0.00017644721
0.00015706473
0.00014503152
0.0014168116
0.0017643094
0.0013180285
0.00072638394
0.00025837825
0.00022833358
0.00020377872
0.00016747169
0.0002650417
0.0004249763
0.00016278565
0.00015879258
0.00015327807
0.00014147854
0.0001495661
0.00015281799
0.00012511993
0.00012168092
0.0001377569
0.00026626472
0.00023123517
0.00013566119
0.0001324119
0.00012193769
0.00014869007
0.00016420212
0.0001591287
0.00014319047
0.00013306303
0.00012547302
0.000340551
0.00022260807
0.00017823413
0.00013005621
0.00012961788
0.00012486635
0.000101668025
9.327895e-05
0.00010756474
0.00010470566
9.30387e-05
8.429979e-05
9.360378e-05
0.00010593628
0.00010170345
8.583397e-05
8.285353e-05
7.7758035e-05
7.3148396e-05
8.308569e-05
0.00010065096
0.00012106036
0.00014186147
0.00014434641
0.000103265054
7.496091e-05
7.886999e-05
7.933554e-05
6.591239e-05
7.058657e-05
7.4245305e-05
8.9166824e-05
0.00011784095
9.6696356e-05
6.472979e-05
6.188119e-05
6.77164e-05
9.981688e-05
6.394869e-05
5.716569e-05
5.6002675e-05
7.50848e-05
9.7800454e-05
0.00012835703
6.632517e-05
4.697015e-05
5.32954e-05
7.4541385e-05
0.00010376278
0.00014979388
0.00014380935
7.128245e-05
5.8752932e-05
4.9527767e-05
4.4097753e-05
6.0508966e-05
8.26062e-05
0.00013478361
0.0002197141
0.00020333816
7.299353e-05
5.5189983e-05
5.1635663e-05
4.914243e-05
7.275596e-05
0.00012985115
0.000203204
0.00022819474
0.00013979511
6.917299e-05
5.4113916e-05
5.139131e-05
4.78415e-05
4.645169e-05
4.881856e-05
5.7824327e-05
7.238091e-05
8.66528e-05
9.809378e-05
0.0001058271
0.000109082364
0.000108317756
0.00010508649
9.989012e-05
6.346384e-05
4.553604e-05
4.193273e-05
3.6447298e-05
4.5436518e-05
7.462583e-05
0.00011005471
0.00010377006
9.896511e-05
9.340994e-05
8.67188e-05
5.1342653e-05
3.9248713e-05
3.5881516e-05
3.368685e-05
0.00016886144
0.0003388635
0.00013045162
6.1949584e-05
3.6443354e-05
2.5083993e-05
2.9162904e-05
4.596533e-05
0.00013009198
0.00032828335
0.00039839253
0.00028508558
0.00017445472
9.708094e-05
5.9259757e-05
4.46063e-05
3.6585032e-05
3.0941275e-05
2.9261475e-05
2.7021071e-05
2.5473957e-05
2.5184208e-05
2.5659261e-05
2.9792407e-05
3.3534943e-05
3.8280756e-05
4.526869e-05
5.257887e-05
5.8952428e-05
6.423655e-05
6.807987e-05
6.997777e-05
7.017914e-05
6.907791e-05
6.73617e-05
6.570136e-05
6.421643e-05
6.2976265e-05
6.200348e-05
6.129306e-05
6.0738734e-05
6.0426486e-05
6.0253205e-05
5.9775244e-05
5.878558e-05
5.7591013e-05
5.6707908e-05
5.6281977e-05
5.1220173e-05
4.7913192e-05
3.988645e-05
2.8016393e-05
4.4958484e-05
0.00012121866
0.00018599007
0.000105223684
4.081171e-05
7.4443444e-05
5.127145e-05
7.681838e-05
0.00022938113
0.00050376233
0.00075896946
0.0006509551
0.00034349118
0.0001590579
6.9785674e-05
2.7101825e-05
2.0527124e-05
7.1939794e-05
0.00020734733
3.3880657e-05
1.6986694e-05
1.6589236e-05
3.3153276e-05
6.9096335e-05
0.00012346722
0.00019627617
0.00028247328
0.00037110102
0.0004545184
0.00052962766
0.0005937257
0.0005343131
0.0002728141
7.268709e-05
6.468914e-05
8.838756e-05
7.0924616e-05
6.0675386e-05
2.7862763e-05
2.6957043e-05
4.1440602e-05
7.104754e-05
0.00014752343
0.000112690774
3.8211987e-05
1.5701384e-05
1.1952319e-05
