0.68
0.6124207
0.553117
0.5012706
0.4561728
0.41717458
0.38368
0.35514465
0.3310783
0.31109902
0.29628333
0.28625616
0.27930537
0.2743489
0.270718
0.26798913
0.265889
0.26423618
0.26290748
0.2618152
0.26089624
0.26010466
0.2594064
0.25877634
0.2581967
0.25765407
0.2571385
0.25664198
0.25615868
0.2556838
0.2552155
0.2547528
0.25429618
0.2538466
0.25340474
0.25297123
0.25254548
0.25212678
0.25171408
0.25130635
0.2509024
0.25050178
0.2501046
0.24971013
0.24931781
0.24892832
0.2485421
0.24815944
0.24777964
0.24740319
0.24703011
0.24666087
0.24629532
0.24593541
0.24557869
0.24522555
0.24487743
0.24453202
0.24417187
0.24378352
0.24336693
0.24291489
0.24242976
0.24191785
0.24138491
0.24083667
0.24027565
0.2397019
0.23911898
0.23852907
0.2379332
0.23733182
0.2367264
0.2361158
0.23550051
0.23488118
0.23425955
0.23363765
0.23301467
0.232392
0.23176809
0.23114176
0.2305132
0.22988197
0.2292469
0.22860807
0.22796279
0.22731763
0.22666639
0.22601254
0.22535726
0.22470288
0.22405128
0.22339875
0.22274993
0.22210507
0.2214603
0.2208193
0.22017947
0.21954069
0.2189059
0.21827935
0.21766008
0.21704455
0.21643987
0.21584386
0.21524987
0.21465622
0.21406965
0.21348345
0.2128947
0.21230328
0.21170071
0.21109727
0.21048225
0.20985787
0.20922127
0.20857754
0.20792305
0.20726016
0.2065977
0.2059279
0.2052481
0.20455937
0.2038601
0.20315169
0.20243275
0.20170249
0.20095803
0.20019518
0.19941205
0.19860809
0.1977794
0.19692567
0.19604014
0.19512774
0.19418904
0.19322503
0.19222683
0.19120501
0.19015636
0.1890817
0.18797062
0.18682398
0.18562183
0.1843556
0.18302768
0.18165071
0.18024203
0.17880373
0.17735246
0.17589778
0.17444268
0.17299029
0.17153983
0.17008346
0.16862172
0.1671476
0.16567078
0.1641946
0.16271858
0.16125087
0.15980162
0.15837538
0.15696885
0.15558864
0.15423432
0.15290897
0.15161234
0.15033847
0.14907922
0.147839
0.14661637
0.14540824
0.1442208
0.14304908
0.14189316
0.1407492
0.13961345
0.13849072
0.13738032
0.13627578
0.13517158
0.13406971
0.1329814
0.13188991
0.13079673
0.129693
0.12858015
0.12745924
0.12634781
0.12525229
0.124154456
0.1230587
0.12197558
0.12091554
0.119877346
0.11892513
0.117929965
0.116978124
0.11600685
0.11506681
0.11410604
0.113093704
0.11210471
0.111147895
0.11020997
0.10928408
0.10836222
0.10744777
0.106566355
0.105717406
0.10488889
0.10407694
0.103281155
0.10249696
0.10172647
0.10096574
0.10019712
0.09941814
0.09863524
0.09785587
0.09708213
0.096314535
0.09555988
0.09480041
0.09401569
0.0932427
0.09248811
0.09171875
0.09094542
0.09017593
0.089392014
0.08857842
0.08775766
0.08693358
0.08611588
0.08528911
0.0844631
0.083634876
0.08278175
0.08191957
0.08105515
0.08020351
0.07939959
0.07857744
0.07774453
0.076942824
0.0761286
0.07531032
0.074481666
0.073649324
0.072847925
0.07207514
0.071322985
0.07055974
0.06980224
0.069071025
0.06837681
0.06767062
0.06692224
0.06619118
0.065489054
0.06478108
0.06405128
0.06334501
0.062656336
0.061965413
0.06126311
0.06058817
0.059991226
0.05933659
0.058721866
0.058072917
0.057614047
0.057170816
0.05647385
0.05608746
0.055478457
0.055163465
0.054686446
0.054083176
0.053783968
0.053242218
0.053147107
0.052646954
0.05224294
0.05206926
0.05166873
0.051790997
0.05147349
0.05102652
0.050874252
0.050508164
0.050422717
0.05012084
0.04987312
0.049798846
0.049570266
0.049468268
0.04916656
0.048878897
0.04852569
0.04818704
0.047887787
0.047561288
0.047332153
0.046972297
0.046616826
0.04619745
0.045802705
0.045345925
0.044931553
0.044452995
0.043952867
0.04349809
0.043070566
0.042676177
0.042283177
0.04188049
0.041518264
0.041165017
0.04079588
0.04041217
0.040018484
0.039621744
0.03919091
0.03873859
0.038296387
0.037897162
0.037515413
0.037157465
0.03685428
0.036547486
0.036244757
0.035946153
0.035641853
0.0353256
0.034962878
0.03453055
0.034067478
0.03365838
0.03327067
0.032958545
0.032701436
0.032421276
0.03210348
0.031909417
0.03171097
0.03155241
0.031298984
0.030951437
0.03057842
0.030375242
0.030058883
0.029830888
0.029669182
0.029465064
0.029192638
0.028989948
0.028700514
0.028481802
0.028090779
0.0277241
0.027392212
0.027193276
0.026966594
0.02680275
0.0266492
0.026545003
0.026382478
0.026078023
0.025708172
0.02526246
0.02480721
0.024349282
0.023953522
0.02357339
0.023231415
0.022962576
0.022702126
0.022413936
0.022069141
0.02166621
0.021251258
0.020949813
0.020657597
0.02041534
0.020177806
0.01996645
0.01993928
0.019886369
0.019823812
0.01959034
0.019302659
0.0189726
0.018730832
0.018527063
0.018393036
0.018142702
0.017912038
0.01783508
0.01772454
0.017566385
0.017287161
0.017063195
0.01687382
0.016703881
0.016558597
0.016384527
0.016199365
0.01603631
0.015851226
0.015641976
0.015467129
0.015450277
0.015452018
0.015342701
0.015068522
0.0149100255
0.014800886
0.014563509
0.014293403
0.014274851
0.014391098
0.014254446
0.013912721
0.013715153
0.0136887375
0.013589618
0.013327471
0.013331521
0.013521204
0.013483985
0.013198441
0.013063754
0.013004568
0.0128863
0.012676659
0.012780441
0.01286008
0.012673846
0.012307347
0.012269319
0.012282412
0.012125686
0.011819378
0.011947472
0.012147271
0.011954442
0.01152684
0.011402828
0.011389783
0.011354132
0.01113666
0.011122969
0.011374903
0.011146687
0.010826709
0.010645311
0.010589358
0.010422326
0.010260289
0.010500242
0.010569588
0.010186623
0.009964709
0.009944568
0.009961096
0.009820996
0.009738357
0.009859615
0.010128362
0.009839992
0.009500617
0.009376859
0.009378826
0.009169209
0.008985966
0.009085415
0.009119855
0.008977631
0.008732078
0.008626379
0.008542385
0.008354235
0.008410634
0.008501784
0.008303754
0.008015919
0.007991131
0.007890551
0.0077969558
0.0077649625
0.0076831807
0.00751964
0.0074667493
0.0073274127
0.0072876015
0.007219293
0.0071843853
0.006984894
0.006910507
0.006802842
0.006718557
0.0066608083
0.006590998
0.006499195
0.006381487
0.006276201
0.006165165
0.006056058
0.0059629898
0.0058651995
0.005785395
0.0056513753
0.0055083083
0.0053835576
0.0052471845
0.0051224916
0.0050113616
0.004909299
0.0048641823
0.0047522527
0.0046224096
0.0045144693
0.0044095973
0.004318796
0.004231803
0.004142933
0.00406474
0.003982047
0.0038984064
0.0038119245
0.0037223378
0.0036213973
0.0035249125
0.0034222913
0.0033525026
0.0032800683
0.0032168715
0.0031370223
0.0030941989
0.0030230521
0.002940976
0.0028788531
0.0028126463
0.002743338
0.00270715
0.0026245352
0.0025875273
0.0025226185
0.0024946278
0.002460312
0.0024028984
0.002346431
0.0022829995
0.0022418557
0.0022029944
0.0021503498
0.0020938844
0.0020381599
0.001987355
0.0019502809
0.0018891507
0.0018255502
0.0017661869
0.0017212328
0.0016784491
0.0016530353
0.0016253105
0.0016168184
0.0015437821
0.0016813705
0.0017629308
0.0015211885
0.0015566855
0.0016166552
0.0015533518
0.001627367
0.0017759955
0.0018568911
0.0016859972
0.0015158548
0.001518447
0.0014201663
0.0013319865
0.0012784197
0.0012178943
0.0011965118
0.001151742
0.0011752922
0.0012030182
0.0011351982
0.001102814
0.0010354895
0.0010044199
0.0009910723
0.00096427073
0.0009348625
0.0008999291
0.00085857225
0.00083190366
0.0008121331
0.0007820534
0.00076125143
0.00072925986
0.00069761527
0.0006661506
0.0006470702
0.0006451104
0.00063869305
0.0006315661
0.00060220895
0.0005654484
0.00056672713
0.00055411033
0.000579018
0.0006020513
0.0005646689
0.0005797929
0.00055846985
0.00053915347
0.0005410328
0.00051519426
0.00051023695
0.00047445073
0.00046308382
0.0004485487
0.000437966
0.0004265743
0.00041617098
0.00040261133
0.0003872453
0.0003764688
0.00036741624
0.00036241225
0.00035669297
0.0003298673
0.00030974916
0.00030214954
0.00031662555
0.0003078227
0.00030585294
0.000305388
0.0002907689
0.000281436
0.00027686803
0.0002739374
0.0002788615
0.00027131152
0.00025820438
0.00024459866
0.0002444168
0.00024883696
0.00025324282
0.00025467703
0.00024102523
0.00025420485
0.00022598018
0.00023009375
0.0002204967
0.00024618604
0.00019793827
0.00020240179
0.00021331385
0.00025830913
0.0002452637
0.0002789618
0.00024749583
0.0001901869
0.00030657247
0.000260714
0.00028043299
0.0003303079
0.00030242358
0.0002493934
0.00018826798
0.00021791564
0.00019706177
0.00023938212
0.00030877584
0.00031992496
0.00033856323
0.00031911032
0.00031298096
0.0003367767
0.00032206444
0.00023130243
0.0002926278
0.0003223494
0.000245448
0.00028751054
0.00020907461
0.0004246358
0.00059676566
0.00060396694
0.0004148581
0.0004166456
0.0005078862
0.00028396962
0.00028696918
0.00062083534
0.00059689005
0.00025106966
0.00030889234
0.00027656968
0.00019282209
0.00026400352
0.00027556423
0.00025881152
0.0002606944
0.0001717606
0.00026524573
0.0005024981
0.0005509122
0.00046769535
0.00035398835
0.00040347409
0.00036577397
0.00017912209
0.00040397458
0.0018161102
0.0025519093
0.0025323702
0.0021227382
0.0011011229
0.0010620633
0.001342135
0.00092607806
0.00037534532
0.00059785845
0.0015649422
0.0015182099
0.0009891632
0.000440083
0.00048013727
0.00067166524
0.00041582505
0.00019330057
0.00030371663
0.0003932204
0.00022652115
0.00024166978
0.00029721163
0.00017430699
0.00018086535
0.0004399024
0.0006623174
0.0003382317
0.00028220477
0.00034985133
0.00023174462
0.00014487353
0.00017885861
0.00032191558
0.0002869768
0.00020107687
0.00025145191
0.0001796381
0.00011721297
0.00019201521
0.00029799333
0.00020287228
0.00017943639
0.0002671175
0.00019479131
0.00013086313
0.0003917498
0.0009326977
0.0010071903
0.0006856212
0.0003496731
0.00024451598
0.00020452644
0.00020667273
0.00014431101
0.00050397264
0.00083272095
0.00066779176
0.0007706201
0.0007681204
0.00044214985
0.0003931268
0.0007074375
0.0006323997
0.00024090102
0.00019198262
0.00022647688
0.00020286931
0.00013016527
0.00012252944
0.00014609381
0.00019991146
0.0002139482
0.00023012405
0.00026894346
0.00018147711
0.000117310585
0.00031692773
0.0013148383
0.0015151276
0.0016690445
0.0017958576
0.0011476688
0.00056950544
0.00039806904
0.0001618332
0.00020480796
0.00064383197
0.0022426536
0.0026892992
0.0013352568
0.00037318032
0.00040213307
0.00033586894
0.00017883742
0.00015858977
0.00034365052
0.00025454798
0.00014510842
0.00019870671
0.00037854063
0.0002808123
0.00015009481
0.000312929
0.0006640893
0.00023006511
0.00011347268
8.786908e-05
0.00011756015
0.000112212074
0.00010378133
7.580881e-05
6.700918e-05
6.9498e-05
0.00011578852
0.00016806302
0.00015983719
0.00013737033
9.12541e-05
0.00011515988
0.00021595148
0.00019342436
8.3173276e-05
9.823533e-05
8.1218044e-05
4.7021873e-05
0.0001369636
0.00039902813
0.00024610604
0.00013502044
8.5919e-05
4.6881953e-05
4.1628064e-05
7.5696385e-05
0.00017175834
0.00029699996
0.00027803882
8.497014e-05
5.1270683e-05
4.230386e-05
3.82833e-05
7.834306e-05
0.00030974046
0.00053446845
0.00029629224
0.0001485436
0.0001273513
9.381146e-05
0.0002671538
0.0005824798
0.00088310934
0.00088507624
0.00040825646
0.00012326406
6.126794e-05
0.00014375526
5.6288194e-05
9.028738e-05
0.00018018293
0.00018287679
0.00014647306
9.4955234e-05
5.961631e-05
4.098193e-05
6.4798776e-05
3.203537e-05
7.407911e-05
0.00017562123
0.0002355654
0.00015634386
0.00010536567
5.221394e-05
0.00020440228
9.499725e-05
0.00022031233
0.00029590924
0.00023704293
0.00011186308
9.649503e-05
0.00020725421
0.00018993008
0.00021721055
0.00021701345
0.00016943165
0.00011404575
9.745958e-05
8.1045095e-05
6.8478446e-05
7.0746144e-05
0.000103469734
0.000102250786
5.2485968e-05
2.715929e-05
5.308603e-05
4.5295346e-05
0.00011790094
0.0002381823
0.000268509
0.00025003808
0.00011293754
0.00022277996
0.0014342946
0.0020951768
0.0015675541
0.0010551715
0.00041927779
0.00036633437
0.0001655362
4.4933313e-05
0.00032942055
0.0015930991
0.001083315
0.0017860773
0.0023844112
0.0017223448
0.001388004
0.0007921577
0.0002238903
0.00011040687
0.0003141013
0.00030809644
0.00011106995
9.360412e-05
0.0001192663
0.00013165888
6.919375e-05
7.30899e-05
7.2066745e-05
6.1080966e-05
5.2434145e-05
4.166782e-05
4.3719057e-05
1.9001156e-05
3.3054755e-05
4.6648216e-05
7.875054e-05
0.000100239326
8.433375e-05
3.871668e-05
7.241211e-05
0.00023592263
0.00032915434
0.0001508633
0.000115775714
4.987329e-05
1.9088704e-05
4.2398457e-05
8.4852065e-05
0.00017859027
0.00013554133
8.792759e-05
4.6616282e-05
1.9844982e-05
3.192464e-05
7.3807925e-05
0.00020179815
0.00017326877
7.970757e-05
3.0894975e-05
1.9255305e-05
3.1358803e-05
2.6890748e-05
5.868643e-05
8.822107e-05
7.2723065e-05
2.5552796e-05
2.4129436e-05
8.841595e-05
0.00019148394
9.731785e-05
4.3417775e-05
2.4689554e-05
1.31625375e-05
