0.68
0.6255139
0.5762014
0.5316651
0.49157134
0.45561054
0.42349222
0.39494294
0.3697068
0.34754157
0.32823664
0.31169668
0.29885426
0.28967264
0.2830252
0.27810845
0.2743965
0.2715406
0.26930115
0.26750997
0.2660511
0.264842
0.26382303
0.26294976
0.26218852
0.26151243
0.26090145
0.26034084
0.25981787
0.25932348
0.25885192
0.2583976
0.25795683
0.2575262
0.2571029
0.25668526
0.25627112
0.2558591
0.2554481
0.2550423
0.25464347
0.2542451
0.25384656
0.25344867
0.25305176
0.25265685
0.25226477
0.25187528
0.25148866
0.25110495
0.2507242
0.25034755
0.24997582
0.24960914
0.24924767
0.24889222
0.24854326
0.24820064
0.2478639
0.24753393
0.24721168
0.2468895
0.24654609
0.2461803
0.24577177
0.24533778
0.24488086
0.24440046
0.24390422
0.24339925
0.24289171
0.24238291
0.24187693
0.24137641
0.24088204
0.24039622
0.2399189
0.23944956
0.23899032
0.23853943
0.23809868
0.23766665
0.2372435
0.23682918
0.2364228
0.23602524
0.23563461
0.23525009
0.23487134
0.23449746
0.23412596
0.23375252
0.23338045
0.23301052
0.23264413
0.23228304
0.23192827
0.2315793
0.2312368
0.23089656
0.23056364
0.23023933
0.22992173
0.2296098
0.22930016
0.22899015
0.22868052
0.22837196
0.22806153
0.22774664
0.22743289
0.2271185
0.22680287
0.22649449
0.22619423
0.22589783
0.22560725
0.22532625
0.22505109
0.22477692
0.22450183
0.22422679
0.22395141
0.22367725
0.22340037
0.22311765
0.22282755
0.2225296
0.22222547
0.22190896
0.22158723
0.22125967
0.22093223
0.22059949
0.22025792
0.21990816
0.21955457
0.21919416
0.21882677
0.21844512
0.2180485
0.21764058
0.2172234
0.21679738
0.21636276
0.21591957
0.21546717
0.21500523
0.21452372
0.2140297
0.21351682
0.21298632
0.21243672
0.21186519
0.21127714
0.21066912
0.2100419
0.20940126
0.2087501
0.20808823
0.20740597
0.20669818
0.20596543
0.2052072
0.20441903
0.20360065
0.20274922
0.20185846
0.20093203
0.19996533
0.19895108
0.1978952
0.19678779
0.19562769
0.19441034
0.19313678
0.19180614
0.19042705
0.18901
0.18756549
0.18610379
0.18459165
0.18297264
0.18126349
0.17949705
0.17770104
0.17591384
0.17414556
0.1723979
0.1706057
0.16877383
0.16694854
0.1651723
0.16345447
0.16180053
0.16023475
0.15876076
0.15733913
0.1559544
0.15462618
0.15335326
0.15213427
0.1509623
0.1498409
0.14879072
0.14781247
0.14689913
0.14603384
0.14520589
0.14441323
0.14366005
0.1429378
0.14222912
0.14153063
0.14082421
0.14013202
0.13945156
0.13878658
0.13814467
0.13752267
0.13690202
0.1362776
0.1356489
0.13501866
0.13439012
0.13377108
0.1331777
0.13259184
0.13200971
0.1314295
0.13084807
0.13026157
0.12966749
0.12906627
0.12846032
0.12785664
0.12725723
0.12666163
0.12606658
0.12547037
0.12487183
0.12427573
0.12367385
0.12307453
0.12245513
0.12182471
0.12118248
0.12053617
0.11990353
0.11926432
0.11862399
0.11800759
0.11737212
0.116723865
0.11607978
0.11543186
0.11477551
0.11412783
0.11348012
0.11283326
0.112185545
0.11153421
0.11087835
0.11021103
0.109533705
0.10885764
0.108177975
0.10748926
0.10681728
0.10617553
0.105534166
0.10490719
0.10426925
0.10364271
0.10309065
0.10255791
0.10207891
0.10160963
0.10111668
0.10065852
0.10021277
0.099758655
0.09933431
0.09885874
0.09834744
0.09788764
0.09735444
0.096805856
0.09627703
0.09568052
0.09510481
0.094651274
0.094107345
0.09358387
0.093092985
0.09248834
0.09189717
0.09150405
0.090963766
0.09039548
0.08995859
0.089406855
0.08876262
0.08819757
0.087819986
0.087362245
0.08689319
0.08656576
0.08616448
0.08566573
0.08517302
0.084793404
0.08438263
0.083977245
0.0836104
0.08319657
0.082692295
0.08217921
0.08172584
0.08130077
0.08087808
0.08048844
0.08008998
0.07960805
0.07908268
0.07859159
0.078123815
0.07767315
0.0772281
0.07669788
0.07611561
0.07557856
0.07506235
0.074557155
0.07406883
0.07350139
0.072896205
0.07232807
0.07179284
0.07127509
0.07079433
0.070322216
0.06980181
0.06927906
0.06878387
0.06832347
0.06789169
0.06748426
0.06706366
0.066619106
0.0661779
0.065756515
0.06535448
0.06497022
0.06459641
0.06420217
0.06378768
0.0633639
0.0629435
0.062534034
0.062147178
0.06176892
0.061385047
0.06101047
0.06064609
0.060291994
0.059947763
0.05960415
0.059246596
0.058881443
0.058524095
0.05816161
0.057799764
0.05743592
0.057049762
0.05663752
0.056211274
0.055779446
0.055371393
0.054992296
0.05462342
0.054243717
0.053815313
0.053301692
0.052738976
0.052178934
0.051665876
0.05120159
0.05076082
0.050327484
0.049889836
0.049440525
0.04895395
0.048416473
0.047843125
0.047287937
0.04676121
0.046253577
0.045743886
0.045230545
0.044694744
0.044132918
0.04357052
0.04303261
0.042529404
0.042049434
0.041569937
0.041074965
0.040582668
0.040117376
0.039659426
0.039183173
0.03868245
0.03816928
0.0376708
0.03718592
0.036722325
0.036250886
0.035762303
0.03529445
0.034847215
0.034377307
0.033888713
0.033400908
0.03293156
0.032481607
0.032023903
0.031537715
0.031060232
0.030620081
0.030166166
0.029686473
0.029226977
0.028821653
0.028445661
0.028057756
0.027676988
0.027304748
0.026931362
0.026552396
0.026184864
0.025848795
0.025517048
0.025148716
0.024777034
0.024444893
0.024079556
0.023777729
0.023450483
0.023206538
0.022893786
0.022734776
0.022402996
0.02219143
0.021916188
0.021593638
0.021375673
0.021062823
0.02087265
0.02062028
0.020324647
0.02008289
0.019730687
0.019450894
0.019106092
0.018736018
0.018501854
0.01818951
0.017874908
0.017657232
0.017359724
0.017004304
0.01670559
0.016314296
0.016036445
0.0157506
0.01558191
0.015479261
0.015253526
0.0151025355
0.014886638
0.014585975
0.014431332
0.014180381
0.013922194
0.013798509
0.013605305
0.013431975
0.013297692
0.013108191
0.012945068
0.012746056
0.012490122
0.012267257
0.012079761
0.01192225
0.0117459055
0.011590776
0.011429386
0.011273268
0.011086567
0.010887373
0.010693661
0.010506147
0.01033956
0.010188106
0.010040515
0.00985481
0.009677735
0.009519022
0.009374356
0.00922877
0.009085176
0.008930208
0.008769928
0.008580902
0.008408777
0.008241651
0.008091737
0.007994544
0.007869933
0.0077617723
0.0077637015
0.007779909
0.0076407315
0.0075174123
0.0074181296
0.0073040845
0.0071914243
0.0070873895
0.006985545
0.006900025
0.0068205255
0.006725536
0.0066272737
0.0065722074
0.006497627
0.0064060017
0.0063422364
0.006273532
0.006197754
0.0061306367
0.0060666106
0.005999402
0.0059310123
0.0058631026
0.0057934267
0.0057302346
0.005672206
0.005616852
0.0055622933
0.005500836
0.0054349075
0.00536778
0.0052962424
0.005219487
0.0051408205
0.0050900364
0.0050350684
0.004971599
0.0048863604
0.004799549
0.0047160154
0.0046298555
0.0045663253
0.0045235283
0.004495755
0.0044555953
0.0044119093
0.0043664966
0.0043186434
0.0042473986
0.00417894
0.004119821
0.0040616156
0.0040061
0.0039487034
0.0038911449
0.0038355065
0.0037819191
0.0037301083
0.0036605005
0.003581163
0.003515365
0.003442455
0.0033902351
0.0033920591
0.00338715
0.003347623
0.00330066
0.0032468417
0.0031852007
0.0031284217
0.0030545434
0.0029840427
0.002914107
0.0028466256
0.0027696737
0.0026888663
0.002616953
0.0025438105
0.0024707525
0.002397591
0.002325619
0.0023015884
0.002271958
0.002212206
0.0021515975
0.0021061918
0.0020482966
0.0019878459
0.0019316828
0.0018805282
0.0018286715
0.0017727846
0.0017145849
0.0016560829
0.0016034562
0.0015421429
0.0014888614
0.0014820438
0.0014494084
0.001380398
0.0013346189
0.0013157405
0.0013128617
0.0012750687
0.0012301765
0.001210703
0.0012061337
0.0011723028
0.0011371385
0.0011296674
0.0011585887
0.0011017103
0.0010467323
0.0010345398
0.0010523312
0.0010116311
0.0010074615
0.0009684197
0.0010102087
0.0009688897
0.0009184391
0.00092425116
0.0008984735
0.0008858542
0.0008737705
0.00085957465
0.00083841535
0.00084607454
0.0008300724
0.0007939054
0.0007994268
0.0007843052
0.0007643338
0.0007729244
0.0007886745
0.0007366727
0.00087103667
0.00080249284
0.00081775995
0.00092061324
0.0008289453
0.00079876254
0.0007503272
0.0007693904
0.00077738764
0.00074922154
0.00071654096
0.0007204991
0.0007102796
0.0006720725
0.0006423974
0.0006317447
0.00064694125
0.0006078456
0.00061451277
0.0005782988
0.00060516276
0.00057928613
0.00053617917
0.0005208905
0.000509525
0.0004980302
0.00048487107
0.00046908428
0.0004515478
0.00043765287
0.00042453737
0.0004103568
0.00039038723
0.00037127084
0.00036608626
0.00034798606
0.00032186095
0.00030757397
0.0003127547
0.0003163634
0.0002838326
0.00032172995
0.00028149286
0.00032397182
0.00031470056
0.00027305988
0.00025929773
0.00025555788
0.00026748207
0.00024646064
0.00022776956
0.00023250029
0.00024304686
0.0002169297
0.00020392155
0.00019845837
0.00022742113
0.00020736088
0.0001930812
0.00019034001
0.00021948146
0.00022699054
0.0001805646
0.00024025595
0.00018936477
0.00028333414
0.00042422733
0.00030965716
0.00021464043
0.00018836951
0.00018050017
0.00018425542
0.00019128462
0.00020123472
0.00020420154
0.0002056629
0.00019765091
0.00018570572
0.0001766133
0.00015348892
0.00020911692
0.00013738751
0.000214082
0.00030598047
0.00023005436
0.00015994432
0.00013230917
0.00013304761
0.00017225613
0.00023864908
0.00021975016
0.00016038798
0.00012701374
0.00013872112
0.00013494829
0.00017899905
0.000185828
0.0001479769
0.0001392921
0.00013357936
0.00014626641
0.00016132946
0.00016343301
0.000121958394
0.00010520573
0.00013103646
0.0001604052
0.00014782567
0.00011185613
0.00010100915
0.00010879092
0.00014684955
0.00021093021
0.0001697701
0.00011315961
9.9922116e-05
9.671509e-05
8.8228524e-05
8.798303e-05
0.00013023689
0.0002567093
0.00024732563
0.00014515946
9.815662e-05
8.865846e-05
9.402523e-05
0.00010086649
0.00010470612
0.00011957181
0.00014087908
0.00014781728
0.00015999531
0.000113640475
0.000113484166
9.590281e-05
0.000117638236
0.00014160122
0.0001457758
0.00013418873
0.00012127317
0.0001126063
9.0591886e-05
8.1527956e-05
9.3537856e-05
0.000109405344
0.00013710605
0.00015311425
0.00015132056
0.00016058
0.00010723868
6.1858256e-05
7.402202e-05
5.6875746e-05
7.388592e-05
0.00010569056
0.00015963748
0.00021233328
0.00024665022
0.00016718404
8.5118845e-05
5.871893e-05
7.623783e-05
7.061192e-05
0.000115058036
0.00011274703
8.023827e-05
6.410393e-05
5.755621e-05
6.926768e-05
0.000109090135
0.00014964449
9.5931304e-05
7.57654e-05
7.896665e-05
9.455846e-05
0.000100344696
9.613735e-05
6.388812e-05
0.00012956194
5.7326026e-05
0.00013144463
0.00024405027
0.00017309388
9.4642135e-05
5.8217087e-05
8.572085e-05
8.725514e-05
0.0001538517
0.00029937443
0.00041129728
0.0003116939
0.00016603725
0.00010223351
7.093035e-05
5.836509e-05
5.442156e-05
0.000115886876
0.00017099996
0.00012548975
8.738763e-05
6.544867e-05
5.3272706e-05
5.1108127e-05
5.779231e-05
6.881038e-05
4.7216905e-05
4.3349635e-05
3.1342035e-05
4.0962423e-05
5.277023e-05
7.666127e-05
9.8730205e-05
0.00012351201
0.00014535748
0.00016029124
0.00016748146
0.00016767338
0.00016057452
0.00014763676
0.00013047614
7.904527e-05
7.98258e-05
6.1297585e-05
6.715724e-05
7.928572e-05
9.0747635e-05
0.00011064435
0.00012884544
0.00013328352
0.000108165965
8.2839826e-05
6.73983e-05
6.589979e-05
6.286546e-05
6.189953e-05
6.2194595e-05
6.5215936e-05
6.791651e-05
6.9607595e-05
7.196032e-05
7.4447365e-05
7.403735e-05
7.2743045e-05
7.094469e-05
6.835864e-05
6.599169e-05
6.434121e-05
6.268616e-05
6.130563e-05
6.06176e-05
6.0278613e-05
6.037665e-05
6.0690312e-05
6.076408e-05
6.0646715e-05
6.0359747e-05
5.973495e-05
5.8887737e-05
5.799495e-05
5.712934e-05
5.6644814e-05
5.6271503e-05
5.5903198e-05
5.5527773e-05
5.5121418e-05
5.4579155e-05
5.4065305e-05
5.363333e-05
5.3289907e-05
5.3173153e-05
5.309645e-05
5.3122858e-05
5.301473e-05
5.284456e-05
5.2534095e-05
5.2097665e-05
5.163162e-05
5.1114774e-05
5.062746e-05
5.0076196e-05
4.940518e-05
4.89186e-05
4.857971e-05
4.8271915e-05
4.7950944e-05
4.7814552e-05
4.763764e-05
4.7633443e-05
4.754838e-05
4.760148e-05
4.7465943e-05
4.7457008e-05
4.733688e-05
4.711132e-05
4.692815e-05
4.6613335e-05
4.6338668e-05
4.6077763e-05
4.5780223e-05
4.5545672e-05
4.531946e-05
4.5161967e-05
4.505576e-05
4.494733e-05
4.4903947e-05
4.4861354e-05
4.483211e-05
4.4837627e-05
4.485187e-05
4.488926e-05
4.4970315e-05
4.501709e-05
4.50088e-05
4.494041e-05
4.483298e-05
4.475919e-05
4.474711e-05
4.479579e-05
4.479999e-05
4.483501e-05
4.4840737e-05
4.4791504e-05
4.4770608e-05
4.483183e-05
4.4946595e-05
4.5174012e-05
4.5375564e-05
4.5449582e-05
4.55342e-05
4.571092e-05
4.5902594e-05
4.616319e-05
4.655858e-05
4.698751e-05
4.7362595e-05
4.7909984e-05
4.8922713e-05
5.0239916e-05
5.2086936e-05
3.4577803e-05
3.68377e-05
3.8545102e-05
4.27814e-05
4.071934e-05
3.5530993e-05
3.0414407e-05
2.8267279e-05
2.6851607e-05
2.4543744e-05
2.3280629e-05
2.1830989e-05
2.0252046e-05
1.9890798e-05
2.1661459e-05
2.3410703e-05
2.4241426e-05
2.5868185e-05
2.828657e-05
3.0386482e-05
3.1992324e-05
3.340099e-05
3.4944755e-05
3.6425696e-05
3.7505793e-05
3.807954e-05
3.8249706e-05
3.823246e-05
3.8164784e-05
3.8045884e-05
3.7862108e-05
3.761843e-05
3.7328296e-05
3.7021113e-05
3.671163e-05
3.6390553e-05
3.6051166e-05
3.5678197e-05
3.528154e-05
3.488329e-05
3.4500834e-05
3.4147855e-05
3.383478e-05
3.3554465e-05
3.3297547e-05
3.306137e-05
3.283947e-05
3.2622924e-05
3.2406835e-05
3.2192234e-05
3.198264e-05
3.1781026e-05
3.1584266e-05
3.1394742e-05
3.1212807e-05
3.10334e-05
3.0859006e-05
3.069095e-05
3.0527877e-05
3.037172e-05
3.0225363e-05
3.0091916e-05
2.9968995e-05
2.9854418e-05
2.9751951e-05
2.966109e-05
2.9582738e-05
2.9515444e-05
2.945855e-05
2.9410518e-05
2.9370984e-05
2.9337993e-05
2.9308505e-05
2.9283254e-05
2.926144e-05
2.9242063e-05
2.9225474e-05
2.921187e-05
2.9201065e-05
2.9195688e-05
2.918995e-05
2.9183533e-05
2.9176817e-05
2.917037e-05
2.9163984e-05
2.9157365e-05
2.914914e-05
2.9138619e-05
2.912485e-05
2.911082e-05
2.9093617e-05
2.9077344e-05
2.9059624e-05
2.9041717e-05
2.9022765e-05
2.9003291e-05
2.898288e-05
2.8961967e-05
2.8939023e-05
2.8915847e-05
2.8892991e-05
2.8868624e-05
2.884349e-05
2.8818296e-05
2.879181e-05
2.876504e-05
2.873756e-05
2.8708555e-05
2.867982e-05
2.8650844e-05
2.8621076e-05
2.8591432e-05
2.8560957e-05
2.8530501e-05
2.8499166e-05
2.8467954e-05
2.843641e-05
2.8406319e-05
2.8376251e-05
2.8346327e-05
2.8315491e-05
2.8285278e-05
2.825443e-05
2.824147e-05
2.8238082e-05
2.8242679e-05
2.8249566e-05
2.8257922e-05
2.826645e-05
2.8274268e-05
2.8278275e-05
2.8276188e-05
2.8269673e-05
2.8256687e-05
2.8239949e-05
2.8217808e-05
2.8192282e-05
2.8164126e-05
2.8134631e-05
2.8107042e-05
2.8083645e-05
2.8064176e-05
2.8047662e-05
2.8034487e-05
2.8022745e-05
2.8011495e-05
2.799777e-05
2.7981134e-05
2.7961176e-05
2.793847e-05
2.791676e-05
2.7898814e-05
2.7881972e-05
2.7861635e-05
2.7837088e-05
