0.68
0.60001177
0.52935165
0.46757603
0.41432342
0.36928177
0.33220652
0.30593657
0.28933045
0.2784096
0.27094433
0.2656471
0.26174358
0.2587477
0.25635928
0.25438002
0.2526804
0.2511725
0.24979854
0.24851838
0.24730538
0.24614078
0.2450112
0.24391146
0.2428392
0.24178916
0.24075584
0.23974037
0.2387349
0.23774439
0.23676877
0.23580872
0.23486659
0.23393267
0.23301066
0.23211274
0.23123561
0.2303654
0.22946239
0.22846398
0.2273999
0.2262898
0.2251448
0.22396855
0.22276288
0.22152382
0.22025558
0.21896352
0.2176501
0.21631722
0.2149665
0.21359617
0.21220489
0.2107926
0.2093579
0.20789376
0.20640552
0.20489122
0.20335759
0.20180687
0.20024443
0.19866848
0.19707493
0.19546796
0.1938538
0.19225916
0.1906977
0.18919177
0.1876737
0.18619283
0.18472826
0.18328598
0.18186088
0.18044229
0.1790299
0.17764306
0.17629622
0.17498618
0.17370549
0.17247422
0.17128965
0.17013799
0.16902488
0.16792837
0.1668386
0.1657545
0.1646495
0.16352056
0.1623547
0.16114111
0.15985203
0.15846378
0.15695795
0.15532194
0.1535377
0.15158968
0.14946938
0.147181
0.14472151
0.1421132
0.13939843
0.13658832
0.13372305
0.13079165
0.127793
0.12476912
0.12175171
0.11879537
0.115918234
0.113103814
0.11035126
0.107654154
0.10501046
0.10242807
0.09990229
0.09738434
0.09485318
0.09231513
0.0897814
0.08728913
0.08487543
0.08251735
0.08020605
0.07791821
0.07566659
0.07342134
0.07116309
0.068850406
0.06633714
0.06357613
0.06065422
0.057743344
0.05491218
0.051961266
0.048831757
0.04590733
0.043092497
0.040218666
0.03740225
0.034664262
0.03205843
0.029386733
0.026592245
0.023978679
0.021622045
0.019451689
0.017397715
0.015525298
0.013882725
0.012369019
0.010944642
0.009722786
0.00855961
0.007427887
0.006442091
0.0055586873
0.004723914
0.003957107
0.0032675804
0.0026670198
0.0021264069
0.0016528319
0.0012634121
0.00093782705
0.0006640925
0.00044244598
0.00027628662
0.00015659082
7.789571e-05
3.3446177e-05
1.89099e-05
3.4642273e-06
