0.68
0.59040487
0.5134595
0.44818613
0.39378148
0.34948456
0.31743667
0.29702726
0.28417128
0.27572846
0.26997495
0.26591814
0.26296112
0.26073352
0.25899693
0.2575983
0.2564357
0.25543484
0.25454462
0.25372943
0.25296292
0.25223142
0.25152364
0.25083047
0.25016394
0.24952637
0.24887143
0.2480896
0.2474194
0.24643812
0.24555124
0.24460617
0.24373965
0.24310483
0.24210635
0.24126536
0.2404278
0.23958176
0.23864286
0.23754343
0.23650342
0.2353042
0.23389508
0.23255605
0.23104744
0.2293969
0.2278455
0.22594161
0.22411247
0.22216904
0.2201238
0.21797368
0.21571353
0.21334338
0.21087462
0.20829535
0.2055834
0.20271803
0.19968325
0.19646771
0.19307034
0.18947083
0.18564107
0.18152907
0.17714792
0.17246968
0.16745062
0.16188757
0.15561022
0.14881551
0.14197505
0.1350472
0.12803462
0.12093832
0.11383101
0.10697653
0.10004081
0.0931471
0.08659466
0.080508776
0.0749554
0.069849215
0.06510195
0.060666498
0.05658881
0.052782197
0.04909757
0.045544207
0.04275438
0.03986484
0.036982104
0.034491107
0.031874493
0.029496558
0.02718473
0.025071947
0.023184797
0.02118413
0.01923424
0.01746097
0.015581659
0.013881801
0.012201123
0.010618313
0.009189245
0.0078832805
0.006670067
0.0055447677
0.004505344
0.0035894287
0.0027631654
0.0020548722
0.0014607395
0.0009929067
0.00062357145
0.00039851168
0.00018779683
8.0524536e-05
3.040252e-05
1.8333905e-05
2.5357042e-06
