0.68
0.6148849
0.55590373
0.5027534
0.45524353
0.41322812
0.37650794
0.34490612
0.32102582
0.30492172
0.2938175
0.28592622
0.28015628
0.27582073
0.27247763
0.26982972
0.2676798
0.26588753
0.26435974
0.26302573
0.2618357
0.26075205
0.25974703
0.25880042
0.25789723
0.2570283
0.25618434
0.25535837
0.2545444
0.25373533
0.25292838
0.25211984
0.25130707
0.25043112
0.24977338
0.24904317
0.2481412
0.2471519
0.24611956
0.24505615
0.24416077
0.24316055
0.24189502
0.24075073
0.23919322
0.23755866
0.23575154
0.23386456
0.2319015
0.22986056
0.22774285
0.22547714
0.22301307
0.22044675
0.21777962
0.21494736
0.21192425
0.20871305
0.20531762
0.20177539
0.19810002
0.19435681
0.1904807
0.18643968
0.1821712
0.17765915
0.172748
0.16719821
0.1608347
0.15402304
0.1471614
0.1402223
0.1336608
0.12780364
0.12268133
0.11752388
0.1124459
0.10736168
0.10223535
0.0973724
0.09280328
0.08838173
0.08411528
0.08007791
0.07621997
0.07247173
0.06889139
0.06555632
0.0623563
0.05922403
0.056166515
0.053169023
0.050241236
0.04737257
0.044534404
0.041722655
0.038974036
0.036342893
0.03382335
0.031445242
0.02925149
0.027079362
0.024828417
0.022643473
0.020656224
0.018845202
0.017179675
0.0156156905
0.014131837
0.01273236
0.011407049
0.0101980455
0.009062948
0.008015932
0.0070446506
0.0061372975
0.0053094993
0.004542525
0.003842672
0.0031877954
0.0025855743
0.0020374262
0.0015516301
0.0011274974
0.0007777994
0.000533322
0.00033239048
0.0001901314
9.583205e-05
4.456754e-05
1.2914765e-05
