0.68
0.59646064
0.5235107
0.4604762
0.40676123
0.36188543
0.32555404
0.300303
0.28463495
0.27451074
0.2677123
0.2629718
0.2595356
0.25694928
0.2549245
0.25325972
0.25182047
0.2505498
0.24946406
0.248573
0.24782124
0.24711429
0.24637729
0.24558704
0.24474937
0.2438935
0.24305023
0.2422287
0.24141352
0.24058212
0.23972784
0.23886
0.23798889
0.2371097
0.23621163
0.23528992
0.2343493
0.23339269
0.23242877
0.23145412
0.230474
0.22949216
0.22850159
0.22748943
0.22643079
0.2253124
0.22413996
0.22292289
0.22167565
0.22040407
0.2191151
0.21779935
0.21647216
0.2151446
0.21380429
0.21239837
0.21094283
0.20944917
0.20794395
0.20644185
0.20492454
0.20338576
0.2018412
0.20032424
0.19886476
0.19746694
0.19609086
0.1947076
0.19331485
0.19191144
0.19052206
0.18916444
0.18784814
0.18657836
0.1853472
0.18418024
0.18309097
0.18208863
0.18116276
0.18035467
0.17960437
0.18077
0.18224467
0.18188731
0.1798763
0.17401175
0.1637676
0.15106827
0.14010558
0.13067463
0.12195425
0.113414966
0.10488294
0.09703728
0.09107126
0.08554001
0.07987228
0.07469613
0.07001635
0.065560386
0.06095146
0.056153595
0.05130829
0.046566486
0.04197867
0.037483577
0.033311363
0.029529199
0.026017217
0.022740265
0.019682242
0.016933756
0.014437664
0.012169436
0.01006937
0.008047116
0.0061972803
0.004572782
0.0031886648
0.0021118731
0.0014174179
0.0009879626
0.0006641559
0.0003953422
0.00045227408
0.00022336257
0.00011560316
6.760293e-05
4.688928e-05
1.2953413e-05
