0.68
0.58103085
0.49641496
0.42547798
0.36761773
0.32278842
0.2937564
0.277213
0.26741448
0.261278
0.2568069
0.25352636
0.25176597
0.25143096
0.25146145
0.2510264
0.24998255
0.24859451
0.24728213
0.24638288
0.24567614
0.24476263
0.24358948
0.24236572
0.24128121
0.24019018
0.23892716
0.23757921
0.23627177
0.23474424
0.23325647
0.2316887
0.23040868
0.22856888
0.22694768
0.22534427
0.22329205
0.22143102
0.21967071
0.2180751
0.21680695
0.21581456
0.21490873
0.2140053
0.21309677
0.21205477
0.2108477
0.20956035
0.20818001
0.20667244
0.20503257
0.20321418
0.20118423
0.19888604
0.19631761
0.19343142
0.1901872
0.1865348
0.18245682
0.17805994
0.17363907
0.16891657
0.16390862
0.15831645
0.15289825
0.14636444
0.13977428
0.13114157
0.12263016
0.112893336
0.10360515
0.09415152
0.08770893
0.08155824
0.07638994
0.07214992
0.06829386
0.06425769
0.06057598
0.057110578
0.05396571
0.05117273
0.048694
0.046534
0.044487827
0.042295013
0.03977732
0.037003573
0.0340811
0.03104747
0.027896319
0.024476405
0.02126677
0.01849877
0.01642534
0.014343271
0.012462095
0.010753488
0.009527903
0.008406353
0.0067612696
0.0059778793
0.005256351
0.00395938
0.003298521
0.0027223988
0.0019408088
0.0014714758
0.0009372901
0.0005777463
0.00035897145
0.00014876494
0.00023550406
0.000119132164
2.3113078e-05
9.24957e-06
