0.68
0.6010565
0.5306942
0.4686468
0.41480538
0.36900932
0.33131573
0.30471304
0.28795618
0.2769916
0.26953915
0.26426834
0.26038092
0.25737116
0.25490695
0.25278482
0.2508757
0.24918509
0.2477459
0.24653766
0.24548006
0.24447548
0.2434308
0.24221468
0.24104877
0.23984055
0.23858912
0.23732264
0.2360477
0.23473977
0.23336576
0.23217252
0.23049833
0.22878964
0.22779872
0.22650445
0.2250155
0.22372973
0.22234945
0.22074905
0.21878463
0.2167195
0.21397257
0.21092619
0.20762676
0.2041038
0.20069936
0.19742204
0.19360244
0.18919523
0.18429963
0.17874134
0.17215386
0.16469166
0.15607698
0.14625816
0.1353537
0.12398959
0.11377435
0.10468884
0.096410826
0.08842961
0.080789044
0.073840156
0.06762784
0.062062282
0.05703701
0.052535664
0.04844381
0.04469258
0.041195434
0.037959646
0.034958553
0.03216144
0.029560441
0.027116852
0.024845934
0.02274217
0.020455096
0.018236848
0.016371014
0.014586382
0.013279119
0.011837088
0.010266968
0.008978493
0.0076578427
0.006462439
0.005262818
0.0041444036
0.0031811635
0.0023248084
0.0015642918
0.0009675483
0.0005341344
0.00025320196
8.956047e-05
1.8918448e-05
2.0042717e-06
