0.68
0.59185
0.51348794
0.44495657
0.38650012
0.33848125
0.30532342
0.2852269
0.27249908
0.2640639
0.25820014
0.25390938
0.25015208
0.24670641
0.24406257
0.2425676
0.24167918
0.24050143
0.2387869
0.23674087
0.23475322
0.23309344
0.23150373
0.22967547
0.2276174
0.22551534
0.2235015
0.22145034
0.21924403
0.21695346
0.21471311
0.21270229
0.21098362
0.20944186
0.20822841
0.20713638
0.20583436
0.2043981
0.20291416
0.20200284
0.20070246
0.19971287
0.19883865
0.19773726
0.196399
0.1949223
0.19347478
0.19223654
0.1911611
0.18991823
0.18843669
0.18674362
0.18505058
0.18329433
0.18155509
0.17962335
0.17751296
0.17543069
0.1733486
0.17124777
0.16897307
0.16672951
0.16446403
0.16219713
0.15984803
0.15750548
0.15509558
0.15260865
0.15006348
0.14750262
0.14487685
0.14216593
0.13937382
0.13650542
0.13358817
0.13062105
0.12757362
0.124381915
0.120983824
0.117286354
0.11329372
0.10894291
0.10364439
0.09699253
0.08968285
0.082781866
0.076457314
0.07023567
0.06324021
0.056366794
0.05017637
0.044657253
0.03975328
0.035111256
0.030958202
0.02717678
0.023618303
0.020312162
0.017294606
0.014586277
0.012305613
0.010362527
0.008572072
0.006910486
0.005448112
0.0041856864
0.0030824752
0.0021284556
0.0014007759
0.0008441182
0.00045951217
0.00025733392
0.00013314269
6.251528e-05
1.9828274e-05
1.3627075e-06
