0.68
0.5684894
0.4747528
0.3981558
0.3383689
0.30041257
0.27970412
0.2677349
0.26038992
0.2549176
0.2506848
0.24831592
0.24786758
0.24756683
0.24645449
0.24456401
0.2424166
0.24067757
0.23941486
0.2379334
0.23603964
0.2339869
0.23211126
0.23020749
0.22805002
0.22565065
0.22292176
0.2203093
0.21741906
0.2149001
0.21243666
0.20989293
0.20731987
0.20474884
0.20222624
0.19978423
0.19757175
0.1956489
0.19350362
0.19146793
0.18919143
0.18668365
0.18399392
0.18113069
0.17813231
0.17503308
0.17182574
0.16864546
0.16540515
0.1620826
0.15876019
0.15527922
0.15152192
0.14738956
0.14276883
0.13743736
0.13122603
0.12451951
0.11771914
0.1109154
0.1039904
0.09652834
0.0878802
0.07944386
0.07191731
0.065140024
0.058243457
0.050844274
0.044575043
0.038973432
0.034195613
0.029602664
0.025630914
0.022008926
0.01895849
0.01617722
0.013886373
0.011488026
0.009388388
0.0077046934
0.0062936638
0.0050258455
0.0037694837
0.0028478384
0.0021800867
0.0015629175
0.0010668568
0.0007429103
0.000489592
0.00028538366
0.00013637473
5.717595e-05
1.042947e-05
