0.68
0.57499427
0.48539707
0.4107588
0.35081512
0.31121245
0.28853762
0.27477464
0.26594654
0.25994936
0.2555673
0.25207904
0.24912855
0.24673574
0.2449624
0.24361484
0.24234444
0.24088575
0.2391805
0.23732015
0.23544031
0.233626
0.23188092
0.2301607
0.22844335
0.22668388
0.22485428
0.22299486
0.22113213
0.21925516
0.21736516
0.21550146
0.21372734
0.21211779
0.21072575
0.20951477
0.20838133
0.20723365
0.20610261
0.20506728
0.20414747
0.20328301
0.20232107
0.20114426
0.19973828
0.19821171
0.19674464
0.19543909
0.19429296
0.1932328
0.19219115
0.19114202
0.19009377
0.18906248
0.188027
0.18694346
0.18578915
0.18455513
0.18328933
0.1820313
0.18080759
0.17959654
0.1783529
0.17704758
0.17561243
0.17394803
0.17185389
0.16917624
0.16593766
0.16210867
0.15770282
0.15296862
0.14820623
0.143525
0.13900314
0.13474065
0.13073002
0.12690885
0.123223975
0.11963042
0.11602768
0.112283275
0.10822314
0.10331122
0.09714173
0.09036755
0.08364832
0.07618783
0.06885012
0.062796414
0.05783034
0.053439476
0.05018643
0.04454481
0.03833231
0.034010593
0.030303342
0.02744669
0.024956683
0.022399064
0.01964083
0.017201254
0.014957372
0.012710913
0.010958793
0.009162561
0.007463759
0.0062227272
0.005007456
0.0039453204
0.0031402037
0.0024053415
0.001833332
0.0013426918
0.00096313655
0.00066878094
0.00048482037
0.00031630156
0.0002515589
0.00014384816
0.0001084206
6.652869e-05
2.5624615e-05
5.9890535e-06
