0.68
0.5645846
0.4670416
0.38748914
0.32635987
0.28886268
0.26950607
0.25806555
0.25161257
0.2502955
0.25138968
0.2516114
0.25013214
0.2474186
0.24449496
0.24251343
0.24166709
0.24061163
0.2388731
0.23681748
0.23508634
0.23356728
0.2317073
0.22964244
0.22773875
0.22595201
0.22435094
0.22269249
0.22150955
0.22042783
0.21916948
0.21787943
0.21656644
0.21527542
0.21396615
0.21256794
0.2112246
0.2097581
0.20834513
0.20697792
0.2057188
0.20425504
0.20256989
0.20071408
0.19904181
0.19721583
0.1953229
0.19349086
0.19139943
0.18935753
0.18717553
0.18502621
0.18263595
0.18025269
0.17790626
0.17551331
0.17321967
0.17058171
0.16796887
0.16529669
0.16263922
0.15999119
0.15729105
0.1544996
0.15165858
0.14882493
0.1460084
0.14316925
0.14022659
0.13716161
0.13403113
0.13086416
0.12761998
0.12423747
0.12069119
0.11693393
0.11284814
0.10839307
0.10369373
0.09889698
0.0941023
0.08943367
0.08492134
0.080462106
0.075730436
0.07116017
0.0653679
0.05869501
0.052554715
0.047794253
0.04221884
0.03738518
0.034532607
0.030576386
0.028121999
0.0245354
0.021644289
0.020517373
0.017820733
0.014684887
0.012815254
0.010820683
0.009478676
0.008125514
0.0065986332
0.005576699
0.0045854407
0.003708067
0.0029266137
0.0022580794
0.0016645517
0.0011658034
0.0007346497
0.0004101391
0.00017883013
5.3987085e-05
1.3385094e-05
6.518605e-07
