0.68
0.5829918
0.49870718
0.42700604
0.3677708
0.32371232
0.29584107
0.27933493
0.26910132
0.2623589
0.2574305
0.25380993
0.2515167
0.25033855
0.24968567
0.24889997
0.24766825
0.24605934
0.24433467
0.24273244
0.24129407
0.23981743
0.23839483
0.2366567
0.23462725
0.23240043
0.22988963
0.22768085
0.22516637
0.22221136
0.2187527
0.21506788
0.21105877
0.2076903
0.20444655
0.20120227
0.1978224
0.19433337
0.19061567
0.18578367
0.17797413
0.16631165
0.15320815
0.14134037
0.13068774
0.12071719
0.11068632
0.09992633
0.09017373
0.08208451
0.07316468
0.06407931
0.0553907
0.047483932
0.04062211
0.03494886
0.029525068
0.025108451
0.021287648
0.018046053
0.015252468
0.012849742
0.010764206
0.008942764
0.0073076203
0.005873867
0.004384497
0.0031635228
0.0020617214
0.0012378262
0.00057940005
0.00025363217
7.2090945e-05
1.2577275e-05
