0.68
0.55801696
0.45682
0.37615567
0.31732446
0.28304723
0.2660664
0.25652504
0.251874
0.25215572
0.2539023
0.25414765
0.25239038
0.24934581
0.24622849
0.2443103
0.24358174
0.24252774
0.24068977
0.23852763
0.2367661
0.23519112
0.23319227
0.2309864
0.22897166
0.22685203
0.22446762
0.22209261
0.21970782
0.21713832
0.21453166
0.21195485
0.20957118
0.2074985
0.20567147
0.20396402
0.202278
0.20064951
0.19921444
0.19801433
0.19699821
0.196068
0.19517864
0.1943571
0.19356254
0.19254611
0.1915934
0.19046727
0.189757
0.18873563
0.18739825
0.18588106
0.18440984
0.18293737
0.18148239
0.17978698
0.17791587
0.17590822
0.17382175
0.17176795
0.16976906
0.16818373
0.16657266
0.1653285
0.16400722
0.16239934
0.16098876
0.15958634
0.15841511
0.15691006
0.15482162
0.15291063
0.1511233
0.1496879
0.1477566
0.14523473
0.1429747
0.13871138
0.13252653
0.12513493
0.11749971
0.1084097
0.09751218
0.08729453
0.07833125
0.07063408
0.062609226
0.054174542
0.04747684
0.0401376
0.035091393
0.030530745
0.027272837
0.025374725
0.024516143
0.021653388
0.016408898
0.012996638
0.010860837
0.0089182295
0.0073117064
0.0055543273
0.00423112
0.0030500882
0.0021760906
0.0014604124
0.00095090014
0.00053732825
0.00035533242
0.00014657175
0.00016531639
5.614441e-05
3.0694064e-05
1.4835284e-05
0.0
