0.68
0.5693697
0.47537792
0.39798263
0.33740473
0.29896605
0.27804577
0.26606342
0.25796396
0.25236237
0.24980247
0.24982867
0.24994509
0.24898396
0.24699654
0.24465269
0.24281818
0.24179822
0.24068145
0.23903508
0.23711245
0.23540494
0.23386388
0.23206182
0.23006713
0.22817741
0.22627668
0.22418246
0.22204109
0.21992801
0.21770279
0.21539322
0.21306208
0.21011357
0.20757206
0.20512383
0.20315482
0.20142303
0.19981517
0.19842531
0.19672503
0.19553241
0.19469197
0.1938318
0.19295354
0.19184402
0.19075225
0.18952946
0.18812701
0.18655998
0.18485332
0.1830058
0.18101192
0.1789247
0.1767956
0.17453554
0.17210451
0.16950491
0.16673777
0.1640123
0.16098657
0.15821078
0.15561262
0.15271391
0.14977615
0.14676018
0.14366113
0.14055727
0.1375239
0.13467233
0.1318804
0.12897749
0.12574697
0.12201907
0.117792256
0.112779334
0.10724489
0.10150255
0.0957299
0.088833265
0.08065157
0.072565794
0.06490457
0.057334054
0.048812404
0.040397935
0.033770625
0.027165385
0.021953654
0.017801642
0.0147966035
0.012899383
0.011538452
0.009939652
0.008184762
0.006942787
0.0058701565
0.0045864056
0.0034456286
0.002535996
0.0018920628
0.0012472606
0.00092714746
0.0006520109
0.0002951754
0.0002557177
0.00011958865
4.2611595e-05
1.7366188e-05
2.4354082e-05
4.7038825e-06
