0.68
0.5920029
0.51391107
0.44569805
0.3876084
0.34018725
0.30788514
0.2886418
0.27663723
0.26875988
0.26252773
0.2571615
0.2531672
0.25090337
0.25019822
0.24962418
0.24835198
0.24636541
0.24391246
0.2419926
0.24034579
0.23856018
0.23671535
0.23444036
0.23187752
0.22963624
0.22726282
0.2244434
0.22092538
0.21715352
0.21383603
0.20997569
0.20647086
0.20249163
0.19904804
0.19580145
0.19207937
0.18829653
0.18446489
0.18053102
0.17615943
0.17129193
0.16593699
0.15993093
0.1527172
0.14309461
0.13018039
0.11620419
0.10462134
0.09383976
0.08268727
0.07205901
0.06241355
0.05462149
0.048566647
0.044074122
0.040626764
0.03787113
0.035463836
0.03291297
0.029861266
0.026335293
0.023102103
0.020413555
0.018075842
0.015752949
0.013734964
0.011719672
0.00994906
0.008577417
0.0068322546
0.00535518
0.0040438566
0.0029878092
0.0020461017
0.0014114461
0.0008494155
0.0005939687
0.0003229017
0.0001860293
0.00010151949
2.8678212e-05
4.394704e-06
