0.28687713
0.06216
0.052535463
0.030728603
0.032465827
0.02601316
0.02456574
0.025950067
0.02261735
0.021883324
0.022772247
0.021800453
0.020713175
0.021222224
0.020537594
0.021163255
0.021378418
0.02031854
0.0211735
0.021858504
0.02092172
0.0199179
0.02100669
0.020964617
0.020065146
0.019745523
0.020179084
0.020140728
0.019188935
0.019568602
0.01993643
0.019488078
0.018578345
0.01953423
0.020572333
0.019772613
0.018898016
0.017949086
0.018804267
0.018972546
0.019048383
0.018055439
0.017442869
0.017417295
0.017456234
0.017291918
0.016894562
0.017061606
0.016890675
0.016372804
0.01663435
0.016448824
0.016270032
0.016183138
0.0159263
0.015925707
0.0156205045
0.016232347
0.016398989
0.01569806
0.015869519
0.01632381
0.015799044
0.015388695
0.015397086
0.015209896
0.015501683
0.015248512
0.015192012
0.015139132
0.015259665
0.015031159
0.015133224
0.015128688
0.014851634
0.014793371
0.015006285
0.014842756
0.014744814
0.014659549
0.014611739
0.014549724
0.014628989
0.014571312
0.014517558
0.014387652
0.01464614
0.014542612
0.014316671
0.014238502
0.014507532
0.014366773
0.014315556
0.014286098
0.014233314
0.014201414
0.014173326
0.0141329765
0.014117626
0.0140344305
0.0141871385
0.014164853
0.013921407
0.013906531
0.01389851
0.013874918
0.013923819
0.013839956
0.013981883
0.013953701
0.013661057
0.013933425
0.013802859
0.0137084825
0.013728875
0.013722413
0.013520922
0.013762542
0.013636733
0.013604815
0.0135906385
0.01348906
0.013479103
0.0132832825
0.013238735
0.013364486
0.013257789
0.013373628
0.013268758
0.0131915035
0.013074644
0.013233174
0.013183224
0.013026714
0.012989382
0.012996395
0.012913796
0.012975498
0.012901525
0.012898344
0.012833226
0.012789041
0.012757711
0.01267602
0.012613739
0.012735908
0.012638549
0.01258522
0.012499239
0.012602538
0.012519993
0.012442536
0.012385175
0.012452558
0.012382808
0.01230469
0.012220432
0.012353148
0.012277317
0.012141445
0.012077193
0.01218425
0.0120956935
0.011991486
0.01190872
0.01204913
0.011954074
0.011832245
0.011772804
0.011820284
0.01171944
0.011671198
0.01158683
0.011560273
0.011465105
0.011435907
0.011315954
0.0113658
0.011278982
0.011045077
0.010923561
0.011213053
0.011065575
0.010688436
0.010698331
0.010583509
0.010550051
0.010473419
0.010317738
0.010450075
0.010388208
0.009989851
0.009889453
0.010864879
0.010314367
0.010230816
0.01004595
0.010289483
0.009604562
0.010889403
0.011497796
0.009580189
0.010755375
0.011748787
0.01063488
0.010515186
0.010123837
0.010025158
0.010021548
0.009516328
0.009543349
0.008969075
0.009537707
0.009965539
0.008922763
0.009199436
0.009128188
0.009072334
0.009059393
0.008440019
0.008449323
0.008084227
0.0084390305
0.008277697
0.007889208
0.007948686
0.0077935965
0.0076607116
0.0077173314
0.007616935
0.0077440557
0.0074697635
0.0077972873
0.0077396506
0.007561812
0.0074767466
0.0075522787
0.007218965
0.0073505696
0.007210539
0.0070403568
0.0071845874
0.00705558
0.0069613643
0.0070078163
0.0068813046
0.0071604853
0.0071937907
0.006903663
0.006850833
0.007030133
0.0068406365
0.0067559294
0.0067131952
0.0067939274
0.0067002648
0.006646335
0.0066563897
0.0065130033
0.0064053796
0.006778976
0.0066523575
0.00638439
0.006305108
0.0064014965
0.006231539
0.006394498
0.006322294
0.0062119733
0.006181434
0.0061346213
0.0060450067
0.00617794
0.0061172787
0.0060116835
0.00589853
0.006059006
0.005972397
0.0058207675
0.0057660043
0.0058808955
0.0057725385
0.005731819
0.005638109
0.005698962
0.00560216
0.005664433
0.0055475957
0.0055163745
0.005414393
0.005567927
0.0054776273
0.005418293
0.005421195
0.005243099
0.005132125
0.0056895167
0.0056973654
0.005015596
0.005594641
0.005550053
0.0052508586
0.005306275
0.005193419
0.005168938
0.005046876
0.005391145
0.0049522123
0.0061068553
0.0062135872
0.005970953
0.0053587784
0.0052096695
0.0054069334
0.0050509595
0.0048346943
0.005424308
0.0050376235
0.0058942004
0.0053634997
0.0052875653
0.0053742416
0.0049410653
0.005062904
0.0048680515
0.0048014377
0.0049359803
0.004808884
0.004810042
0.0047406075
0.004799561
0.0046738875
0.0045082346
0.004435293
0.0044919527
0.004354863
0.004698356
0.0045472407
0.0044648484
0.0044165836
0.0043596593
0.004232958
0.0046333005
0.004537376
0.004196873
0.0043247337
0.004126544
0.0041272123
0.0042016716
0.0040151402
0.0042860783
0.004088102
0.0042743725
0.004320362
0.003984122
0.0042096484
0.0042166505
0.004020887
0.0039921175
0.004293131
0.0040216064
0.0050589996
0.0051388736
0.0041886927
0.004532716
0.0043606795
0.0041372995
0.004339285
0.0043199635
0.004229968
0.0041578123
0.0040690997
0.0041362704
0.0040468653
0.004270745
0.004351367
0.003842854
0.0040972913
0.004064265
0.0038195194
0.0037408203
0.0038563304
0.003682629
0.0039082677
0.003776515
0.0036982105
0.0036584667
0.0036037213
0.003673733
0.0037623309
0.0036504033
0.0044513354
0.004521073
0.003847555
0.0041352133
0.003911013
0.0039816303
0.0039830822
0.0038311332
0.0037781578
0.0039018765
0.0039471947
0.0035223688
0.0036191673
0.0036434166
0.00347196
0.0036119015
0.0034916133
0.0034291751
0.003342228
0.0034872738
0.0032947315
0.003749204
0.0036091097
0.0036322903
0.0035792124
0.003638019
0.0034688562
0.003759748
0.003411406
0.0037090096
0.0036930963
0.0035924513
0.003373495
0.0036623112
0.0033938002
0.003319228
0.0034062518
0.0031572625
0.0036177412
0.003634556
0.0035358674
0.003390142
0.0037207017
0.0033781782
0.0037591506
0.003598948
0.0035328239
0.0033730892
0.0034568536
0.0033745926
0.003307386
0.003227032
0.0034558454
0.0033064699
0.003437416
0.0035270527
0.003026603
0.003071947
0.0032576018
0.003067664
0.0035897272
0.003625625
0.0030009563
0.0032486527
0.003155944
0.0034945558
0.003417503
0.003292668
0.0030789264
0.0032284104
0.0030330978
0.0031399748
0.0031994162
0.0028964735
0.003293816
0.0032413201
0.0033023916
0.0033497673
0.0032482948
0.003143124
0.0030034555
0.0029947942
0.00298376
0.0029611436
0.002988069
0.00290886
0.0030426302
0.0029157486
0.002944263
0.0029127558
0.0028386181
0.0029171659
0.0027317728
0.0029966095
0.0026794598
0.003185166
0.0027845223
0.0040537026
0.0046047815
0.0036425835
0.0032261733
0.0038817779
0.0033550442
0.0031614695
0.0033227347
0.0032166268
0.0030572468
0.0032363606
0.003121281
0.003085634
0.0029942878
0.0027602986
0.002977592
0.0028509877
0.003032687
0.0028783155
0.0029468231
0.0028729998
0.0027671012
0.0028112559
0.002712487
