0.2871733
0.051170677
0.06917458
0.043033715
0.022272443
0.034843046
0.035484996
0.023790961
0.024945341
0.029462919
0.026082203
0.021178672
0.024127632
0.027320547
0.025044678
0.02171568
0.021008616
0.02234847
0.021777697
0.020349195
0.020777049
0.021374082
0.020544995
0.019915175
0.020220065
0.020015398
0.019670343
0.02009649
0.01996526
0.01943596
0.01925736
0.019264197
0.01883888
0.018931203
0.018888699
0.018662037
0.0184299
0.018656535
0.018569073
0.018292842
0.018091248
0.018196674
0.018079625
0.01754531
0.017352102
0.017136225
0.016643237
0.016752925
0.016621018
0.016048485
0.016413255
0.016462712
0.01600376
0.015683852
0.015786529
0.015662149
0.0155046275
0.015501841
0.015202127
0.015305113
0.015193029
0.014988656
0.015030202
0.014970608
0.014829998
0.015047681
0.014870952
0.014964647
0.01486693
0.01493818
0.014965196
0.01453155
0.014512791
0.014637726
0.014407531
0.015219554
0.015515107
0.014670183
0.015182577
0.015568172
0.014874865
0.01498038
0.015146565
0.014721277
0.014628653
0.014651333
0.014685117
0.01434949
0.01440236
0.014538199
0.014126368
0.014425006
0.014536475
0.014404868
0.014198522
0.014127077
0.014274724
0.014153421
0.0139677385
0.013979607
0.013989654
0.013922331
0.014037207
0.013894387
0.014124259
0.014115293
0.013804621
0.014169601
0.01416748
0.0138780335
0.013842498
0.013911415
0.013747406
0.013999491
0.013962027
0.0136903105
0.013769266
0.01389329
0.013658156
0.014047835
0.014256265
0.014056866
0.0137904
0.0138531225
0.013870816
0.014074631
0.013807611
0.013662181
0.013752309
0.013693153
0.01352951
0.0139676975
0.014017885
0.013560851
0.013507315
0.013753046
0.013578824
0.013740745
0.013815645
0.013893302
0.013820612
0.01343023
0.013544989
0.013640497
0.013398054
0.013716563
0.013866323
0.013903624
0.013764498
0.013259607
0.013430794
0.0134845255
0.0134443855
0.0133923665
0.013719472
0.013816821
0.013273898
0.01341002
0.013459261
0.013322406
0.013213935
0.013063273
0.0131912725
0.01315884
0.013017468
0.013014215
0.013138927
0.012937072
0.012992929
0.013073499
0.013311778
0.013100269
0.013294481
0.013504851
0.013033006
0.013094645
0.013244361
0.012921433
0.013088107
0.012949098
0.012653624
0.012584365
0.012612631
0.012648936
0.012509576
0.012476643
0.012557648
0.012442172
0.012346871
0.012369762
0.012346161
0.012310195
0.012163508
0.012163021
0.012206056
0.012063853
0.012062346
0.012096516
0.011921053
0.012039256
0.0119991945
0.011982077
0.012076338
0.012091325
0.012248476
0.011872749
0.012178519
0.01237787
0.011959062
0.012140361
0.011934638
0.012142546
0.012224154
0.011850774
0.011940606
0.011702226
0.011958075
0.011931889
0.011602764
0.01157369
0.0116051
0.011503033
0.011725031
0.011656183
0.011643612
0.011675295
0.011400029
0.01133088
0.011672857
0.011580809
0.011449694
0.011458927
0.011317524
0.011641693
0.011650796
0.011329812
0.011556742
0.011393287
0.011775501
0.012093949
0.011469307
0.011681517
0.0119324075
0.011592269
0.011538946
0.011557537
0.011664133
0.011348774
0.011313829
0.011595999
0.011294524
0.011258329
0.0113189
0.011100662
0.011178679
0.011042655
0.011254545
0.010983982
0.011672832
0.011774621
0.011061973
0.012283412
0.013371977
0.012449614
0.011629964
0.012139463
0.012126167
0.0115350485
0.0117195435
0.011594738
0.011301142
0.011496863
0.011489529
0.011028342
0.011566553
0.011973724
0.011379592
0.0113777295
0.011884786
0.011554987
0.010981378
0.011325706
0.011348821
0.01090389
0.011211532
0.01153637
0.010972369
0.011012015
0.011337091
0.010957639
0.010935686
0.010983364
0.010747523
0.0109773725
0.011031695
0.010660919
0.0107529275
0.010747158
0.010706424
0.010606895
0.010625477
0.010386251
0.011066419
0.0110816285
0.010270491
0.0108174905
0.011036676
0.0106990235
0.010067902
0.010854141
0.0114952
0.010987115
0.010478037
0.010668367
0.010784425
0.010225697
0.009934283
0.010027401
0.009774365
0.009879798
0.009880281
0.009649954
0.00958585
0.009422063
0.009442635
0.009461361
0.009267555
0.009344589
0.009063977
0.009421474
0.00945441
0.009149701
0.009101863
0.009213989
0.009218462
0.008847873
0.008656246
0.008870314
0.008579877
0.008614488
0.008843225
0.008305888
0.008801252
0.008478014
0.0086643705
0.008682719
0.008252393
0.008207501
0.008154184
0.007915952
0.007906853
0.0077011227
0.0076401923
0.007524909
0.0074322647
0.0074038156
0.0073016346
0.0074042804
0.007265584
0.0069813156
0.0073694005
0.0074186656
0.0068424977
0.0072438954
0.007583258
0.0069276677
0.0071360567
0.0075742514
0.0073382817
0.007818248
0.007278492
0.007642405
0.00757694
0.007292922
0.0072518624
0.0065697897
0.007185834
0.00638454
0.0093514295
0.010278701
0.0073779854
0.0076650805
0.009303917
0.0077054785
0.0065890364
0.007302556
0.0070734634
0.0069574085
0.007206759
0.0070137344
0.0066013783
0.006812585
0.006751926
0.0064177434
0.006447596
0.006308014
0.006317243
0.0061849724
0.0062750983
0.006058101
0.006596451
0.006449811
0.006775453
0.0067925234
0.0061982158
0.006496797
0.00625978
0.0064327563
0.0065863044
0.0062926845
0.006005734
0.00641825
0.006179316
0.00624996
0.0062861447
0.006131792
0.0061539193
0.006030284
0.006009463
0.005896094
0.0058058687
0.0059771664
0.0058552357
0.005894358
0.0058457125
0.005876744
0.005784841
0.005743172
0.005891766
0.0056526866
0.00616627
0.006223762
0.0058110678
0.0058021317
0.006038504
0.0057095066
0.00627144
0.0062070624
0.0058601336
0.0057303817
0.005930835
0.0058744526
0.006027496
0.0058773123
0.006161146
0.006421344
0.005666263
0.0060179443
0.006190786
0.006038731
0.005802223
0.005778587
0.00597839
0.005511751
0.006027011
0.0063587367
0.005809542
0.0059208027
0.0059987097
0.005895046
0.0057279505
0.005651823
0.005714013
0.0056285947
0.0054716044
0.0055414136
0.0054285377
0.005379185
0.0054161944
0.00537915
0.005399776
0.0053520794
0.0054642013
0.0053812936
0.0054257098
0.005237486
0.005516255
0.0054239365
0.005347989
0.0053704386
0.005252781
0.0053921826
0.0052407305
0.005660376
0.005632201
0.005328541
0.0053456076
0.0054991744
0.0052691237
0.0054020397
0.005557465
0.0049881022
0.0053837285
0.0052806824
0.0051699146
0.0052988636
0.0050808815
0.005393248
0.0054362807
0.005051613
0.005142938
0.00515105
0.0049549243
0.005049096
0.0048912154
0.0048927106
0.0047894916
0.0050039147
0.004982146
0.0049352203
0.0048358785
0.005133888
0.004965384
0.0049295914
0.0050525903
0.004933191
0.0050091078
0.0049845264
0.0051782094
0.0049027675
0.005020919
0.0048364406
0.0052382946
0.0051346174
0.0050990973
0.0051447554
0.004734713
0.0048234486
0.0047241636
0.004694753
0.0046405573
0.0047541945
0.0045454013
0.005337503
0.0054604933
0.00475702
0.0049182824
0.0050369836
0.004775515
0.004708507
0.004786678
0.0045540626
0.0048764176
0.0049071317
0.0047404
0.004744737
0.004783833
0.004747562
0.0045597455
