0.28825578
0.05329175
0.07175355
0.04128403
0.027227364
0.027961582
0.024199054
0.025743807
0.024893833
0.021618446
0.023914889
0.024530863
0.021623224
0.022336379
0.02399905
0.022146061
0.020699587
0.021465683
0.020814955
0.021259522
0.021519946
0.020933704
0.020874543
0.021053107
0.0205404
0.02136902
0.021514634
0.020734565
0.020832712
0.021210322
0.02064739
0.02108757
0.021487474
0.020982832
0.02058986
0.021221772
0.02115404
0.02052668
0.020716699
0.02078273
0.020405171
0.02145644
0.02183184
0.02084633
0.020812744
0.02108402
0.021009624
0.02065466
0.020455515
0.020764438
0.020525975
0.020304628
0.02050637
0.020351425
0.020363057
0.020330418
0.020400932
0.020235443
0.020533606
0.020518987
0.020144287
0.020158919
0.020303555
0.020146705
0.020552069
0.02057548
0.020108106
0.020504646
0.020489506
0.020083042
0.02021912
0.020150123
0.020151312
0.02004199
0.02025241
0.020100331
0.020113884
0.020146696
0.019899225
0.020188956
0.019977385
0.020186434
0.020204175
0.019883664
0.019896487
0.019923212
0.019802839
0.020100564
0.01996802
0.019907279
0.019893745
0.019782789
0.019710595
0.019940844
0.019842226
0.019717803
0.019672079
0.019762484
0.019693851
0.019693384
0.019652374
0.019614728
0.019547308
0.01967674
0.019611223
0.019513803
0.019414796
0.019548697
0.019391028
0.019400828
0.019301718
0.018995253
0.018743856
0.018778512
0.018403575
0.017881874
0.017484102
0.017404234
0.017571008
0.016769195
0.017578652
0.016984584
0.01639114
0.017855832
0.017991165
0.016470188
0.017445317
0.017882407
0.017193045
0.016655253
0.016533159
0.016246134
0.016600931
0.016661821
0.015658585
0.016928194
0.018227018
0.017380878
0.016540403
0.01649735
0.016162902
0.015569351
0.016316386
0.016616585
0.015789432
0.015662288
0.015699798
0.015604891
0.015362666
0.015449534
0.015062916
0.015224397
0.0153136505
0.015001379
0.01481749
0.015085917
0.014959894
0.014845719
0.014687865
0.014735662
0.014728703
0.014815782
0.014656399
0.014458018
0.014384891
0.014533263
0.014382131
0.0144468
0.01441156
0.01426066
0.014138234
0.0142443
0.014096099
0.014131676
0.014050017
0.013995822
0.013915644
0.013895932
0.01376488
0.013817559
0.013720791
0.013671887
0.0135660535
0.0137366755
0.013606325
0.013521514
0.013421859
0.0134814875
0.013358377
0.013306916
0.01324607
0.01344053
0.013259393
0.013371214
0.013279767
0.013151745
0.01335942
0.013056624
0.01373824
0.013713762
0.013128889
0.013425022
0.0134201385
0.013171221
0.0134599805
0.013393094
0.012917795
0.013508766
0.013510611
0.012925166
0.013373314
0.013735616
0.013532143
0.013018257
0.013152029
0.013139486
0.013118303
0.013065573
0.0128032155
0.012765645
0.013066676
0.012780644
0.012865618
0.012951676
0.012870595
0.012673508
0.012816764
0.0130034285
0.01270815
0.012680694
0.012618333
0.012758226
0.012634945
0.012641416
0.012682316
0.012582024
0.012491868
0.01259108
0.012463101
0.012731694
0.012651034
0.012646195
0.012565675
0.012581755
0.012443979
0.012608181
0.01258675
0.012356856
0.012338303
0.012607868
0.0125258295
0.012538761
0.012609932
0.012406431
0.012346412
0.012559526
0.012373611
0.012470365
0.012494247
0.012261455
0.012309834
0.012280401
0.012252602
0.01224506
0.012179483
0.012293269
0.012105892
0.012635964
0.012454691
0.012292947
0.012308344
0.0121202385
0.012072208
0.012229874
0.012107839
0.01218494
0.012117043
0.012105398
0.0120283505
0.012180783
0.0120805325
0.012075886
0.012008469
0.012042198
0.012007893
0.011921261
0.011936448
0.012051688
0.011931871
0.01223166
0.012377749
0.011845
0.01254974
0.0126185445
0.012326459
0.012258761
0.012293201
0.012080908
0.01201043
0.012055833
0.011937808
0.011881958
0.011917581
0.011761534
0.011725831
0.011868899
0.011738632
0.012294496
0.012419867
0.011735222
0.012334023
0.012452349
0.011712361
0.012371197
0.012578085
0.0117829265
0.0125718685
0.012932759
0.012153176
0.011755422
0.012019151
0.011878315
0.0119173
0.011763061
0.011865168
0.011735761
0.011668346
0.011541699
0.011496208
0.01144841
0.011370577
0.011448242
0.011250504
0.01149299
0.011480269
0.011333555
0.011179014
0.011388403
0.011179675
0.011217009
0.011227023
0.011180647
0.010986589
0.011083349
0.011049557
0.010965605
0.01082255
0.011013411
0.010865155
0.010716275
0.010821057
0.01061057
0.0107423635
0.010849867
0.010616875
0.010896462
0.010780164
0.011151779
0.010831947
0.010780505
0.010800528
0.0104862265
0.0105597675
0.010585737
0.010352861
0.010734211
0.010834831
0.010347806
0.0103971185
0.010462583
0.01029307
0.010275033
0.010229837
0.010065667
0.010380538
0.01033952
0.010205604
0.010081044
0.01039455
0.010141444
0.010098443
0.010065787
0.010039051
0.009873693
0.010093643
0.009954785
0.009887335
0.009726914
0.010114409
0.00988584
0.009726589
0.0097150365
0.009653702
0.00955736
0.009608476
0.0095152715
0.009523373
0.009432106
0.009517301
0.009360849
0.0094463
0.009416024
0.009442789
0.009338145
0.009420816
0.009309974
0.009340744
0.0092828525
0.00931929
0.009205483
0.009336684
0.009146345
0.009445178
0.009440181
0.009210854
0.009228316
0.009005356
0.009141587
