0.28770432
0.050225276
0.08317866
0.055590224
0.021619916
0.051592883
0.061527204
0.039904553
0.021875672
0.030099263
0.039703492
0.037309375
0.02927368
0.022844816
0.022070399
0.025517197
0.02565408
0.022457698
0.02102165
0.021460414
0.021969557
0.021839624
0.020693986
0.020758055
0.021202331
0.021371355
0.02073889
0.020673653
0.020728327
0.021189118
0.021074735
0.020587578
0.02045464
0.020562999
0.02065325
0.020671358
0.020451142
0.0205052
0.02045229
0.020606203
0.020596802
0.02032976
0.020216817
0.020878071
0.020794304
0.020697767
0.020641422
0.020611562
0.020228447
0.020854643
0.020896459
0.020240668
0.020283906
0.020113626
0.020137573
0.020065488
0.020346357
0.020059675
0.020590547
0.020795183
0.020021988
0.021136863
0.021973798
0.020725576
0.01999287
0.02026389
0.019954855
0.020077663
0.020193562
0.019789133
0.020317063
0.020466588
0.019864993
0.020204503
0.02068146
0.02006572
0.019682037
0.019800574
0.019576306
0.02025743
0.020606311
0.020043617
0.019646086
0.019891389
0.019957675
0.019589113
0.019748677
0.019903725
0.019710103
0.019521372
0.019460987
0.01944387
0.019572482
0.019474389
0.019379655
0.01942417
0.019263497
0.019328726
0.019355165
0.019408958
0.019183269
0.019922856
0.019824998
0.019162266
0.0199688
0.020433724
0.019832045
0.020711461
0.021255901
0.020047301
0.019427286
0.019756107
0.019268481
0.019640721
0.020002631
0.01918565
0.019267067
0.01971814
0.019140756
0.01950471
0.01987704
0.019093715
0.019220306
0.019716626
0.019004127
0.019172205
0.019536262
0.018960522
0.018847434
0.019104829
0.018620731
0.019089794
0.01937445
0.018616686
0.018771162
0.019150918
0.018339276
0.018527174
0.019036284
0.018283954
0.018095387
0.018407581
0.01778279
0.018200047
0.01900389
0.018029554
0.017482447
0.018141696
0.017408177
0.018048232
0.01881023
0.018018926
0.017005173
0.018294305
0.018354474
0.01712199
0.017140666
0.017559936
0.017138757
0.01645942
0.01644284
0.016273173
0.015876004
0.01593203
0.015595327
0.015290573
0.015248285
0.014897649
0.015069701
0.01497482
0.014737401
0.014365837
0.015227797
0.014982565
0.013964121
0.013873186
0.01423537
0.013901425
0.014091955
0.014126065
0.013484723
0.013382181
0.013607281
0.013458133
0.013622311
0.013662391
0.0139075825
0.013394198
0.013556297
0.013632111
0.013225379
0.013243911
0.013247724
0.013127454
0.013066505
0.012990569
0.013405985
0.013235359
0.012973153
0.012903896
0.013115392
0.013026022
0.01300747
0.012982628
0.01279405
0.012724725
0.013051842
0.012958392
0.01270689
0.012593143
0.013158869
0.013096306
0.0125729265
0.012573806
0.012828968
0.012741256
0.012615733
0.012552083
0.012701139
0.012614657
0.012606078
0.012523296
0.012623754
0.0125455065
0.012517411
0.012456946
0.012557172
0.012502521
0.012449005
0.012416914
0.012451115
0.012414739
0.0123782335
0.012328234
0.012405962
0.0123620285
0.012309658
0.01224417
0.012403704
0.012329071
0.012249979
0.012177055
0.01239566
0.01228048
0.012230736
0.012142173
0.012352463
0.012223336
0.012206285
0.012099683
0.012355718
0.012254729
0.012095575
0.012031973
0.0123787
0.012305343
0.012015219
0.012032107
0.01230524
0.012226768
0.012130976
0.012238286
0.012035008
0.012233175
0.0120207025
0.011992966
0.012172128
0.012137697
0.011993255
0.011955065
0.012036021
0.01191055
0.012049955
0.012048104
0.011844096
0.011860688
0.012006831
0.012014856
0.011866341
0.011946169
0.011949015
0.011849153
0.011977874
0.011855684
0.011947346
0.0118836835
0.011850079
0.011759315
0.011944354
0.011845733
0.011838275
0.011811898
0.011815064
0.0117749795
0.011830161
0.011805054
0.011730775
0.011687581
0.011858356
0.011832942
0.01167735
0.01165095
0.0118291965
0.01177738
0.011661497
0.011634964
0.011766822
0.011730067
0.0116307
0.011609521
0.011704937
0.011659898
0.011649449
0.011602758
0.011695265
0.011667806
0.011580043
0.01155286
0.011692017
0.011643082
0.011546713
0.011506785
0.011663675
0.011608359
0.011495762
0.0114600845
0.011641107
0.011597507
0.011452091
0.011418899
0.011618377
0.0115512675
0.01141752
0.011380675
0.011532865
0.011468079
0.011396532
0.011395832
0.011425421
0.011365049
0.011418863
0.011374511
0.011360407
0.0113378065
0.011327316
0.011323121
0.011289972
0.011573496
0.011153586
0.012549768
0.012393645
0.012070158
0.01209531
0.011684847
0.011898984
0.012231703
0.011617939
0.012100813
0.0129176555
0.0120141925
0.011366307
0.011588546
0.011469521
0.011432283
0.01159268
0.011493795
0.01118236
0.011485289
0.011346452
0.0114372065
0.011300825
0.011357058
0.011488593
0.011012579
0.01130265
0.0112745585
0.011072529
0.011078347
0.011238038
0.011096264
0.011399793
0.011443163
0.011260149
0.011147398
0.011468635
0.011138058
0.011511251
0.01198405
0.011520452
0.01151159
0.011516566
0.011384237
0.011195406
0.011291626
0.011144131
0.010855496
0.011012655
0.010981773
0.010971635
0.010853519
0.010792404
0.010722488
0.010962247
0.0110296905
0.010745303
0.010839
0.0107244225
0.011013524
0.011173852
0.010902487
0.01066606
0.011015144
0.011061444
0.010783429
0.0106596425
0.010745399
0.010615334
0.0107120825
0.010699789
0.010671119
0.010538361
0.010723169
0.010836437
0.010520567
0.010764409
0.011054839
0.010678486
0.010650657
0.01072057
0.010524941
0.010655944
0.010527502
0.010406064
0.010628645
0.010471878
0.0103663765
0.010726854
0.010666869
0.010509998
0.010420703
0.010759289
0.010538158
0.010587688
0.01058824
0.010365742
0.010308619
0.010668866
0.010648022
0.0103833275
0.010185237
0.010640849
0.010673083
0.010409028
0.010297207
0.010242055
0.010222571
0.010299343
0.010271239
0.01031641
0.01021889
0.010510817
0.010380851
0.010262023
0.010319057
0.010082384
0.010011603
0.010466258
0.010283229
0.010103588
0.010120516
0.010057669
0.009997271
0.010155045
0.010045786
0.01016063
0.01012266
0.009964348
0.0099088205
0.010104409
0.00998543
0.010015702
0.009936737
0.009922256
0.009834121
0.01002936
0.009993138
0.009890291
0.009835761
0.009915242
0.009902588
0.009805166
0.009696693
0.010074928
0.010030384
0.009634974
0.009658471
0.009821871
0.009718525
0.009827289
0.009865221
0.009609413
0.009649399
0.009641473
0.009566023
0.0095997155
0.00953118
0.009871353
0.009886608
0.009627655
0.00963097
0.00965444
0.009397425
0.009787727
0.009824469
0.009440511
0.0094184885
0.009723137
0.009726535
0.009315555
0.009654543
0.009795047
0.009549706
0.009447384
0.0095321005
0.009397731
0.0093361465
0.009790615
0.0094764065
0.009410749
0.009437828
0.009272224
0.00919
0.009373088
0.009289364
0.009450364
0.009432928
0.009163556
0.009100142
0.009201904
0.009168451
0.009273678
0.009178775
0.009262127
0.009210142
0.009216126
0.0091386065
0.009022508
0.009040691
0.009006436
0.008950426
0.008951682
0.009066671
0.008909219
0.009095124
0.008976934
0.00898172
0.00894902
0.008969657
0.00888801
0.0090189725
0.009016752
0.008983345
0.008974612
0.008923955
0.008905355
0.008918527
0.008874574
0.008991978
0.009047986
0.008954867
0.008921142
0.008948213
0.00877164
0.00923603
0.009410611
0.0088915145
0.009219945
0.009684815
0.009303157
0.00895059
0.009139578
0.009467639
0.0093375305
0.009012549
0.00898885
0.009079203
0.00908286
0.00915109
0.009075261
0.009135973
0.008971411
0.009503626
0.009573481
0.00889104
0.009192594
0.009270816
0.009169716
0.009229111
0.008923548
0.008947571
0.008887606
0.008930943
0.008695815
0.008935824
0.008717343
