0.28748986
0.050132226
0.064005904
0.0935125
0.058783412
0.025737
0.029156199
0.04352889
0.041039746
0.028616749
0.021260941
0.02636444
0.03246783
0.029767012
0.024556639
0.021353528
0.022732044
0.025903186
0.024453526
0.021128362
0.021153659
0.022749355
0.022891046
0.021187311
0.02039142
0.021251991
0.021126157
0.020306384
0.02071773
0.021024117
0.020407448
0.020389924
0.020735288
0.020366862
0.020375969
0.020545823
0.020437831
0.020114318
0.02026842
0.020064807
0.0205645
0.02073306
0.020153353
0.02061254
0.021155238
0.020737546
0.020008005
0.02158715
0.022781366
0.02190046
0.021024862
0.020230168
0.02099401
0.02169693
0.020856068
0.020387076
0.02020257
0.020943077
0.02100368
0.019988114
0.021339595
0.022497827
0.021724278
0.020938123
0.020590084
0.020240033
0.020871455
0.020361334
0.020084752
0.020133967
0.020246917
0.02018834
0.019899918
0.020103246
0.019839205
0.020977825
0.02130642
0.020327436
0.02070527
0.02106906
0.02033367
0.02058846
0.020797504
0.020210678
0.020229498
0.020342737
0.020079082
0.02008581
0.020141171
0.019987421
0.020007
0.020004578
0.019863462
0.019857856
0.019938776
0.019835258
0.02009557
0.02014485
0.019775847
0.02001615
0.019944837
0.01985501
0.019846993
0.01987502
0.019788973
0.019954083
0.019961113
0.019725325
0.019863794
0.019723596
0.020085895
0.020129584
0.019854685
0.019843144
0.019899176
0.019856049
0.019688437
0.019763445
0.01967676
0.019787727
0.019731672
0.019742401
0.019756585
0.01967789
0.019714678
0.019609444
0.019750899
0.019718306
0.019656423
0.019658776
0.019648096
0.019576991
0.01958094
0.019525073
0.019553406
0.019499019
0.019754065
0.01962711
0.019588822
0.019579297
0.01950685
0.019468645
0.019447811
0.019396624
0.019445023
0.019334732
0.019750768
0.019815857
0.01931776
0.019745322
0.019853212
0.019319
0.019691212
0.019995721
0.01957975
0.01933165
0.019617677
0.0195458
0.019189108
0.019243281
0.019158654
0.019260654
0.019178445
0.019408742
0.01940424
0.019139176
0.019214751
0.019147124
0.019097207
0.019080376
0.018997693
0.018958516
0.019236816
0.019072024
0.01916968
0.019158019
0.018974772
0.018968994
0.018897906
0.018895919
0.018854866
0.018735446
0.018699838
0.018867286
0.018668072
0.019274859
0.019394802
0.01856021
0.019086367
0.019308126
0.018731913
0.01868732
0.018472241
0.01921294
0.019173779
0.018392142
0.019267172
0.019979125
0.019344082
0.018836915
0.018783731
0.018548012
0.018861147
0.01858934
0.018143551
0.018245436
0.018053351
0.017765831
0.017869113
0.017898494
0.01758367
0.017557524
0.017372275
0.017509267
0.017370163
0.017174842
0.017285092
0.017036974
0.016873186
0.016897423
0.01656671
0.016624885
0.016429836
0.016346782
0.016530445
0.016489098
0.01589199
0.016404852
0.016368804
0.015797658
0.016036792
0.016137289
0.015882283
0.015423201
0.016316285
0.016685195
0.015551172
0.01642896
0.017253594
0.01636523
0.01538749
0.016114997
0.017043976
0.01605654
0.015107981
0.01579126
0.01586119
0.015025047
0.015566726
0.016300889
0.015604936
0.014849084
0.015198854
0.015229526
0.015115383
0.014893957
0.014720191
0.014972112
0.014824186
0.014713049
0.014876579
0.014570457
0.014476742
0.014607432
0.01468911
0.0144776525
0.014535155
0.014346834
0.014982018
0.015173453
0.014543223
0.0152177885
0.015895123
0.015101563
0.014918506
0.015097514
0.014837946
0.014697179
0.014842886
0.0146825025
0.014483358
0.0145565765
0.014407343
0.014424648
0.014338382
0.014584175
0.014520444
0.014429667
0.01430698
0.014402139
0.014343142
0.014385734
0.014311931
0.014163288
0.014123035
0.014136144
0.014030931
0.014197606
0.014081757
0.01405704
0.014011729
0.013883491
0.013899078
0.013797016
0.013767499
0.013850898
0.013722318
0.013718802
0.013679062
0.013707503
0.013724535
0.013743076
0.013620764
0.013666148
0.013676421
0.013634038
0.01350823
0.013728532
0.01370282
0.01361555
0.013547137
0.0135726
0.013511967
0.01361087
0.013588835
0.013498378
0.013431163
0.013650633
0.0134558305
0.013980679
0.01390579
0.0141593395
0.014200993
0.013719656
0.013593745
0.013404529
0.013374631
0.013685581
0.0135935
0.0135318525
0.013510346
0.013564681
0.013351768
0.013657129
0.013548967
0.0133340685
0.01327081
0.0136065455
0.013568643
0.01336002
0.01334897
0.013318812
0.013215323
0.013502036
0.013465439
0.013222661
0.013176632
0.013346427
0.013167843
0.013500265
0.013372938
0.01334706
0.01333983
0.013208459
0.013139934
0.013341603
0.013224105
0.013294888
0.013258663
0.013186857
0.013158047
0.013196911
0.01311965
0.013300364
0.013297469
0.013015549
0.012975137
0.013353319
0.013284505
0.013015353
0.012953949
0.013286397
0.013130024
0.01306478
0.013013664
0.013140506
0.013051513
0.013093802
0.013039164
0.013114557
0.01305261
0.013034575
0.012952643
0.0131617375
0.01311712
0.012938
0.012902043
0.013153727
0.013114274
0.012932152
0.012921102
0.01305192
0.012983275
0.013038027
0.012992516
0.012967733
0.012941425
0.0129633
0.01291436
0.012993488
0.012955287
0.012898237
0.012851258
0.013033148
0.013009571
0.012826548
0.012787056
0.013027545
0.012937111
0.012872249
0.012828976
0.012923715
0.0128524415
0.012869065
0.012802456
0.012958304
0.012923275
0.012778184
0.012743287
0.012913601
0.012830828
0.012840509
0.012790185
0.012804789
0.012765754
0.012839806
0.012742986
0.012905051
0.0128355
0.012783274
0.012721647
0.012912851
0.012822103
0.012793985
0.012737791
0.012840693
0.0127637675
0.0128090335
0.012792896
0.01270296
0.012670345
0.01286758
0.012823738
0.012732025
0.012793984
0.012673969
0.012608741
0.012873831
0.012767737
0.012705303
0.012680489
0.012696717
0.012641728
0.012771804
0.012748063
0.012606901
0.012604363
0.012652482
0.012559791
0.01275717
0.012724821
0.012571077
0.012602952
0.012537017
0.012635902
0.012548077
0.012873541
0.012945627
0.0126788085
0.0126270875
0.012804507
0.012658812
0.012581778
0.012657049
0.012581203
0.012474767
0.012689057
0.012549713
0.0125362845
0.012512724
0.012501337
0.0124530615
0.012574612
0.012513469
0.012414758
0.0123453885
0.012498776
0.012407966
0.012478606
0.012480655
0.012283186
0.012226805
0.012533445
0.012474705
0.012306381
0.012277156
0.012369424
0.012306378
0.012353725
0.012308467
0.012272003
0.012218114
0.012300022
0.012245451
0.012271039
0.012204073
0.012298788
0.012277004
0.012165588
0.012119159
0.012219374
0.012132786
0.012219828
0.012190352
0.012122286
0.012070254
0.012191846
0.012150534
0.012073693
0.012079298
0.012034801
0.012003687
0.012080789
0.011983675
0.012137235
0.012009449
0.012114887
0.012148653
0.011872254
0.011856425
0.01212623
0.012062255
0.011871148
0.011855069
0.011986216
0.01191738
0.01186951
0.01185048
0.011849503
0.011805593
0.011858267
0.011782815
0.011803508
0.011711252
0.011938032
0.011867064
0.011695124
0.0117710205
0.011691007
0.011650155
0.011694156
0.011651942
0.01171352
0.011643172
0.011669871
0.0115832845
0.011757313
0.011585581
0.011745176
0.011771851
0.011432652
0.011527841
0.011557455
0.011477572
0.01178765
0.011879441
0.011371617
0.011791848
0.0118026985
0.011355507
0.011953131
0.0122031085
0.011400063
0.012343501
0.013546883
0.012937193
0.012262584
0.012129302
0.012456675
0.012029228
