0.288266
0.060046237
0.057706673
0.030829886
0.03164837
0.0302941
0.023097744
0.027615285
0.02988833
0.024306558
0.022214048
0.02385509
0.022926517
0.021801835
0.022219166
0.022154456
0.021620905
0.021864718
0.021534905
0.022033216
0.021632945
0.022084488
0.02215982
0.021565929
0.021665605
0.0216661
0.021216393
0.021400055
0.021294305
0.0210306
0.021411493
0.021271862
0.020997152
0.021067023
0.021057641
0.020827778
0.020846397
0.020995408
0.020799056
0.021330101
0.021328619
0.02089794
0.020865135
0.020988798
0.02082462
0.020685254
0.020716447
0.020641731
0.02065537
0.020566607
0.020755239
0.020691084
0.02074783
0.02068677
0.020882769
0.020771781
0.020589175
0.020569647
0.020685764
0.020604795
0.020692537
0.020656506
0.020606184
0.020531027
0.020691091
0.02064673
0.020514512
0.020489521
0.020612316
0.0205142
0.020574609
0.020555833
0.020436233
0.020427149
0.020467544
0.020392697
0.02058787
0.020566307
0.020330563
0.020305103
0.020507362
0.020424748
0.02034151
0.020324783
0.020313783
0.020255664
0.02038868
0.020344738
0.020214753
0.020203462
0.020250885
0.020156227
0.020319724
0.02030257
0.0200527
0.020193798
0.019964809
0.019925984
0.019950645
0.019744052
0.019754179
0.019507514
0.020172836
0.020230513
0.019360038
0.02036237
0.021089146
0.019878993
0.019381722
0.019640647
0.01925989
0.018862756
0.018854303
0.01870396
0.018651247
0.01848287
0.018587308
0.01843845
0.01851814
0.018135922
0.018352345
0.018292809
0.018241635
0.018032858
0.017804513
0.018269056
0.0183235
0.017633148
0.017799936
0.017711727
0.017648546
0.017738624
0.017429175
0.017689282
0.017599585
0.017239748
0.01752501
0.017451668
0.017358197
0.017383205
0.017157594
0.017106675
0.01698608
0.016932951
0.01691176
0.016727107
0.016860144
0.016750911
0.01666773
0.016669104
0.01664183
0.016766071
0.016612167
0.01647175
0.016494162
0.016473986
0.016406626
0.016190637
0.016228179
0.016155051
0.016048664
0.01613149
0.01595705
0.01580601
0.015830284
0.015740236
0.015903287
0.015841639
0.0154410945
0.01550851
0.015239772
0.015788874
0.015846519
0.015305712
0.015024331
0.015398008
0.015302081
0.014943004
0.014686051
0.0146524785
0.01453827
0.014273803
0.014258773
0.014037357
0.014294453
0.014369582
0.013834911
0.01378528
0.014095404
0.013403482
0.014886835
0.0149195
0.016212968
0.016105847
0.014041449
0.014866064
0.015911281
0.01500268
0.0145798465
0.014011891
0.013365251
0.012474656
0.013443516
0.01382352
0.012805846
0.012970507
0.013374105
0.0128551675
0.01291167
0.012609258
0.012836655
0.012610908
0.011725278
0.01219299
0.012391868
0.01221398
0.01151492
0.011628888
0.011776127
0.011470006
0.011164104
0.011770149
0.011724611
0.01109035
0.011016249
0.010729714
0.010607127
0.0107531175
0.01062287
0.010630075
0.010422104
0.010617774
0.010529864
0.010086349
0.009684379
0.010511366
0.010455784
0.010076505
0.010017467
0.009484702
0.009163818
0.00930972
0.009244107
0.009422531
0.009291705
0.009138639
0.009197989
0.008998509
0.008968425
0.008370289
0.008977608
0.008506152
0.009762132
0.00983815
0.008230594
0.008745168
0.008377682
0.007830876
0.009105195
0.008766087
0.009031416
0.008385234
0.008394434
0.008340073
0.0077583552
0.0078085773
0.007988975
0.007547961
0.008511374
0.008330762
0.007736337
0.008086582
0.0071330233
0.009161679
0.009866731
0.00779701
0.009607282
0.01077205
0.008846839
0.008159507
0.00973092
0.009355968
0.0074881115
0.008636021
0.01031386
0.00898368
0.0073593426
0.0079216985
0.007891581
0.0069463723
0.007429181
0.007861973
0.0071470216
0.007254252
0.007878291
0.007686652
0.0075896555
0.007104002
0.008029024
0.008113473
0.0070692697
0.006890601
0.00694143
0.006751653
0.0071211806
0.00658654
0.008173744
0.008814239
0.007147307
0.008768995
0.009778055
0.0077752806
0.008454344
0.009782698
0.0077710226
0.008164772
0.009297375
0.0077719004
0.0074308985
0.0076684654
0.006578744
0.0074324696
0.007916202
0.006406424
0.008344419
0.009724138
0.0077381157
0.0067056403
0.0071138986
0.0067236945
0.006543767
0.0064079836
0.0064857565
0.006287601
0.006283756
0.005965343
0.0059749917
0.0058245976
0.006059106
0.005999955
0.0058251754
0.00625057
0.006314257
0.005836054
0.0061951876
0.006056436
0.005607015
0.00594463
0.0059759817
0.0059376433
0.0055942065
0.006023645
0.006103635
0.005743753
0.0059576095
0.0053907796
0.0060987533
0.0055794325
0.006424612
0.006566079
0.0054619745
0.0073487763
0.008416175
0.006164238
0.0062932293
0.006954445
0.00705678
0.006030889
0.0056137703
0.0060342015
0.0059411903
0.0055356566
0.005613757
0.0061613633
0.0054313964
0.005793743
0.006386505
0.0060840664
0.00586731
0.0057482067
0.0053043873
0.0056021228
0.005438905
0.0052715316
0.0050685927
0.004920728
0.0050540525
0.005292049
0.0047699767
0.0059778467
0.0059560775
0.005257003
0.0051496676
0.0047180518
0.00502317
0.0046942215
0.00486996
0.0049975007
0.0047003147
0.004674093
0.005311514
0.004995662
0.00557857
0.005455201
0.005474964
0.0050773835
0.004948472
0.005190863
0.005755717
0.005564884
0.004729836
0.0053866957
0.0053564073
0.004809177
0.0047987294
0.004527259
0.005154318
0.005280651
0.0042618937
0.0058415737
0.006955446
0.0056024007
0.0045981817
0.0063665397
0.0071792398
0.005333649
0.0049320357
0.005898897
0.005772892
0.004702661
0.005654022
0.0070365383
0.006718639
0.00499325
0.004708681
0.0053509413
0.0054826867
0.004905615
0.004931547
0.005369334
0.004888395
0.0045304135
0.004560444
0.0045934585
0.004695796
0.004402338
0.0049459026
0.005094407
0.0043547805
0.004138092
0.004629352
0.004522998
0.004546421
0.00460576
0.0043752813
0.0042818077
0.0042546806
0.004190476
0.0042642574
0.004086118
0.0045073465
0.0044947476
0.004127901
0.00394835
0.004161522
0.004120505
0.0039547603
0.003909238
0.004100686
0.0038330585
0.0040553124
0.0041966536
0.0041524176
0.0040341704
0.0038750658
0.0039502974
0.0037831713
0.0040184637
0.0036340505
0.0044107246
0.0044752206
0.0040649488
0.0043750913
0.004048897
0.003766908
0.0042327903
0.004299129
0.00396884
0.0037617637
0.0038650024
0.00384037
0.0039701643
0.0038017768
0.0039963843
0.0040009324
0.003599967
0.0034882214
0.003759321
0.0035743294
0.0040492006
0.0039809463
0.0035490303
0.0034840384
0.003800404
0.0035398172
0.003940261
0.0039312546
0.0035893016
0.0039824047
0.0042191357
0.003709877
0.0034265232
0.0039164443
0.003973847
0.0035723988
0.003670539
0.003712168
0.0035733392
0.0037149955
0.0036622745
0.0035347883
0.003485501
0.0032801211
0.003587
0.0034502482
0.003208297
0.0033112357
0.0035071045
0.0034255125
0.0032832634
0.0036222443
0.003409124
0.0037409104
0.00374865
0.0033121773
0.0031758074
0.0035856357
0.0033979446
0.0035127553
0.0035245514
0.003191327
0.0031398814
0.0034566093
0.0033363868
0.0031646658
0.0030562617
0.0033537848
0.0032518308
0.0031550294
