0.2871018
0.05843841
0.055403322
0.035309803
0.023860052
0.026288679
0.024104655
0.023870977
0.023319997
0.021915311
0.022482395
0.021990262
0.021378852
0.02163659
0.021187415
0.021175196
0.021164944
0.020815065
0.020993399
0.020828405
0.02071352
0.02083986
0.020542486
0.020806804
0.020725
0.020330427
0.02125372
0.021026077
0.020669157
0.020388529
0.020778438
0.020494888
0.020318946
0.020247135
0.020254338
0.02007584
0.019996643
0.019890001
0.019725094
0.019615725
0.01959523
0.019392848
0.019558774
0.019356871
0.019196032
0.018973434
0.018812811
0.018594628
0.018198445
0.017917914
0.017368734
0.017052626
0.016595157
0.016826442
0.016630717
0.016661396
0.01627507
0.016746456
0.01637506
0.0161366
0.015924217
0.015724314
0.015556828
0.015313819
0.015219585
0.015150063
0.015001702
0.01494689
0.014785732
0.014516409
0.014312566
0.014457603
0.014061759
0.014571887
0.014453749
0.013896185
0.013800048
0.013846166
0.01357955
0.013448474
0.013927254
0.013623193
0.0142521905
0.014607545
0.013485494
0.013844162
0.014325079
0.013720691
0.013223045
0.013673912
0.013557642
0.0129258735
0.013004468
0.012859479
0.012987035
0.01298748
0.012940802
0.012773529
0.0127774775
0.012820668
0.012600261
0.0128555065
0.012758738
0.0129117025
0.012951452
0.012668497
0.012422916
0.012744032
0.012713969
0.012352931
0.012341405
0.012275993
0.01214623
0.012564085
0.012315785
0.012186845
0.012179263
0.012117323
0.012028142
0.012155563
0.012024439
0.0120696975
0.011995443
0.0119745135
0.011940359
0.011841728
0.011753534
0.01195995
0.011826816
0.011800017
0.0117612155
0.011688412
0.011593454
0.011797407
0.011705772
0.011556506
0.011460051
0.011748709
0.011667259
0.011408064
0.011341563
0.011643753
0.011561707
0.011297057
0.011238719
0.011500583
0.011353719
0.01136947
0.011367865
0.011141766
0.0110857375
0.01125934
0.011097342
0.011209219
0.011083347
0.011090736
0.010945894
0.011128563
0.011014084
0.010901504
0.010794007
0.01088101
0.01067933
0.010909227
0.01073166
0.010578032
0.010394377
0.0108320005
0.010739982
0.010128242
0.010062817
0.010428953
0.010329433
0.009794104
0.009728125
0.0099503035
0.00975119
0.009659847
0.009553519
0.00942951
0.0092296535
0.009522381
0.009310891
0.009091448
0.0088727055
0.009304904
0.009057353
0.008819307
0.008808485
0.00868502
0.008601293
0.008602121
0.008480702
0.008230932
0.008077965
0.008164926
0.007922448
0.00819252
0.008080895
0.007938445
0.007802052
0.007954343
0.007687653
0.007940067
0.0076775686
0.0077084866
0.007565267
0.0075297505
0.0074092485
0.007470397
0.007389193
0.007302972
0.007208645
0.0073530064
0.007233366
0.007113407
0.0070535466
0.007125841
0.007046113
0.0069167255
0.0069212425
0.0067954008
0.006721334
0.0067161606
0.0066376403
0.0065678167
0.0064270548
0.0066592456
0.006571433
0.006263889
0.0061757914
0.0069852094
0.0065839775
0.0067279288
0.006529609
0.006417095
0.007057669
0.006202534
0.0071610822
0.006328276
0.007320104
0.006296467
0.006326391
0.0063799634
0.006211379
0.0063607357
0.0061402493
0.0066816118
0.0065317135
0.006407138
0.0062115453
0.0064022928
0.005959492
0.006048888
0.0059455917
0.0058801905
0.0059683076
0.005756162
0.005663169
0.0058336365
0.005641576
0.0054940283
0.005514247
0.0054485896
0.0055124126
0.0054019336
0.0052849874
0.005256983
0.0051428466
0.0051081334
0.0050007
0.0053093187
0.005113691
0.005040807
0.004766083
0.005505748
0.005405571
0.0047123744
0.004752591
0.0050590006
0.0049900045
0.004920132
0.0049619046
0.004627286
0.0046430603
0.0050940528
0.0046544303
0.0056218966
0.0058615054
0.004927305
0.005503178
0.0053612166
0.005195523
0.004692284
0.005150719
0.0044131293
0.005231274
0.0046059825
0.006085144
0.0060093827
0.004956788
0.0053936667
0.005040593
0.00486945
0.0047255303
0.0048774662
0.0044069295
0.00510162
0.0048686755
0.004834158
0.0046106563
0.0048071346
0.0045803846
0.0043361397
0.00443578
0.0044157114
0.0044515366
0.004146897
0.0047594956
0.0047241175
0.0041583697
0.004254876
0.0040665916
0.0040202336
0.0040945434
0.003954603
0.0041140104
0.0038104504
0.004555845
0.004435674
0.0042719743
0.004144756
0.00455649
0.004582692
0.003781788
0.004807769
0.00454325
0.0045320652
0.0045561814
0.004333336
0.0041604997
0.0043834625
0.0043095243
0.0039277873
0.003709345
0.004322641
0.004252276
0.0046090954
0.004555827
0.0037290298
0.0041356552
0.0040853727
0.003941482
0.0039212517
0.0037890493
0.0037843136
0.0037174255
0.0037358648
0.003684651
0.003955791
0.0037881325
0.004050568
0.0041517387
0.0036269224
0.0042285756
0.003956821
0.0041604093
0.004446704
0.0038021833
0.0037301444
0.003981747
0.003473917
0.004147891
0.00397766
0.0047950614
0.0051026233
0.003628224
0.0058436967
0.007438462
0.0058374363
0.0053151003
0.005654532
0.004806587
0.0039534736
0.00399797
0.004175734
0.0040256456
0.0044130143
0.0039615924
0.0036088757
0.0038754346
0.0037903215
0.0037081745
0.003575068
0.003602976
0.0034688252
0.003620567
0.0034684928
0.0037295623
0.0037309332
0.003750575
0.0039119166
0.0033012598
0.0038708786
0.0034338522
0.004538828
0.0051796776
0.0037494227
0.0038451583
0.0043287496
0.0037823638
0.0035703334
0.0036663364
0.0033321173
0.003498569
0.0032427546
0.0034475855
0.0032486767
0.0034777708
0.0032728303
0.0034737082
0.003513909
0.0031147806
0.003229861
0.0031877838
0.0030462064
0.0032911536
0.0032558907
0.0031318937
0.003089751
0.0031943314
0.0030349873
0.0034571402
0.0033337048
0.0032163823
0.0032525708
0.003077111
0.0032283666
0.003119259
0.003025436
0.0030353535
0.0029884595
0.0030136502
0.002902291
0.0028060537
0.0034035228
0.0031794123
0.0030893676
0.0032507067
0.0030019481
0.003260946
0.0029424047
0.0030559106
0.0031122814
0.002913705
0.0031220373
0.0030084054
0.0028802564
0.0027906739
0.003213174
0.0030904438
0.003313873
0.0033635488
0.0032925264
0.0033056783
0.0031046423
0.0029475037
0.0031885395
0.0029697132
0.0036465398
0.0036487784
0.0029073963
0.0029559555
0.0032349855
0.0029219566
0.0033097668
0.0037187885
0.0032004167
0.002763144
0.003395332
0.0032292977
0.00283423
0.0029044275
0.0032509554
0.002975503
0.0029362484
0.0030465508
0.0027188666
0.0026365938
0.0029878642
0.0027554098
0.002942236
0.0028765006
0.002738654
0.002633932
0.002992509
0.0027957167
