0.2893281
0.09721976
0.052789643
0.033319715
0.032262936
0.028412497
0.025032403
0.028017806
0.027841965
0.022691406
0.026246592
0.029106276
0.025542727
0.022033686
0.027668566
0.030438902
0.026339883
0.023251146
0.023464302
0.024086395
0.024279803
0.022671126
0.021952713
0.022410035
0.022107244
0.021467805
0.021638663
0.02182824
0.021060908
0.021113843
0.021276534
0.020855112
0.020792564
0.021046521
0.020701574
0.020501902
0.020596761
0.020446021
0.020158498
0.020047523
0.019887693
0.019834882
0.019523056
0.019306542
0.019065393
0.01923185
0.019055674
0.018481731
0.020126497
0.019887695
0.019047521
0.018813977
0.019148575
0.018860547
0.019074222
0.0191503
0.01894892
0.018617546
0.018162167
0.01814651
0.018072898
0.018040642
0.017812977
0.018774284
0.01906613
0.01812394
0.01818225
0.018418794
0.018432379
0.017970214
0.017796993
0.017892813
0.01755713
0.017821603
0.017806627
0.017504845
0.017864494
0.017831089
0.017584369
0.017528636
0.017657384
0.017431557
0.017775217
0.017851949
0.017607788
0.017426824
0.017704906
0.017700195
0.017312443
0.017333152
0.017384008
0.01724411
0.017381376
0.017397307
0.017201101
0.017417328
0.017388174
0.017184293
0.017215488
0.017185632
0.017068738
0.017033523
0.017107612
0.01706989
0.016959302
0.017211452
0.017039118
0.01717089
0.017144838
0.017059965
0.016957847
0.016971124
0.016952204
0.01701908
0.016941985
0.01688617
0.016828813
0.016833795
0.016770462
0.016941542
0.016893232
0.016717013
0.016643306
0.016802112
0.016760318
0.016727017
0.016666776
0.01666903
0.01660905
0.016701864
0.016639208
0.01656895
0.016531967
0.016615042
0.01657699
0.016522119
0.016463267
0.016610408
0.01655843
0.0164549
0.016432675
0.016453631
0.016419752
0.01641143
0.016370595
0.016403174
0.016339911
0.016431209
0.016355293
0.01638891
0.016338386
0.016351322
0.016258696
0.01640296
0.016271481
0.016364517
0.016252303
0.016321344
0.016232306
0.016310744
0.016272664
0.016204847
0.016206719
0.016208744
0.016207008
0.01615342
0.016167553
0.016142607
0.016117958
0.016148811
0.016140802
0.016070304
0.016080953
0.01603085
0.016022237
0.016016537
0.015991172
0.016007876
0.015978353
0.0159868
0.015960218
0.015951294
0.015949236
0.015892206
0.01588658
0.015846804
0.015839227
0.015889889
0.015835464
0.015895197
0.015846044
0.015780559
0.015706683
0.015773283
0.015668195
0.015806232
0.015816115
0.015651474
0.015641958
0.015568464
0.015572255
0.015737941
0.015744703
0.015466024
0.015763275
0.015718797
0.015639415
0.015296438
0.015517446
0.015581663
0.015234751
0.015517154
0.015659181
0.015311591
0.0155857755
0.015702723
0.015732875
0.015088965
0.016181571
0.016512454
0.01622151
0.015867136
0.015075472
0.015133747
0.015222147
0.015065953
0.015017358
0.014947899
0.01509894
0.015129514
0.015113729
0.014922127
0.014881973
0.014969776
0.014931689
0.014687245
0.015157227
0.015014201
0.014956721
0.015003465
0.014592429
0.014897085
0.014909931
0.0145097645
0.014517312
0.014400333
0.014334646
0.014426176
0.014261551
0.014175563
0.0142334625
0.014316912
0.014149965
0.014160931
0.013951518
0.014059213
0.014107798
0.0138584925
0.01400167
0.014089669
0.01395915
0.013702677
0.0139051555
0.013691694
0.013931512
0.013672948
0.014594056
0.014564775
0.013382292
0.0146668805
0.014947516
0.01442229
0.014625284
0.013820871
0.013925065
0.0143535705
0.013910268
0.013725699
0.013433489
0.0140503645
0.014195244
0.013756521
0.013571411
0.013338149
0.013506387
0.013298292
0.013466953
0.013202578
0.01327128
0.01310812
0.013023662
0.013013467
0.013135277
0.013012546
0.013062996
0.0131102605
0.012868584
0.013135263
0.012867526
0.012907303
0.012960699
0.012731534
0.012784891
0.012556906
0.01287021
0.012708911
0.0127429515
0.012722507
0.012575922
0.012558497
0.012378587
0.012475654
0.012201305
0.012790486
0.013052978
0.01239043
0.012266707
0.012600751
0.012111921
0.012501973
0.012493373
0.012365843
0.012043856
0.012526314
0.012532557
0.012233856
0.012324214
0.011660709
0.012118456
0.012140627
0.012418221
0.012189381
0.011535923
0.011611239
0.01165557
0.0114731835
0.011801912
0.011727924
0.011522815
0.011207323
0.011933647
0.01210802
0.0116551155
0.011588912
0.011054981
0.011639048
0.01159925
0.011462311
0.01146942
0.010919486
0.010981944
0.010759938
0.010894964
0.010690425
0.01083473
0.010772854
0.010593177
0.010457993
0.010600616
0.010429791
0.0100219855
0.010257953
0.010152574
0.009839788
0.009610541
0.009787991
0.009551783
0.009282005
0.009221348
0.009004365
0.008840864
0.009041648
0.008796169
0.008621102
0.0084990235
0.008379829
0.008056239
0.009439507
0.008456055
0.008177616
0.008116634
0.007868834
0.007679356
0.0075072297
0.007507896
0.0074790134
0.007311158
0.0072012753
0.007071839
0.007161046
0.00693789
0.006685421
0.0075470977
0.007376559
0.006946385
0.0065492787
0.0069334493
0.0066613224
0.007130457
0.0070812865
0.006454432
0.0068555945
0.006351795
0.0067330548
0.006613636
0.0061829337
0.0063018985
0.006128877
0.0062673413
0.0061942977
0.0060952413
0.0060597206
0.0061192564
0.00593097
0.005908528
0.0059045726
0.0057973457
0.0060256757
0.0056506186
0.0063198335
0.006146822
0.005970549
0.0059335623
0.0062500387
0.0059382855
0.0060599116
0.0062650503
0.0062458776
0.0059496467
0.0059218607
0.006164104
0.005555857
0.0056101657
0.0055556283
0.005659733
0.0053300536
0.0057971203
0.0056143343
0.0058903582
0.0060337125
0.0055293827
0.005571732
0.005611324
0.005279402
0.005215356
0.0053931545
0.005343152
0.0051034316
0.005604667
0.00520762
0.0059972885
0.00629733
0.0051077674
0.006144567
0.006396174
0.005339484
0.0058197156
0.0059475657
0.0053361994
0.0055116587
0.005554953
0.0050671343
0.005346276
0.005251037
0.005119853
0.005465642
0.0050077275
0.0056821727
0.006325955
0.0054708137
0.0051130527
0.0053525306
0.0051147225
0.0051101777
0.0050692405
0.0052581453
0.00488721
0.0052210554
0.0052834316
0.0050911214
0.004950154
0.0048530344
0.0047746385
0.004836589
0.004646002
0.005112738
0.004796242
0.0051505747
0.005242976
0.0045571933
0.0048471875
0.0048401547
0.0045715645
0.0048496383
0.005057574
0.004650295
0.0051450427
0.005310497
0.005026565
0.0047224965
0.0048533087
0.0048512365
0.004717819
0.004589346
0.0049347733
0.0045911707
