0.28748986
0.048189674
0.06692452
0.048390705
0.022563472
0.04070951
0.045985207
0.030560918
0.024457255
0.02723965
0.027910953
0.024876067
0.024153545
0.02207462
0.022633964
0.023079634
0.021244355
0.021884635
0.022655701
0.021107519
0.021558776
0.022547847
0.021519026
0.020641798
0.02098169
0.020675957
0.020958954
0.020664368
0.020997455
0.020972744
0.02075096
0.020894522
0.020895617
0.02068893
0.0206465
0.020620175
0.020638598
0.020529814
0.020700745
0.020512596
0.020511428
0.020626334
0.020409932
0.020881735
0.020874603
0.02045904
0.020420298
0.020543104
0.02023107
0.020820946
0.020928487
0.01997365
0.021090755
0.021596836
0.020488964
0.020088086
0.020570904
0.020394625
0.01980936
0.020376787
0.019974804
0.020361453
0.020603761
0.019794462
0.020569088
0.02081509
0.019774724
0.02002634
0.020330483
0.01952025
0.019778086
0.02027261
0.019339358
0.019596988
0.02018257
0.019440068
0.019149939
0.019496933
0.01884668
0.019389322
0.019719368
0.018777514
0.019012304
0.01955376
0.01843524
0.018142456
0.018301666
0.017630363
0.018163221
0.0187546
0.017804481
0.017557774
0.017603433
0.016463405
0.018100336
0.018938834
0.016821926
0.016268177
0.016670786
0.01607369
0.015556914
0.015404556
0.01494036
0.014986858
0.014720954
0.0145833595
0.014394308
0.01415033
0.01415236
0.013800719
0.014029036
0.01391428
0.013661771
0.0133740045
0.013386478
0.013316006
0.013495304
0.013388097
0.012844763
0.013272494
0.01314023
0.012696625
0.012665232
0.012462523
0.012538087
0.012344698
0.012334905
0.012230612
0.0119663505
0.012527652
0.0125444075
0.012029727
0.011922367
0.011859867
0.0117673995
0.012046073
0.011907674
0.011701822
0.011323157
0.011924346
0.011713032
0.011604094
0.011659277
0.01111966
0.011041057
0.011075963
0.010791558
0.010959866
0.0108598
0.010874893
0.010621026
0.010852531
0.01078451
0.010392985
0.010260682
0.010356185
0.010289047
0.010307596
0.010098764
0.01033708
0.010278062
0.009965894
0.009870589
0.009956542
0.009886411
0.00980251
0.009635023
0.009918048
0.009819032
0.009586009
0.009552574
0.009509767
0.009389511
0.009440516
0.009279964
0.009452195
0.009312111
0.009236727
0.0091430945
0.009229721
0.009101045
0.009101936
0.008984013
0.009016682
0.008848191
0.008915726
0.008777379
0.008904239
0.008842617
0.008653116
0.008587169
0.008731416
0.008586824
0.008627347
0.008565073
0.008410779
0.008317877
0.00861436
0.008578101
0.008178923
0.008150235
0.008362673
0.008185712
0.008294697
0.008203861
0.008102312
0.007945091
0.008429899
0.008390832
0.007864266
0.00843051
0.007856895
0.008134286
0.007891781
0.00815941
0.008147831
0.0077032805
0.008297526
0.007731974
0.008542211
0.008709521
0.008097227
0.007931766
0.008358562
0.007644272
0.008099669
0.008545668
0.0078993
0.0077220276
0.0078048
0.0075769722
0.008250917
0.008222268
0.007908094
0.0075494624
0.007991295
0.0075788014
0.008174937
0.007990027
0.008035486
0.007897939
0.0074930326
0.0077417814
0.007506127
0.007396001
0.007322039
0.007375248
0.0071440837
0.0076518585
0.0074831345
0.0074522886
0.0073830276
0.0075067654
0.007404715
0.0072799553
0.00734127
0.007132554
0.0070679504
0.0070789442
0.0071518184
0.006965566
0.006869362
0.0070541427
0.0068489085
0.007208438
0.00718586
0.0066898763
0.0066493074
0.006923715
0.0066342964
0.0073531247
0.007339213
0.0065872385
0.0069180434
0.006485456
0.0069935075
0.0068490417
0.006590893
0.0065878704
0.0066911117
0.006439753
0.00684008
0.006713225
0.0066508097
0.006971158
0.0065902285
0.006460289
0.0066431365
0.0065071736
0.00632541
0.006284796
0.0063320883
0.00609702
0.006410519
0.0060325884
0.006928021
0.007049449
0.0060266186
0.006718663
0.006715966
0.0060810223
0.0064988867
0.0065387157
0.0061530466
0.0063328
0.00626732
0.0062858514
0.00636219
0.006288413
0.0060185827
0.0063073835
0.0061500384
0.0064199516
0.006249854
0.0060961978
0.005974516
0.0060682944
0.005919978
0.006148322
0.006071376
0.005807536
0.0057402644
0.0059220395
0.005788084
0.005891885
0.005927209
0.0058036633
0.005839082
0.005735256
0.0056904876
0.005736442
0.0055883653
0.005578729
0.0055679274
0.005484637
0.005609711
0.0052794567
0.0058969273
0.0058342665
0.005511926
0.0056923167
0.005594289
0.005871245
0.005537963
0.005620928
0.005529528
0.0056696497
0.005588489
0.0053869025
0.0054014884
0.0053359815
0.0053284927
0.00563308
0.005470488
0.0055325055
0.005605534
0.0052459002
0.0052351058
0.0051728473
0.005020061
0.0053632767
0.0052092397
0.005308459
0.0053335633
0.0048524323
0.0047699637
0.005300324
0.0051455083
0.004971719
0.005142448
0.0048117563
0.0049585607
0.0047479975
0.005563639
0.005449209
0.00495505
0.004971507
0.004863421
0.004868778
0.0045718434
0.0051417225
0.0051708105
0.004570494
0.0046179593
0.0049237325
0.0046426724
0.0047654686
0.0049021095
0.004637994
0.0053995904
0.005372219
0.0047866073
0.004570771
0.004852697
0.0044988967
0.0049722055
0.004654817
0.0050853086
0.0048734974
0.0050294693
0.005004251
0.0044080564
0.0045016916
0.004611028
0.0045230845
0.004429383
0.0042808806
0.0042917114
0.004275281
0.004327728
0.004331892
0.004358116
0.004438517
0.0041651656
0.004438167
0.0042509125
0.004320894
0.004816542
0.0043843756
