0.28804132
0.06516
0.04912812
0.029477015
0.029316843
0.026261194
0.023526119
0.026038619
0.025780901
0.021469055
0.024936562
0.028554732
0.025100017
0.021332508
0.022462694
0.02350909
0.023205215
0.02212695
0.02077406
0.022556333
0.02345545
0.021500362
0.021108918
0.02181868
0.021421777
0.021133631
0.021034935
0.021083323
0.021165714
0.020693503
0.021162497
0.021498969
0.020719104
0.021109864
0.021688454
0.021058833
0.020662136
0.020917388
0.020835124
0.020668164
0.020674834
0.02086174
0.020573499
0.020671204
0.02072639
0.020472193
0.0209923
0.020765357
0.020939475
0.020566756
0.021428473
0.021528037
0.020657688
0.020976976
0.02091076
0.020997552
0.020764446
0.020774726
0.020871932
0.020533243
0.020559132
0.020520037
0.020442238
0.020668956
0.020663716
0.0206751
0.020463863
0.02087809
0.020843968
0.020493923
0.020510219
0.020612657
0.02045325
0.020632112
0.020622142
0.020481149
0.020397337
0.020580625
0.02056464
0.020337148
0.020375023
0.020374864
0.020277461
0.020395001
0.020232951
0.020431649
0.020408252
0.0202823
0.020219287
0.020229258
0.020136187
0.020096285
0.020013006
0.01994274
0.019907711
0.019842
0.019727783
0.019782122
0.019702727
0.019625155
0.019487211
0.019561505
0.01926689
0.019452587
0.019356664
0.01891199
0.019058594
0.018580133
0.019026507
0.018767754
0.018575555
0.018039534
0.01784159
0.017401129
0.01654041
0.01655446
0.016325735
0.016466415
0.016132973
0.016206747
0.015915731
0.015645871
0.015503418
0.015301895
0.015239548
0.015038277
0.014927074
0.014667776
0.014817405
0.014504994
0.014733706
0.014701393
0.014050275
0.014306881
0.013948057
0.013977992
0.013889782
0.013629985
0.013861232
0.01388454
0.013229388
0.014265436
0.014456713
0.01353817
0.013303335
0.013642318
0.013513089
0.013007616
0.01321921
0.013285282
0.012831117
0.013260919
0.013436753
0.012887384
0.013073814
0.0133583
0.013180323
0.012692544
0.013103221
0.013176509
0.012704187
0.012860034
0.012933967
0.0127550615
0.012572917
0.012914639
0.012709885
0.0127308415
0.012650003
0.012671686
0.012603216
0.012595196
0.012576689
0.012573979
0.012502466
0.012497358
0.012491271
0.012372012
0.013305899
0.012865487
0.012779371
0.012761504
0.012813997
0.012561339
0.01264106
0.01270057
0.012377836
0.012702028
0.012786691
0.012295616
0.012457105
0.012512967
0.012253549
0.012746993
0.012495503
0.012532358
0.012578058
0.012507495
0.012359905
0.012392887
0.012384951
0.012126121
0.012145023
0.012456741
0.012236317
0.012875541
0.012825263
0.012217261
0.012297161
0.012248886
0.012202506
0.012184255
0.01218393
0.01217066
0.01222388
0.012226522
0.012138325
0.012222041
0.012021842
0.012051535
0.011994466
0.011927493
0.012180087
0.011998172
0.012191852
0.01198117
0.012033351
0.011905947
0.011961099
0.011834142
0.011994891
0.011909963
0.011925218
0.012006826
0.01174342
0.012024487
0.011741035
0.012635428
0.012919203
0.011870307
0.012166508
0.01244239
0.012067811
0.011898312
0.012059542
0.011825615
0.01183213
0.011770171
0.011691418
0.011675145
0.011729439
0.011701164
0.011681341
0.011751597
0.011638034
0.011657192
0.011549179
0.011527051
0.01151244
0.011457085
0.0115247145
0.011496261
0.011416393
0.011413525
0.011392578
0.011339649
0.011465024
0.011469769
0.011352432
0.011372983
0.0113320695
0.011315763
0.0113794925
0.011211507
0.011358117
0.011222108
0.011344659
0.011367813
0.011214849
0.011215222
0.011255656
0.011120264
0.011319976
0.011054519
0.011353999
0.011320286
0.011248898
0.011184987
0.011433403
0.011174069
0.011311839
0.011396948
0.011065138
0.011065919
0.011135739
0.011043475
0.01117338
0.011129738
0.011179608
0.011035602
0.01122008
0.011143845
0.010934955
0.010966341
0.011053719
0.010932452
0.011098566
0.0111376
0.010896929
0.011024344
0.010960266
0.011034665
0.010959701
0.010878523
0.01102744
0.010804996
0.010863471
0.010868999
0.010855128
0.010703056
0.010925536
0.010882113
0.010756637
0.01083995
0.01071369
0.010651637
0.010710333
0.010792379
0.010529044
0.010665002
0.01055313
0.010542263
0.010554339
0.010542441
0.010425895
0.010350549
0.010818238
0.010500451
0.011440326
0.011291792
0.010523769
0.010844101
0.010386597
0.010487989
0.010394166
0.010282955
0.010337249
0.010107259
0.010406801
0.0101708
0.010583582
0.010393863
0.010366642
0.010267217
0.010396812
0.0104356
0.00988036
0.009939067
0.009756179
0.009817979
0.00965742
0.009840865
0.009600448
0.009798036
0.009833919
0.009292083
0.010229314
0.009849199
0.010009278
0.009585132
0.010199418
0.009824
0.009499554
0.009449282
0.00924773
0.009170413
0.009017802
0.009086813
0.008846092
0.008703164
0.008745638
0.008393315
0.008816534
0.00836507
0.008592343
0.00817632
0.008699734
0.008812207
0.008535207
0.008185035
0.008260373
0.008241868
0.008026044
0.0077011753
0.007971822
0.007922218
0.0077072172
0.008141346
0.0072120107
0.0084411735
0.009104269
0.008053265
0.0076643913
0.007532489
0.007777909
0.0075490214
0.007560566
0.007977662
0.008173459
0.0072350097
0.007780295
0.008267217
0.007344336
0.00714133
0.007025188
0.007447465
0.007519172
0.0068254247
0.007945056
0.008347519
0.00884127
0.008535068
0.008476238
0.009133129
0.008341025
0.008722044
0.007976505
0.008011221
0.0075109587
0.008132555
0.0074299253
0.0076175868
0.008109103
0.007099139
0.007928019
0.0077003916
0.008211255
0.007793039
0.007603072
0.0076318383
0.007484618
0.0071704374
0.006921926
0.006695052
0.0067059486
0.0066026584
0.0066987076
0.006578719
0.00630133
0.006675446
0.0063641686
0.0067174374
0.006761595
0.006484432
0.006380075
0.006656693
0.006148067
0.0070617036
0.008343539
0.007858484
0.006927926
0.0075738844
0.0077828704
0.0073839184
0.006824585
0.0066451356
0.006822355
0.007084902
0.0068735145
0.0062235016
0.006439261
0.0063384958
0.006239628
0.0062399353
0.006658361
0.0063693128
0.0064821015
0.006422948
0.0065421346
0.0062534995
0.006470081
0.00652067
0.006041774
0.0059971786
0.0060156137
0.0061769276
0.0059525524
0.0057185604
0.0061141066
0.005889546
0.0057315715
0.0057396605
0.005761497
0.00594491
0.005626188
0.0069050505
0.00679994
0.0064369873
0.00670886
0.00636597
0.0061116647
0.006173231
0.0060803858
0.0062608942
0.006117579
0.005948715
0.00580979
0.0056856326
0.0056737675
0.0060772025
0.00592854
0.0059306547
0.0057851695
0.0058104247
0.00579153
0.005534191
0.0058209556
0.005650113
0.0056828703
0.0055577476
0.005459459
0.005488707
0.005585915
0.005454902
0.005869761
0.0057002516
0.005737174
0.005682485
0.0059481696
0.0058918023
0.005821127
0.005916428
0.005388092
0.006001292
0.005747989
0.0053975023
0.0053367666
0.0053103976
0.0054538627
0.005525345
0.0051850057
0.0055258325
0.005266264
0.0050650863
0.0053955168
0.0059143864
0.0058420138
0.005576749
0.0053511057
0.0053410344
0.00541047
0.005376499
0.005372571
0.005378326
0.005290422
0.0055563184
0.005421242
0.0056827217
0.005632526
0.005443414
0.0053574373
0.0050022304
0.005940832
0.005490411
0.0055473857
0.0053457567
0.005869202
0.0056898235
0.0051153363
0.0058576725
0.0056196027
0.0050267694
0.0051582432
0.0049912557
0.004951934
0.00539122
0.004901473
0.00544736
0.0058252118
0.0055484134
0.0048590265
0.005550485
0.005973535
0.00541303
0.004787588
0.005525358
0.0059388303
0.0053570047
0.00557109
0.005655874
0.0056290757
0.0055102296
0.00538428
0.005239627
0.0048578437
0.0046364763
0.004568451
0.0050191856
0.0051828315
0.0048382264
