0.2894915
0.043934528
0.080569245
0.10628607
0.06860157
0.02931725
0.030322203
0.0460187
0.046412796
0.033716243
0.02319599
0.02596502
0.031755224
0.031576786
0.026864802
0.022545537
0.023807988
0.026756248
0.026504563
0.023408635
0.021182587
0.022565635
0.023863496
0.023306733
0.021854877
0.02030119
0.022659354
0.023179956
0.02262938
0.022502288
0.020635808
0.02137734
0.022470117
0.021936677
0.022420729
0.021650404
0.02054358
0.02072195
0.021299025
0.020872498
0.020912305
0.020259215
0.021305516
0.021818409
0.021019312
0.020794446
0.020831915
0.020472025
0.020653145
0.020708693
0.020162288
0.020407075
0.020322582
0.020416826
0.020353844
0.020054301
0.020850278
0.020730324
0.02002457
0.02020073
0.020124484
0.020114893
0.02004485
0.020081518
0.020244261
0.019874757
0.02120214
0.021781668
0.020555263
0.020711174
0.02099675
0.020788036
0.020607464
0.019847045
0.02107192
0.021569297
0.020136211
0.020922974
0.021792809
0.020606147
0.020745926
0.021351686
0.020155914
0.020097665
0.02077249
0.019885756
0.019981794
0.020399205
0.019697664
0.020250158
0.02056816
0.019614896
0.02011898
0.020719111
0.01967709
0.019548194
0.019961674
0.019223796
0.019716851
0.020338582
0.019330923
0.019056719
0.019390365
0.018828578
0.019124985
0.019485952
0.018757844
0.018791465
0.019184925
0.01858895
0.018483246
0.018724883
0.018233057
0.018423527
0.018692873
0.018046929
0.018214647
0.018602973
0.018005395
0.01780211
0.018068647
0.017685106
0.017792588
0.0180206
0.017585518
0.017728234
0.018004408
0.01753652
0.01751558
0.017748566
0.017423034
0.017302938
0.017408306
0.017269947
0.017066702
0.017123582
0.017035337
0.016878286
0.016944
0.016826795
0.01683014
0.016834063
0.016592382
0.016675204
0.016562555
0.016458549
0.01638454
0.01637598
0.016266232
0.016185967
0.016099038
0.016114557
0.016023992
0.015883489
0.01578253
0.015784428
0.015667982
0.01557577
0.015471182
0.015492494
0.015383991
0.0152626345
0.015176579
0.015153346
0.015037949
0.015015483
0.014942509
0.01484142
0.014809082
0.014710384
0.0149621
0.014647618
0.0148155065
0.0147309145
0.014406833
0.015071548
0.01524505
0.01464015
0.01476134
0.01521549
0.01494356
0.014490429
0.014369239
0.014391643
0.014251907
0.014234365
0.014074669
0.014148675
0.0139677925
0.013943337
0.013985128
0.013863531
0.013672825
0.013708656
0.0136514455
0.013539699
0.013520359
0.013400331
0.0133369975
0.013534997
0.013349644
0.013417214
0.013246238
0.013326459
0.01315928
0.013055396
0.013197432
0.013124297
0.013113796
0.012876734
0.013435501
0.013078009
0.013162609
0.013227071
0.012947805
0.012921195
0.012944803
0.012659855
0.012972444
0.012590274
0.012827494
0.012538741
0.013284964
0.0131319435
0.012845255
0.012879178
0.01285708
0.012836385
0.012474622
0.0125332745
0.012446404
0.012362935
0.012418814
0.012346637
0.012474679
0.012195188
0.012595725
0.012390774
0.012444559
0.012295008
0.012247662
0.012156587
0.012414016
0.0123703955
0.012086612
0.012023673
0.012263971
0.012176319
0.012051299
0.01195808
0.012120374
0.011977895
0.012077446
0.01199501
0.011996699
0.011960206
0.011868316
0.011853915
0.0118992245
0.011859987
0.011830057
0.011765803
0.011906937
0.011871979
0.011741
0.011745672
0.01179145
0.011846118
0.011626204
0.011701257
0.011674036
0.011695258
0.011553247
0.011572208
0.011618786
0.011616302
0.011558493
0.011554451
0.0115549015
0.011627413
0.011452824
0.011497785
0.011372916
0.011482266
0.011370282
0.011624497
0.011682798
0.011527465
0.011528555
0.011459642
0.0114594735
0.011237703
0.011461638
0.011346701
0.01139788
0.011351216
0.011334556
0.011367264
0.011208698
0.011238527
0.01122125
0.011148361
0.011239428
0.011213027
0.011069435
0.011131584
0.011080683
0.011132997
0.011185984
0.011040452
0.011134963
0.011019585
0.011067372
0.011061142
0.010996276
0.010966825
0.010949173
0.0109033175
0.010868463
0.010878693
0.010894646
0.010792981
0.011066687
0.011064246
0.010835395
0.010910261
0.010854791
0.010918491
0.0107952235
0.010868318
0.010948642
0.010710943
0.010791138
0.010760878
0.010686591
0.010784328
0.010703474
0.010663182
0.010730296
0.010612294
0.010785793
0.010922487
0.010746006
0.010566211
0.010803751
0.010891694
0.010676463
0.010594728
0.010593988
0.010667346
0.010484905
0.010720771
0.010764592
0.010600061
0.010561664
0.010524292
0.010609035
0.01053147
0.010555449
0.010577351
0.010530201
0.0104084965
0.010534027
0.010402692
0.010605701
0.010544743
0.010447712
0.010335772
0.010478576
0.010437367
0.010473341
0.0105103925
0.010254514
0.010306489
