0.28828642
0.057322707
0.061793145
0.036230396
0.025956968
0.026627952
0.023421029
0.024202822
0.023244115
0.02270182
0.022262102
0.022097493
0.021892322
0.021450197
0.02158744
0.021226898
0.021090439
0.020995319
0.020753102
0.020722061
0.020645738
0.020254936
0.020537274
0.020271247
0.020799942
0.020740815
0.020327924
0.020591175
0.02034233
0.020540357
0.020532979
0.020271866
0.020302033
0.020281557
0.019971179
0.019883985
0.020271419
0.020221401
0.019856304
0.020275747
0.020055633
0.020386718
0.020129653
0.020023726
0.020004516
0.019748619
0.019675223
0.020023717
0.01972482
0.01962334
0.019543445
0.019309625
0.019168653
0.019160712
0.018963346
0.019005198
0.018832015
0.018768577
0.018588368
0.018431172
0.018251542
0.017917989
0.017864624
0.017507385
0.01704678
0.01731749
0.0166849
0.016944325
0.016471505
0.016015777
0.015560125
0.015424737
0.014780524
0.015040454
0.014861405
0.014184377
0.013957176
0.013528146
0.01345181
0.012965936
0.013131137
0.012723073
0.012156096
0.01181466
0.011635746
0.011611867
0.011558667
0.011358774
0.011000884
0.011008146
0.01125681
0.010955836
0.0105962055
0.010328613
0.010434121
0.010303776
0.0099908635
0.010162125
0.010213998
0.009854407
0.010461929
0.010174272
0.010951477
0.010867067
0.0094318045
0.010266349
0.010486156
0.010947253
0.010261909
0.010687452
0.010352116
0.009740193
0.01022103
0.009484707
0.009910832
0.009972665
0.010083703
0.010353558
0.009295904
0.009325846
0.00908972
0.009488315
0.00921834
0.0092586195
0.008771102
0.009140869
0.009016809
0.009420318
0.009300055
0.008461951
0.008423897
0.008699843
0.008619671
0.0087186685
0.008556977
0.008502218
0.008293725
0.008757343
0.008776807
0.008116656
0.0082062585
0.008228623
0.008066656
0.00823334
0.008155403
0.008066409
0.007837343
0.008423638
0.008232486
0.008141308
0.008069534
0.007924465
0.007793156
0.007921268
0.0077057644
0.008161381
0.007882893
0.00789231
0.0078645395
0.007741146
0.007761665
0.007723234
0.0077005182
0.007627715
0.0075990595
0.0075489245
0.0074407924
0.0077258353
0.0075533814
0.007436083
0.00740837
0.0074404404
0.00736678
0.007417084
0.0073396047
0.0073100217
0.0071935095
0.0074389125
0.0073200185
0.0071801227
0.007084038
0.0073207556
0.0071811196
0.0071331575
0.0070530013
0.0071207136
0.0070111365
0.007119667
0.007014055
0.0069947504
0.0068794335
0.0070985802
0.006976895
0.006867898
0.0067826565
0.0069824955
0.006874554
0.00677757
0.0067056925
0.0067822696
0.0066586486
0.006780828
0.006708358
0.0065743704
0.0065273433
0.006559985
0.0065026185
0.0064828224
0.0063620736
0.006582706
0.006474206
0.006178815
0.0068269544
0.006517911
0.0065130573
0.0064869155
0.006251519
0.0065290593
0.006369742
0.006272584
0.0060006976
0.006182303
0.0059597283
0.0060277176
0.0058497884
0.0059733423
0.0058731325
0.005706075
0.005632698
0.0056609954
0.0059813955
0.005373159
0.0053949114
0.005365701
0.006072419
0.0055736997
0.0056935833
0.005850377
0.0051793493
0.006142598
0.0066292635
0.005738978
0.0057940823
0.0058320533
0.0055577643
0.0055403
0.005509274
0.0053834342
0.0054864287
0.0051318076
0.006053438
0.0058161616
0.0056817145
0.0051151556
0.006012877
0.005440255
0.0061627715
0.006089568
0.005294215
0.0060451254
0.005554438
0.006014669
0.005745375
0.005207351
0.005195132
0.0049015186
0.0047432943
0.0047638384
0.0049083387
0.0046506333
0.0054295086
0.0053062574
0.0053786263
0.0053475215
0.0048125614
0.004740677
0.0049110088
0.0048725447
0.004453287
0.004506845
0.004714971
0.004614936
0.0045408513
0.004437391
0.004435296
0.0042960723
0.004429202
0.0043456326
0.0042602867
0.0043201153
0.004177501
0.004049407
0.004096814
0.004187778
0.00397397
0.004466587
0.004374902
0.0043048933
0.004726492
0.0038616033
0.0046863947
0.004958196
0.004185032
0.0042560776
0.0041395356
0.004122629
0.0039341277
0.0040498516
0.0037995053
0.004159766
0.0040276307
0.003755862
0.004084378
0.0037065055
0.0046489066
0.0046225963
0.004662058
0.004090751
0.0038924038
0.003902845
0.00394793
0.0037268705
0.004380699
0.004151454
0.00407506
0.0040537943
0.0038945759
0.004085915
0.003479885
0.0035995468
0.0035115865
0.0034378648
0.0036135365
0.0033784385
0.004274932
0.004209904
0.0034366485
0.0036871189
0.0035394498
0.0034647658
0.0034520666
0.0032544138
0.0038730598
0.0035112544
0.003953977
0.0039342963
0.0032830772
0.0035131008
0.0033961565
0.0031705934
0.0033903855
0.0032414075
0.0035433143
0.0034414344
0.0034325179
0.0035000734
0.0033525554
0.003272122
0.0034353526
0.003279278
0.0032971262
0.0032636046
0.0030894836
0.0031346919
0.003014515
0.0029668706
0.0034003288
0.00315733
0.0035773907
0.0036796432
0.003244972
0.003218199
0.0033719086
0.003131641
0.0032022137
0.0031506158
0.0029203587
0.0028751001
0.0030991554
0.00306263
0.0029246937
0.0030001134
0.002871069
0.002929068
0.0027748558
0.0031002753
0.002989209
0.0029820101
0.0030076334
0.0029526067
0.002904905
0.0029029262
