0.28862342
0.04886396
0.07709992
0.050472695
0.02286043
0.0358354
0.036594212
0.026536947
0.024406472
0.027019054
0.025496094
0.022877857
0.023179272
0.023922512
0.023201242
0.021883631
0.023144662
0.024003299
0.022604568
0.021763854
0.02214854
0.021861732
0.022038989
0.021796556
0.022105768
0.021995014
0.021600863
0.022814682
0.022579394
0.021701276
0.021944394
0.022000646
0.02158997
0.022213439
0.022297934
0.021446893
0.022100156
0.022187343
0.021855295
0.02173928
0.021565491
0.021664135
0.021696722
0.021150438
0.021534927
0.021632066
0.021156682
0.020954348
0.020862067
0.020359471
0.02254534
0.023230022
0.02046418
0.02102364
0.02177432
0.020248454
0.019658374
0.01991813
0.01958268
0.018612789
0.01970665
0.019872356
0.018401671
0.018470226
0.01872379
0.018177686
0.017881582
0.0179539
0.017409073
0.018116893
0.018570917
0.017508527
0.017541004
0.017503886
0.01771539
0.017397592
0.017140925
0.017545918
0.0170518
0.017806152
0.017567622
0.01689951
0.016926236
0.016678374
0.016680984
0.016460387
0.016520651
0.016315738
0.016760752
0.016954372
0.016335918
0.01633372
0.01609446
0.015924955
0.015899519
0.015413806
0.016256893
0.016428238
0.015750589
0.015086186
0.015200663
0.014967081
0.014828779
0.014942691
0.014726845
0.015223288
0.014808808
0.015961146
0.015731765
0.014573905
0.014517001
0.0139373625
0.013905317
0.013609495
0.0134602
0.013452221
0.013336214
0.012994867
0.013813936
0.013332248
0.013619569
0.013413736
0.013249434
0.013779052
0.012535951
0.014136773
0.0152039295
0.013230463
0.013126767
0.013285288
0.012280892
0.013145931
0.012901631
0.011772581
0.012024291
0.01205346
0.011784181
0.011519778
0.011533409
0.011228643
0.011548676
0.0110742105
0.011587058
0.011438012
0.011065312
0.011043213
0.010982002
0.011024895
0.010691333
0.011198074
0.011268798
0.010370004
0.012036857
0.013201467
0.011076736
0.010871892
0.01148397
0.010552154
0.010539278
0.010620362
0.010206729
0.010119858
0.01006846
0.009911071
0.009777977
0.0103500625
0.009850404
0.010322581
0.010368424
0.00983684
0.010016449
0.009772721
0.009566542
0.009632752
0.009546583
0.009311147
0.009931489
0.0097068
0.00956184
0.00947491
0.009607829
0.009328314
0.009545685
0.00935454
0.009444782
0.00928954
0.009207425
0.009027817
0.009396247
0.009372194
0.009081372
0.008906548
0.009387408
0.009478961
0.008944545
0.008956094
0.009067903
0.008894036
0.008909372
0.008792431
0.008860189
0.008768889
0.008863435
0.008747191
0.008883194
0.008687925
0.008766304
0.008576331
0.008882317
0.008857849
0.008487462
0.008474509
0.008708771
0.008652425
0.008463257
0.008437988
0.0085601425
0.008423415
0.0085201785
0.008524772
0.008244257
0.0081599085
0.008603096
0.008509718
0.008157623
0.008065629
0.008593025
0.008490781
0.008097399
0.008053664
0.008299672
0.0081549985
0.008167258
0.008054093
0.008264943
0.008054174
0.008118253
0.007961945
0.008272289
0.008081848
0.008129913
0.007971749
0.008070097
0.007835419
0.008040845
0.007882206
0.008067236
0.007797621
0.0083032
0.0081551755
0.007744203
0.007709518
0.007819736
0.00765154
0.008087172
0.008060039
0.0075057596
0.007632865
0.007856595
0.007487604
0.007835037
0.007659824
0.007886278
0.008106535
0.0075064027
0.007849027
0.0075323344
0.0077596754
0.007848893
0.007347226
0.0087001175
0.008865394
0.007676605
0.007563248
0.007939033
0.007382029
0.0077559105
0.0075832563
0.0076766475
0.007728414
0.0074941013
0.0074774274
0.007605323
0.0074156355
0.0072832205
0.007267075
0.0072945766
0.0070815324
0.007697157
0.0074213985
0.007885379
0.0077573773
0.0072780238
0.007600177
0.007508913
0.0073323534
0.007196523
0.0070629157
0.0073428503
0.006985225
0.0076217744
0.0074471175
0.0070231804
0.006861904
0.0071109533
0.0069348053
0.0073978454
0.0073238253
0.006883429
0.006852521
0.0070020123
0.006734612
0.006884893
0.0066492
0.0070114248
0.006839549
0.0068678544
0.006753735
0.006691666
0.0067160088
0.006407604
0.0072408915
0.00685006
0.0071725086
0.0071636387
0.0066591906
0.0066684354
0.006920919
0.0067827646
0.0066418084
0.0064826845
0.0068261013
0.0068094674
0.0063954466
0.0063282787
0.006637189
0.006425559
0.006566036
0.006378334
0.006620386
0.006432075
0.0065097385
0.00633226
0.006419352
0.0062023685
0.0066419113
0.0064485893
0.0063029802
0.0062101423
0.0063878796
0.0062885857
0.0061637643
0.00605168
0.0063622766
0.006232374
0.006075807
0.005986335
0.0062111192
0.0060500265
0.006202197
0.0062338486
0.005866187
0.005864557
0.0059945844
0.005920174
0.0059795734
0.0059413314
0.0059703127
0.006043104
0.0057339347
0.006022195
0.0057573454
0.0061510336
