0.28827623
0.05093045
0.058132898
0.03683786
0.028813625
0.027030537
0.024936324
0.0252207
0.024403917
0.023052065
0.0233116
0.023351016
0.022324098
0.022555932
0.022892648
0.022103513
0.022064395
0.022209859
0.021794714
0.022022799
0.02220898
0.021667639
0.02182819
0.021999275
0.021496842
0.021598352
0.021726137
0.021296361
0.021323482
0.02139316
0.021113878
0.021005256
0.021073176
0.02075001
0.02185294
0.02201111
0.021214565
0.021075755
0.021143442
0.021285117
0.02085636
0.020903846
0.021045113
0.020981962
0.0206318
0.021462182
0.021714317
0.020714821
0.021553686
0.022226604
0.021353006
0.021072714
0.021272635
0.02088058
0.021185644
0.021265166
0.020611247
0.021133026
0.021517547
0.020789819
0.020731525
0.021087408
0.020691676
0.02067633
0.020855002
0.020593004
0.020668747
0.020747205
0.020558983
0.020531757
0.02054718
0.02050178
0.020451067
0.020455502
0.020375274
0.02050999
0.020432161
0.020427987
0.020442132
0.020286435
0.020344028
0.02023185
0.020269014
0.020209825
0.020270215
0.020236539
0.020131722
0.020119643
0.020187216
0.02006621
0.020293936
0.020183682
0.020170063
0.019984283
0.02030429
0.020113274
0.01994951
0.019965403
0.019846095
0.019759106
0.020036083
0.019999886
0.019619977
0.01961319
0.019610686
0.019449309
0.019711161
0.019729339
0.019122997
0.01977277
0.020117236
0.0193477
0.019194443
0.01957299
0.01913712
0.018862566
0.018933
0.018895932
0.0184822
0.018382786
0.018250693
0.01788279
0.017794902
0.017501557
0.017978257
0.017792735
0.017366698
0.017208828
0.017530957
0.017049775
0.017747276
0.017994862
0.016963778
0.017244972
0.01706489
0.0167673
0.016704781
0.016226517
0.016478317
0.016277993
0.016075408
0.016154649
0.015864635
0.015626559
0.01565853
0.015515231
0.015348148
0.0151892705
0.015276502
0.015036461
0.015051278
0.015017872
0.014730699
0.014621183
0.014630278
0.01445276
0.014370666
0.014256601
0.014162204
0.014015742
0.014158157
0.013996395
0.013733283
0.0138782635
0.01352711
0.013548262
0.013421486
0.013302878
0.013187039
0.013239217
0.012904987
0.013034776
0.0127552375
0.012807819
0.012567776
0.012710848
0.01241083
0.012321465
0.0123731205
0.013224117
0.012387211
0.013297482
0.013614744
0.011848961
0.013771705
0.014599686
0.013385375
0.014343351
0.01510338
0.013101638
0.012666285
0.013045932
0.011952597
0.011729394
0.012309403
0.011712835
0.012433629
0.012521262
0.011138993
0.012845117
0.0143357
0.012900117
0.011250727
0.012101974
0.012657851
0.01151801
0.0118359355
0.012265508
0.011120538
0.011134438
0.011735265
0.010972458
0.010782304
0.010972314
0.010348899
0.010691042
0.010707952
0.00990741
0.0109885605
0.01100181
0.010678202
0.010185917
0.010965377
0.010705714
0.010670044
0.009977064
0.010411255
0.010627241
0.010259506
0.009582404
0.010905545
0.010572694
0.011082612
0.011035823
0.009379549
0.00904522
0.01033292
0.010371565
0.009820313
0.009264926
0.009708912
0.0097595835
0.009610844
0.00878208
0.009641986
0.00952462
0.010767954
0.011241674
0.009526248
0.010658036
0.009942285
0.009512077
0.009966954
0.009506847
0.0087714
0.008656231
0.008690629
0.008740044
0.008339764
0.008452405
0.008679975
0.00826226
0.0087810755
0.008402713
0.00841799
0.008282042
0.007912605
0.008056601
0.007915676
0.0074619553
0.0075069997
0.0074465037
0.007229579
0.0075083612
0.007346609
0.0074183266
0.0073168264
0.007004997
0.0071638846
0.006839031
0.0069426745
0.006630695
0.0075605665
0.0068516233
0.008351452
0.008326049
0.0068030604
0.007915182
0.0073962347
0.00843547
0.007522682
0.0075556138
0.008097685
0.006442528
0.007366548
0.007734193
0.007834996
0.0069631995
0.006851995
0.0072940974
0.006341969
0.0066150636
0.006336427
0.0071533155
0.0068067275
0.0064305402
0.006111452
0.0066766515
0.006263772
0.0062900074
0.0058794343
0.006767063
0.0068127406
0.006041002
0.005725349
0.0061790273
0.006029602
0.006417313
0.0061442233
0.005577898
0.0056939875
0.005955948
0.0058007226
0.005731184
0.0055471077
0.0056224666
0.0055044997
0.005532349
0.0053256936
0.005599721
0.005531361
0.0054079494
0.005193096
0.005382195
0.0051563727
0.0054938938
0.005506234
0.005070706
0.0050683566
0.00512839
0.005083606
0.0049335486
0.004711037
0.005130693
0.0047913934
0.0051226537
0.005076672
0.0046120794
0.0049222317
0.0044696326
0.0057817064
0.005493196
0.00480028
0.004804332
0.0045205955
0.0046623372
0.0046485364
0.0049270927
0.004350004
0.0050358362
0.005350642
0.004430622
0.0055872127
0.005837504
0.004958956
0.0051398114
0.0050161392
0.004743079
0.0048514423
0.0044996603
0.004751733
0.0046305186
0.0044563063
0.0043222033
0.0045628697
0.004369453
0.0041655838
0.0043334235
0.004568655
0.0041474067
0.0043957625
0.0041688676
0.004552202
0.0045297868
0.0042634076
0.0044278945
0.004452147
0.0040605436
0.004481355
0.0042606364
0.0041316343
0.004088061
0.0039427844
0.004225226
0.0039642
0.0041887756
0.0041790255
0.0039790017
0.003855205
0.004072482
0.0036320153
0.0046991087
0.004653962
0.003744786
0.0044557876
0.0043109283
0.0040294244
0.00393346
0.0038649228
0.003665901
0.0037081887
0.0036951264
0.0033346612
0.0040989495
0.0038055896
0.0039323503
0.0040879305
0.0037305746
0.0033437908
0.003901337
0.0038458013
0.0035666628
0.0035428721
0.0038424965
0.0035621792
0.0035924632
0.00362463
0.003532902
0.0033265136
0.0034551835
0.0031749916
0.003527146
0.0033517883
0.0034570342
0.0032930386
0.00325572
0.003132604
0.0032886367
0.0032907634
0.0030927695
0.003245378
0.0028762668
0.0034321845
0.003298002
0.00314226
0.00328958
0.0028863996
0.0036647469
0.0036596053
0.0028378107
0.0028495144
0.0029185507
0.0030136053
0.0027861986
0.0027489113
0.0027481725
0.0028789714
0.0027738002
0.002714177
0.0026304575
0.0026864968
0.002640141
0.0027807418
0.0025728077
0.0027975915
0.0026979307
0.0028524052
0.0027622331
0.0030303309
0.0029304891
0.0030143727
0.003128957
0.002703849
0.0029964189
0.0028718256
0.0029136268
0.00286966
0.0027597405
0.0026655647
0.0026870612
0.0026007823
0.0025394016
0.0024368912
0.002748375
0.0026299432
0.0027442388
0.0025664193
0.0026018014
0.0027925242
0.0025048323
0.0026727503
0.0025501929
0.0029149062
0.0029442962
0.0026132024
0.0029875834
0.002602902
0.002729437
0.0025877797
0.0027768733
0.0025765256
0.002899592
0.0028953087
0.0026362222
0.0027530405
0.0025589105
0.0026192518
0.0024639377
0.0025961266
0.0026094455
0.0022372347
0.002662937
0.0022548928
0.0034093305
0.00358425
0.0026011032
0.0029070305
0.0030391675
0.0024776596
0.0028366197
0.0027611835
0.0029635255
0.003063007
0.0024789749
0.002545907
0.0025105027
0.0024050067
0.00226833
0.0023225113
0.002164675
0.0024309338
0.0024348188
0.0021650328
0.002255659
0.0020594595
0.0023523832
0.0021303846
0.002408018
0.0025855738
0.0022679241
0.00224505
0.0025382743
0.0022242703
0.0024509465
0.0026372739
0.0022464546
0.0020834506
0.0025867976
0.0024166864
0.0020225903
0.0024325312
