0.2900736
0.043547913
0.090457894
0.11820348
0.08670131
0.074327044
0.081054516
0.081158906
0.07417435
0.074942864
0.07845352
0.075418
0.0724064
0.07459965
0.07608992
0.07342953
0.072033435
0.07277813
0.07233894
0.07125405
0.07194504
0.07143512
0.07127195
0.07095008
0.07129135
0.07064027
0.071151234
0.07149133
0.07046924
0.07077321
0.071008705
0.07066165
0.070352614
0.0708335
0.070406415
0.070603974
0.07075953
0.07010733
0.070792146
0.070811205
0.070043065
0.07111678
0.07161608
0.0705343
0.07025781
0.070903026
0.07059806
0.070009
0.070451386
0.07058008
0.069843404
0.07074426
0.07155299
0.070156895
0.068451725
0.068496026
0.052115146
0.02438648
0.05037315
0.060288887
0.038573604
0.023319596
0.03293475
0.037029266
0.028649071
0.023752576
0.027555598
0.025606275
0.020945901
0.02418764
0.026388124
0.02282516
0.01961561
0.02115467
0.021337962
0.019792875
0.019499311
0.019816807
0.019767959
0.01883551
0.01934749
0.019694336
0.018798385
0.018843077
0.019133441
0.018586133
0.018406233
0.01850551
0.018256556
0.018136717
0.018136883
0.017997859
0.017806849
0.01787842
0.017682696
0.01783798
0.017833402
0.017523069
0.017973447
0.017838165
0.017422097
0.01760823
0.017434074
0.017546825
0.017592905
0.01735779
0.017427474
0.01732209
0.017377451
0.01731469
0.01722592
0.017317226
0.017116295
0.017531978
0.01762059
0.017116532
0.017289424
0.017491415
0.017105555
0.017280078
0.017520323
0.017068103
0.017144075
0.01738724
0.017075269
0.017018184
0.017120028
0.016872006
0.017269189
0.01738085
0.016921392
0.017038776
0.017204845
0.016805789
0.017264713
0.017695624
0.017201005
0.016783701
0.017223993
0.01739436
0.016816145
0.016927889
0.017254837
0.017095683
0.016621543
0.017561687
0.018168017
0.01750889
0.017021514
0.016929625
0.01708867
0.017305112
0.016733207
0.016832337
0.017178059
0.016866364
0.016702415
0.016637044
0.01682823
0.016594183
0.016600005
0.01667303
0.01650151
0.016440941
0.016580237
0.01651145
0.016398877
0.016369633
0.0164548
0.01633311
0.01651367
0.016539065
0.016197713
0.016210845
0.016172064
0.016282408
0.016161956
0.0162573
0.016230686
0.016118128
0.016023016
0.01617192
0.01608179
0.016026804
0.015992943
0.015975483
0.015899664
0.01598046
0.015926404
0.015779505
0.01574484
0.015851254
0.01578732
0.015727997
0.015685683
0.015685312
0.015616354
0.015653059
0.015608847
0.015488024
0.015453048
0.015476351
0.015417315
0.01538371
0.0153126195
0.015323721
0.015252815
0.015246448
0.0151817715
0.015140474
0.015067386
0.015058254
0.014981319
0.014987421
0.014908984
0.01489313
0.014805461
0.014855023
0.0147232935
0.014792121
0.014731887
0.014609714
0.014603789
0.014576703
0.0145215215
0.01449224
0.0144625185
0.014352341
0.014313792
0.014323491
0.014211473
0.0143347755
0.014269172
0.014066994
0.014186643
0.014110996
0.014030059
0.013973032
0.013987988
0.0138388155
0.013818371
0.013688829
0.0137346955
0.013599515
0.013625133
0.013543437
0.0134891495
0.013359551
0.013347727
0.013225126
0.013264999
0.013209242
0.013047501
0.013157544
0.012951014
0.013042194
0.012946448
0.0130709335
0.01292706
0.012788628
0.012737925
0.013109285
0.013003576
0.012968994
0.012753192
0.0128748575
0.012785654
0.012919229
0.012634452
0.012969536
0.012885124
0.01255929
0.012466478
0.012396275
0.012377101
0.012414619
0.012338594
0.012171407
0.012197907
0.012365571
0.012222868
0.012267292
0.012170427
0.012133889
0.012100246
0.011954258
0.012512329
0.012392557
0.012039834
0.011901207
0.012028928
0.011826041
0.012140731
0.012014144
0.0119696455
0.011933819
0.011830331
0.011675205
0.012075033
0.012099464
0.011639774
0.0115457475
0.011979513
0.011880842
0.011634562
0.011525803
0.011549327
0.011419259
0.011952192
0.011736871
0.01155771
0.011634956
0.011421633
0.011382528
0.011491966
0.011404631
0.011463024
0.011338559
0.011299382
0.011273871
0.011338216
0.011224623
0.011203249
0.011160071
0.011197112
0.011146185
0.011044455
0.011011068
0.010958627
0.010922554
0.0109935105
0.010985926
0.010872859
0.010796051
0.011170718
0.010979265
0.011419159
0.011192146
0.011533978
0.011298936
0.010925005
0.01097507
0.010936667
0.010832946
0.011320264
0.011133497
0.011229626
0.011306743
0.010742524
0.011226084
0.011094223
0.011034225
0.011022482
0.010881008
0.011036227
0.010730878
0.011002898
0.010814224
0.011319098
0.011098112
0.010928472
0.01102366
0.010816191
0.010907386
0.01084997
0.01109681
0.010998557
0.010946766
0.010758553
0.011059937
0.0110808285
0.010598336
0.01074079
0.010897693
0.01071284
0.01043307
0.010614698
0.010810173
0.010603629
0.010346894
0.010746363
0.010815461
0.010490578
0.010784589
0.010804713
0.010932141
0.010665319
0.010592304
0.010636023
0.010481164
0.010365467
0.010642682
0.010460821
0.01102106
0.011019565
0.010490723
0.011343005
0.010953464
0.0106694745
0.010709588
0.010354293
0.01026671
0.010235076
0.010309211
0.01049745
0.0101318685
0.010527239
0.010371088
0.010361176
0.010466776
0.010344899
0.010103638
0.010245069
0.010136644
0.010273662
0.010153216
0.010275818
0.010138831
0.009903338
0.009859331
0.010165677
0.010020621
0.01010299
0.010148473
0.009916544
0.0098632
0.009934025
0.009767902
0.009861072
0.009609047
0.010317246
0.010353412
0.009514368
0.011048605
0.01161914
0.010369077
0.009816039
0.0100835785
0.009751976
0.00981352
0.009808012
0.009744103
0.009771272
0.00960615
0.009671634
0.009509347
0.009569012
0.009469759
0.009604291
0.009704091
0.0094938325
0.009577899
0.009354469
0.0094155185
0.0097035915
0.009436336
0.009403124
0.009378142
0.009351924
