0.28753072
0.042072464
0.0699427
0.06729259
0.02997253
0.029892994
0.032276943
0.026540866
0.024446229
0.02456435
0.024551794
0.024441386
0.023035228
0.022108326
0.023033038
0.02320303
0.021829138
0.021995878
0.022926992
0.021902254
0.021226995
0.02148326
0.02107946
0.022953114
0.023331886
0.021721557
0.021419847
0.022018624
0.021812297
0.021238962
0.021283427
0.021474212
0.020999739
0.021517666
0.021909496
0.021273648
0.020834485
0.021009317
0.020929342
0.020532688
0.021042833
0.021265611
0.020738676
0.020347774
0.020378673
0.020577608
0.020391354
0.020080674
0.02011984
0.020024374
0.01997523
0.019595312
0.020272305
0.019994708
0.01896459
0.019042848
0.018494388
0.018028103
0.017652884
0.016934851
0.016727969
0.016399087
0.016215263
0.016180981
0.015822962
0.016073443
0.015835604
0.015793586
0.015474327
0.015811676
0.015444741
0.01521739
0.015120559
0.014837384
0.014754459
0.014882979
0.014688317
0.014898017
0.014861344
0.014517044
0.014467617
0.014348629
0.014200236
0.014315463
0.014123448
0.0142058795
0.014153608
0.013980519
0.013962095
0.01398473
0.013759196
0.014300632
0.014261412
0.013641208
0.014127913
0.013918911
0.013724327
0.013683558
0.013738341
0.013574071
0.013616316
0.01357372
0.013410091
0.013565716
0.013303717
0.013794857
0.013600014
0.013548131
0.013368134
0.013594051
0.013400999
0.013544026
0.013608729
0.013343714
0.013340776
0.013230074
0.013193916
0.013150719
0.013060048
0.0132618435
0.013098836
0.013173311
0.0131469695
0.012899678
0.01280554
0.013168174
0.013043542
0.012880403
0.012846804
0.012865665
0.012755538
0.012989788
0.012961621
0.012719107
0.012739773
0.012744215
0.0126400525
0.012901715
0.0128754
0.012601321
0.012549912
0.012838755
0.012658291
0.012696204
0.012693483
0.012522274
0.012487889
0.01266132
0.012584967
0.01246877
0.01242471
0.012549914
0.012468812
0.012491055
0.012441362
0.012436413
0.01236035
0.012523494
0.0124829635
0.012316909
0.012276675
0.012493479
0.012427866
0.012251469
0.012202722
0.012418552
0.012360282
0.0121812085
0.012143865
0.012354153
0.012287029
0.0121421255
0.0120934695
0.0123007065
0.012222618
0.012091297
0.012046777
0.012172942
0.012098036
0.012081798
0.012059233
0.012032747
0.01197805
0.0121223
0.012086102
0.011933769
0.011917628
0.012025699
0.0119606005
0.011971456
0.011996993
0.011871713
0.011825549
0.012064907
0.01202641
0.011793493
0.01177628
0.012028593
0.01196492
0.011759817
0.0117269335
0.011958619
0.011872761
0.011799141
0.011933818
0.011634678
0.011818175
0.011740084
0.011727831
0.011674185
0.011791658
0.0116050765
0.012394667
0.012692434
0.011921841
0.012095387
0.012128681
0.012044418
0.012342848
0.0122009665
0.011898006
0.011870327
0.011981369
0.011677439
0.011698547
0.01177076
0.011522762
0.011843357
0.011992528
0.011604668
0.011684917
0.011826184
0.011762056
0.01159322
0.012021712
0.012047447
0.011650954
0.01145908
0.011662815
0.011637966
0.011658098
0.011456336
0.01161582
0.011560366
0.011709146
0.0117285205
0.011194636
0.011458047
0.01145039
0.011299192
0.011412439
0.011204876
0.011443014
0.011624812
0.011264771
0.011210651
0.011333745
0.011021572
0.0112356655
0.011295758
0.010945268
0.011084807
0.011152024
0.010876548
0.01096978
0.010811626
0.010826062
0.010839547
0.010656315
0.010665241
0.010517362
0.010443676
0.010345423
0.010312263
0.010191313
0.010318898
0.010242267
0.010141061
0.010099236
0.009985977
0.009906483
0.009825488
0.009796087
0.009797769
0.00969695
0.009682798
0.0095878495
0.009418356
0.009645901
0.009395273
0.009823329
0.0100266365
0.009122907
0.010229511
0.011191372
0.010145392
0.009531437
0.009577452
0.009424156
0.009295146
0.009062002
0.0091345245
0.008962512
0.008696019
0.008887996
0.008967888
0.008697622
0.008349449
0.008232054
0.008680812
0.008773624
0.008368549
0.008154288
0.008303684
0.008012317
0.00858912
0.008707174
0.00834228
0.008137204
0.008124779
0.0082302205
0.007936506
0.007924902
0.007929043
0.0078099794
0.007721737
0.00800969
0.007938549
0.0076061226
0.0077972277
0.007485011
0.0084048845
0.008589427
0.007730042
0.007947538
0.00802466
0.0077067004
0.007658427
0.0076559507
0.007460089
0.007490953
0.0073796487
0.0072941314
0.0076883193
0.0073567503
0.00808105
0.008197716
0.007638268
0.007821107
0.0071479604
0.008697859
0.009751021
0.008139844
0.007451618
0.0079222
0.007195504
0.007733895
0.007994083
0.0071335733
0.0078817075
0.008413541
0.0072530285
0.007469611
0.008106195
0.007456228
0.0069836737
0.007234644
0.006961657
0.0069608022
0.0070929267
0.0066141733
0.0069167786
0.0068372004
0.0069231316
0.006737338
0.0068843253
0.0066048703
0.006862512
0.0067039803
0.0065748417
0.006517584
0.006408854
0.0064482815
0.0063536004
0.00626996
0.0060926736
0.006192951
0.0062347553
0.005962344
0.005938679
0.0060068513
0.005946037
0.005768504
0.006454719
0.0061956407
0.0060839094
0.006213007
0.005646888
0.0054878346
0.0056418926
0.005668547
0.0055402145
0.005370766
0.005765032
0.005365532
0.0065666116
0.0066422634
0.005538614
0.0059458353
0.0058739483
0.005456356
0.0055761836
0.005373068
0.0050739283
0.005048597
0.004847556
0.004842248
0.004844357
0.0046313084
0.005659677
0.0055677537
0.0048936056
0.0048873317
0.004725041
0.0046460186
0.0047426005
0.004527377
0.004961695
0.004780082
0.0046758587
0.0045825285
0.0044995137
0.0043839347
0.0044954647
0.0041533937
0.004622362
0.004252153
0.0046501895
0.004756445
0.0042195655
0.004391249
0.004204603
0.0045330394
0.0047731097
0.004147056
0.0043962733
0.0042649303
0.0040662684
0.00442793
0.0041190344
0.004088046
0.0040468625
0.0039482564
0.003912346
0.003870802
0.0039484953
0.0037290722
0.004219065
0.004003213
0.0038520023
0.0039512347
0.0036918556
0.0038783315
0.003637854
0.0040416834
0.0041210414
0.0036512234
0.0036981541
0.0036042768
0.0037108092
0.003817645
0.0035013047
0.0035660807
0.0035863805
0.003676194
0.003441516
0.0036015098
0.003580694
0.003560381
0.0035768847
0.0033446671
0.0038439797
0.003999796
0.0037845003
0.0035094281
0.004344826
0.004046105
0.00340519
0.0033902721
0.0036369709
0.003470621
0.0036574404
0.0035976444
0.0035325128
0.003585793
0.0032974707
0.0038399529
0.0034052096
0.0041749603
0.0043206145
0.0033008084
0.004087201
0.0039394647
0.0033097558
0.0043003545
0.0042240596
0.0034457352
0.0040384196
0.004009621
0.00360323
0.0034527145
0.003575487
0.003387199
0.003569711
0.0032343455
0.0036970985
0.0034041444
0.0037320459
0.0036263876
0.0035492487
0.003414072
0.0033237345
0.0031106991
0.0037070897
0.0036354102
0.0033411651
0.0031230303
0.0036472052
0.0037256994
0.003358702
0.0031265663
0.003665711
0.0036750368
0.0032869673
0.0031758677
0.0032554977
0.003038073
0.0035798766
0.0034753773
0.0036854392
0.0037112366
0.0032131604
0.0033366466
0.0032377832
0.0030714646
0.0031400267
0.0029123873
0.003466133
0.0033350529
0.0032472212
0.0032311107
0.003111527
0.0030803187
0.0029922184
0.0028866613
0.0031879882
0.0029475838
0.003617319
0.003744904
0.0029079057
0.003106267
0.0028139546
0.003340709
0.0033151999
0.0028921135
0.0029388273
0.0028932064
0.002811621
0.0028207742
0.0028078489
