0.2903085
0.09225003
0.07160574
0.037276324
0.02954744
0.029818362
0.023587486
0.031280253
0.03085504
0.023111345
0.030468548
0.036047358
0.030206611
0.025084771
0.024606459
0.024341792
0.025202753
0.024732789
0.022063432
0.022925809
0.024758188
0.023411578
0.021390848
0.021492178
0.021977207
0.021801734
0.020713052
0.02087302
0.021642484
0.021302694
0.020147124
0.020552693
0.020916441
0.02047938
0.019923624
0.02048727
0.02084071
0.020306759
0.019920813
0.020061329
0.02039461
0.020280195
0.019845996
0.019774413
0.019912446
0.019959586
0.019669259
0.019745212
0.019851338
0.01987324
0.019745722
0.019370953
0.020157764
0.020552643
0.019954123
0.019571079
0.019618228
0.019287862
0.019719424
0.019940995
0.019558122
0.018999653
0.020367282
0.021221623
0.01953323
0.020030878
0.020620445
0.019360758
0.019258475
0.019894002
0.018923307
0.018835513
0.01902821
0.018384684
0.018011201
0.018097294
0.018028732
0.017641755
0.01730588
0.017261265
0.016854031
0.018518033
0.019194841
0.016616663
0.018864393
0.021329835
0.017060684
0.01628573
0.017230654
0.01591753
0.016173331
0.017117942
0.01579549
0.015699169
0.016069347
0.014821053
0.015422869
0.016524406
0.014569909
0.014799009
0.015629213
0.0141596
0.014825273
0.015479145
0.013926628
0.014061987
0.014443816
0.013374505
0.013950172
0.0147154555
0.013360511
0.013222788
0.013610057
0.012688857
0.013587753
0.0147778625
0.013167214
0.012635824
0.013014729
0.012475635
0.012401595
0.012788188
0.012344384
0.012045577
0.012443406
0.011726357
0.013137147
0.013492602
0.012365895
0.012845132
0.013265587
0.012679177
0.012233217
0.011963864
0.012262024
0.011921999
0.011650089
0.011580992
0.011581705
0.0114666475
0.011253643
0.01112767
0.0114800325
0.011032798
0.011672844
0.01214588
0.012016948
0.011706132
0.011449519
0.011185837
0.01133997
0.011212799
0.011193843
0.010977962
0.011718542
0.011947964
0.010978517
0.011896931
0.01245856
0.0110938
0.011663676
0.0122844055
0.011271826
0.011363569
0.011849222
0.010940737
0.011051546
0.011731277
0.011043239
0.011090088
0.0112747485
0.010587265
0.011184935
0.011888553
0.010922386
0.010674179
0.0110767735
0.010426916
0.010718984
0.011361174
0.010524928
0.010496821
0.010970681
0.010409419
0.01058416
0.011092122
0.010285958
0.01049498
0.011075971
0.010407229
0.010122963
0.010480794
0.0100577
0.010073458
0.010190741
0.009853668
0.009785221
0.009951149
0.009598825
0.009739033
0.009526461
0.00968973
0.009530755
0.0095398715
0.009554538
0.009276176
0.009527707
0.009397986
0.00935254
0.009348495
0.009211231
0.009266981
0.009087923
0.009226057
0.00907547
0.009007853
0.009038709
0.008798667
0.009300123
0.009153435
0.008671873
0.008735272
0.008738302
0.008555383
0.008506163
0.008685175
0.008494918
0.009051642
0.009121373
0.008315391
0.008657237
0.008341166
0.008381168
0.008318593
0.008258765
0.0081260465
0.008137413
0.008110329
0.008009101
0.008126444
0.008005387
0.007889506
0.0078057605
0.007836086
0.007709354
0.007759074
0.007683718
0.0076681855
0.007655138
0.007517457
0.0075570145
0.0073366542
0.007689787
0.007353097
0.0077817948
0.007723293
0.007463301
0.0074262493
0.0072981864
0.0072600506
0.0071448074
0.007107725
0.007008447
0.0075063235
0.0073084855
0.007243468
0.0071157464
0.0072452016
0.0070002987
0.007039732
0.0069862357
0.0069136433
0.0069113416
0.0067026992
0.007166903
0.00704795
0.006941413
0.0068490542
0.006721612
0.0067713694
0.0066986415
0.006467486
0.0066389074
0.00639154
0.0069196704
0.0069460957
0.0063611064
0.0062928963
0.006243463
0.0061973683
0.006393431
0.006244304
0.006350024
0.0063260817
0.006094661
0.0060570673
0.005960934
0.005925206
0.0059536058
0.005815059
0.0060360306
0.006116821
0.005750204
0.0058499738
0.0055935434
0.0058510615
0.005677644
0.005609576
0.0058111413
0.005500509
0.0059347018
0.0058115628
0.0061945803
0.0057435534
0.0059240307
0.006028903
0.0056612436
0.005675012
0.0058917156
0.005777336
0.0054847207
0.0053250245
0.0055073723
0.005362248
0.005307646
0.0052458155
0.0054790303
0.005302736
0.0053603114
0.005390736
0.0052777906
0.005129434
0.0051615885
0.0050139003
0.004985829
0.0050921035
0.0048458176
0.005409485
0.0051863804
0.0055067525
0.0056044944
0.0049383794
0.0050234096
0.00519639
0.004763879
0.0054917336
0.0054127593
0.0046554734
0.0048360587
0.0046805562
0.004736595
0.0045448523
0.004801516
0.004596282
0.0047375993
0.0045726174
0.004684515
0.004580417
0.0046044127
0.0044698115
0.0046724235
0.004449213
0.004722637
0.00465225
0.004544242
0.004382122
0.0046251374
0.00440485
0.0046285843
0.004472554
0.0045360434
0.0044410103
0.0044008787
0.0042314655
0.0046959743
0.0046513374
0.004218267
0.004257818
0.0042464733
0.004115314
0.004465235
0.0045309425
0.0040663257
0.004184709
0.004026324
0.003959686
0.0043168087
0.004057658
0.0044771377
0.004402272
0.0041807913
0.0044717155
0.0041631106
0.004385822
0.004318818
0.004175415
0.004188799
0.004038961
0.004102645
0.0040217154
