0.2868465
0.049142122
0.07056164
0.041208696
0.022814801
0.026920011
0.02486589
0.023264533
0.022786155
0.022126399
0.022372507
0.021602469
0.021086195
0.021246096
0.020598045
0.020528898
0.020510595
0.019910991
0.020268526
0.020047517
0.01938382
0.019616196
0.019171543
0.019777
0.019749744
0.018837722
0.020067325
0.019197976
0.0197407
0.0195586
0.019004868
0.019200658
0.019024542
0.018617362
0.019380827
0.019195154
0.018238716
0.018205855
0.018156037
0.017999085
0.01804307
0.017766811
0.018257752
0.018182041
0.017549602
0.017635135
0.01753078
0.017094605
0.017452138
0.017322367
0.016553668
0.017113151
0.016647864
0.016589148
0.01655211
0.016801096
0.016209342
0.016121449
0.016251748
0.01591046
0.016203245
0.01602329
0.016057651
0.015875915
0.015897289
0.015661664
0.015711455
0.015646802
0.0154372305
0.015401724
0.015479885
0.0153528275
0.015475239
0.015306841
0.015449851
0.01533326
0.015235347
0.015157082
0.015107722
0.01500808
0.015041505
0.014929163
0.01490971
0.014823515
0.014886771
0.014801252
0.014786524
0.014714395
0.014786025
0.014613729
0.014749016
0.014613147
0.01454874
0.01449627
0.014457513
0.014414705
0.014382201
0.0145227285
0.014175102
0.015024255
0.014521926
0.0155393155
0.015433446
0.014496422
0.014519908
0.014333621
0.014179467
0.0147208525
0.014559475
0.015029338
0.014837515
0.01444904
0.014483269
0.014145155
0.013987243
0.014542773
0.0144413635
0.014489223
0.014175662
0.014664288
0.0144930035
0.014006852
0.0139424475
0.014336283
0.014256205
0.014383875
0.014278534
0.0140642105
0.013967955
0.013980865
0.013923004
0.014077775
0.013965267
0.014054603
0.01391365
0.013956652
0.013840829
0.01385459
0.013829164
0.013847702
0.013739574
0.013814711
0.0137540335
0.013647817
0.013553265
0.013731137
0.013656002
0.013558879
0.013431835
0.013713471
0.013601035
0.013418511
0.013331776
0.013561044
0.013480415
0.013306662
0.01324859
0.013381023
0.013295706
0.013232022
0.013176854
0.013191384
0.01316264
0.013097059
0.013075669
0.013168961
0.013034168
0.013163767
0.013150173
0.012867025
0.013286185
0.012893959
0.013887756
0.014301273
0.01290612
0.014378466
0.01541303
0.01427379
0.013700801
0.013331455
0.013566638
0.013495083
0.013081826
0.012977091
0.013445061
0.013514548
0.012758235
0.012987492
0.0130138
0.013100003
0.012869332
0.012790273
0.012746342
0.012836683
0.012759264
0.012523983
0.0125003485
0.012409869
0.012453921
0.012294817
0.012458627
0.012425746
0.012244568
0.012095198
0.0121778
0.012082844
0.0121780345
0.012056471
0.011933036
0.0119220195
0.0116871325
0.011756291
0.011499022
0.011528701
0.011521782
0.011424723
0.011202008
0.011373335
0.01108837
0.011829312
0.011784438
0.011332746
0.011070651
0.010871689
0.011378656
0.010868547
0.011342827
0.011545964
0.010597187
0.01120768
0.011045254
0.011052088
0.011372016
0.010526144
0.010536154
0.010883194
0.01054161
0.010324206
0.010237575
0.010106678
0.010161419
0.009987707
0.009767894
0.009995927
0.0098445555
0.010079588
0.010121738
0.009986053
0.00971241
0.009703973
0.009639708
0.009736431
0.00970047
0.009627392
0.009568497
0.009379315
0.009468333
0.00919515
0.009303227
0.009226643
0.009059808
0.00942693
0.009367097
0.009222389
0.009120583
0.00878086
0.009400713
0.009337557
0.008731327
0.008908884
0.008760597
0.008826204
0.008637224
0.008886346
0.00864653
0.008692279
0.008610297
0.008504615
0.008499409
0.008535889
0.008408043
0.008405754
0.008329759
0.008525555
0.008439634
0.008302697
0.008321083
0.008103959
0.008439243
0.00810501
0.008530795
0.008261827
0.008438895
0.00853084
0.008126618
0.007948797
0.008366159
0.008227917
0.007994458
0.007915099
0.0085169505
0.008469838
0.007906321
0.008023276
0.008072335
0.007984769
0.007887202
0.0079005575
0.008090553
0.0077676973
0.007822434
0.007840731
0.0075789974
0.007661989
0.00774975
0.00760964
0.0077771656
0.007750109
0.007665083
0.0075976127
0.0075224102
0.007423188
0.007537911
0.007451556
0.0075349845
0.007395601
0.0073723826
0.0073098964
0.0074347924
0.0072667706
0.0073527643
0.007297586
0.0071614436
0.0071574724
0.007203331
0.007128051
0.007262951
0.0073465817
0.006984076
0.0072801784
0.006957803
0.0077484124
0.007767768
0.006989043
0.0074220733
0.0076107197
0.007432256
0.0070276423
0.0073517226
0.0071437606
0.007066826
0.0069245175
0.007174678
0.00686356
0.007173126
0.006814754
0.007292588
0.0072175637
0.0069826855
0.0071720066
0.0068448125
0.007216772
0.007448478
0.0066403984
0.0072672963
0.007173065
0.006826973
0.0070437957
0.0065412973
0.0069881673
0.006699063
0.007082323
0.006983305
0.006614571
0.006898696
0.0065209023
0.007041478
0.007052388
0.00645412
0.006991912
0.006693481
0.0065728524
0.006643586
0.0063248663
0.007574176
0.007628631
0.006648285
0.0066704117
0.007184559
0.0068935733
0.0063370056
0.0064448756
0.0063164625
0.006694868
0.0064374306
0.0067652077
0.0068262764
0.0068823844
0.006384784
0.0070293993
0.007048495
0.0063871206
0.0065386766
0.0063834465
0.0063537783
0.006314473
0.006272022
0.0061322874
0.0064204787
0.0062798336
0.0064476295
0.006486222
0.0063414774
0.00634598
0.0061690654
0.0061550424
0.006102337
0.0060965866
0.0060796817
0.0059070154
0.0063724816
0.006341526
0.006318189
0.006258477
0.0062277764
0.006107703
0.006301897
0.0060926527
0.0060235173
0.0059823026
0.0061341524
0.006084644
0.0061559384
0.0060043894
0.0063015684
0.0060628257
0.006245557
0.006453467
0.0060170847
0.0059869885
0.00617259
0.0059038126
0.0060781934
0.0057428703
0.006579215
0.006771613
0.0062987823
0.0061215237
0.0065443576
0.0065144487
0.0058079213
0.0061392323
0.0060148314
0.006129935
0.006141763
0.0058730873
0.005812667
0.0058812597
0.0057597808
0.0056588915
0.00553734
0.0058251494
0.005840991
0.005463864
0.0057467036
0.005561074
0.005709139
0.0058724764
0.0057691927
0.005687803
0.006275264
0.005880073
0.0055830497
0.0059409603
0.005709359
0.0056752227
0.0057584713
0.005798697
0.00542287
0.0062606907
0.006273703
0.0056947614
0.005599952
0.0055880374
0.0054532387
0.005562647
0.0055600754
0.0057420055
0.0055514746
0.0055098482
0.005571153
0.0053260787
0.005580548
0.0051746503
0.005432863
0.00550887
0.005508603
0.005296035
0.0054327385
0.0053665484
0.0050920798
0.005081573
0.0050729793
0.005078119
0.0052966643
0.005119459
0.0050453153
0.0054872655
0.004965557
0.0048554223
0.0051732156
0.00525929
0.005015888
0.0050887642
0.0048523936
0.005073808
0.005021566
0.0049121114
0.0050942954
0.004966866
0.0054611117
0.0053310357
0.0052199177
0.005734191
0.005039347
0.005323559
0.0052164984
0.005255925
0.005072114
0.0051362035
0.0053505716
0.004826508
0.0054149106
0.0049865865
0.0048840987
0.0053752214
0.0050941613
0.0048399526
0.005055328
0.00484956
0.0048240977
0.0049580038
0.004711429
0.005348818
0.005202303
0.005922636
0.0056951367
0.005037984
0.0049588974
0.005172876
0.0048511988
0.00556321
0.0050884862
0.0053820093
0.0056594857
0.0053664483
0.0050416477
0.0053130263
0.0052945563
0.004809112
0.004930504
0.005101177
