0.28904215
0.061578546
0.059023324
0.03587097
0.032900583
0.02874004
0.025134444
0.026824484
0.025233567
0.023047894
0.023836846
0.023693435
0.022437235
0.022777727
0.022919154
0.021980891
0.0221379
0.022216847
0.021450967
0.0217489
0.021947889
0.020958735
0.020765847
0.020822242
0.020159597
0.020438656
0.020703172
0.019923808
0.019989077
0.02010412
0.019657893
0.020038174
0.019921167
0.020044325
0.01927859
0.020239616
0.020615468
0.019686965
0.019755729
0.019890571
0.01913693
0.019857919
0.02000849
0.019142786
0.019110028
0.01978717
0.019118875
0.018570622
0.018594412
0.018523334
0.018599275
0.018293876
0.018243045
0.018406635
0.018266527
0.018276965
0.018157188
0.018126583
0.018328523
0.018079067
0.017992625
0.017878922
0.017882992
0.017740376
0.017798232
0.01766547
0.017490618
0.01748454
0.017265214
0.017449046
0.017229596
0.017091652
0.0169077
0.016826672
0.016624773
0.016576005
0.016422223
0.016294822
0.016125701
0.016107528
0.015876519
0.016001834
0.01569819
0.01673771
0.016172677
0.016484529
0.016438376
0.016122948
0.016085094
0.015760055
0.015843116
0.01550026
0.015845815
0.015493034
0.015534162
0.015124346
0.015450698
0.014956386
0.015312285
0.014885526
0.01600737
0.016399873
0.014911142
0.015137584
0.015381996
0.014587018
0.015525834
0.016144583
0.015239564
0.014585911
0.015012219
0.015045732
0.014625567
0.014516067
0.014727853
0.014711089
0.01449078
0.014206018
0.014484997
0.014507617
0.014276388
0.014254063
0.014645916
0.014466236
0.013940707
0.013989692
0.013958685
0.013796226
0.013788305
0.013611215
0.013842083
0.013870831
0.013709699
0.013406989
0.013389654
0.013133722
0.0136216255
0.013500292
0.013652038
0.0135464845
0.012952679
0.013096797
0.012970029
0.01291611
0.012560646
0.012706001
0.012403104
0.0130669875
0.013143998
0.012132589
0.0124963
0.012190829
0.012622724
0.012852701
0.0116613135
0.012596632
0.012981009
0.012106205
0.011769378
0.011798103
0.011717867
0.011256876
0.011540865
0.011272038
0.0112792505
0.011044636
0.010880937
0.010686986
0.01085037
0.010656123
0.011260928
0.010926028
0.01088442
0.01078568
0.010435119
0.010286232
0.0107635455
0.010579343
0.010316364
0.010167584
0.010369615
0.0101130605
0.010506903
0.01056952
0.0099806255
0.009943216
0.009759088
0.009618823
0.0099445395
0.009755331
0.009969474
0.009718253
0.00988824
0.009921269
0.009490915
0.009317971
0.009679379
0.009481507
0.009632088
0.009441071
0.009487099
0.009408273
0.009334686
0.009185829
0.009424142
0.0091577275
0.009466708
0.009274458
0.009158732
0.009116476
0.009083045
0.008986761
0.009172368
0.009095686
0.008945742
0.008917523
0.008912999
0.0088238465
0.00888731
0.008875304
0.0087880865
0.008681099
0.008832182
0.008776815
0.008723655
0.008684127
0.008662615
0.008673479
0.008559786
0.008508878
0.008556644
0.008526984
0.008500047
0.008402272
0.008810271
0.008692862
0.00837016
0.008363187
0.008438182
0.008368693
0.008412939
0.008382987
0.008337625
0.008297292
0.008350064
0.008266441
0.008267124
0.00820062
0.008250006
0.008196666
0.008184396
0.008130909
0.008198316
0.008129031
0.008150987
0.008122603
0.0080323955
0.007944013
0.008293934
0.008243929
0.007925059
0.008109485
0.007854379
0.008105761
0.00801693
0.007839225
0.008594526
0.008699396
0.007885537
0.008355014
0.008340494
0.0078988485
0.008089631
0.00793809
0.0079981545
0.007922195
0.007882495
0.007829748
0.007816773
0.007833001
0.007662546
0.007792815
0.007620439
0.007727498
0.007639401
0.007631494
0.0076891743
0.007550853
0.007712114
0.0075831586
0.007840986
0.007916078
0.007646211
0.0076862755
0.0077371006
0.0074914456
0.0077248677
0.007521164
0.0077803247
0.0077193244
0.007501026
0.007510358
0.0074316114
0.0073736073
0.007481294
0.007412473
0.007359045
0.007279741
0.007502353
0.007372307
0.007565999
0.007523827
0.007449705
0.0073283203
0.0074320384
0.007402856
0.0071977195
0.007444948
0.0071152677
0.0077296547
0.0075229295
0.0072671585
0.0072930693
0.0072243097
0.007215819
0.0071865395
0.007087361
0.007037932
0.0070426296
0.0070932917
0.006906692
0.007331408
0.007277662
0.0070728497
0.007016771
0.0070090056
0.0069525056
0.0070845797
0.0068627116
0.006880708
0.0068050534
0.006837635
0.006840428
0.0067531154
0.0068506747
0.006854478
0.0066654184
0.007153757
0.007052857
0.006858498
0.00687472
0.0067069083
0.0067864507
0.0067991973
0.0067114537
0.0067576934
0.006694507
0.0067608706
0.006746106
0.006808672
0.00675
0.007049553
0.00699716
0.006615712
0.006799759
0.0065044905
0.007027246
0.006789642
0.0069416226
0.0069782156
0.006696725
0.006848035
0.0067151417
0.006669611
0.0065922043
0.006499519
0.0066189133
0.006464546
0.0068665897
