0.28898087
0.061931834
0.06518439
0.034676638
0.027205208
0.025653196
0.023263434
0.023210293
0.022830257
0.022740515
0.022597134
0.02223815
0.022608584
0.021996886
0.022703351
0.022680014
0.02170376
0.02279917
0.022645732
0.021825947
0.02232341
0.022385323
0.02180585
0.021631027
0.021636335
0.02136192
0.021757746
0.021242214
0.022329425
0.022606084
0.021348177
0.021814989
0.021852002
0.021582887
0.021336757
0.020971825
0.021283025
0.021086233
0.020834709
0.021089686
0.020769766
0.021204216
0.02119898
0.020842964
0.020652538
0.020806497
0.020681553
0.020415736
0.020395078
0.020415796
0.020206885
0.020511119
0.020232147
0.020649059
0.020710433
0.020054013
0.0206811
0.020484256
0.019978695
0.01996054
0.02014342
0.019985436
0.019995606
0.019948205
0.01977032
0.019699197
0.019888297
0.019717189
0.01974433
0.01976084
0.01948609
0.01969256
0.019419564
0.019596418
0.019555634
0.019138923
0.019188603
0.0188999
0.019289106
0.01889264
0.018892063
0.018773628
0.018321285
0.018098885
0.018215254
0.017649582
0.018379072
0.018642494
0.017135546
0.018846972
0.02026706
0.018442003
0.01676116
0.017352203
0.017889423
0.016938455
0.016300956
0.016793689
0.01680367
0.015877852
0.015923537
0.016168082
0.016011322
0.015435096
0.015416733
0.015626429
0.015208262
0.014921208
0.014795552
0.014578928
0.014376712
0.014047642
0.014329404
0.014690728
0.01404297
0.014198632
0.014105606
0.013628241
0.013626299
0.013499175
0.013035516
0.01322532
0.013403017
0.013173784
0.013048586
0.012575584
0.012604631
0.012749898
0.012414101
0.012255132
0.011788011
0.012391809
0.012692482
0.01174444
0.012585898
0.013302833
0.012110025
0.011858958
0.012275249
0.011641639
0.01140724
0.011300956
0.01127627
0.011092305
0.011083615
0.010848752
0.010552674
0.010485011
0.010424952
0.010211774
0.010373852
0.010194266
0.010364496
0.010320625
0.009891346
0.009817476
0.009785751
0.009740862
0.009547591
0.0097435005
0.00956343
0.009390957
0.009299897
0.009172496
0.009363609
0.008911527
0.009702138
0.009675831
0.008907731
0.009010048
0.00893927
0.008783014
0.008574478
0.0089245485
0.00875372
0.008662488
0.008659971
0.008585532
0.008450433
0.008228916
0.008285753
0.00822843
0.008134474
0.00813797
0.008215718
0.008254158
0.0080694305
0.008940418
0.008278514
0.009021506
0.008886678
0.008034047
0.008069738
0.008161095
0.007872756
0.009202008
0.009201339
0.008148387
0.008004739
0.007999617
0.007870091
0.007982683
0.008042805
0.008153971
0.0076792366
0.008463328
0.008399449
0.0076719397
0.007685002
0.008088837
0.0077058696
0.0077580377
0.0077752895
0.007553534
0.007750789
0.007578708
0.007665334
0.007803694
0.0077934875
0.00747272
0.0078243045
0.0076980195
0.007420844
0.007544557
0.007407572
0.00718423
0.0076584495
0.0073824045
0.00772694
0.007769169
0.0077282395
0.0075470717
0.0073779062
0.0074112955
0.007508566
0.007074403
0.0074030277
0.0074224956
0.0070748427
0.0074067093
0.007085332
0.0077431854
0.007893157
0.0072018243
0.0072139627
0.0073658153
0.007120281
0.007115053
0.007145057
0.006881925
0.006804058
0.0067346306
0.0068194843
0.0065962537
0.0069839484
0.006945288
0.0066239997
0.007149482
0.0068990006
0.0068654306
0.006985187
0.0068319826
0.006538344
0.006698517
0.006690461
0.0065682135
0.0064845197
0.0063288813
0.006599633
0.006553085
0.0062900055
0.0069262367
0.0069230082
0.0069459737
0.0064864247
0.0070375516
0.007137263
0.006361321
0.0063203373
0.0065126237
0.0062652663
0.0069946996
0.0068760267
0.0063825063
0.0065182433
0.006208425
0.006202223
0.0063209846
0.0060852584
0.006421491
0.0062875054
0.006230486
0.006131151
0.0063460073
0.0062158387
0.0064539663
0.0063539497
0.0063114055
0.006272162
0.0061798953
0.005988771
0.0062032132
0.006026042
0.0060189962
0.0059396666
0.0060798847
0.0060620606
0.006135209
0.0061004013
0.0060128532
0.005916599
0.00610405
0.005866556
0.0060206633
0.0059189065
0.0057846555
0.0056305625
0.0059840805
0.0058861687
0.0059009953
0.0059424397
0.0058678635
0.00579429
0.0057552196
0.005555795
0.0054819435
0.0058244034
0.0054103644
0.0063710487
0.006557101
0.005957575
0.0055459477
0.0062904484
0.0062194844
0.005632354
0.005754163
0.005936522
0.0055246446
0.0056398935
0.0060697272
0.0058263787
0.005292623
0.0059405477
0.005941149
0.0056025586
0.0054802336
0.0057838373
0.005782617
0.005387056
0.0055587566
0.0053995526
0.005204376
0.0052246223
0.0053888615
0.0051097465
0.005661691
0.0054449756
0.00544492
0.0054145656
0.0052671456
0.005391096
0.005376535
0.0050627263
0.005329913
0.005397719
0.0051889545
0.005726322
0.0052139037
0.0056879334
0.00554975
0.0053157457
0.00512982
0.0055309623
0.005240701
0.005830242
0.0057682297
0.005392108
0.0055777156
0.0052138898
0.005561251
0.0052482984
0.005444549
0.005256926
0.0054465495
0.0051472057
0.0052686073
0.0052225306
0.005139586
0.004995707
0.0049476796
0.0052331947
0.0050141583
0.005152008
0.005130004
0.0048449654
0.005315198
0.005328557
0.0048796693
0.0050331545
0.004799263
0.005345983
0.0057765893
0.0051978566
0.0049866703
0.0049586636
0.0050350954
0.0050102747
0.0047329557
0.005420664
0.0051939264
0.005691009
0.0053806254
0.005266177
0.005280388
0.0047172755
0.0046854387
0.0051279264
0.0047898726
0.006030206
0.005830776
0.0056100544
0.0054872907
0.0049597495
0.005223207
0.005117977
