0.2888379
0.04769595
0.06762691
0.043846577
0.026096119
0.02717571
0.02599471
0.02412161
0.02415596
0.023861557
0.023259139
0.0227096
0.022895165
0.022704223
0.022247678
0.022527082
0.022179266
0.02227818
0.022552455
0.021839969
0.022631856
0.023411393
0.02225851
0.021813251
0.022293473
0.021725899
0.021942312
0.022364162
0.02161941
0.02167198
0.022047931
0.021382391
0.02136694
0.021686867
0.020939015
0.020885268
0.021077445
0.02030782
0.020621814
0.021166563
0.020168148
0.019762347
0.020065071
0.019326868
0.018772686
0.018777395
0.018394224
0.018152375
0.01801653
0.017632144
0.018498933
0.0176534
0.019914454
0.019812362
0.017436972
0.018574772
0.017708272
0.018220346
0.018621594
0.016912242
0.01729233
0.017183669
0.01716485
0.016452854
0.016580723
0.016975632
0.016701834
0.01653352
0.016275706
0.016718326
0.01644402
0.016705275
0.01592552
0.01779043
0.01887328
0.016612183
0.017858528
0.018829562
0.016473575
0.017119342
0.018297873
0.016292257
0.01669245
0.018049227
0.016280537
0.015984245
0.016661473
0.01553231
0.01646296
0.017234718
0.015673712
0.016104868
0.016990867
0.015611659
0.015744532
0.016451837
0.015276316
0.015857803
0.016777556
0.0154722035
0.0154764885
0.016155438
0.015186002
0.015481219
0.016196242
0.015125193
0.015302901
0.015973048
0.015054424
0.015072451
0.015678823
0.014833219
0.015136842
0.01573653
0.0149087235
0.014894885
0.015565037
0.014796889
0.014987233
0.015650256
0.015058671
0.0146838045
0.015177928
0.014809457
0.014603795
0.014841828
0.014540556
0.014434188
0.014710535
0.014391351
0.014484924
0.01472823
0.014074874
0.014752503
0.015650945
0.014795261
0.013870373
0.014545783
0.014749847
0.013898712
0.01415643
0.014616315
0.013852793
0.013878285
0.014152999
0.013762367
0.013641727
0.013722669
0.013647645
0.013454649
0.013624601
0.013449299
0.013199161
0.013219096
0.013390995
0.013337159
0.012945712
0.013126813
0.013075727
0.012759336
0.012880746
0.012934886
0.0126338005
0.013979281
0.014332618
0.012812068
0.013851953
0.014529665
0.0133662475
0.013237871
0.013056639
0.012517068
0.012980721
0.012786222
0.012456343
0.012318718
0.012393009
0.012316112
0.0124153495
0.012391299
0.012084487
0.012175678
0.0121494755
0.011868781
0.012023807
0.012021967
0.011673536
0.012509524
0.01232518
0.0126616955
0.012824868
0.011792476
0.013759847
0.015932484
0.013534461
0.011661344
0.012385923
0.012126814
0.0115158595
0.011813437
0.011722706
0.0114865685
0.01182148
0.011732315
0.011354017
0.011185124
0.011303934
0.0113075
0.01124315
0.0115210265
0.010968697
0.011923176
0.011764565
0.011050019
0.011221327
0.01112059
0.010881071
0.011730179
0.011500656
0.010883755
0.010805632
0.011154511
0.010859549
0.011187691
0.011004425
0.010915506
0.010779287
0.010922387
0.010798346
0.010823335
0.010618879
0.011009104
0.010983594
0.0105491625
0.010761204
0.010470375
0.010406116
0.010877341
0.010473172
0.011000422
0.011138998
0.010328931
0.011711694
0.012324999
0.0110729225
0.011656416
0.012681703
0.011496848
0.010949265
0.010909264
0.011030358
0.010939992
0.0102355005
0.01076196
0.010460977
0.011198265
0.01143289
0.011007235
0.011046857
0.010145136
0.010116408
0.0104437
0.009649411
0.0095358025
0.0095311
0.009511814
0.009312948
0.0092905
0.009104719
0.0092618605
0.009242343
0.009039742
0.009153081
0.008969196
0.009155452
0.009025124
0.008917682
0.008905864
0.008894757
0.008796739
0.008693921
0.008646541
0.008661388
0.008625593
0.008519883
0.008510458
0.008293164
0.0083941445
0.008656122
0.008218647
0.008351083
0.008387503
0.0081601115
0.008380197
0.008150346
0.008034437
0.0086384015
0.008197694
0.008688559
0.008943718
0.008571986
0.008465215
0.008192
0.008315314
0.008079379
0.008158734
0.00798393
0.007966888
0.0077453027
0.008004992
0.00802267
0.0077590793
0.0077218674
0.0076297554
0.0077045597
0.007497949
0.007913994
0.008091681
0.007754009
0.0073688556
0.007836879
0.0076418505
0.007734213
0.007775552
0.0075130668
0.0074356883
0.007378615
0.0072912383
0.007419704
0.00736436
0.0073921797
0.0072398954
0.007394238
0.007269056
0.007981376
0.008000671
0.007268008
0.007425359
0.0073365415
0.0076829656
0.007564016
0.006986437
0.007065849
0.0072707185
0.007061643
0.0069824583
0.006977632
0.0070895306
0.0068747527
0.0070789456
0.0070843524
0.0069217402
0.0067805536
0.006899648
0.006850151
0.006867187
0.006702022
0.0071513033
0.007076574
0.0069376063
0.006962219
0.0069131874
0.0068969056
0.0068375976
0.00680003
0.0068271966
0.006918635
0.0069930055
0.0066448078
0.0070422557
0.007171771
0.006934983
0.006709682
0.0072040106
0.0070538186
0.0067537446
0.006701119
0.006474323
0.006334234
0.00670852
0.006607656
0.0066680214
0.006578134
0.0064182975
0.006366448
0.006361034
0.0062283226
0.006497105
0.0063859895
0.0062956247
0.0061497837
0.00627718
0.006254051
0.0060504414
0.006071367
0.005855607
0.0057047494
0.0059874672
0.0059095565
0.005649016
0.0054682177
0.0058242776
0.0056067747
0.0051593683
0.005900932
0.0050908173
0.00772219
0.007364211
0.0063672536
0.006940622
0.0062331446
0.0058042346
0.0057738456
0.005446568
0.0053306133
0.005201956
0.005353257
0.0050734044
0.004725233
0.0051675816
0.004880702
0.0054940707
0.0053592566
0.005507287
0.0048330897
0.005273545
0.0051300903
0.005072171
0.004940349
0.0044001467
0.0043411762
0.005361089
0.004758064
