0.2899
0.070726
0.03632107
0.054171134
0.054405224
0.03696211
0.023825303
0.027630031
0.033199996
0.029947855
0.02337969
0.022593008
0.024563977
0.02386584
0.021650536
0.021315321
0.022083962
0.021889994
0.020835252
0.019870436
0.020360298
0.020754086
0.020001346
0.01951213
0.019662686
0.01971913
0.019913739
0.019772384
0.019170836
0.019609276
0.020103611
0.02024971
0.019516354
0.020065611
0.020181723
0.019819729
0.01973567
0.019186081
0.019153776
0.019130543
0.0191119
0.019177353
0.019013569
0.019038022
0.01896476
0.01893711
0.01888434
0.019174658
0.019031258
0.019696176
0.019693054
0.018837096
0.018930493
0.019109443
0.01907471
0.019263046
0.0189116
0.019338874
0.01958214
0.018988883
0.019554423
0.019383399
0.018809618
0.018905567
0.018887738
0.018759804
0.019017635
0.019207584
0.019001653
0.018801527
0.018939894
0.018847648
0.018808983
0.018932696
0.018749682
0.01885516
0.019045705
0.01883796
0.018767098
0.019009152
0.018958572
0.018838782
0.018783139
0.019024758
0.018779682
0.019182915
0.019343458
0.018797198
0.019130709
0.019050553
0.018948697
0.01899046
0.018654155
0.018729834
0.018773602
0.018685536
0.01873319
0.01870908
0.018658243
0.018686788
0.018739043
0.018675279
0.018692251
0.018722555
0.018730413
0.018613052
0.01868268
0.018760534
0.018661568
0.018679414
0.018664056
0.018736375
0.018604457
0.01857169
0.018865908
0.018696973
0.018902333
0.018967355
0.0185285
0.01856493
0.018727252
0.01858531
0.01897494
0.019037772
0.018593028
0.018729517
0.018582536
0.0188167
0.018608764
0.01883554
0.018969433
0.018529484
0.018811248
0.018823927
0.018965932
0.018918483
0.018463975
0.018808676
0.019016735
0.019062191
0.018727625
0.018655242
0.018715438
0.018738447
0.018663976
0.01852841
0.018490758
0.018580174
0.01848992
0.018747313
0.018746361
0.018432127
0.018371103
0.018517464
0.018538846
0.018424697
0.018308686
0.01859401
0.018586434
0.018307447
0.018243605
0.018313535
0.018248444
0.018297533
0.018167062
0.018207958
0.018148677
0.017994097
0.017906621
0.017949736
0.0178636
0.017706133
0.017575866
0.017690571
0.017479286
0.017459825
0.017324807
0.017188562
0.01700976
0.01736007
0.017347163
0.016712878
0.017093658
0.016714714
0.016800148
0.016722469
0.016527299
0.016416676
0.016325284
0.016221564
0.016052663
0.01614268
0.015924701
0.01599385
0.015960274
0.015648277
0.015523908
0.015663335
0.015527886
0.015508191
0.015379424
0.015223836
0.015101067
0.015026196
0.01482958
0.014966376
0.014793865
0.014869542
0.015012919
0.014664103
0.015798315
0.014991517
0.014731769
0.015114251
0.014890246
0.014411931
0.014818762
0.015063233
0.01451688
0.014408432
0.01421962
0.014096976
0.013890841
0.013897035
0.013966374
0.013797556
0.013529005
0.013652266
0.013376899
0.013494179
0.013425748
0.013145325
0.012955625
0.013052595
0.013021878
0.012718114
0.012530739
0.012703609
0.012381156
0.01242577
0.012175277
0.012103144
0.012291625
0.011855562
0.013395063
0.01335033
0.011893854
0.012915865
0.012777799
0.0115291355
0.0123042725
0.012447809
0.011300963
0.01352667
0.015179475
0.013269755
0.011082995
0.012064206
0.012009812
0.011038515
0.011091478
0.011547174
0.010933318
0.010770858
0.011435461
0.010867801
0.010873246
0.010996635
0.010985854
0.010350873
0.010916139
0.010068749
0.012008947
0.012222198
0.010783435
0.012097143
0.012962855
0.011600087
0.01061352
0.012012497
0.01105816
0.010616038
0.010932433
0.011315058
0.010455427
0.010573934
0.010728027
0.0102957105
0.009859838
0.010049838
0.00970856
0.009752154
0.009929688
0.009543472
0.009835966
0.009706205
0.009733426
0.009301594
0.009184855
0.009580332
0.009128141
0.009865471
0.0093111675
0.010214039
0.009735364
0.009628681
0.009565377
0.009515184
0.009476143
0.0090002455
0.008837075
0.009458766
0.009115289
0.009368833
0.008986731
0.009435882
0.009358022
0.008599702
0.008484541
0.009620863
0.009431178
0.008541432
0.008694897
0.008688451
0.008459382
0.009206826
0.009249716
0.008255989
0.0083758375
0.008444198
0.008185918
0.00946902
0.009605396
0.0081847925
0.00989641
0.010723085
0.009246857
0.009711031
0.009609918
0.009347147
0.0093026385
0.008836507
0.008893475
0.008706315
0.008505314
0.008511555
0.00827138
0.00845853
0.0082681
0.008265148
0.008129567
0.008191045
0.008248331
0.008063666
0.007961717
0.008051359
0.007945817
0.007985984
0.007941157
0.008014123
0.008095221
0.0078448495
0.008052383
0.008015833
0.007752268
0.007813885
0.007886046
0.0076942146
0.008013305
0.007819115
0.008656588
0.008429752
0.007991626
0.008088801
0.0078733945
0.0077722776
0.007953706
