0.2889298
0.0438138
0.09464979
0.12311072
0.08864518
0.07348105
0.08237284
0.085494496
0.076511964
0.07252704
0.07464677
0.07328996
0.07188753
0.07322816
0.072213165
0.07301007
0.07342097
0.07183099
0.07294813
0.0732392
0.07216803
0.07196339
0.0723537
0.071943015
0.071562976
0.07157714
0.071434885
0.071512975
0.07122294
0.07228229
0.072551884
0.07151546
0.07182787
0.072083555
0.07197904
0.07143894
0.071705945
0.07200157
0.07126347
0.071736984
0.07218792
0.07172893
0.07121861
0.07187978
0.07215183
0.071317784
0.07166926
0.07202235
0.07165549
0.07126186
0.07085011
0.070832446
0.06982572
0.06217818
0.02734601
0.05150132
0.09319866
0.09929543
0.07273176
0.03951797
0.021622717
0.031000458
0.0451515
0.048531327
0.04125427
0.029432125
0.021352967
0.024561435
0.032016058
0.034500334
0.030781912
0.024450166
0.020560639
0.021721074
0.02415897
0.02441918
0.022582257
0.02051295
0.02032355
0.021345489
0.021371784
0.020404026
0.019798199
0.020454204
0.020681791
0.02060372
0.019926477
0.019664722
0.019850748
0.0200944
0.01976458
0.01952474
0.01931776
0.019412188
0.019437322
0.018972574
0.01896051
0.019026771
0.01878138
0.018736908
0.018719418
0.018540211
0.018530048
0.018446399
0.018337578
0.018387688
0.018236287
0.018209925
0.01834087
0.018162081
0.018189939
0.018129133
0.018161131
0.017871728
0.018722825
0.018790891
0.01787035
0.01917373
0.020319333
0.019129774
0.01816758
0.01835618
0.017817017
0.018190213
0.018553788
0.017752027
0.018368645
0.01883565
0.017902212
0.018303761
0.019182583
0.018125007
0.017298084
0.017437143
0.017267406
0.017099649
0.01746917
0.017467944
0.0173881
0.017291928
0.01698033
0.016959788
0.017061902
0.016941162
0.017228568
0.017009133
0.017007668
0.017040899
0.016798913
0.0166979
0.017009353
0.017009206
0.016645068
0.016563172
0.016783878
0.01661723
0.01676059
0.016791193
0.016395874
0.016317159
0.01650312
0.016404698
0.016449748
0.016326737
0.016350018
0.01624238
0.01619218
0.016145548
0.016144812
0.016065815
0.015976163
0.015883869
0.016048431
0.015942613
0.015792463
0.01570149
0.015864857
0.015804112
0.015563537
0.015477854
0.015706686
0.015602599
0.015378474
0.015287724
0.015484904
0.0153731555
0.015183962
0.015101175
0.015222869
0.015131629
0.0149455145
0.014847234
0.015044468
0.0149317235
0.014712241
0.014616366
0.01482943
0.014747451
0.014434976
0.014342938
0.014617083
0.014485475
0.014196053
0.014073291
0.014386743
0.014273204
0.01383242
0.013710604
0.013970056
0.013795548
0.013453092
0.013276443
0.013570122
0.013416673
0.012944129
0.012755756
0.012950565
0.012703084
0.012549276
0.012365763
0.012241855
0.012055571
0.0120193185
0.011856187
0.011831199
0.01168346
0.011522479
0.011387504
0.011482778
0.011326703
0.0112092765
0.011061373
0.011224768
0.011127419
0.010834995
0.010711822
0.0110301515
0.010914941
0.01056371
0.010457131
0.010716108
0.010538931
0.010423238
0.0103414785
0.010291194
0.010171089
0.010249963
0.010107321
0.010114367
0.010014751
0.010002964
0.009917562
0.009857598
0.0097504975
0.009884921
0.009751297
0.009733747
0.009637853
0.009685294
0.00958885
0.009560174
0.009454095
0.009578352
0.009485822
0.009380831
0.009298182
0.009410457
0.009322607
0.009243931
0.00912067
0.00933911
0.009260888
0.009022959
0.00894788
0.00923945
0.009127046
0.008908772
0.008825575
0.009082762
0.008987505
0.008757057
0.008696658
0.00890256
0.00878043
0.008728277
0.008666369
0.008693228
0.008596155
0.008714099
0.008597427
0.0085755875
0.008447906
0.008670106
0.008481402
0.008507515
0.008387748
0.00847116
0.008304874
0.008436787
0.00834018
0.008276916
0.008167622
0.0083582075
0.00825459
0.008176078
0.008094541
0.008175451
0.008052201
0.008198917
0.008126402
0.007969527
0.007891007
0.008143901
0.008047011
0.007909069
0.0078640245
0.007999629
0.007967516
0.007957992
0.0078395
0.008058426
0.007907261
0.007781059
0.007668825
0.008016692
0.0077738217
0.007813204
0.00772395
0.0077305324
0.0076853163
0.007833225
0.007541783
0.008264697
0.008021564
0.0074545536
0.007920097
0.0074403044
0.008214376
0.008129331
0.007476819
0.007841091
0.0074746446
0.008781064
0.009222267
0.008070561
0.0080956565
0.008903404
0.008301749
0.007882773
0.008002751
0.007667713
0.007795697
0.007477096
0.0076469374
0.007477146
0.007729205
0.007763281
0.00739028
0.0076061278
0.0073365425
0.007495513
0.007381274
0.0074119777
0.007218624
0.0076125003
0.007814423
0.007415285
0.007358243
0.007168925
0.007556208
0.0073812404
0.0072429352
0.0074659176
0.007297382
0.007172238
0.007559698
0.0073064812
0.007468937
0.0073278234
0.0074573793
0.007151253
0.007575726
0.0072630853
0.007479859
0.0074113472
0.0072196363
0.0072047203
0.007134574
0.0070807734
0.0070886216
0.006935188
0.0070607136
0.007172419
0.0069646165
0.0070308377
0.0070120282
0.006831248
0.0072417255
0.0071128136
0.006879291
0.006854043
0.0070027267
0.0068507628
0.0071867574
0.0073111057
0.0067647216
0.006867209
0.0068281083
0.0067717005
0.006896501
0.0066620554
0.007283915
0.0071353894
0.0068979883
0.0068937247
0.006952523
0.007115686
0.007072009
0.0072277603
0.007007481
0.0069096517
0.0067502563
0.0070295758
0.0072652283
0.0069417297
0.006695163
0.007117571
0.0068767243
0.006881349
0.0067292
0.0071563288
0.00682332
0.0069943215
0.006893041
0.006742479
0.0066377497
0.0069200746
0.006684309
0.0070314254
0.007053645
0.0065520625
0.0065518883
0.0069981157
0.006731508
0.00682547
0.006888699
0.0064992146
0.0066500814
0.0065548513
0.00653705
0.006492602
0.006504687
0.0064216848
0.006845893
0.006611843
0.0071146227
0.007434906
0.006609986
0.007550889
0.008032308
0.007253329
0.0069220196
0.006810431
0.006827081
0.0064530238
0.0071024583
0.0072198748
0.00661091
0.006935647
0.007204784
0.006710285
0.0065606423
0.006819062
0.006814403
0.0067528966
0.006645808
0.007005542
0.007018441
