0.28732646
0.09074164
0.048041176
0.028210811
0.028493276
0.023688352
0.026112681
0.025705671
0.021060625
0.025860155
0.028769791
0.025089055
0.02130057
0.023014864
0.025768109
0.024226556
0.021066135
0.0222226
0.024281943
0.023664415
0.021405915
0.020564504
0.021245398
0.020872066
0.020215219
0.021399653
0.021356517
0.020676369
0.020404834
0.020497715
0.020700214
0.020194458
0.019940982
0.020634284
0.020360231
0.020016389
0.020077748
0.020022117
0.020123737
0.019657487
0.021120345
0.020920195
0.021016106
0.020948956
0.020158881
0.019711604
0.019782126
0.019838708
0.020224942
0.01981611
0.019543203
0.019333407
0.019509884
0.01946524
0.019173786
0.018890353
0.01931958
0.019281304
0.018840672
0.018752998
0.018577358
0.018263562
0.018911028
0.018876227
0.017911531
0.017680218
0.017526262
0.017243931
0.017118871
0.01659311
0.017312936
0.016841551
0.015829988
0.015739163
0.0155469505
0.01530242
0.015250768
0.015169092
0.015046611
0.0149244545
0.015114751
0.014876492
0.015548457
0.015767325
0.015155237
0.014923041
0.015260146
0.014765385
0.015490617
0.015973242
0.015203995
0.0150332125
0.014903334
0.014987792
0.014472753
0.015397805
0.01574389
0.015020876
0.014797424
0.014875094
0.015120537
0.014801723
0.014326292
0.014394574
0.014482722
0.014273246
0.014869968
0.014977638
0.014093417
0.016306823
0.01832022
0.017140493
0.015767409
0.016382707
0.016508041
0.015630573
0.016331915
0.016492525
0.0149140535
0.015522644
0.016734054
0.015617296
0.014269863
0.015234989
0.015560161
0.014728114
0.014985423
0.0153143965
0.014588945
0.014769468
0.0152106285
0.014316537
0.0145693645
0.015090284
0.014161604
0.014576104
0.015150283
0.014296946
0.014586537
0.015227403
0.014354229
0.013861452
0.014155266
0.013765049
0.014370877
0.014685556
0.014003786
0.014424522
0.014786619
0.013913813
0.014331241
0.014945862
0.014063377
0.013906504
0.014400468
0.013791565
0.014008623
0.014497653
0.0138127105
0.013953569
0.01434921
0.013661274
0.01410257
0.014604968
0.013773215
0.013801021
0.014264627
0.01359775
0.013945063
0.014497644
0.013743934
0.013703406
0.014156401
0.013548009
0.013750207
0.014158372
0.013475965
0.013802786
0.014336345
0.013581857
0.013586919
0.014002762
0.013395111
0.013764824
0.01428697
0.013517976
0.013485932
0.013871513
0.013276813
0.013736817
0.014321845
0.013518426
0.013292915
0.013614141
0.01310806
0.013812582
0.014519791
0.013610743
0.013065076
0.013284449
0.012963459
0.013692667
0.014180284
0.013402431
0.013247974
0.013535716
0.013280359
0.013577558
0.013476838
0.012901232
0.013152525
0.013141018
0.013314617
0.01341905
0.012972232
0.0131591065
0.013035757
0.01312833
0.013173024
0.012700971
0.01326492
0.013533768
0.012968414
0.013526399
0.013807728
0.01286262
0.013398136
0.014146797
0.013265498
0.012724705
0.013025583
0.012559357
0.013185874
0.013689975
0.012821441
0.012885629
0.013404685
0.012712772
0.012791342
0.013199574
0.012539208
0.01289811
0.013432889
0.012672372
0.012600218
0.012907007
0.012378466
0.013109562
0.013750647
0.01287442
0.012414535
0.0127307065
0.0123472335
0.01297595
0.0135822175
0.012753987
0.012408279
0.01272698
0.01230438
0.0127882855
0.013274963
0.0125086745
0.012397704
0.012734209
0.012214872
0.012694101
0.013205043
0.012448072
0.012306149
0.012657069
0.012144282
0.012644194
0.013254206
0.012479405
0.012155056
0.012439982
0.01205619
0.012678872
0.013167236
0.012478049
0.012273497
0.012547302
0.012192801
0.012174085
0.012491807
0.012191319
0.012384617
0.013054565
0.012760133
0.011929885
0.012319152
0.012671578
0.012568389
0.0120493695
0.011967952
0.012172704
0.012021687
0.011854739
0.011931014
0.011778965
0.0115516335
0.011464863
0.0114449365
0.011248934
0.011355116
0.011327011
0.0113740815
0.011392258
0.010937554
0.010763529
0.010641135
0.010460836
0.010576715
0.010622238
0.010274298
0.0101056835
0.010077196
0.009734914
0.009717797
0.009616852
0.009515104
0.009515028
0.009320334
0.009228029
0.009376332
0.009325319
0.009477892
0.009259007
0.009037038
0.00929197
0.008634594
0.008928784
0.008666403
0.008590244
0.008481036
0.008396409
0.008263419
0.008282117
0.0081168115
0.007972255
0.007918534
0.007863369
0.0077475253
0.007597891
0.0076175244
0.0075154435
0.0074913055
0.0072885863
0.0073425067
0.007151257
0.007353818
0.0072645084
0.00700555
0.0069835004
0.00682177
0.0066970126
0.0071626776
0.006845447
0.007028273
0.00675644
0.0069266967
0.006574848
0.006925959
0.0067724907
0.006574514
0.0064206957
0.0063251616
0.006631773
0.0066889524
0.00628826
0.006191153
0.0062897764
0.006064074
0.0059708185
0.0060625114
0.006178453
0.0058119646
0.005950822
0.0060249623
0.0058544315
0.005889649
0.0057116696
0.0060018674
0.005757861
0.005636579
0.0055133193
0.005637923
0.005359585
0.0058678337
0.005504951
0.006064806
0.005923535
0.0054193833
0.0053038127
0.0055366824
0.005241769
0.005252959
0.0051519885
0.0050512273
0.005240662
0.00511654
0.005014665
0.004959768
0.0049091536
0.004855727
0.005071303
0.0048895967
0.005498461
0.0052485517
0.005364787
0.0051896144
0.0050840206
0.0051730894
0.0049317796
0.004983658
0.0047994354
0.0048507354
0.0046928767
0.004782956
0.0049165613
0.004612796
0.0046305046
0.0045163445
0.0046916916
0.0044808113
0.0049092155
0.004819583
0.004555647
0.004451199
0.0049167764
0.004567648
0.004387839
0.004330054
0.0043915785
0.0045238314
0.0043884963
0.0043135392
0.004396906
0.0042963433
0.004385188
0.0042380714
0.004175571
0.004458231
0.004347487
0.004096069
0.0049058166
0.004838294
0.00467552
0.0044192993
0.0044056373
0.0043218476
0.004369926
0.004240445
0.0043964665
0.004431636
0.0043433835
0.004222477
0.0041415277
0.0039888336
0.004537787
0.0043907627
0.0039489944
0.003969884
0.0042304425
0.004153835
0.004168833
0.0042102705
0.003821132
0.0037739698
0.004125418
0.003893575
0.0040986584
0.004133958
0.0036917238
0.0036514092
0.00425151
0.004090171
0.0039776727
0.0039469353
0.003909916
0.0037589455
0.0041322685
0.0039212643
0.0038711086
0.0038434893
0.0037400175
0.0037004228
0.003917482
0.003941544
0.0036592868
0.0036808243
0.0038109894
0.003708312
0.0039376887
0.0038604767
0.0037003232
0.003677293
0.003652578
0.0035645764
0.0038242291
0.0037574153
0.0035520645
0.0035815944
0.0036686372
0.003678913
0.0035190573
0.0035794706
0.0035937408
0.0034602962
0.0037394592
0.00360719
0.0035683152
0.0035215064
0.0035847046
0.0034206256
0.0037214793
0.0037059498
0.0033264037
0.0033864367
0.0036302097
0.0034532093
0.00346103
0.0038015842
0.0034720667
0.0037401747
0.0037866777
0.0032467889
0.0034440656
0.0032087013
0.0036946314
0.00341421
0.0039192443
0.004068417
0.0034606073
0.0035371399
0.0035529656
0.0032997075
0.0034355458
0.0031315975
0.0034654841
0.0033884707
0.0033958543
0.0032739074
0.0033830802
0.0033822497
0.0033087537
0.0031627573
0.003408287
0.003239885
0.0033357467
0.0032518592
0.003249297
0.003216563
0.0032631655
0.0032859251
0.0031046923
0.0032995467
0.0030080632
0.0035871863
0.0035968807
0.0030159561
0.0038530678
0.0040653725
