0.2899
0.0526387
0.060649116
0.04017201
0.025792116
0.027868995
0.02599462
0.0249782
0.024587251
0.023605421
0.024012959
0.02347395
0.022729719
0.023188325
0.022839367
0.022356376
0.022666434
0.022361942
0.022179022
0.022296473
0.021975948
0.021972785
0.021896264
0.021608954
0.021638712
0.021527907
0.021426296
0.021143122
0.021505544
0.021415045
0.02088434
0.021235818
0.021119228
0.020699697
0.020492561
0.020692857
0.020374252
0.02051265
0.020164706
0.020160804
0.020033946
0.01978342
0.019606166
0.019643484
0.019476363
0.019285759
0.019199796
0.019159231
0.019049607
0.019051649
0.018984308
0.018859483
0.018953092
0.018764963
0.019177638
0.01909553
0.018710187
0.018617958
0.019041223
0.01894477
0.0186821
0.01866571
0.018679896
0.01862009
0.018611917
0.018529141
0.018640826
0.01859759
0.01858099
0.018581254
0.018475348
0.0185328
0.018422404
0.018504737
0.01839803
0.018569304
0.018568065
0.018313883
0.01868844
0.018479297
0.018476142
0.018479362
0.018497232
0.018337203
0.018559815
0.018573845
0.01817747
0.018243812
0.018199015
0.018125651
0.018120991
0.018118491
0.018117534
0.018012537
0.018262863
0.018054903
0.018407136
0.018555533
0.018039756
0.018253021
0.01845503
0.018031511
0.018104421
0.01829085
0.017828858
0.018516198
0.019167017
0.018525288
0.017746033
0.018695064
0.019538248
0.018725006
0.017840203
0.018122366
0.018615605
0.018231908
0.01761765
0.018319858
0.018876046
0.018391157
0.017963665
0.018007018
0.018093584
0.017631894
0.018047916
0.018433532
0.0181565
0.017838726
0.017525276
0.017684476
0.017343083
0.017603168
0.017693155
0.017639972
0.017295765
0.01750759
0.017559862
0.017188072
0.017026247
0.017100625
0.017066859
0.016998902
0.016672729
0.017232826
0.017239196
0.016504463
0.016860306
0.016702225
0.016516453
0.016439782
0.016236637
0.016024109
0.01575145
0.016050989
0.015668323
0.016436504
0.01727215
0.016525304
0.015680112
0.01593351
0.016068343
0.015737392
0.015464484
0.015392653
0.015459806
0.0153602995
0.014935099
0.015320208
0.015601861
0.015378643
0.014950596
0.014887164
0.01484073
0.014751442
0.014560759
0.014536514
0.014385591
0.014376053
0.014277454
0.0142756
0.014319468
0.014324207
0.013820763
0.014191843
0.013724309
0.014066175
0.014308873
0.013326377
0.0134868035
0.013345917
0.013463537
0.01315995
0.013817291
0.013860474
0.012642314
0.014201448
0.014792681
0.012825012
0.014071039
0.015345119
0.013108268
0.012582078
0.013476298
0.012503085
0.012864036
0.013618305
0.012449202
0.012392871
0.013103161
0.012157247
0.0123462835
0.012687103
0.011769216
0.01280117
0.013660677
0.012366928
0.011850585
0.0123352595
0.011860423
0.011839655
0.012407862
0.011600646
0.011970714
0.012097825
0.0112154735
0.011630636
0.011596744
0.011426228
0.011509771
0.011232753
0.011337645
0.011164547
0.011156212
0.0110035995
0.011104832
0.010794323
0.010979387
0.010732013
0.010768992
0.010742642
0.010512042
0.010467831
0.010574547
0.010340367
0.010644344
0.0106319925
0.010204942
0.010880042
0.010525259
0.010492235
0.0104265595
0.0102993045
0.010267024
0.0100490255
0.010103115
0.009998074
0.010117345
0.009936426
0.009956488
0.010069659
0.00972806
0.010055375
0.010055548
0.009752398
0.009820436
0.009822342
0.0096244635
0.009711643
0.009628467
0.009887267
0.009914442
0.009573598
0.009689274
0.009665753
0.009784051
0.009510598
0.009786685
0.009657654
0.009745872
0.009425169
0.009867935
0.00934867
0.010002559
0.009877762
0.0092453705
0.009317161
0.009477306
0.009214902
0.009697107
0.009699103
0.009234231
0.009255732
0.00935927
0.009228609
0.009672825
0.00978103
0.009078112
0.009339756
0.0092080515
0.009003047
0.0090488335
0.009002873
0.008945062
0.00902205
0.008862818
0.00959175
0.009559625
0.008893217
0.009738386
0.010216678
0.009275557
0.0093473345
0.009867926
0.009602469
0.008758982
0.009373774
0.009223445
0.008955562
0.009007501
0.008788277
0.0088850325
0.008896078
0.008814138
0.00877355
0.00871216
0.008749007
0.0086115785
0.008526282
0.008748571
0.0087309675
0.008758924
0.008808118
0.008544479
0.008782241
0.008561778
0.009027741
0.00925431
0.008784345
0.008650621
0.008577728
0.008516155
0.008624191
0.008436959
0.009292679
0.009404716
0.008465887
0.008906525
0.0089219175
0.008583047
0.0087650465
0.008649062
0.008499612
0.008565772
0.008696701
0.008540966
0.008328852
0.008253053
0.008357023
0.008679792
0.008448985
0.008950637
0.009054314
0.008817925
0.0085112
0.00871173
0.0086729005
0.008407638
0.008288524
0.008338861
0.0082638515
0.008198663
0.0080662975
0.008272015
0.008237401
0.008178923
0.008363782
0.00816
0.008489245
