0.2863665
0.063463755
0.056604404
0.033455387
0.029158862
0.02815188
0.024010321
0.023160258
0.024113959
0.021606712
0.021714717
0.022670085
0.021278039
0.020851394
0.02130439
0.02078684
0.020482123
0.020911025
0.020731598
0.02023454
0.020278549
0.020742107
0.020326665
0.021194443
0.021153271
0.020133441
0.020535713
0.020389915
0.020174747
0.020133741
0.020126956
0.019790033
0.019926144
0.019642884
0.019724637
0.019558663
0.019481234
0.01932789
0.019386975
0.01912612
0.019152159
0.018991698
0.018450927
0.018370911
0.018028399
0.017981613
0.017767126
0.017557934
0.017497139
0.017399987
0.017099967
0.017171403
0.016978798
0.016832808
0.016562585
0.017098086
0.016704222
0.016550658
0.016420806
0.016310148
0.016066844
0.016118418
0.015881004
0.015576262
0.015358877
0.015681528
0.015579663
0.014955486
0.014899674
0.014824469
0.014278178
0.01424712
0.014159109
0.013679694
0.014648738
0.014596154
0.01328989
0.014198542
0.014589645
0.013387223
0.013277517
0.0130780535
0.013464513
0.0128297405
0.012356498
0.012459529
0.012257191
0.011792413
0.012949705
0.013148787
0.011412398
0.013931657
0.016863616
0.015223476
0.012009422
0.013241791
0.016094577
0.015183189
0.012317792
0.012277479
0.013160028
0.012681429
0.012188892
0.012042303
0.011466461
0.011459003
0.012088723
0.011728886
0.011314911
0.011649261
0.011380059
0.011036287
0.010899368
0.010919079
0.0109199425
0.010694943
0.010524181
0.010489986
0.0105054015
0.010388798
0.0102357725
0.010370434
0.010276287
0.010176545
0.010236016
0.010055898
0.010030379
0.0099120485
0.009767679
0.009823083
0.009723553
0.009631497
0.009523537
0.00954206
0.009366656
0.009627863
0.009576796
0.009272367
0.009150459
0.008911085
0.009550199
0.009138286
0.009263086
0.009382525
0.009083622
0.008985665
0.008928183
0.00890427
0.008490072
0.008385309
0.008530191
0.00858266
0.00829319
0.0081897015
0.008504261
0.008491749
0.008139486
0.008143088
0.00811611
0.008123695
0.007981214
0.008206253
0.008012724
0.008170683
0.008116342
0.007824145
0.008745818
0.008379363
0.008266949
0.008326143
0.007975681
0.007864562
0.008299553
0.007785996
0.008228005
0.00824871
0.007779028
0.007661752
0.007894192
0.0075919614
0.008064328
0.0076106093
0.008242644
0.008002122
0.0076898434
0.007737477
0.007659375
0.007675188
0.0075513385
0.0077301855
0.00755791
0.00749366
0.007827693
0.007796401
0.0073683597
0.0075032986
0.0073996983
0.007339207
0.007478421
0.0074186656
0.007249955
0.0072072656
0.0073032514
0.0072388775
0.0072604003
0.007165925
0.0072738566
0.007149277
0.007328883
0.0072278245
0.007135117
0.007020844
0.007304041
0.0071122996
0.0071679503
0.0070826598
0.0070579075
0.0069641583
0.0071263253
0.0070387167
0.007008534
0.006975476
0.00697165
0.0069309087
0.006943997
0.0068607205
0.0069657057
0.0069090254
0.006834354
0.006789293
0.006854406
0.0067788265
0.0068034935
0.006726789
0.006804446
0.0067111948
0.0067523867
0.0066779885
0.006739139
0.0066878363
0.006680133
0.0066067353
0.0067159166
0.006635589
0.00659331
0.006555468
0.0065497425
0.0065052714
0.006514633
0.0064526065
0.0065719183
0.006446082
0.0066769547
0.0066533014
0.006323216
0.0063051046
0.006327419
0.006181829
0.007010845
0.007142738
0.0062579117
0.007710492
0.008896839
0.007648395
0.006864393
0.007459478
0.006896839
0.0065863156
0.0069790496
0.00648146
0.0062884283
0.006538492
0.006231189
0.006294004
0.0064893835
0.0063104443
0.0061506075
0.0063747284
0.0064163855
0.0060585304
0.005991437
0.0062439293
0.006057142
0.006160204
0.0062378757
0.0059767948
0.0059138476
0.005952629
0.0058673383
0.0058889636
0.005860478
0.005943775
0.0058990275
0.0058688894
0.0060039163
0.005697975
0.006197223
0.006183496
0.0058560832
0.0058667487
0.005847649
0.005787646
0.0057286234
0.005552272
0.005876444
0.005768955
0.005714415
0.005798742
0.005939223
0.005644568
0.0059949667
0.0059320307
0.0055654775
0.0056257597
0.0056915977
0.005396176
0.006007696
0.005807795
0.0056073624
0.0055251606
0.0056576678
0.005443655
0.005768074
0.0056884345
0.0054251677
0.0053394046
0.005778463
0.0056900694
0.005412014
0.0054366733
0.0054397383
0.0053826435
0.0055547343
0.0055513997
0.005416513
0.005436136
0.0054354053
0.005382281
0.0054523232
0.005475566
0.0053006858
0.0053537637
0.0053453357
0.0052793548
0.005404862
0.005342784
0.0052961423
0.0052921195
0.005240141
0.0052204966
0.0052576847
0.0052482807
0.0051996773
0.00518647
0.005199484
0.005192669
0.00506724
0.0050819963
0.0050440687
0.0049913595
0.005139567
0.005111903
0.0049802475
0.0050521414
0.004877135
0.0049452805
0.004870934
0.0048498656
0.0048625697
0.004629366
0.005653668
0.005830478
0.004700998
0.005613787
0.005637646
0.004585771
0.0056337477
0.0060104257
0.0048263515
0.0053555802
0.0060916697
0.005245155
0.005051348
0.0051894225
0.005026157
0.004971285
0.0046722605
0.0052171145
0.0050483025
0.0045453324
0.004820515
0.0045060874
0.0044704224
0.0043550567
0.0045056217
0.0043917815
0.0044827866
0.0047120634
0.00422451
0.004639082
0.004588172
0.0042982246
0.004360665
0.0043138103
0.0042814068
0.0040857033
0.0045138593
0.004167512
0.00495473
0.0053983987
0.0043651625
0.004779664
0.0053124432
0.0048828484
0.0044740415
0.0046146396
0.0045491136
0.0042701806
