0.28778604
0.046266466
0.07591417
0.053987578
0.023330132
0.04002851
0.048348222
0.03336503
0.022471778
0.027706394
0.032262255
0.02886849
0.024844
0.023295024
0.02367855
0.025605312
0.024804214
0.021887252
0.022390038
0.023845816
0.022940338
0.021099955
0.023028618
0.024821363
0.023668623
0.022098718
0.021205926
0.021674506
0.022008518
0.021576248
0.020655558
0.021905312
0.02291177
0.021766745
0.021293111
0.021124898
0.02084113
0.021206817
0.020674005
0.0207423
0.021073723
0.02061575
0.020638464
0.02051434
0.02078288
0.020760851
0.020245181
0.0209328
0.02108369
0.020495296
0.020396361
0.02058682
0.020161392
0.021214386
0.021488631
0.020836458
0.020492507
0.020180292
0.020519553
0.019956635
0.020849528
0.021309085
0.020276593
0.020924771
0.021179477
0.020129377
0.020846022
0.021048227
0.019839607
0.021050373
0.022506973
0.020893084
0.019716239
0.020051539
0.01974403
0.020144803
0.020189695
0.01964772
0.019786
0.019709751
0.019777479
0.019649511
0.019646032
0.01966306
0.019349374
0.019360224
0.01928106
0.019380076
0.019179
0.020072967
0.020297818
0.019289441
0.020184068
0.02109992
0.020036016
0.019193998
0.019616807
0.019108547
0.019336637
0.019654721
0.018857993
0.019860046
0.020692121
0.019550527
0.019229269
0.019341778
0.01869983
0.019424576
0.019910062
0.018736105
0.018983351
0.019636398
0.018832088
0.018935068
0.019344823
0.018379841
0.01882224
0.019502258
0.018520175
0.017986422
0.018224765
0.017712368
0.018380813
0.018680636
0.017691134
0.017873757
0.018169988
0.017146995
0.017526068
0.017568821
0.016824132
0.0171031
0.017637191
0.016845904
0.016988916
0.01727772
0.016410207
0.01651341
0.016967004
0.016199091
0.016417561
0.016866213
0.016085774
0.015944006
0.016171942
0.01556018
0.015840014
0.016253019
0.015470331
0.015318926
0.015640222
0.0150120715
0.015260984
0.015670562
0.014711798
0.015275423
0.015991358
0.015112053
0.014519003
0.014869705
0.014725574
0.01387883
0.014603841
0.014942393
0.014094655
0.013767715
0.013904748
0.013640326
0.013219257
0.013149238
0.013240028
0.013406212
0.013206729
0.012973472
0.0120127825
0.012159224
0.01206508
0.011891249
0.011462465
0.011008735
0.011276041
0.0110672265
0.010759383
0.010642192
0.010482193
0.010742287
0.010622065
0.010456438
0.010261503
0.01002854
0.009949864
0.009931096
0.010001774
0.009724579
0.010436349
0.0107120825
0.0098319305
0.010567829
0.011208777
0.0098616965
0.010710947
0.011321296
0.009613015
0.009924249
0.010678037
0.009783878
0.009805577
0.010388845
0.009292811
0.010143044
0.011134297
0.009768844
0.009374545
0.009663307
0.009065061
0.010827688
0.011318249
0.009420068
0.010143439
0.010407911
0.009863548
0.009154835
0.010032689
0.010635025
0.008766594
0.011461071
0.013878924
0.011905697
0.008884763
0.012615974
0.016247205
0.014925923
0.011180938
0.01013616
0.011961603
0.011601143
0.009877043
0.00929524
0.009864779
0.009833605
0.009834167
0.0095359925
0.008826965
0.009598178
0.010034327
0.009037448
0.009295899
0.01015068
0.009194315
0.008525989
0.008658949
0.008331531
0.0085454965
0.008564214
0.00854927
0.008222698
0.008436424
0.008445926
0.008234768
0.008262597
0.007957775
0.008201386
0.00789161
0.009044007
0.009243681
0.00833462
0.008407027
0.00833262
0.008078816
0.008250554
0.008137167
0.007541612
0.0076054656
0.007971805
0.0076914295
0.008454685
0.008580112
0.0077924985
0.0080710575
0.007954077
0.007549959
0.007835233
0.007824355
0.007295314
0.007301383
0.0076434496
0.0074413964
0.0076921633
0.0078937635
0.007274145
0.007913155
0.008437705
0.007563725
0.007530211
0.007818397
0.0073187067
0.0072372295
0.0076537556
0.0072366246
0.007339817
0.0073953774
0.0072232247
0.007315138
0.0073382533
0.0070537254
0.0071702735
0.007254198
0.006862309
0.0071571465
0.0070155635
0.007133841
0.007458201
0.007016316
0.0073832856
0.0079000825
0.0072296187
0.006816145
0.0072265286
0.007150104
0.006743197
0.007547798
0.007781727
0.0071848985
0.00686723
0.0070123053
0.0068177744
0.0071852407
0.0072338306
0.007297348
0.007176725
0.0072288737
0.007344493
0.007427968
0.007074744
0.007249595
0.0075625232
0.006789261
0.0071256533
0.0069862865
0.0067116586
0.0072467006
0.007226376
0.006802259
0.006685849
0.006713578
0.006711155
0.006793319
0.006654486
0.0065905377
0.0065256157
0.0066829077
0.0064307763
0.007093457
0.0071014888
0.0063643754
0.0065961382
0.0066098236
0.006560035
0.0064789564
0.0065367376
0.0062917457
0.0068103857
0.0066891476
0.006361019
0.0062731947
0.0066972114
0.0064797513
0.006507326
0.0064759254
0.0061536725
0.006149043
0.0061943065
0.0061096125
0.0064157373
0.0062168487
0.006500462
0.0064204433
0.006070804
0.0060770228
