0.2877656
0.082671374
0.070095815
0.03242398
0.029922923
0.02838481
0.022070779
0.025266578
0.024926772
0.021411851
0.024358636
0.025559856
0.02194866
0.02206228
0.023433173
0.022921056
0.020766264
0.023559054
0.025763156
0.023759449
0.021319559
0.021651635
0.022856714
0.022627473
0.020858606
0.022247657
0.024088195
0.02304385
0.022181148
0.021709993
0.020941535
0.022352299
0.022941813
0.02103672
0.021476513
0.022165189
0.021498917
0.021647548
0.021600714
0.020456692
0.022216504
0.023543378
0.02222387
0.021236243
0.021607747
0.021719756
0.020716222
0.021568568
0.02233111
0.02096323
0.020934334
0.021575073
0.020910904
0.02057185
0.020894019
0.020260617
0.021982422
0.023098782
0.021370975
0.02105377
0.021684045
0.021117553
0.020650843
0.02069796
0.021037802
0.020556845
0.020633362
0.020662805
0.020051919
0.02002394
0.020219447
0.020108243
0.02031599
0.020045772
0.020410014
0.020561932
0.019999396
0.020529518
0.020636227
0.020213276
0.020536685
0.02038227
0.019813893
0.020669434
0.02099716
0.020645507
0.01998461
0.020581901
0.02100797
0.020359343
0.020040756
0.020085482
0.02019545
0.019806175
0.01971966
0.019697892
0.019555435
0.01956482
0.01981415
0.01954946
0.020228563
0.020276295
0.019364316
0.020045022
0.019985205
0.019833984
0.019518344
0.019285569
0.019261388
0.019244904
0.018908998
0.01956478
0.019483797
0.01892002
0.018701857
0.018808367
0.01848192
0.019144485
0.019186737
0.018564148
0.018025873
0.01821258
0.01809343
0.018107736
0.017694883
0.017545281
0.017435895
0.017374704
0.016940452
0.016360935
0.016260555
0.016279237
0.016038857
0.016246764
0.01626497
0.01614102
0.015796192
0.015743336
0.015591565
0.015368124
0.015308299
0.015683554
0.0154531775
0.015249816
0.015093692
0.015310594
0.015220045
0.015036221
0.014957197
0.015002898
0.014871131
0.014938709
0.014881563
0.01467649
0.014529736
0.014999195
0.0147527205
0.014601919
0.014470201
0.014656402
0.014611848
0.014262378
0.014191855
0.014316596
0.014157635
0.014163195
0.013952598
0.014234237
0.014109236
0.013793749
0.013680753
0.01403584
0.013916078
0.0135185765
0.0133436015
0.013829763
0.013521063
0.013342426
0.013241234
0.013150718
0.013010297
0.013177954
0.013261688
0.012616519
0.012773514
0.012787835
0.012522136
0.012943946
0.012746151
0.012121526
0.013282525
0.013403428
0.01271306
0.012448278
0.012336619
0.0121078035
0.01213806
0.012257676
0.012252934
0.012265558
0.012176185
0.011850103
0.011811122
0.011715836
0.01152332
0.012060705
0.01184459
0.011556176
0.011792947
0.011758429
0.01148844
0.01205572
0.012226101
0.011764194
0.011475044
0.011412595
0.011541775
0.011051278
0.011414621
0.01123912
0.011331634
0.011151734
0.011397932
0.010986344
0.010982574
0.011469078
0.011736023
0.010984083
0.011138258
0.011287843
0.010544402
0.011663929
0.011700372
0.010514714
0.010800094
0.0109411115
0.010600105
0.010757927
0.010395975
0.01063561
0.010417533
0.010760183
0.010551884
0.010395159
0.010330853
0.010290682
0.010252768
0.010371542
0.010313939
0.00994001
0.009865378
0.010284539
0.010164688
0.0099839745
0.009968009
0.010024709
0.009857228
0.010033317
0.010010482
0.009994182
0.010014293
0.009930965
0.009800636
0.009920701
0.009572926
0.010075677
0.009744275
0.01013854
0.010063642
0.00957361
0.009628939
0.009668005
0.009563413
0.0099817505
0.010234438
0.009472333
0.009766861
0.009447839
0.0096010165
0.009380503
0.009598688
0.009319839
0.009801246
0.009292862
0.009707308
0.009556443
0.010342731
0.010678351
0.0094110845
0.010214311
0.0104892
0.00987007
0.009883701
0.009287648
0.010484748
0.011278403
0.009848387
0.010297347
0.011102115
0.010311868
0.010175907
0.010633957
0.009834778
0.010428789
0.012070482
0.0111315185
0.010022932
0.01080552
0.011215079
0.010530114
0.010412985
0.010214981
0.010287686
0.010124526
0.00966499
0.009388161
0.008939027
0.009670415
0.009466673
0.008995508
0.008922766
0.009287529
0.009245863
0.008803663
0.008734505
0.009047746
0.008760783
0.009471142
0.009572075
0.008582657
0.008565812
0.008788747
0.00863034
0.009267825
0.009205786
0.008441251
0.008399586
0.008909839
0.00877317
0.009315416
0.0095432475
0.00859078
0.0096872
0.010821618
0.009628054
0.009160843
0.010453685
0.009457735
0.008765135
0.009773336
0.008717018
0.010491095
0.011439279
0.009465117
0.009244499
0.009746768
0.008975503
0.008776656
0.0095514795
0.008935262
0.008530702
0.008831379
0.008197409
0.008344031
0.008534393
0.008582047
0.008981087
0.008992546
0.008799632
0.008508804
0.008432651
0.008530158
0.008300118
0.008163969
0.008154923
0.007975736
0.008280079
0.007886915
0.008544926
0.008613129
0.008535904
0.008342899
0.008662499
0.008028497
0.008513917
0.00841922
0.008224825
0.008437141
0.008192287
0.008110903
0.007889937
0.0077284686
0.008079436
0.00791631
0.007877956
0.007913016
0.007972199
0.007751934
0.008193079
0.00782701
0.007943434
0.007819756
0.007784862
0.007793535
0.0076592155
0.0076213866
0.0078077097
0.007717947
0.007750325
0.007590788
0.0077037443
0.0076119304
0.007753402
0.007734624
0.007364391
0.0072874725
0.007921637
0.0076202448
0.0075937435
0.007437876
0.0077456622
0.007601743
0.0076078232
0.007602723
0.007317594
0.0071944892
0.007611115
0.007404852
0.0077174045
0.0074530593
0.007475309
0.0074233874
0.0073951916
0.0073848255
0.00733122
0.007285356
0.0073587596
0.007185306
0.0074136467
0.007288405
0.0073544234
0.007309176
0.0072813253
0.0072211265
0.0072180554
0.0071705002
0.0072753844
0.00728921
0.007123968
0.0070908405
0.007161362
0.007057328
0.007129776
0.0070810565
0.0072410195
0.0069359853
0.0078490125
0.00764695
0.0069217547
0.0070595033
0.0072665997
0.007054251
0.0070153303
0.0069239847
0.007151729
0.0068881717
0.007459315
0.006996846
0.0075378004
0.007517699
0.006783553
0.0067909807
0.0071733207
0.0070730164
0.0069262194
0.006794315
0.007066442
0.006877423
0.0068886355
0.006804241
0.0070207585
0.006962907
0.00666932
0.0066410615
0.0067947693
0.006537568
0.0075362884
0.007502856
0.0065319017
0.0069023096
0.0067853727
0.006537463
0.00705264
0.0066772937
0.0076231235
0.008251146
0.007600166
0.0075535364
0.007512471
0.006979747
0.007707847
0.006985272
0.007492148
0.007701621
0.007252053
0.0074180705
0.0069210883
0.0068474724
0.00712969
0.0067747976
0.0073201894
0.007090705
0.0077579343
0.008839856
0.0066864616
0.009656076
0.012317176
0.0102124475
0.00773724
0.009270328
0.010340112
0.008492951
0.007943875
0.008571506
0.008260137
0.007938259
0.0076589338
0.007557227
0.008080496
0.0073464164
0.007254068
0.008199646
0.007079519
0.006907077
0.007687839
0.0065915305
0.007718902
0.008582667
0.006943798
0.0075177667
0.008569598
0.00690287
0.0070718727
0.0078083724
0.006496792
0.007435033
0.008336696
0.0068392907
0.006958729
0.0075500538
0.0066224984
0.0068579395
0.007480774
0.0065847966
0.0068493015
0.0075823814
0.0066283303
0.0068209902
0.00751964
0.0064978697
0.0068963207
0.0074107237
0.0064213253
0.00699122
0.0077286027
0.0065410775
0.0067126215
0.007453739
0.006469281
0.006516447
0.0070562134
0.006345631
0.006606061
0.006923171
0.006272245
0.006632335
0.0068969275
0.0067916103
0.006288664
0.0065583214
0.0067193736
0.0061398544
0.0064588147
0.006667093
0.0062591364
0.006153001
0.0066978377
