0.28888896
0.057366684
0.053614933
0.03471602
0.02707125
0.027552215
0.025661454
0.02569168
0.02525323
0.022565482
0.02468884
0.025431866
0.023070639
0.022160083
0.023659922
0.022789016
0.021502385
0.02198162
0.02173558
0.020854956
0.021194672
0.020778926
0.0205809
0.020351216
0.02024023
0.019863706
0.019842675
0.019615611
0.019501785
0.019406969
0.019136509
0.019060884
0.018988073
0.018590746
0.018465621
0.018428316
0.01793844
0.017987886
0.017723227
0.017348753
0.017513439
0.01740115
0.016934277
0.016592765
0.016652394
0.016629243
0.016251134
0.016045297
0.016492123
0.016150469
0.015940929
0.01562121
0.015689386
0.0155712245
0.015242857
0.015062675
0.015289041
0.015126082
0.014948807
0.014899815
0.014819714
0.014586034
0.0153037505
0.015260066
0.014529408
0.015003615
0.014977706
0.014462111
0.014627822
0.01443307
0.0144914435
0.014373957
0.014029129
0.013922515
0.014011911
0.01385703
0.013867024
0.013586775
0.014063168
0.01410086
0.013800524
0.013442208
0.013465772
0.013214488
0.013187647
0.013097856
0.012940429
0.013030596
0.012760739
0.01278301
0.012875888
0.012614462
0.012374233
0.012491723
0.012306556
0.012105882
0.012053825
0.011879628
0.01180967
0.011832626
0.011666519
0.011453998
0.011639186
0.0114246905
0.011398164
0.011021907
0.011313707
0.011255838
0.0108941
0.011088929
0.01052698
0.010884494
0.010597606
0.010737304
0.0103738895
0.01022298
0.010051749
0.010361767
0.010009923
0.010975241
0.011229214
0.009901298
0.011563062
0.012941093
0.011399406
0.010482036
0.010645163
0.010543689
0.010056921
0.009927792
0.0103924945
0.009528656
0.010369088
0.010764413
0.009469066
0.010327016
0.010823513
0.00988036
0.009547234
0.01010005
0.009820613
0.009009031
0.009381846
0.00929755
0.009116468
0.00905798
0.00877596
0.008698623
0.0087457495
0.008566302
0.008574914
0.008527226
0.00828967
0.008255408
0.008291501
0.008099809
0.007995847
0.0077825785
0.008062399
0.00771624
0.007956975
0.00791756
0.007881784
0.0076303557
0.007809648
0.007521372
0.007833042
0.007631729
0.0070273825
0.006934257
0.0073570446
0.0071811285
0.007124703
0.0070093074
0.0069664163
0.0069569685
0.0066412822
0.006560556
0.0067227
0.0064947144
0.006742351
0.006569469
0.0065727434
0.006344509
0.006691523
0.0064300224
0.006466819
0.0062766913
0.006589578
0.006499411
0.006116988
0.0059560263
0.006453136
0.006177791
0.0061311685
0.006068869
0.005936569
0.0058965688
0.00606464
0.0060273013
0.005892098
0.0058460175
0.005768001
0.0056530945
0.005846663
0.0057674795
0.005626193
0.0055460786
0.005717212
0.0055721453
0.005572535
0.005544322
0.0054351687
0.005351937
0.005557552
0.0054839887
0.005295078
0.0052631274
0.0052911057
0.0052043167
0.005387642
0.0053344793
0.0051606107
0.005200206
0.0052459673
0.0051974654
0.0052740723
0.005351234
0.0050739585
0.0050923876
0.0050891037
0.0050685364
0.0050110314
0.0048842956
0.005440313
0.0051966873
0.005059176
0.0049085864
0.005165128
0.004729632
0.005439352
0.0053174295
0.0046623894
0.0049716583
0.0046167914
0.004822618
0.004751373
0.004779321
0.0049998197
0.0045462796
0.004832714
0.0051141256
0.004458868
0.004919496
0.0053144465
0.004561583
0.0047950377
0.0052321474
0.004717532
0.0044338037
0.0047550057
0.004525758
0.004242294
0.0047058207
0.0046512038
0.004704361
0.0045447224
0.004905533
0.0050413264
0.004285164
0.0044284933
0.0045103026
0.0042511714
0.0045548026
0.0043307464
0.0043180794
0.004302767
0.004094076
0.00405346
0.0043110964
0.004209315
0.004080986
0.0040187263
0.0042777923
0.004024688
0.0041815913
0.0041822544
0.0039876285
0.0038611975
0.0041234544
0.0040033427
0.003953163
0.003925664
0.0038476668
0.0037883066
0.004056333
0.0039788876
0.0036900267
0.003631261
0.0039370726
0.0038380884
0.0037225157
0.0036603443
0.0037014273
0.0035747879
0.0038550098
0.0038290757
0.003495181
0.0034478277
0.0037624112
0.0036550711
0.0035458468
0.0034938313
0.003533813
0.0033808134
0.0037213797
0.0036184501
0.0034690101
0.003410273
0.0035374623
0.0033962782
0.00355108
0.0034294792
0.0034112986
0.003290234
0.0034490507
0.0032682791
0.003451731
0.0033649828
0.003209183
0.0031099205
0.00351042
0.0034716178
0.003037733
0.0031509583
0.0033260689
0.0030112404
0.0039407955
0.003840728
0.0032630481
0.003751103
0.0035918083
0.003373409
0.0036790166
0.003037423
0.0032600164
0.003120604
0.0030919302
0.0028906278
0.0032859251
0.0031702362
0.0030305926
0.0032141367
0.0028825293
0.003813547
0.0042792656
0.0036340465
0.0033921136
0.0033016063
0.0033963367
0.0031896345
0.0033644198
0.002873595
0.003250078
0.0031735383
0.003248772
0.0031494445
0.0032276462
0.0031672434
0.0029546637
0.003079159
0.0029044256
0.0029356407
0.002956147
0.002750635
0.0030970182
0.0028758582
0.002911229
0.0026502146
0.0028851803
0.0027869644
0.0029919276
0.002911766
0.003046385
0.0032236075
0.0028129958
0.0032203111
0.002635723
0.0033877112
0.0032317198
0.0030759752
0.0032553934
0.0032800727
0.0030200873
0.00314027
0.0031588804
0.0027221704
0.0028243975
0.0028385643
0.0026267327
0.0030640578
0.00293129
0.0025455535
0.0025396328
0.0026793808
0.0024846983
0.0030211601
0.0028974458
0.002656738
0.0024709143
0.0028028144
0.0025927618
0.0030183059
0.0029950328
0.0025532078
0.0025073306
0.002752577
0.0024731467
0.002965698
0.0030637763
0.0024803907
0.0026124597
0.0026544444
0.0024939228
0.002869159
0.0029615469
0.0025919087
0.0025884665
0.002632011
0.002523009
0.0025101323
0.0025213675
0.0025880246
0.002466984
0.0025637227
0.002472691
0.0025485742
0.0023562966
