0.29029825
0.0660699
0.055058468
0.031375796
0.03312302
0.029709702
0.025084712
0.026958873
0.027769461
0.023864888
0.023052404
0.024384564
0.022802753
0.02248788
0.023049952
0.022391317
0.022020334
0.0226634
0.022014054
0.022352582
0.02237668
0.022171974
0.021575555
0.021962153
0.021476502
0.021623485
0.021191873
0.02099897
0.02100504
0.020293258
0.02065537
0.020448387
0.019908026
0.019836022
0.019780457
0.01949966
0.019802982
0.019597692
0.01944404
0.019336967
0.019258967
0.018720532
0.0196877
0.018806139
0.019405736
0.019754305
0.018223433
0.020976333
0.022894913
0.019735768
0.01820491
0.01881261
0.018273732
0.018109681
0.01799374
0.01708403
0.017619608
0.017473573
0.016734645
0.01640665
0.01601944
0.015702127
0.01564826
0.015345964
0.015225935
0.01489877
0.01441403
0.014979675
0.014601191
0.014672764
0.014446199
0.013816967
0.013425498
0.014319842
0.014143385
0.0138151655
0.01360038
0.013186142
0.012968619
0.013891698
0.013637346
0.012684129
0.01256169
0.012955714
0.01251185
0.01312849
0.013047534
0.012131006
0.012065291
0.012499935
0.0121870935
0.012328046
0.012320634
0.011749789
0.011549287
0.012406144
0.01219372
0.011618786
0.011496308
0.0118880095
0.011598269
0.011689617
0.011592138
0.0114490045
0.011241396
0.011501084
0.011214231
0.011603096
0.011454143
0.011089397
0.011031947
0.01122536
0.01112642
0.011322185
0.011418913
0.011106592
0.01094536
0.010964502
0.010664341
0.010773527
0.010751568
0.010614728
0.010830748
0.010491316
0.010602601
0.01040351
0.0111193685
0.012009258
0.0104133235
0.0116717145
0.013353976
0.012682068
0.011353657
0.010714951
0.010941007
0.011045911
0.010469866
0.010425554
0.011114831
0.010903747
0.010345239
0.010389143
0.010339319
0.010307888
0.010639492
0.010303751
0.010400171
0.010259827
0.011563224
0.011809568
0.010066293
0.011477657
0.011665661
0.010900937
0.011093765
0.011074801
0.010827069
0.010164327
0.010547899
0.010965235
0.010021956
0.011254714
0.012346094
0.0111447945
0.01037492
0.010426167
0.010362421
0.010104009
0.010030179
0.01007762
0.009828782
0.009925444
0.009566953
0.010464481
0.010657836
0.009412248
0.010185932
0.010256402
0.00979462
0.0099773705
0.009732633
0.009723078
0.009617326
0.009384656
0.009552549
0.009275298
0.009778307
0.010053418
0.009459102
0.009559478
0.009886081
0.009288018
0.009334663
0.009431136
0.009055898
0.009308915
0.00908793
0.009144738
0.009212895
0.009051706
0.009021043
0.008853598
0.009135784
0.008921672
0.009438771
0.0097421715
0.009221272
0.009020594
0.0094584925
0.009483668
0.008644995
0.009483198
0.009852821
0.009107851
0.008866507
0.009272595
0.009160634
0.008772787
0.00877455
0.008829117
0.0084682265
0.008667299
0.008647776
0.008392508
0.00878962
0.008518407
0.008636903
0.0086962525
0.00877921
0.008271069
0.009571875
0.010290704
0.008986739
0.0094749415
0.0098894015
0.009213123
0.009568668
0.009399542
0.00877526
0.008855867
0.0084898295
0.009240466
0.009525616
0.008459096
0.009485654
0.010141187
0.0089409435
0.009208873
0.009979014
0.008673706
0.008472769
0.008958258
0.00817954
0.008999906
0.009586991
0.008350964
0.008720363
0.009365964
0.008384047
0.008512744
0.00894502
0.007977915
0.008751122
0.0094443625
0.008313622
0.008204575
0.008855537
0.008044752
0.008380734
0.009018333
0.00807062
0.008133686
0.008642858
0.00786736
0.008112389
0.008535753
0.007750511
0.008188576
0.008694268
0.007832131
0.007920854
0.008275465
0.007620649
0.008025437
0.008414306
0.007631503
0.0079846615
0.008522553
0.007705277
0.0077301823
0.008179255
0.00754566
0.0077676303
0.008235522
0.007460188
0.007894545
0.008569092
0.007736534
0.0075685084
0.008144663
0.007537952
0.0075622257
0.008039714
0.007431401
0.0075580203
0.008142763
0.0075047943
0.0073080487
0.007885792
0.0073936232
0.0072667287
0.007725051
0.0071062786
0.0075494754
0.00831239
0.0075228927
0.0070908032
0.007747669
0.0075205564
0.006938949
0.0071647167
0.0071090073
0.006817229
0.006853321
0.006801383
0.0067354534
0.006848552
0.00653367
0.0068793497
0.0068055554
0.0065979995
0.0066513866
0.00648657
0.0063358955
0.0065817046
0.006203109
0.0062989336
0.006291933
0.006054271
0.006227356
0.0061182785
0.006161881
0.006145189
0.006074235
0.0060245623
0.005939095
0.0057903156
0.00582225
0.0057744384
0.005675188
0.0055259652
0.005636833
0.0054466985
0.005581021
0.0055051446
0.0054761134
0.005312767
0.0056087323
0.0053799227
0.0052528437
0.0051934007
0.0051171076
0.0051328684
0.00499995
0.0054219984
0.005176234
0.005604127
0.0059528663
0.005526041
0.0053746314
0.0056616566
0.005609661
0.0047998093
0.0055983835
0.005682455
0.0051380536
0.005285381
0.005122941
0.005024495
0.004905322
0.0050540655
0.0046539814
0.005016009
0.0050466624
0.0048798556
0.0047130673
0.004977027
0.0047316267
0.0049089063
0.005050181
0.004732076
0.004637943
0.004737206
0.004774952
0.004394693
0.004766584
0.0046537877
0.0045415894
0.0045712423
0.004510845
0.004426066
0.0045139473
0.0043532886
0.004500245
0.004355847
0.0046534985
0.004457707
0.004276468
0.0042293468
0.0043553016
0.004172427
0.0043840283
0.004427416
0.003978375
