0.29043105
0.07361125
0.061534643
0.035675224
0.028075492
0.028152851
0.023503467
0.02607508
0.024039185
0.024109563
0.024154508
0.02298446
0.023272714
0.023159347
0.022234136
0.022188282
0.021750614
0.021101668
0.021226818
0.02047208
0.020386185
0.02034088
0.019869454
0.019918578
0.020023653
0.019657647
0.019895172
0.019842824
0.019663086
0.019481663
0.019426772
0.019651646
0.019257138
0.01926781
0.01900093
0.019459058
0.019274628
0.018784748
0.01944812
0.019082824
0.0186835
0.01852642
0.019033365
0.0182778
0.019846864
0.020035962
0.018373026
0.019295616
0.01963108
0.019873394
0.018637184
0.018515768
0.018919295
0.01810961
0.018624844
0.01894375
0.01824863
0.017904235
0.018148853
0.018049361
0.018309562
0.01778548
0.018313421
0.018561697
0.017481677
0.018981194
0.019844214
0.018862387
0.01839001
0.01814759
0.017998725
0.018148115
0.018114174
0.0176873
0.01753181
0.017780028
0.017313851
0.018002026
0.018207632
0.017812565
0.017507903
0.017384766
0.017584255
0.017343407
0.017205242
0.017260557
0.017123709
0.017303206
0.017305685
0.017128495
0.017138824
0.01725194
0.017082246
0.017118925
0.017090276
0.017123377
0.017079435
0.017113611
0.017022246
0.017050246
0.01699915
0.017109463
0.017058859
0.016964488
0.017069401
0.016850563
0.016932761
0.016918572
0.01681217
0.016875649
0.016851895
0.016783541
0.016844489
0.016761541
0.016784223
0.01682207
0.016661776
0.01699162
0.01675675
0.017148284
0.017224275
0.017682323
0.017547976
0.017148683
0.017388778
0.017071972
0.017083343
0.01702253
0.016917909
0.016782947
0.016682556
0.016720869
0.016795026
0.016625347
0.016859211
0.016882882
0.01658986
0.016684202
0.016526254
0.017085424
0.017176034
0.01677612
0.016630119
0.016896337
0.016684376
0.016675282
0.016783768
0.01662926
0.01651612
0.016595976
0.016510218
0.016563239
0.01661408
0.016536966
0.016418774
0.016606422
0.016475707
0.016448535
0.016439928
0.016321609
0.01627321
0.016528482
0.01649685
0.0161686
0.016129289
0.016434975
0.016364664
0.016198078
0.016163759
0.016169839
0.016116232
0.016219862
0.016159045
0.01602378
0.015982794
0.016182885
0.016110508
0.015956441
0.015914558
0.016081607
0.015991796
0.01593773
0.01590573
0.015919833
0.01585148
0.015939074
0.015902566
0.015778622
0.015715657
0.015913052
0.01585929
0.015660606
0.015614028
0.015882984
0.015804175
0.015580545
0.015538028
0.015717914
0.01563903
0.015511897
0.015495055
0.015622493
0.015489272
0.0154639445
0.015424483
0.01544729
0.015332858
0.015426382
0.015364719
0.015317422
0.0152974045
0.0154512
0.015260776
0.015178114
0.015462578
0.015060042
0.015345206
0.015369629
0.015053355
0.016179113
0.016228097
0.01493515
0.0154624665
0.015508401
0.015299267
0.014873619
0.015420474
0.015085
0.01483792
0.014810264
0.014731602
0.014725869
0.014513627
0.014514927
0.014658071
0.014367129
0.014522557
0.014355302
0.014218534
0.014561415
0.014076509
0.014031347
0.014374266
0.013932346
0.01426788
0.013909635
0.013937938
0.014038832
0.013833001
0.014284198
0.0147731155
0.013570276
0.015618652
0.017642353
0.016257292
0.0148696145
0.014829102
0.014328356
0.014789387
0.01486598
0.01380219
0.014622214
0.01557682
0.014604308
0.014056149
0.0147461565
0.014312956
0.013928711
0.014201398
0.013696298
0.0138016185
0.014430813
0.013620634
0.01360909
0.014088955
0.013387627
0.013634272
0.013956711
0.013132256
0.013783485
0.014412609
0.013417266
0.013105698
0.0135226855
0.012940834
0.013331987
0.0137468325
0.01300053
0.013110548
0.01356249
0.013025924
0.0129086515
0.013071857
0.012825222
0.012809317
0.013149639
0.012633376
0.012897961
0.012688463
0.012973502
0.012634847
0.012663382
0.01253524
0.012334843
0.012472313
0.012366177
0.01250834
0.012617844
0.012219116
0.012278132
0.012286629
0.012190982
0.012153096
0.012165868
0.01207402
0.01206221
0.012019843
0.012011829
0.011888389
0.012491767
0.012596696
0.011850926
0.013171741
0.01366659
0.012907274
0.013283145
0.012844898
0.012578768
0.01259841
0.012306884
0.012339577
0.012258437
0.012053892
0.012166925
0.01215783
0.012117158
0.011998392
0.0121376915
0.011791279
0.011900705
0.011849259
0.011753743
0.011860263
0.011744828
0.011893283
0.012147621
0.011620253
0.011659138
0.0118154185
0.011713284
0.011676528
0.0116795385
0.011799936
0.011557418
0.011701365
0.011555594
0.011918497
0.011773481
0.011606622
0.011508822
0.011473909
0.011354576
0.011311331
0.011617348
0.011298086
0.012134003
0.01226332
0.0116826845
0.01204016
0.011567111
0.011547538
0.01172848
0.011197583
0.011373505
0.011405334
0.011238118
0.011137467
0.011216003
0.01119418
0.010981187
0.011045263
0.011153981
0.010882179
0.011471316
0.011442006
0.010867179
0.011111182
0.010733835
0.011617317
0.01161405
0.011247975
0.011261222
0.010970962
0.011301697
0.011492995
0.011014536
0.011064578
0.011276637
0.010753386
0.011069068
0.011283013
0.010476045
0.011476189
0.011931825
0.010823431
0.011235602
0.011998634
0.011064806
0.010315748
0.010883805
0.010796902
0.010116925
0.011145909
0.012345632
0.0114952335
0.010437348
0.011043824
0.011417784
0.010505407
0.010598685
0.010675728
0.0099271145
0.010205555
0.010220531
0.0098289205
0.009918143
0.00982609
0.009907351
0.009970542
0.00961519
0.009505165
0.009828273
0.009733276
0.009832249
0.009590409
0.009681703
0.009411181
0.009400154
0.0093797585
0.009293542
0.009093296
0.009543347
0.009479618
0.009104063
0.0089875795
0.009152438
0.008999126
0.009107287
0.008960865
0.009318297
0.009206601
0.008661256
0.00864131
0.008607346
0.00861624
0.00859071
0.008501973
0.008373876
0.009403209
0.008932541
0.008456163
0.008761808
0.00839856
0.008941408
0.008963102
0.009290244
0.009296414
0.009057108
