0.28634608
0.07518979
0.050517783
0.026101107
0.03485666
0.03004322
0.02109147
0.025499428
0.023108626
0.021591285
0.021873742
0.020993268
0.021328963
0.021019781
0.021033317
0.020959651
0.020822184
0.02072741
0.020856172
0.02056265
0.02073583
0.02049424
0.020683333
0.02058943
0.020350559
0.02032212
0.020417338
0.02036229
0.020048155
0.020103509
0.019957706
0.020544395
0.020028159
0.02107931
0.02138768
0.019805998
0.021969816
0.022828719
0.020542858
0.020424891
0.021232827
0.020373225
0.020326396
0.020513415
0.02018503
0.020159177
0.019975299
0.020088684
0.019928226
0.019778049
0.019769544
0.019549869
0.019536959
0.019508688
0.01936426
0.019929772
0.019914089
0.01932052
0.019571358
0.01945615
0.019298837
0.019318944
0.01917424
0.019236347
0.01898138
0.019817824
0.019817548
0.019305663
0.019159222
0.019434756
0.018932581
0.0190963
0.01927237
0.019020274
0.018673627
0.019069552
0.018619051
0.019054633
0.019287646
0.018278688
0.018840896
0.018844
0.018502833
0.018110545
0.017490868
0.017640097
0.01702341
0.018170761
0.018443488
0.016881691
0.01789736
0.018715996
0.017107252
0.016884647
0.016778672
0.016952965
0.016420849
0.017267603
0.017144421
0.016237654
0.016698714
0.016810833
0.0165444
0.015996423
0.016108302
0.016279383
0.01586981
0.015636707
0.015737796
0.015541268
0.015535563
0.015494018
0.015300593
0.015243326
0.015155188
0.01512229
0.014842115
0.014856781
0.014718078
0.014664794
0.014590435
0.014422685
0.014462345
0.014165609
0.014173117
0.014038589
0.014053873
0.0138965845
0.013955771
0.013932251
0.013621539
0.013730074
0.013688113
0.013322669
0.013556704
0.013427578
0.013254429
0.01328293
0.013188642
0.013138148
0.013009508
0.0129184695
0.013026257
0.01290939
0.012738503
0.013197955
0.012979723
0.012943947
0.012699333
0.01298608
0.01294976
0.0123722525
0.012241393
0.0127601
0.012482527
0.01260335
0.012507681
0.012426547
0.012102462
0.012353875
0.0121560255
0.012570743
0.012636494
0.012293629
0.011994974
0.012332074
0.011982791
0.012280159
0.012806113
0.012505896
0.012005955
0.012322728
0.012065303
0.012143906
0.0121325925
0.011956264
0.011877102
0.011888895
0.011706649
0.011927261
0.011917449
0.01160723
0.011467423
0.011591583
0.011470516
0.011700218
0.011782065
0.011600521
0.011320502
0.011655007
0.011601043
0.011416785
0.011323348
0.011503198
0.01136101
0.011191913
0.011184947
0.011374849
0.011191142
0.011196264
0.011097998
0.011173277
0.011108265
0.011131297
0.010989816
0.011153016
0.011018239
0.010948834
0.010892999
0.011042629
0.010989229
0.010955795
0.010857239
0.010931035
0.010882069
0.010826903
0.010764959
0.010829911
0.010759767
0.010753349
0.010679614
0.0107766865
0.010676175
0.01068886
0.010594793
0.010785088
0.010754738
0.010612537
0.010538593
0.0107477335
0.010709072
0.010405923
0.010502695
0.011360117
0.011351843
0.0109041715
0.011334057
0.010906473
0.010927275
0.01121819
0.010609602
0.011294827
0.011800463
0.010788978
0.010819844
0.011341074
0.011167395
0.010471563
0.010907162
0.011183314
0.011112113
0.010647111
0.010510149
0.010557841
0.010823605
0.010787786
0.010506478
0.010332973
0.010425138
0.010259996
0.010282756
0.010220302
0.010319406
0.010217926
0.010469963
0.010453043
0.010383843
0.010368179
0.010246169
0.010109187
0.01028231
0.0102498345
0.010109876
0.010094912
0.010047364
0.0099348435
0.01009881
0.010036156
0.010003082
0.009860157
0.009895421
0.0097910855
0.010102817
0.009999548
0.00973025
0.00973187
0.009916213
0.009708828
0.009950907
0.009974196
0.009639523
0.0096395835
0.009727304
0.0095977
0.010115246
0.010164201
0.009519354
0.009897671
0.009860126
0.009996097
0.010005881
0.009706133
0.0097627705
0.009829248
0.009542485
0.009846721
0.009768206
0.009721649
0.009741941
0.009452709
0.009482924
0.009567178
0.009424142
0.00987794
0.00984423
0.00946087
0.009585892
0.009466803
0.009426433
0.009566511
0.009427217
0.009731095
0.009819089
0.009450641
0.009397783
0.009563718
0.009496567
0.0096926885
0.009700607
0.009505171
0.009545171
0.009530511
0.009387517
0.009643906
0.009394423
0.009755409
0.009711801
0.009428826
0.009513517
0.009360634
0.009352581
0.009441663
0.00942026
0.009255067
0.0092019485
0.009284153
0.009188863
0.009480669
0.009470441
0.00923281
0.009203921
0.009237654
0.009192993
0.009132894
0.009305391
0.009160043
0.009222498
0.009064921
0.00935711
0.0092168525
0.009221308
0.009293683
0.009034437
0.009117708
0.009185714
0.009211182
0.009061406
0.009040902
0.0089587765
0.009065029
0.008889522
0.009137708
0.00898857
