0.28898087
0.09794873
0.052527785
0.03087627
0.032961745
0.027371392
0.024578387
0.02708452
0.025127789
0.022158796
0.02400527
0.023203885
0.022206081
0.02320314
0.022381077
0.022482334
0.02253537
0.022169394
0.021809818
0.021806791
0.021456024
0.021397805
0.021031829
0.02189914
0.021717863
0.020988675
0.020869462
0.021113612
0.020433625
0.021863436
0.022582328
0.020796845
0.020947725
0.021566464
0.021086698
0.020301467
0.020818789
0.02109238
0.020378906
0.020250143
0.020109838
0.02026488
0.019841218
0.019805456
0.020090422
0.019741124
0.019363835
0.019450983
0.019119387
0.019352296
0.019183563
0.019151723
0.01855913
0.018863833
0.018593673
0.018977538
0.018219424
0.019008085
0.019142816
0.017714985
0.017518358
0.018289844
0.018032463
0.017381765
0.017220637
0.01769107
0.01738721
0.017161382
0.017038811
0.01691906
0.016496377
0.017251512
0.017276883
0.01605398
0.015875403
0.015850862
0.015725384
0.015344691
0.015769808
0.015611862
0.01527973
0.015636893
0.015364103
0.015098963
0.015144345
0.015067905
0.014693598
0.015128348
0.014809608
0.014552285
0.0152886
0.0149509935
0.015703073
0.015603381
0.014531822
0.014586414
0.014425795
0.015107721
0.015254813
0.014637373
0.0145915225
0.0141244605
0.013962033
0.014584906
0.014362897
0.014183567
0.013888386
0.014273174
0.013924703
0.013720993
0.013527804
0.013749626
0.013739624
0.013316515
0.013205404
0.013519528
0.013341823
0.013103236
0.013062344
0.0128276795
0.012699104
0.012844223
0.012668006
0.012575884
0.012433312
0.012570552
0.012239362
0.012591879
0.012261351
0.012202163
0.012152605
0.011764695
0.012218445
0.011775593
0.011492825
0.0117227165
0.011252407
0.011911571
0.011895337
0.0113209905
0.011220321
0.011266902
0.010688451
0.011590411
0.011663939
0.011072653
0.010338505
0.012377165
0.012182181
0.011314434
0.011632693
0.011244762
0.01052092
0.010939978
0.010978386
0.01040347
0.010782541
0.010109611
0.010779339
0.010961533
0.009784977
0.010820348
0.0109311305
0.009534435
0.01109988
0.011790874
0.010170082
0.010682762
0.01070645
0.009421334
0.009768846
0.010170568
0.009623616
0.00920234
0.009389786
0.009165415
0.008771691
0.009267838
0.008801327
0.009478562
0.009792703
0.008578441
0.009712421
0.0105698155
0.009535816
0.009212393
0.0088752145
0.009401134
0.009710159
0.008646141
0.008520659
0.008767985
0.008205148
0.0082282135
0.00833017
0.00798433
0.008099692
0.0077312463
0.008191052
0.008438911
0.008031118
0.007605702
0.007944592
0.007770701
0.0074202656
0.00758427
0.0075645805
0.007226365
0.007877358
0.0077748825
0.0070279143
0.0071107163
0.007117151
0.0069558374
0.0074061267
0.007362398
0.007209221
0.0074917874
0.0069304183
0.0071243555
0.0071110707
0.0066476776
0.0069866497
0.0065931915
0.007436869
0.0075792023
0.006533234
0.0072011943
0.00745103
0.006471468
0.0076065883
0.007891034
0.0064177252
0.007224193
0.0072818003
0.006358659
0.0074225
0.008435561
0.0070157037
0.006778875
0.007628663
0.007687345
0.006464772
0.007208241
0.00800884
0.0073669776
0.006665313
0.0065726247
0.0068997876
0.0064987694
0.0062054903
0.006703557
0.0067262203
0.00658627
0.0062616966
0.0068399603
0.006786566
0.0062833517
0.006221565
0.0063694813
0.0064248014
0.006024906
0.005884635
0.0060364064
0.005798839
0.00592817
0.005802846
0.005869215
0.0060109864
0.0057110623
0.0061285645
0.006075001
0.005926734
0.0058404733
0.0059991702
0.005853951
0.005771683
0.0055687875
0.005748151
0.0055744885
0.005830519
0.005728672
0.005874106
0.005826956
0.0053933137
0.0060205813
0.0054583424
0.0066398405
0.007311275
0.006065571
0.0062856674
0.006940516
0.0061974847
0.0058197975
0.006101586
0.0061585098
0.0053874594
0.006412931
0.0068253432
0.0055428892
0.0060839974
0.0067781447
0.0063747154
0.005494232
0.0063474067
0.0070071626
0.0057031126
0.0060400018
0.0071643516
0.006972914
0.005898708
0.0055501587
0.006297972
0.0057426556
0.005389677
0.00555069
0.0054861717
0.0052098273
0.005664479
0.0056329253
0.005482594
0.005368632
0.0053765965
0.005128029
0.0054020793
0.0051503577
0.0056010834
0.0057258965
0.0052633868
0.005236611
0.0052339826
0.005292555
0.0048478036
0.0049390914
0.004845544
0.0051526013
0.005074155
0.0049430938
0.0049148854
0.005028221
0.0048898873
0.0050266017
0.005030303
0.0048930286
0.004964719
0.004707675
0.0048637814
0.0047530136
0.00477292
0.004677246
0.004865242
0.004893335
0.0045439904
0.00500882
0.004766484
0.0047897226
0.0047160694
0.0046933293
0.004466496
0.0049239118
0.004923638
0.004896455
0.004761442
0.004865136
0.0049040136
0.0046188924
0.0045434185
0.004745932
0.0046463483
0.004549526
0.0044677425
0.00449497
0.0044532255
0.004234251
0.0050643208
0.005105741
0.0047325385
0.0046597687
0.0049137827
0.0047192588
0.0043477635
0.00432766
0.0045043365
0.004382121
0.004668199
0.0044682384
0.0047144047
0.0046253554
0.004185611
0.00417518
0.0044922605
0.004312771
0.00434568
0.004346632
0.004330356
0.0042606257
0.0041887187
0.0040957145
0.00427244
0.004068391
0.004394227
0.004313564
0.0041896314
0.0041481857
0.004150062
0.004062657
0.0042298436
0.004201994
0.0040474893
0.003970159
0.0042149727
0.0041458695
0.0039956416
0.003953258
0.004015085
0.0038922345
0.004075957
0.0038759345
0.0041734925
0.004139706
0.0037900365
0.003746365
0.0041662077
0.0040730797
0.0038012473
0.0037993349
0.0039477437
0.0038639624
0.0038752907
0.0038591574
0.0037487475
0.0036671285
