0.2900532
0.044413645
0.07228569
0.0565619
0.024862578
0.03648165
0.042369336
0.030419761
0.02258102
0.028330684
0.030475492
0.02583775
0.023238456
0.023702659
0.024830738
0.024351671
0.022424147
0.023628032
0.025052316
0.024233758
0.022798672
0.022377705
0.02302198
0.02310805
0.02201634
0.021964958
0.02234099
0.021982187
0.021243429
0.020922443
0.020977432
0.0204921
0.020070368
0.019896682
0.019675173
0.019568285
0.019225439
0.019691346
0.019168347
0.019023463
0.018936643
0.018493326
0.018367069
0.01799252
0.018167285
0.017907424
0.018140795
0.017890178
0.0180649
0.017968483
0.017313777
0.017395372
0.017236233
0.017259777
0.017163856
0.0171063
0.017153146
0.017020708
0.01693186
0.017026896
0.016754856
0.017834872
0.018318728
0.017285172
0.01728752
0.017590042
0.017174287
0.017203769
0.017074093
0.016933935
0.01672604
0.016810268
0.016695945
0.016347677
0.016279284
0.016450038
0.01640845
0.016297499
0.016140213
0.016277952
0.016118843
0.016140727
0.01601517
0.015884982
0.015814235
0.015607336
0.015508519
0.01567637
0.0154791325
0.015484303
0.015382645
0.015221309
0.015052567
0.0151169
0.014913169
0.014878885
0.014727458
0.014639541
0.014482706
0.0144917695
0.014338117
0.014207258
0.014126022
0.013983353
0.014012153
0.014007781
0.013737075
0.013661603
0.013708766
0.013400436
0.014369037
0.013636659
0.01420746
0.01469896
0.013671052
0.014050704
0.014841308
0.013747726
0.013694614
0.014230498
0.014006286
0.013723895
0.013245727
0.013648224
0.013841879
0.013236781
0.013192805
0.0133572845
0.01322576
0.012946856
0.012807697
0.012755564
0.012663295
0.012532733
0.0125470385
0.012428518
0.012457469
0.012513749
0.012330267
0.012250747
0.012255646
0.012256433
0.012126557
0.012045539
0.012431733
0.012390167
0.012250994
0.012143319
0.012469515
0.012545659
0.011866999
0.012265521
0.012523075
0.011864409
0.01198445
0.01221117
0.0116939545
0.011496055
0.011852026
0.011773691
0.011652271
0.0116305025
0.01150287
0.011360162
0.011180203
0.011084666
0.010939919
0.010743552
0.011368106
0.010902062
0.011228163
0.011187789
0.010423345
0.010641915
0.01017427
0.010348633
0.010214376
0.010074691
0.010146513
0.009797853
0.010261425
0.010133908
0.00956243
0.009561532
0.009522053
0.009261836
0.00905661
0.00905327
0.008953802
0.008876491
0.008771618
0.008809215
0.008661722
0.008427139
0.008832076
0.008608118
0.008596041
0.008476111
0.008497681
0.008874292
0.008308704
0.008619513
0.008645849
0.008363519
0.008299163
0.008210345
0.008446955
0.0081464285
0.008518834
0.008380598
0.007563365
0.008069324
0.007693457
0.008294393
0.00840507
0.0075554936
0.008056839
0.008230778
0.008040292
0.007880014
0.0076615866
0.007725014
0.0077349166
0.007348333
0.007963381
0.0077788024
0.007605462
0.007440334
0.0076124333
0.007583003
0.0074803173
0.0075229383
0.007237837
0.0074134017
0.007003512
0.00682977
0.0069816993
0.0069550835
0.007084477
0.007316956
0.0070590377
0.0070767873
0.0069821826
0.0072814873
0.006921398
0.007322108
0.0071992874
0.007551383
0.007562009
0.0068603554
0.006858744
0.0067679174
0.006906887
0.0067363656
0.006665677
0.006657248
0.00668202
0.006770935
0.0067116353
0.0064799706
0.0064145997
0.0068781134
0.006798439
0.006546145
0.0068285237
0.0069406107
0.0064692325
0.0064948224
0.0065284357
0.0063963234
0.006411042
0.0064490396
0.0065778624
0.0063630366
0.00666967
0.0065277
0.006482756
0.006561208
0.0064299777
0.006197316
0.0065718847
0.006689234
0.006085189
0.0060006552
0.0061353263
0.0059551876
0.006379044
0.006086424
0.0075746537
0.0072818436
0.005986102
0.007759428
0.008514815
0.0067486726
0.00814521
0.009525681
0.007902254
0.007040571
0.007109817
0.0068138093
0.0065542697
0.0068945684
0.0063946187
0.0061224545
0.0063530505
0.0059140567
0.0066555776
0.0068183024
0.006201284
0.0060817394
0.0057179234
0.006307272
0.0064089424
0.0061155544
0.0057704146
0.006029355
0.0060566575
0.005807293
0.0057192757
0.0057736933
0.0055482923
0.00580507
0.0055427966
0.0058403113
0.0056961537
0.005530842
0.005587103
0.005556566
0.00536809
0.0074544917
0.0075864806
0.00597558
0.0069031646
0.0075806133
0.0068422505
0.0069314186
0.0077012554
0.007354802
0.009033017
0.0074931527
0.00604249
0.006280785
0.0067196325
0.006732793
0.006492065
0.0057890713
0.005970945
0.005888077
0.0061643324
0.006051468
0.005932433
0.005742883
0.006160652
0.006204722
0.0057604685
0.0059802756
0.0063059255
0.0063219913
0.0061072125
0.005742533
0.0056154714
0.005543768
0.0054337624
0.0055102445
0.0054736785
0.0057792584
0.005521717
0.0057664528
0.005789123
0.0053356886
0.00539908
0.0053575244
0.00523149
0.0054885135
0.005100174
0.0056573986
0.0057905205
0.0052340035
0.0052077626
0.005565205
0.005249874
0.005426258
0.005462361
0.005241821
0.0054288036
0.0051271464
0.0050407774
0.0050631813
0.0051496713
0.0049810223
0.0048439405
0.005263915
0.005099168
0.00496102
0.0048921457
0.0050499737
0.004805161
0.0049993373
0.005024061
0.004978064
0.004811815
0.005199566
0.00508678
0.004630165
0.005157396
0.0051854947
0.004560821
0.0054785362
0.0053223204
0.004525463
0.004507379
0.004328806
0.004816081
0.0048117004
0.0045477846
0.004565954
0.0049085966
0.004764916
0.0045912988
0.0045656767
0.004371925
0.004258104
0.004723543
0.0043533077
0.004703847
0.0045157275
0.0045114295
0.004520713
0.0045634964
0.0045302096
0.0041639456
0.004176443
0.0046077766
0.004577755
0.0046298592
0.004637641
0.004118307
0.005207503
0.0041383174
0.0048035183
0.004798295
0.0045064907
0.004752613
0.004609838
0.0041787806
0.0045661293
