0.28746945
0.07646776
0.056637127
0.028839653
0.03187268
0.027373342
0.023021698
0.02586353
0.022699237
0.0230662
0.023747595
0.021326488
0.022126794
0.022855112
0.021361003
0.022025645
0.022984542
0.021889707
0.02101543
0.021935135
0.022371314
0.021108871
0.02128837
0.021862155
0.02171194
0.020746337
0.022031376
0.023043117
0.021973101
0.021522107
0.021485036
0.021044629
0.021860251
0.02159673
0.020627288
0.021519268
0.02154126
0.020754011
0.02092653
0.020751934
0.021272952
0.020994646
0.020705199
0.02101531
0.0206801
0.02130712
0.021383343
0.020636778
0.021061203
0.021041924
0.020471714
0.021027768
0.020545011
0.021737898
0.022207186
0.02059612
0.022403916
0.024419809
0.022568876
0.020352347
0.024083892
0.027574927
0.02609984
0.021849519
0.020619282
0.022048874
0.021548482
0.02020323
0.02189046
0.023728548
0.02272139
0.020434309
0.02067597
0.022042824
0.021583995
0.020084813
0.020177193
0.02092258
0.02044873
0.019398438
0.020228663
0.021130323
0.020685613
0.019435026
0.018580887
0.018823469
0.018593179
0.017945286
0.018466314
0.01841215
0.01829332
0.017549433
0.017649096
0.017529035
0.017557317
0.016951393
0.016940588
0.01689969
0.016476493
0.016183302
0.015730416
0.015507405
0.015340938
0.014896131
0.014810566
0.014619541
0.014424302
0.01400778
0.014284729
0.013800782
0.013580325
0.01322146
0.013272894
0.013088454
0.012838122
0.012610261
0.012729901
0.012616021
0.0120657785
0.01252313
0.011720433
0.011932266
0.011720666
0.011059987
0.0116546275
0.01106594
0.011050287
0.01164674
0.0115009295
0.011421564
0.010994538
0.010487646
0.010135486
0.009668555
0.01023563
0.00963382
0.0096731
0.009082238
0.0095096035
0.009374964
0.008828011
0.009001772
0.008320835
0.008388169
0.008111965
0.008176831
0.007967682
0.007974888
0.0075446367
0.008124101
0.008363548
0.007528936
0.007587733
0.0074207634
0.00775352
0.007397058
0.0070496537
0.0078378655
0.007751819
0.006892024
0.0069244504
0.0070183068
0.006891864
0.006473582
0.0069681047
0.006948665
0.006401881
0.006939568
0.0070058233
0.006585105
0.006406965
0.006382812
0.0061847456
0.006039797
0.0065233293
0.006428788
0.0063343863
0.0061926395
0.006571148
0.0063394806
0.0064902767
0.0065426044
0.006180391
0.0060227565
0.0059557245
0.0056861998
0.0056689368
0.005737044
0.005567182
0.0057849847
0.0056758826
0.005737712
0.00581235
0.005378837
0.0060273483
0.005835127
0.005815588
0.005751548
0.005959363
0.0057806037
0.0058133323
0.0057820734
0.005292177
0.0054188855
0.0054802275
0.005120992
0.0052505448
0.0052145557
0.0051060007
0.005142123
0.0053112074
0.005012573
0.0055186176
0.005607035
0.0055359644
0.0052658897
0.005132813
0.005194534
0.005335845
0.0052973744
0.005045544
0.005023583
0.00506199
0.004917879
0.004914884
0.004875948
0.00475679
0.0046988116
0.004697325
0.0045246375
0.0047868765
0.0046271305
0.0049438006
0.004818732
0.0047189984
0.004467632
0.004701793
0.00449716
0.0047097583
0.0046305633
0.004389081
0.0044910065
0.0044173305
0.0043460093
0.0044747037
0.0043780217
0.00427184
0.004226537
0.004231949
0.0041061942
0.0043200348
0.0042411727
0.0040737763
0.00402844
0.004134094
0.003994528
0.0042557344
0.004209218
0.0039737714
0.0040183323
0.003815053
0.0039918334
0.0038833339
0.0039617172
0.0036580863
0.0048468094
0.0048816907
0.004352408
0.0039068502
0.004395108
0.0038706537
0.004388303
0.0044530355
0.004037824
0.003971646
0.004186444
0.0039894604
0.0037150898
0.0037226535
0.003811509
0.003736269
0.0038321353
0.0038583707
0.0037629365
0.0036057637
0.0040217186
0.0036369038
0.0037405174
0.0035867188
0.0036782215
0.0037495953
0.0035035324
0.0035195693
0.0036005832
0.003557536
0.0035016232
0.0034465704
0.003689831
0.0034832552
0.0034681428
0.00341741
0.003393288
0.0032905347
0.0034425457
0.0033405677
0.003415767
0.0033575706
0.0033114378
0.0032258742
0.003396306
0.0033400739
0.003229877
0.003113175
0.0033990461
0.0032703113
0.003220945
0.0031605745
0.0032027496
0.0031242084
0.0032292549
0.003155213
0.0032124994
0.0032162152
0.0030324084
0.0030337877
0.0031295095
0.0030105442
0.0030935649
0.0030354962
0.0031055987
0.0030924536
0.0029196858
0.0028814904
0.0033218309
0.0032048572
0.0029909809
0.0031947372
0.0028106326
0.0038239972
0.0036152424
0.0031067699
0.0033208139
0.00330895
0.003101872
0.0031348758
0.0032241372
0.0029814718
0.0033328536
0.0030366296
0.003164306
0.0030749242
0.0029478949
0.0029088215
0.0030617465
0.003027694
0.0029383122
0.002984237
0.002862648
0.002880849
0.0028314616
0.0027612962
0.0029451342
0.0028803481
0.0028522972
0.0027764272
0.0028678433
0.0027383752
0.0028250776
0.002761402
0.0028606392
0.0027091028
0.0028761656
0.0027971521
0.0027410171
0.0026540242
0.002916963
0.0028543575
0.0026459473
0.0026804786
0.0027058378
0.0026179526
0.002908878
0.0028996735
0.0025406557
0.0028130163
0.0025199389
0.0025622211
0.00261976
0.0025239412
0.0025750913
0.0025063169
0.0027199497
0.0024807015
0.0027956099
0.0026205305
0.0029059183
0.0028054987
0.0027292266
0.0029627823
0.0025295021
0.0031137548
0.00303914
0.0026904081
0.002821504
0.0027519998
0.0025216544
0.0024711704
