0.28757158
0.045466643
0.0760284
0.047988266
0.023608735
0.03144979
0.031690944
0.024855666
0.023811089
0.025700377
0.024008187
0.021896241
0.022793034
0.022915548
0.022058532
0.021745326
0.02200605
0.021807792
0.021510562
0.021605551
0.021653766
0.021344021
0.021451792
0.021519708
0.021194732
0.021579737
0.021626353
0.021241335
0.021274915
0.02137153
0.020977827
0.021499105
0.021599358
0.021138681
0.021022446
0.021154547
0.020908728
0.020883596
0.020913705
0.020708697
0.02092322
0.020890413
0.020629318
0.02077656
0.02075232
0.020556023
0.020505676
0.02050917
0.020446956
0.020410262
0.020392353
0.02041155
0.020325132
0.02046379
0.020464126
0.020385943
0.02031508
0.020297712
0.020330923
0.020278117
0.020226648
0.02035506
0.020281896
0.020331355
0.020259999
0.020447666
0.020296745
0.02024068
0.020264711
0.020146398
0.020101288
0.020205878
0.020099182
0.020041937
0.019985415
0.01997942
0.01989715
0.019961052
0.019908184
0.019804398
0.019764708
0.019958822
0.019891059
0.019677868
0.019672196
0.019717576
0.01961078
0.019764911
0.019664437
0.019698452
0.019608257
0.019741049
0.019637482
0.019596513
0.019604923
0.01949093
0.019468376
0.01949132
0.019410755
0.01935737
0.019280737
0.01922665
0.01907363
0.018971615
0.018699849
0.01844599
0.018048348
0.017580388
0.017146548
0.016701756
0.018096915
0.01733754
0.016892692
0.016280388
0.016929304
0.016547024
0.016198471
0.01628642
0.015924793
0.015671108
0.01566458
0.015590165
0.015580729
0.015276815
0.015966287
0.01562823
0.0150251305
0.014978998
0.014880515
0.014664355
0.0149334865
0.014867277
0.014381203
0.014280734
0.014283392
0.014053646
0.014442743
0.014266276
0.014201232
0.014059182
0.013700929
0.013600794
0.013798103
0.013880965
0.013762049
0.013473019
0.013637834
0.0136274025
0.013245835
0.013140512
0.013211413
0.012973127
0.013109894
0.012983092
0.013086149
0.01287957
0.0127632255
0.012651975
0.012709617
0.012694709
0.012537559
0.012473233
0.012435178
0.012435786
0.0122491345
0.012250327
0.012148487
0.012066294
0.012069422
0.012032151
0.011807139
0.011778568
0.011951871
0.011624145
0.011696915
0.011566489
0.011677995
0.01159664
0.011567154
0.0115260305
0.011342421
0.011302765
0.011199008
0.011067039
0.011338859
0.011075278
0.011634584
0.0116677135
0.011188425
0.011037655
0.010958888
0.010999781
0.010785085
0.010789983
0.010686037
0.010680844
0.010526481
0.010745574
0.010575868
0.010480434
0.011052839
0.01080177
0.010613433
0.010686149
0.010521899
0.010319891
0.010520484
0.010336849
0.010239118
0.009984764
0.01061891
0.010409719
0.010301647
0.01034548
0.010005463
0.009891289
0.010012765
0.009828721
0.009847383
0.009853703
0.009659625
0.009618609
0.009562108
0.00967167
0.009403658
0.009539414
0.0094348
0.009408866
0.009319217
0.009506166
0.009388373
0.009331548
0.009635418
0.009272038
0.009488437
0.009538439
0.009237517
0.009059823
0.009655435
0.009395559
0.009263016
0.009180166
0.009097545
0.008941498
0.009345018
0.009362651
0.008794035
0.0087056
0.009064277
0.00891814
0.009312774
0.009262895
0.008737882
0.008865799
0.008869859
0.0086471485
0.00923721
0.009141292
0.0087083755
0.0086208815
0.008571605
0.008719006
0.008658704
0.008393787
0.009022029
0.009027019
0.008596701
0.008443307
0.008376006
0.008416017
0.008439231
0.008320472
0.008177086
0.008533879
0.008474047
0.008095954
0.008157772
0.008420502
0.008204419
0.008515297
0.008232747
0.008656469
0.008342399
0.008838554
0.008936688
0.007862267
0.0079914825
0.008183695
0.0078364685
0.007962521
0.008325812
0.008076438
0.008130286
0.007941227
0.00812752
0.0076467604
0.008372292
0.008118822
0.008750748
0.009153263
0.007836913
0.008068982
0.007818953
0.008604448
0.009124416
0.007981353
0.008368151
0.00868424
0.0083361445
0.008264091
0.007996301
0.007542959
0.0077132084
0.007992699
0.0072828154
0.0077993213
0.008018239
0.007900724
0.008004456
0.008098103
0.0074653476
0.007509463
0.0076643564
0.007462662
0.0073090685
0.0072888043
0.0070761107
0.0072300085
0.0071124765
0.007408465
0.007274385
0.0074843303
0.0075485557
0.0067101712
0.007708389
0.007788392
0.007433049
0.007677984
0.007128414
0.007290888
0.007234031
0.007353579
0.0070933793
0.006793278
0.0065602716
0.0071899816
0.0074199005
0.0069518257
0.0070724934
0.0066581187
0.006707663
0.0066826516
0.006432558
0.0064802133
0.0063983104
0.006394249
0.006327113
0.0065364563
0.0063436017
0.0066903643
0.0066525694
0.0070554446
0.0067908317
0.0063031074
0.006274605
0.006152125
0.005973008
0.006269813
0.006332806
0.006114653
0.0061800606
0.0066190553
0.006190032
0.0063690827
0.006112261
0.0062760077
0.006313909
0.005889571
0.0062218173
0.005739262
0.006293256
0.0062531284
0.0062030884
0.0061136135
0.005950894
0.006010708
0.00566094
0.005888041
0.0056486023
0.005840918
0.0059288354
0.0054223924
0.0059833005
0.0056012142
0.005923159
0.0060925162
0.0060270294
0.0059277504
0.0059965774
0.005895967
0.005844854
0.0057541183
0.0053928643
0.005416618
0.0053107566
0.0052789473
0.005208506
0.0050605997
0.0053339577
0.0053760707
0.005115991
0.0049693547
0.004858878
0.005227937
0.0050712777
0.005232837
0.005050297
0.0053514796
0.0053279237
0.005012342
0.0052923798
0.0051048505
0.005186008
0.0051379576
0.0050065746
0.005170737
0.004780372
0.005111207
0.005277769
0.0053028404
0.005497812
0.0050981636
0.0047863456
0.0050264075
0.004749
0.005075823
0.00478355
0.005232699
0.0051913816
0.0047857496
0.0047489344
0.0049342313
0.004770847
0.004951633
0.004869374
0.0045208824
0.0047528003
0.004422322
0.005110662
0.0050023664
0.0045203646
0.005005074
0.0045784335
0.0050016167
0.0050081047
0.004692143
0.004886116
0.004838764
0.0048203194
0.004629105
0.004660032
0.0045175864
0.0046038874
0.004532984
0.0053438595
0.004796605
0.0052093775
0.0052692224
0.0043143
0.004821496
0.0046988446
0.0044466215
0.004332497
0.0044065635
0.0041492353
0.0043455404
0.0043180827
0.0041516717
0.0041460716
0.0041599288
0.0040634754
0.0040681236
0.0040758406
0.003864428
