0.28837833
0.09922398
0.0596637
0.032810748
0.03467531
0.030581472
0.023525683
0.028583163
0.03003504
0.023529192
0.023493195
0.026078397
0.023732066
0.022040889
0.022904849
0.023117239
0.022051448
0.022025665
0.022486715
0.021516962
0.02234854
0.022986704
0.022179022
0.021562612
0.021392398
0.021903625
0.021414645
0.020895215
0.02105342
0.02187702
0.021171585
0.021673992
0.021529138
0.02128541
0.020950807
0.021144427
0.02108114
0.020575475
0.02056471
0.020535568
0.020427855
0.020668814
0.020423783
0.020541744
0.020598583
0.020227708
0.020537829
0.020224841
0.020534301
0.0206651
0.02007153
0.020473657
0.020639153
0.019942187
0.02066767
0.02111768
0.020312965
0.020179296
0.020578044
0.020386474
0.020026006
0.019871956
0.019994684
0.019599786
0.019946007
0.019994209
0.019553721
0.01944138
0.01940322
0.019277684
0.01900924
0.018883556
0.018656775
0.018438287
0.018142216
0.017940873
0.017296448
0.01781779
0.016935648
0.018007534
0.017460912
0.016391374
0.016361801
0.01581274
0.0151483705
0.017647844
0.018303169
0.015215916
0.01637352
0.019516962
0.017655468
0.014304824
0.017221862
0.020859964
0.0196178
0.015196002
0.014486309
0.017068088
0.016413376
0.013657649
0.014961787
0.017082497
0.015910888
0.013283253
0.014943126
0.018341549
0.017336732
0.013526906
0.013453517
0.0153915435
0.014661953
0.012505285
0.014577597
0.017914752
0.016862115
0.013241517
0.012962184
0.014552291
0.013911155
0.012239643
0.014026221
0.016788168
0.01582253
0.013342135
0.014325065
0.016235061
0.015403754
0.012944906
0.0137261795
0.016298836
0.015316186
0.012429766
0.013486129
0.015775563
0.015202303
0.012659627
0.012394004
0.014084294
0.013469905
0.01145511
0.01241199
0.014113923
0.013289087
0.011225027
0.012553128
0.0149807455
0.013961982
0.0111431405
0.0115351835
0.013096343
0.012253375
0.010384402
0.012445915
0.015411598
0.014340028
0.0108813755
0.010587312
0.012159892
0.011590774
0.00984848
0.01130642
0.014143814
0.013571653
0.010436979
0.010313454
0.012205392
0.011964613
0.010234064
0.010712166
0.01255171
0.012389936
0.010602187
0.01018547
0.011696239
0.011621456
0.010808545
0.009999275
0.010129281
0.010595321
0.0094214445
0.009606746
0.010314644
0.009657492
0.009082501
0.009364172
0.009568445
0.008964508
0.008737444
0.009253819
0.008908469
0.008505944
0.008933821
0.008926289
0.0084372545
0.00840662
0.008668233
0.008609878
0.00843395
0.008042672
0.0088174725
0.00906693
0.008131498
0.008502667
0.008736052
0.008683088
0.0085896775
0.007827088
0.008887477
0.009872458
0.009072238
0.0087756505
0.008634333
0.007721568
0.008442212
0.008970997
0.008249154
0.008810838
0.009409573
0.008182814
0.008324667
0.008948398
0.007870159
0.008012648
0.008649784
0.00767157
0.008217006
0.00897493
0.007843402
0.0076351278
0.008302141
0.007463256
0.0077012293
0.0082432
0.0072880625
0.00763269
0.008279983
0.0072880224
0.007576443
0.008051355
0.0070206
0.007759294
0.008730535
0.0073825386
0.0070752166
0.007591599
0.006831001
0.007658422
0.008537157
0.0071875188
0.0068987794
0.0074588074
0.0066764816
0.007358967
0.008138119
0.00689341
0.006953565
0.007544341
0.0066784658
0.007173635
0.007879411
0.0067450623
0.0069335173
0.0076321997
0.0067118816
0.006720575
0.0072842105
0.006406276
0.0068840007
0.0075307884
0.0064752647
0.0066231857
0.007322161
0.0062833405
0.006603752
0.0072837397
0.0062541044
0.006502138
0.0072729266
0.00619993
0.006387307
0.00699018
0.00604666
0.00644996
0.007168504
0.006062482
0.0062841214
0.006929744
0.0060197157
0.0062639937
0.0069172685
0.006100371
0.0060659177
0.0065580755
0.0060077994
0.005986067
0.006390503
0.005985673
0.0057281493
0.006183891
0.0058485107
0.0054084533
0.0056693875
0.005204875
0.0066333725
0.0071787783
0.00549645
0.0064798365
0.007993656
0.0067882314
0.0055878833
0.006014911
0.006215634
0.0059967437
0.005554387
0.0053649545
0.00548829
0.0049823765
0.0054365876
0.0056071915
0.0054579307
0.005188338
0.0049360436
0.004809419
0.004788144
0.0047672135
0.0045532435
0.0047265845
0.00455749
0.0049155965
0.0047433567
0.0045230794
0.0046742703
0.0046739937
0.004420496
0.0045424257
0.0043671285
0.004440745
0.00454515
0.0046651596
0.0046452726
0.0046108216
0.004426663
0.0043270616
0.0042035454
0.0048689716
0.004967784
0.004122932
0.004134065
0.0043269377
0.004097315
0.004075861
0.0040730485
0.004200534
0.003918465
0.0046574073
0.004806907
0.0038635817
0.0046469583
0.004948421
0.004670672
0.0045094215
0.0040330663
0.0040759766
0.0042145313
0.0038376518
0.0042134463
0.004231943
0.0040833037
0.0038733948
0.0038051365
0.003910227
0.0041431184
0.0038724334
0.0039022558
0.0039186478
0.0038246133
0.0037278917
0.0036171107
0.0035355575
0.0038076618
0.0036957052
0.003574
0.003483645
0.0036982074
0.0036817647
0.0034230892
0.0033422925
0.0036815733
0.0036187002
0.0033807484
0.0032804504
0.003543794
0.0033799605
0.0034814533
0.0033979395
0.0033347358
0.0032694924
0.0034141808
0.0033523245
0.0032247454
0.0031665831
0.0033494502
0.0032576297
0.003208857
0.0030998343
0.0033774127
0.003272542
0.003149091
0.0030934308
0.0032268113
0.0031250354
0.0032000465
0.0031372542
0.0031011477
0.0030413133
0.003161709
0.0030810058
0.0030929735
0.0030365016
0.0030638773
0.0029902018
0.0031042586
0.0030671519
0.0029364098
0.0029040044
0.0030517138
0.002981418
0.0029546246
0.0029180208
0.0029323716
0.0028937645
0.0029790069
0.0029377055
0.0029176418
0.0029283522
0.0028842129
0.0029265804
0.0028660519
0.0029454771
0.0028750475
0.0030503378
0.0027033312
0.0028880257
0.0028614763
0.0029762655
0.0029332812
0.0030779839
0.002819689
0.0030299723
0.0028174026
0.0029402282
0.0028220078
0.0029156422
0.0026032606
0.0028854667
0.0025824823
0.0030184945
0.002972989
0.0027216857
0.0027042069
0.0028721404
0.0027450696
0.002642747
0.0026854265
0.0025397574
0.0025345236
0.002527336
0.0025074193
0.0026369237
0.0025914034
0.0025034088
0.0025563568
0.0024943014
0.0026629155
0.0026179245
0.0023947386
0.0028426994
0.002995208
0.0026492642
