0.28897065
0.054237857
0.04961877
0.07156547
0.046229076
0.024998462
0.031738028
0.045834333
0.041701976
0.027881706
0.022651732
0.026908422
0.02918935
0.02548376
0.02180154
0.023981199
0.026807824
0.025377458
0.022018984
0.021189103
0.022216136
0.021505496
0.020643419
0.021241127
0.02152072
0.020870231
0.020342575
0.021647865
0.021402972
0.020427926
0.020491632
0.020506069
0.020400004
0.020305444
0.020268952
0.020455055
0.020020382
0.021485677
0.02208957
0.02062063
0.02044885
0.021146333
0.020207757
0.020444905
0.0210313
0.02030899
0.019587575
0.020405771
0.019737551
0.020848425
0.021260565
0.019443652
0.020780688
0.021236049
0.019702293
0.020907732
0.021524118
0.020016642
0.02029047
0.020416966
0.01921001
0.020561384
0.021614129
0.019304145
0.019160597
0.019908497
0.018725371
0.018934438
0.01985984
0.01833519
0.018482529
0.018773165
0.017451795
0.019211637
0.020949923
0.018047543
0.016931286
0.017452471
0.016348148
0.018218238
0.019855997
0.017196527
0.01625178
0.016717698
0.015970455
0.017112372
0.018106317
0.016623935
0.016036065
0.016519768
0.015910449
0.016371809
0.016827507
0.015847718
0.016284056
0.016943702
0.01595218
0.01594006
0.016409038
0.015568375
0.016178079
0.016822001
0.015820587
0.01571507
0.016308093
0.015578014
0.01568267
0.016084751
0.015374358
0.015949475
0.016654605
0.015657743
0.015377072
0.015750043
0.0151951285
0.015856791
0.016524801
0.015557031
0.015212283
0.015525344
0.015032711
0.015773974
0.016319392
0.015355085
0.015276871
0.01564167
0.015156475
0.015288618
0.015405995
0.0150678875
0.015179782
0.015218898
0.015038792
0.014966349
0.014912677
0.014908931
0.014739516
0.014956437
0.014804501
0.014835648
0.014787059
0.0147187635
0.014689597
0.014742113
0.014643374
0.014717582
0.014605593
0.014642025
0.014568201
0.014582676
0.014546028
0.01448387
0.014432408
0.014483698
0.0144354515
0.01438745
0.014334721
0.014376923
0.014305553
0.0142670395
0.014209275
0.014257684
0.014178987
0.014178463
0.014104798
0.014094678
0.013988609
0.01415268
0.014082432
0.013904043
0.013847952
0.0139659615
0.013882275
0.013750267
0.013674669
0.013807842
0.0137059055
0.013604149
0.01350757
0.013620763
0.013499494
0.013478297
0.013425469
0.013336447
0.013262548
0.01333588
0.013245079
0.013169234
0.013077092
0.013212473
0.013111339
0.012994406
0.012916274
0.013018026
0.012914953
0.012819816
0.012737031
0.0127980225
0.012723826
0.012625009
0.012548729
0.012649846
0.012514087
0.012550582
0.012484998
0.012400466
0.0122821415
0.012519044
0.012401526
0.012241148
0.012147165
0.012355653
0.012258136
0.0121584
0.012088918
0.012239915
0.012158275
0.012171261
0.012184858
0.011925551
0.011885558
0.012030378
0.011890046
0.012088601
0.012147904
0.011747576
0.01187019
0.011705349
0.011755296
0.011670816
0.011689889
0.011586399
0.011944205
0.011911188
0.011677592
0.011596024
0.01174624
0.011484161
0.011907163
0.011931271
0.011511165
0.011488549
0.011617437
0.011552644
0.011646633
0.01153937
0.01152465
0.011330995
0.0118349
0.011885248
0.011342817
0.011354096
0.011388983
0.011329857
0.011207576
0.011296086
0.011179944
0.011152101
0.011193626
0.011099515
0.011485073
0.01128528
0.011551048
0.011796311
0.011260435
0.011545132
0.011821523
0.011367026
0.011351583
0.011418413
0.011259836
0.011311623
0.011232962
0.011086814
0.011020713
0.011043313
0.011092042
0.01099053
0.011122112
0.011132504
0.011006097
0.011164454
0.011057098
0.01126447
0.011409345
0.01111832
0.011178144
0.011071958
0.011267121
0.011285238
0.011011963
0.011020909
0.010968146
0.0109291645
0.010878082
0.011046775
0.010865581
0.01112925
0.011220858
0.010937494
0.010874671
0.011050351
0.010808322
0.011077183
0.011164859
0.010750542
0.010859099
0.010955791
0.0107144555
0.011124301
0.011216772
0.010847602
0.010744912
0.01097973
0.010877597
0.010847303
0.010893947
0.011022329
0.010817279
0.01075913
0.010769788
0.010895468
0.010825996
0.010821365
0.010812831
0.010618247
0.0105864545
0.0108527625
0.010760671
0.010787564
0.010676913
0.010710602
0.010644883
0.0108691305
0.010886483
0.010582919
0.010569081
0.010670426
0.010589066
0.010770396
0.010667826
0.010708604
0.010653134
0.010624447
0.010578215
0.010739605
0.010699016
0.010540304
0.010510464
0.010698378
0.010623507
0.010597619
0.0105510615
0.010622653
0.0105928695
0.010517828
0.010478412
0.010648191
0.010592904
0.010514733
0.010465026
0.01063322
0.0105478475
0.01053965
0.010503526
0.010572975
0.01050022
0.010515158
0.010465346
0.010540622
0.010505435
0.010479152
0.010446496
0.010513395
0.010470964
0.010447741
0.010425557
0.010448121
0.01038932
0.010482305
0.010416749
0.010446861
0.010404073
0.010417442
0.010364973
0.010458908
0.010417379
0.010363611
0.010330068
0.010441527
0.010392045
0.010355552
0.010324127
0.010391372
0.010347703
0.010333049
0.010284702
0.010387304
0.010333448
0.010317258
0.010261423
0.010395911
0.0103426175
0.010275404
0.010241731
0.010346624
0.010298291
0.010263731
0.010221356
0.010337774
0.010297227
0.010213564
0.010176854
0.010323985
0.010274817
0.010183633
0.010141138
0.010317822
0.010259536
0.010162769
0.0101248585
0.010287214
0.010218357
0.0101794815
0.010129872
0.0102232285
0.010133058
0.010224338
0.010167789
0.010163232
0.010087351
0.010255955
0.0101826135
0.010131218
0.010076831
0.010209099
0.010164209
0.010094441
0.010070974
0.010150898
0.01007357
0.010145555
0.010100623
0.010077654
0.010028494
0.010151077
0.010110295
0.010017392
0.009963989
0.010197029
0.0101431
0.009966806
0.009925739
0.010212932
0.010150497
0.009933936
0.009905013
0.010167406
0.010091298
0.009945031
0.00990905
0.01010996
0.010039081
0.009970977
0.009947863
0.009984652
0.009920814
0.010042579
0.009999803
0.009920862
0.009894236
0.009989597
0.009916713
0.009986865
0.009975508
0.009871914
0.009850697
0.00996014
0.009889608
0.009934752
0.009892244
0.009906811
0.009878315
0.009863638
0.0097983815
0.009961296
0.009924042
0.009769143
0.009735655
0.009933437
0.0098897265
0.009725903
0.009722101
0.009841512
0.00978244
0.009759837
0.009752954
0.009690743
0.009642195
0.00980539
0.00976866
0.009628151
0.0096802795
0.00967974
0.009619245
0.009614427
0.009524098
0.0097692255
0.009707217
0.009627447
0.009757285
0.009467854
0.010028638
0.009895875
0.009792104
0.009818749
0.009815912
0.009743174
0.009658121
0.009699228
0.009576898
0.009473766
0.009860429
0.009775172
0.009503443
0.009432051
0.009757205
0.00963111
0.009554871
0.009492002
0.009632542
0.0094962595
0.009563842
0.009533084
0.009438039
0.00937382
0.009556654
0.009472743
0.009400725
0.009341185
0.00951407
0.009454445
0.009341768
0.009311739
0.009417952
0.009366844
0.009304146
0.009243169
0.009417883
0.009317175
0.009305432
0.009239274
0.009330925
0.009249426
0.009277768
0.009205795
0.009264852
0.009163013
