0.287929
0.08475383
0.06444185
0.034722555
0.03157222
0.030561829
0.022878388
0.02829624
0.030238112
0.022959268
0.023115491
0.02580217
0.022954091
0.02102726
0.022027547
0.02171207
0.020753102
0.02194277
0.022178425
0.020788401
0.02190665
0.022905046
0.02196083
0.020779794
0.022212649
0.022538701
0.021413287
0.021239981
0.021196486
0.021347193
0.021133497
0.020763118
0.020982824
0.021019667
0.02053117
0.021056673
0.02111046
0.020667916
0.020643597
0.020774538
0.02063696
0.020490346
0.020654516
0.020411516
0.020740364
0.020574374
0.020567829
0.020569818
0.020421686
0.020364434
0.020699704
0.02065914
0.020350294
0.020663505
0.020307733
0.02180139
0.022357399
0.020941168
0.021079304
0.021745361
0.021078743
0.020767422
0.020890651
0.02081032
0.020598792
0.020438276
0.020674272
0.020312535
0.020533329
0.020682363
0.02004345
0.02153904
0.022446817
0.02109562
0.020328278
0.020682907
0.020400496
0.020596405
0.020565376
0.019976169
0.02079817
0.021176407
0.020199278
0.02028353
0.02084957
0.020182557
0.020009253
0.020251589
0.019831907
0.020434536
0.020917183
0.02018316
0.019865
0.020134352
0.0198701
0.019916063
0.019996917
0.01977326
0.01987344
0.019858757
0.01972947
0.019744877
0.019682795
0.019733734
0.019657722
0.019683585
0.019672569
0.01955881
0.0195895
0.019575743
0.019508794
0.019487208
0.019423673
0.019563744
0.019501746
0.019336998
0.019492868
0.019399067
0.019326
0.01922304
0.019473778
0.019133305
0.019529363
0.019320777
0.01907054
0.019069994
0.018754566
0.018664105
0.018545581
0.018646637
0.018378008
0.018446676
0.018225543
0.017975913
0.018272346
0.017931828
0.018273676
0.017717674
0.018968942
0.01907657
0.017042644
0.016841413
0.018007757
0.017297743
0.017187143
0.017112108
0.01660856
0.016227162
0.017552344
0.017756976
0.016317612
0.016769806
0.017068535
0.016542042
0.016543059
0.016163185
0.015949307
0.015876135
0.015466057
0.015508401
0.015626578
0.015469432
0.015239288
0.015224099
0.014966267
0.015001678
0.01563762
0.015558657
0.015267257
0.014806504
0.015453689
0.015157794
0.014716153
0.014764992
0.014300271
0.0141393095
0.014569346
0.014362029
0.014667853
0.014389656
0.014041652
0.013861693
0.014651637
0.014884272
0.013813938
0.013892653
0.014254059
0.014043531
0.01391955
0.013881403
0.013981909
0.013540958
0.014439187
0.014615166
0.013771341
0.013680694
0.013695322
0.0135101555
0.013618846
0.013640423
0.013745406
0.013450009
0.014122943
0.013874407
0.013697189
0.013893071
0.013164639
0.0134461075
0.013496193
0.013050434
0.0140763
0.014324802
0.013312903
0.0135586625
0.014192934
0.013407614
0.013483132
0.013749103
0.013099641
0.013306801
0.013140914
0.013042209
0.013240146
0.012880392
0.013553187
0.013380788
0.0133954855
0.013370636
0.013814297
0.013791562
0.01269896
0.014287527
0.014541276
0.013904476
0.0138358055
0.013136692
0.013459347
0.013977717
0.013116243
0.01391561
0.013646442
0.013365769
0.012986563
0.013444394
0.013899542
0.013105701
0.012819034
0.013129145
0.013203488
0.013638067
0.013328627
0.012561428
0.012581627
0.0128488615
0.012585797
0.013404392
0.013705392
0.012478593
0.014975344
0.017287383
0.0155697735
0.012814074
0.014776493
0.017680354
0.016546393
0.01344566
0.01379666
0.015486683
0.014435555
0.012706091
0.0140255885
0.015228714
0.013749932
0.012929623
0.013368261
0.0128977345
0.01301917
0.013135429
0.012455559
0.013485027
0.014300767
0.013014243
0.01272085
0.013358873
0.0126259355
0.0125366645
0.012816176
0.012158758
0.013375501
0.013843477
0.012519206
0.012813817
0.013761349
0.012848844
0.01274049
0.0132217035
0.012285285
0.01286603
0.013662378
0.012613212
0.012729417
0.013539418
0.012448269
0.012592965
0.0133408755
0.0124882655
0.012522019
0.013019153
0.012309699
0.012361463
0.012616481
0.012012373
0.012806599
0.013032311
0.012128559
0.012825091
0.013613142
0.012579925
0.01262794
0.012998246
0.012097516
0.012484998
0.012981405
0.012106051
0.012766049
0.013628774
0.012499054
0.012391004
0.01300064
0.012238792
0.012304549
0.0128669115
0.012177135
0.0121681765
0.012636484
0.012036254
0.012563492
0.0130775
0.012015723
0.01280984
0.013832886
0.012661628
0.011988235
0.012680548
0.0120764235
0.012402087
0.013201729
0.012215595
0.012311912
0.013075779
0.0123596005
0.012492689
0.0131349005
0.012227859
0.012605381
0.013424486
0.012567673
0.012499146
0.013349724
0.0126869865
0.012177019
0.012595714
0.012367816
0.012193933
0.0125297755
0.01205345
0.012244873
0.012825278
0.012272496
0.011754853
0.012183075
0.012050185
0.011665915
0.011938871
0.011702993
0.012302887
0.0128669515
0.012052581
0.011704949
0.0123458775
0.012561612
0.011737498
0.01243146
0.01332646
0.012802292
0.012318502
0.01183515
0.012074185
0.01200255
0.011640008
0.011805519
0.011808242
0.011946574
0.011921619
0.011554507
0.011574588
0.0115785785
0.011453799
0.011732156
0.011767768
0.011523995
0.011375301
0.01172671
0.0115797045
0.011545751
0.011550996
0.011541478
0.011556431
0.011247384
0.011229418
0.011418943
0.011359215
0.011370137
0.0114021925
0.011328707
0.01160968
0.011654876
0.011406016
0.011310666
0.0113972435
0.011337581
0.011468408
0.011257283
0.011556248
0.011490516
0.0113919275
0.011367604
0.01123594
0.011183892
0.011319379
0.011281836
0.011292609
0.011149116
0.011357573
0.011303513
0.01120266
0.011172201
0.011201198
0.01116095
0.011172357
0.0110570965
0.011325263
0.011258169
0.011054489
0.011025648
0.011285205
0.011234506
0.011012738
0.010985107
0.011200398
0.01110962
0.011077482
0.011080645
0.011001733
0.010994323
0.011047225
0.011015591
0.0109565705
0.010910214
0.01104026
0.010977983
0.010960202
0.010920979
0.010959809
0.01089523
0.011001746
0.010944535
0.010890572
0.010841432
0.010991971
0.010944962
0.010834952
0.010790261
0.010981471
0.010919967
0.010788192
0.010749725
0.010873598
0.010807238
0.010755445
0.010704506
0.010826521
0.010771728
0.0106964735
0.010635249
0.0108513115
0.010767474
0.0106315175
0.010580673
0.010760532
0.01063981
0.010635884
0.010561567
0.010663174
0.01057065
0.010594969
0.010510005
0.010613091
0.010554048
0.010483791
0.010441166
0.010534361
0.010474734
0.010452654
0.010419242
0.010359988
0.010290866
0.010498208
0.010433496
0.010299551
0.01034023
0.010271146
0.010134266
0.0105143385
0.010445817
0.010099285
0.010192254
0.010162496
0.010042573
0.01034843
0.0101577155
0.01032867
0.010313085
0.010002335
0.010630716
0.010208361
0.010579463
0.01054291
0.009974324
0.010430727
0.010297619
0.009926685
0.00994211
0.010033929
0.009904668
0.01037381
0.010340288
0.009850063
0.010127819
0.010013473
0.010106038
