0.28828642
0.05911529
0.0318656
0.04934043
0.045627773
0.0273155
0.02347003
0.028829098
0.027165418
0.022842644
0.02186039
0.023988836
0.023373345
0.021002397
0.023317164
0.025744596
0.024615267
0.022070693
0.021117397
0.022630537
0.022852784
0.021190414
0.021727039
0.022672141
0.022327125
0.021522695
0.02096934
0.021837616
0.02184394
0.020762505
0.022314796
0.023714572
0.022782573
0.021417595
0.021324748
0.021667512
0.022001704
0.021543076
0.02071435
0.02190805
0.0226256
0.021383157
0.020780366
0.021135056
0.020834489
0.020659626
0.02067932
0.020625222
0.02039312
0.020531109
0.0204982
0.020108165
0.02089896
0.020149097
0.021494614
0.021989038
0.020097619
0.021786213
0.023288136
0.021432862
0.020250915
0.020828478
0.020477146
0.020436816
0.02016256
0.019918285
0.02016772
0.019550268
0.020503184
0.021181067
0.019903662
0.019939246
0.02055034
0.019855436
0.019859716
0.020042624
0.019721026
0.019748667
0.019604923
0.0197616
0.019591754
0.019525012
0.019575566
0.019321688
0.019296696
0.019693809
0.019595934
0.019346807
0.019338181
0.019457629
0.019358404
0.019512
0.019481556
0.019329434
0.019315356
0.019391539
0.019284695
0.019515352
0.019461742
0.019284368
0.01928679
0.019331463
0.019241579
0.019464882
0.01939658
0.019268664
0.019261798
0.019297784
0.019219548
0.019385638
0.019319179
0.019253092
0.01923128
0.019267999
0.019204274
0.019307287
0.019245492
0.019242972
0.01920976
0.019221703
0.019162925
0.019241245
0.019171625
0.019214684
0.01916369
0.019167483
0.019119464
0.019156998
0.019094214
0.019140927
0.019088326
0.019078305
0.019030852
0.019045442
0.018985106
0.019024378
0.018958453
0.018958256
0.018893667
0.018911242
0.018835753
0.01880296
0.018694313
0.018938206
0.018692395
0.018590597
0.018506316
0.018511549
0.01840339
0.01826229
0.018180361
0.018128315
0.018018765
0.017685996
0.01800689
0.017584348
0.01761082
0.017356599
0.017287392
0.017102454
0.017132161
0.016960809
0.016814217
0.016775014
0.016302131
0.016228616
0.016245892
0.016019957
0.016580692
0.016379409
0.015720094
0.015605681
0.015720077
0.015453115
0.015804777
0.01571562
0.015986297
0.015810663
0.0158356
0.015727157
0.015532885
0.015394911
0.015625147
0.015334708
0.015525849
0.015385117
0.015475993
0.01524851
0.015513559
0.015526208
0.015045454
0.014999431
0.015095994
0.014955561
0.015196933
0.015201725
0.014877991
0.014815916
0.015098489
0.014962732
0.015144664
0.015016419
0.014920932
0.015004487
0.014825319
0.014677927
0.0146982
0.014773749
0.014591675
0.014999096
0.015083641
0.014518197
0.015471473
0.01605021
0.015416831
0.016064638
0.016351558
0.0155555615
0.0151987225
0.01545044
0.015438353
0.014980405
0.0152149545
0.015353292
0.014806054
0.015162613
0.0155041
0.015129916
0.014863089
0.014975862
0.014852829
0.0144738
0.014539108
0.01446754
0.014402692
0.0143224215
0.014180568
0.014311098
0.014174041
0.014447865
0.014507453
0.014144689
0.014153478
0.014204472
0.0140758315
0.014187285
0.014072153
0.013884201
0.0138933435
0.013791692
0.013863851
0.01367867
0.014056083
0.014107172
0.013696208
0.0136382235
0.013662063
0.013424647
0.013422246
0.013432947
0.013280029
0.01321409
0.013197678
0.013104092
0.012985994
0.013205594
0.013038388
0.013310459
0.013331078
0.013035327
0.012771275
0.012636005
0.0125746215
0.012977474
0.012866999
0.012618169
0.012284997
0.012608257
0.012618828
0.01234816
0.01224264
0.012250504
0.012223338
0.012108661
0.011859357
0.012476646
0.012438953
0.012054033
0.011974748
0.011780067
0.011608914
0.011980225
0.01194903
0.012038581
0.011843632
0.011517412
0.011492242
0.011575091
0.0113477325
0.011841862
0.011916105
0.011309327
0.011381668
0.01151974
0.011178457
0.011372375
0.011622046
0.01173648
0.011476699
0.011284922
0.011128177
0.011533267
0.011598677
0.011184697
0.011029606
0.0111911995
0.011001244
0.011134026
0.011082932
0.011328329
0.011206885
0.011088437
0.010854866
0.011058134
0.011135456
0.0109545635
0.010781483
0.010870003
0.010787007
0.011036835
0.011027432
0.010619461
0.010490959
0.010948663
0.010878255
0.010620502
0.010627624
0.0105357645
0.010431073
0.010723432
0.010673508
0.010408846
0.010293436
0.010719944
0.010633883
0.010405912
0.010378023
0.010347308
0.010201287
0.010701952
0.010710612
0.01017607
0.010155129
0.010223551
0.0101725375
0.010129663
0.010092822
0.010094265
0.010181307
0.010072341
0.01013527
0.009937874
0.010421783
0.010442176
0.010487688
0.010562898
0.010374353
0.010025259
0.010375174
0.0102786925
0.01032435
0.010527365
0.010359303
0.010025616
0.01010368
0.010162413
