0.28754094
0.07151866
0.056223173
0.03148877
0.02949577
0.027228748
0.02281638
0.025724972
0.023816371
0.022000829
0.022623966
0.021596795
0.02246236
0.022488555
0.021371154
0.02251392
0.023047857
0.021582002
0.021839513
0.022866776
0.02160486
0.02117911
0.021597594
0.020857548
0.021719174
0.022307174
0.021248976
0.020868301
0.021150736
0.020987393
0.020686766
0.021186942
0.021101503
0.020585245
0.021512927
0.021278622
0.021026572
0.02080707
0.021230688
0.021146655
0.020646257
0.020554202
0.02106618
0.020834789
0.020664746
0.02065664
0.020680195
0.02059261
0.020635372
0.020605942
0.020605238
0.02054725
0.020548547
0.02053998
0.02044391
0.02057316
0.020413615
0.02078412
0.020733815
0.020395009
0.020352809
0.020629466
0.02053762
0.020508805
0.020498883
0.020413065
0.020379558
0.020425076
0.020333823
0.020577589
0.020472992
0.020342613
0.020314572
0.020439472
0.020376073
0.020343488
0.020320954
0.020295903
0.020228935
0.020425169
0.020375878
0.020193493
0.02014597
0.020380626
0.020309838
0.02008201
0.020063682
0.020117369
0.020020172
0.020125644
0.020054191
0.019934578
0.019908475
0.020031722
0.019954508
0.019754855
0.020068316
0.020163689
0.019842466
0.020211635
0.019758245
0.01979698
0.020047054
0.019795112
0.020744195
0.021364098
0.020136109
0.020313013
0.02064758
0.01991259
0.02037087
0.020646498
0.019589804
0.02011185
0.021043835
0.019928036
0.019413963
0.019539108
0.019420797
0.019023554
0.018974693
0.019071221
0.018843954
0.018618487
0.01865269
0.018308325
0.018198183
0.01812296
0.01778941
0.018575346
0.018355362
0.019540772
0.018284326
0.019168744
0.019563055
0.018939178
0.018266434
0.017741797
0.017491652
0.01758456
0.017880298
0.017512796
0.017294498
0.017221184
0.017219447
0.01729433
0.017011419
0.017087655
0.016919835
0.017250465
0.01684268
0.017889539
0.01721351
0.016501611
0.016705187
0.016391505
0.0162229
0.016660726
0.016620928
0.015984517
0.015732352
0.0161772
0.015926974
0.016662901
0.016433643
0.015482843
0.015323627
0.015796455
0.015476388
0.015746884
0.015781002
0.014827072
0.014869313
0.014910287
0.014676239
0.014977214
0.014731844
0.014759593
0.0144498395
0.014636035
0.01441326
0.014562613
0.014661928
0.014166537
0.014037736
0.013948428
0.013705601
0.013924468
0.013747017
0.013860636
0.013807136
0.013788417
0.013425961
0.013965937
0.014010209
0.013137616
0.013529576
0.013870153
0.013123919
0.01303943
0.0137033025
0.014315034
0.01297534
0.013003655
0.013696582
0.013793719
0.012478139
0.012725816
0.0132421525
0.0125964135
0.012997617
0.012688943
0.012574104
0.012323427
0.01174257
0.012230176
0.011625615
0.012133944
0.0125397565
0.011263664
0.012094821
0.013053362
0.011693057
0.011295239
0.011663961
0.011191086
0.010617088
0.011032241
0.011026549
0.010381215
0.010506955
0.0103797205
0.009745539
0.010289838
0.010336036
0.010477499
0.010158339
0.010027355
0.010736831
0.010244932
0.009545122
0.009625315
0.009393402
0.0094176335
0.009220054
0.0092485715
0.009121198
0.009291251
0.009222972
0.009042944
0.009225059
0.009571547
0.009185972
0.009612104
0.009074098
0.009769582
0.009521223
0.009598181
0.008773613
0.009411295
0.0091302665
0.009277244
0.008459262
0.009952098
0.009656594
0.009560207
0.009311645
0.008696933
0.008485176
0.008412767
0.008998563
0.008617392
0.009900103
0.00973115
0.008936169
0.008882065
0.008976023
0.0086231725
0.009317902
0.008951705
0.0086888485
0.008665011
0.008570251
0.008519042
0.008584178
0.00838541
0.00845191
0.008388187
0.008532303
0.008434349
0.008333208
0.008277432
0.007944077
0.007822202
0.0081002815
0.007843939
0.008318587
0.008439368
0.007820995
0.00813382
0.008085402
0.007807478
0.0078023584
0.007699907
0.007905431
0.007929966
0.007879515
0.0082442835
0.0080556115
0.007953611
0.007846055
0.008489951
0.008121785
0.0075781965
0.008212271
0.0075983866
0.007919613
0.0077587194
0.0075020157
0.0074426476
0.0075046844
0.007273972
0.0077604074
0.0076843365
0.0073688603
0.007356161
0.007866527
0.007980598
0.007319791
0.0071850643
0.0074184635
0.0072146878
0.0070496774
0.0072699063
0.0068912134
0.007011328
0.0069503137
0.007121768
0.0067686723
0.007005761
0.006800599
0.0070495307
0.007139049
0.006705532
0.0068222373
0.0066471216
0.0068707033
0.006539388
0.00704309
0.007138318
0.0066097393
0.0074409205
0.006883373
0.0070813536
0.006679484
0.007631473
0.0077527165
0.0071748737
0.0069614793
0.0073876977
0.0068603945
0.0075266114
0.007169079
0.0067305677
0.0066744857
0.0070529077
0.006920466
0.0067148893
0.006578066
0.0067121643
0.0065940805
0.0065907375
0.0065775476
0.006674198
0.0064818203
0.006526891
0.0064499136
0.0063156188
0.006521517
0.0064108535
0.0062470655
0.0063500744
0.006130192
0.0062905103
0.0060767564
0.00631543
0.006351417
0.006735696
0.0064973882
0.0067717223
0.0065013934
0.006984806
0.0067162085
0.0062415055
0.0062196404
0.0063040163
0.006154917
0.006689681
0.006605107
0.006149163
0.006053617
0.0063767857
0.006027978
0.0063429438
0.006269505
0.0060044937
0.0064069703
0.0059768683
0.005880494
0.0060988986
0.0060288035
0.0061515127
0.005939841
0.006613612
0.006593521
0.006145204
0.005952906
0.006286502
0.0061203227
0.006279267
0.0069138184
0.0059002503
0.0063978084
0.0062134173
0.006136851
0.006556163
0.0060170726
0.0058371797
0.0059934533
0.0060473904
0.0060079345
0.0056504807
0.00609477
0.0061042868
0.006007737
0.005869704
0.0070549124
0.0064556147
0.006163782
0.007001405
0.0063419044
0.0066165496
0.0067265113
0.006824816
0.006281411
0.006364846
0.006331489
0.006604625
0.0065201544
0.006128531
0.0059510204
0.005999057
0.0063742646
0.005944403
0.005843026
0.005664151
0.005825491
0.005800728
0.005801378
0.005383292
0.006853075
0.0071682427
0.006141782
0.0067058043
0.0061543826
0.0057583717
0.0064224997
0.0061537162
0.005634031
0.005839476
0.00568595
0.0054264325
0.005925011
0.005672211
0.0057736016
0.0056195273
0.0055131414
0.0057764575
0.005605221
0.0056495913
0.005454324
0.0055324608
0.0054090247
0.005701916
0.005485352
0.0061138193
0.006220819
0.0054296777
0.005588226
0.0068509374
0.006083574
0.00622292
0.006238965
0.0058028325
0.0055616815
0.0054552727
0.0054549114
0.0054162354
0.005448196
0.0056482297
0.005261779
0.0057566017
0.006088872
0.0055378526
0.0056842803
0.0058760853
0.00537542
0.0053909845
0.005391573
0.005159795
0.005464015
0.0052369907
0.0056641027
0.005819509
0.005431032
0.0055227005
0.0055803866
0.0053647007
0.0050999573
0.0053693415
0.0053214263
0.005164592
0.005335663
0.00492805
0.006337187
0.0065483465
0.005418952
0.0067770355
0.008174041
0.0064247325
0.0062510557
0.0066142306
0.0059572603
0.0056782397
0.005895976
0.005759479
0.0056608715
0.0056562987
0.0053279307
0.005668942
0.0055710976
0.005244116
0.0051525957
0.0055851177
0.00536545
0.0049647503
0.0050933943
0.004886806
0.0054683723
0.0054893703
0.005673097
0.005512888
0.005606541
0.005316211
0.0053976835
0.0052076983
0.0049745734
0.005027018
0.0048593986
0.004807565
0.0048663276
0.0047196276
0.0050648125
