0.28879705
0.047975987
0.08048589
0.05335696
0.024446221
0.033225078
0.0325082
0.026112905
0.025838992
0.027056992
0.025033891
0.023555612
0.023705529
0.023695653
0.023412457
0.022617405
0.022755064
0.022788972
0.022363948
0.022310844
0.022401465
0.022030845
0.022220274
0.022214191
0.02179726
0.022075208
0.022025816
0.021582618
0.021856437
0.021797858
0.021427467
0.02107884
0.021384984
0.020928813
0.020988354
0.021024281
0.020635426
0.020659933
0.02068015
0.02053027
0.020597
0.020491207
0.020528706
0.020364596
0.020609677
0.020445818
0.020300351
0.020257305
0.020141505
0.020035082
0.02024807
0.02013046
0.019942362
0.019838793
0.019883258
0.019725082
0.019675104
0.019527508
0.019381998
0.019154536
0.019109443
0.018821223
0.01852349
0.018186811
0.018115884
0.017880658
0.017327076
0.017783035
0.017303893
0.016886981
0.018660268
0.018956605
0.017067866
0.017702786
0.017871736
0.016991312
0.016986541
0.016594984
0.016621197
0.016655257
0.015837597
0.01697945
0.018075062
0.016625216
0.015553076
0.015627021
0.015370331
0.015645334
0.015674273
0.015304889
0.015372076
0.0154421395
0.014851634
0.015872134
0.016774388
0.015610561
0.014658947
0.015109618
0.015076877
0.01435387
0.015058541
0.01579677
0.014903632
0.014236863
0.01453803
0.014586896
0.01385926
0.014442168
0.014662941
0.014339376
0.013772444
0.013719243
0.013863955
0.013347119
0.013574314
0.013869238
0.013383153
0.012990281
0.0136177875
0.0135816075
0.012698618
0.013108433
0.013174504
0.012599475
0.012958367
0.013288565
0.013091125
0.012492673
0.012525181
0.012470695
0.012561437
0.012325437
0.011934991
0.012148694
0.012106846
0.011978179
0.011654501
0.0115611255
0.011829925
0.011383644
0.01200452
0.011449651
0.011931836
0.011614785
0.011560586
0.011728912
0.010832816
0.010680769
0.010593821
0.010798469
0.010597712
0.010632582
0.010118389
0.009955836
0.010481603
0.010389638
0.010229717
0.009527359
0.009667899
0.009628779
0.009291105
0.0092294
0.009960718
0.009105235
0.012632388
0.012394653
0.009531829
0.012372062
0.013754882
0.010395651
0.010362701
0.012351912
0.009911231
0.009896901
0.011033095
0.009374938
0.0097882105
0.010912266
0.009222668
0.009582814
0.010351684
0.009132306
0.009381964
0.010141231
0.008938885
0.009325852
0.01000185
0.008950518
0.008951735
0.009499846
0.008620674
0.0090875495
0.0094652455
0.008478035
0.009225782
0.009674627
0.008607546
0.008846401
0.00920432
0.008568388
0.008731841
0.0088104755
0.008474555
0.008278801
0.008207893
0.008233347
0.007917376
0.008522288
0.008688357
0.00796314
0.00816624
0.008564051
0.007992096
0.007972838
0.008034944
0.007982624
0.007754275
0.0077114697
0.007828931
0.0075237416
0.00764931
0.0077543794
0.00750003
0.00736244
0.0072612353
0.0073834755
0.0075151096
0.007272627
0.0073497533
0.0076910183
0.0072679506
0.007630501
0.007893673
0.00836845
0.007782519
0.007153765
0.007231042
0.007489048
0.0071117454
0.0073294207
0.007431956
0.007287281
0.0070593036
0.0070988853
0.007134096
0.0070050904
0.00674467
0.0073061865
0.0073349527
0.006772293
0.0067432616
0.0069361194
0.0066862046
0.0068375194
0.006809303
0.0069643273
0.006610658
0.007292913
0.0075417086
0.0064962455
0.007170224
0.0075347447
0.0072634057
0.0069657774
0.006358199
0.0071043246
0.007011376
0.0066730045
0.006605394
0.006509841
0.00644492
0.006572152
0.006271139
0.0065903724
0.006654709
0.0062105735
0.0060450607
0.0064350343
0.0063074753
0.0065668584
0.0064745923
0.0061992146
0.006198158
0.0060368963
0.0058799353
0.0064296126
0.006220181
0.0061266334
0.0061048656
0.0058421083
0.005813483
0.0060852333
0.005936763
0.0059467815
0.005895905
0.0058726445
0.005784041
0.005892413
0.005816303
0.005818058
0.005749766
0.0058502257
0.0057776533
0.005728863
0.0056988164
0.0057330206
0.0056716856
0.0057171546
0.0057058726
0.0056738644
0.00571521
0.0056103836
0.0057281493
0.005567031
0.0057068826
0.0054972568
0.0056954124
0.005499562
0.005651293
0.0054884725
0.0053690933
0.005646192
0.0053549367
0.005832219
0.0058041797
0.0053845257
0.0056934557
0.005265562
0.0059027798
0.00557876
0.00571143
0.00603443
0.0055955746
0.005561465
0.005753496
0.005589446
0.005344489
0.0055553275
0.005256591
0.0058255713
0.0058032186
0.00540109
0.0054351757
0.0054118135
0.0053763413
0.0052602924
0.0054184906
0.0051531047
0.005697752
0.005648946
0.0055627353
0.0053902366
0.005273346
0.0052813124
0.0052728853
0.005152983
0.0053847744
0.0051796497
0.0054842904
0.0053827376
0.00517113
0.005070527
0.005501983
0.005338432
0.005247572
0.005312068
0.005084915
0.0050591356
0.0051635248
0.005028499
0.005274923
0.0051955753
0.005092791
0.0049690106
0.0053396076
0.005271539
0.004972115
0.0049694595
0.005116513
0.0049921405
0.005152974
0.005169269
0.004905661
0.0048855394
0.0051619853
0.005061559
0.00498531
0.0049766772
0.004926033
0.004848127
0.005082549
0.0050368165
0.004815693
0.004760694
0.005123208
0.0050268434
0.004836042
0.0047937008
0.004956896
0.0048359255
0.004978718
0.004938591
0.0047819177
0.0047232183
0.004968162
0.0048540677
0.0048033963
0.0047451365
0.00485193
0.004740953
