0.2870201
0.050529692
0.051056966
0.07722456
0.052843016
0.024655351
0.028116336
0.04061647
0.038472097
0.02757668
0.020650866
0.028397122
0.033311594
0.03138213
0.025800178
0.02110696
0.022373373
0.025191078
0.025469497
0.022108555
0.020408658
0.023173586
0.024394786
0.023161167
0.021585904
0.020175433
0.02099061
0.020974806
0.020248635
0.020273037
0.02089624
0.02039719
0.020293152
0.020372367
0.02042214
0.020231774
0.019739753
0.019718623
0.019821018
0.019797951
0.019499607
0.019097535
0.019980198
0.019455133
0.01979483
0.019495293
0.018528184
0.018304227
0.01926666
0.018999396
0.018173285
0.01787795
0.018415935
0.018138329
0.017861947
0.017686632
0.017310025
0.017022016
0.018239547
0.018076131
0.016956434
0.016885726
0.017202407
0.016826896
0.01753737
0.017303444
0.01660006
0.016549228
0.016884014
0.016537998
0.016854538
0.016878044
0.016132398
0.016012194
0.016639858
0.016306674
0.016117547
0.01605239
0.015681997
0.015498606
0.016155882
0.015985342
0.01565791
0.01538545
0.0155553
0.0153424395
0.015675621
0.0155972885
0.015193277
0.015666096
0.015326272
0.015784973
0.015900657
0.01546733
0.015213073
0.015324543
0.015224037
0.014888101
0.014929972
0.014921002
0.01492517
0.014715086
0.015355618
0.0152814835
0.014864482
0.014819361
0.015070598
0.014725103
0.015252206
0.0153464265
0.014579743
0.014806117
0.01474411
0.014524099
0.015054899
0.01479601
0.014684461
0.014699529
0.0146513535
0.014498707
0.014913377
0.014813797
0.01442491
0.014345996
0.0148704825
0.014787003
0.014397286
0.0145005435
0.01447795
0.014348094
0.014580247
0.014407354
0.014426869
0.014415306
0.0142416535
0.0142137585
0.014322926
0.014217955
0.014308187
0.014232799
0.014206603
0.014150123
0.014215085
0.014167141
0.014097154
0.014024069
0.014211908
0.014136578
0.014009222
0.013957861
0.014095745
0.014014031
0.013955734
0.013915134
0.013923413
0.013846561
0.013933708
0.013886792
0.01375277
0.013692975
0.013889644
0.013814792
0.013641569
0.013586125
0.013722046
0.013620528
0.01364343
0.013630998
0.013475914
0.013406639
0.013758543
0.013625312
0.013375122
0.013545967
0.013217141
0.0133795515
0.013596821
0.013311324
0.013688549
0.013596281
0.013525619
0.01354425
0.013455293
0.013281855
0.013297603
0.013231573
0.0131456675
0.013099368
0.013130046
0.013054927
0.013006982
0.01290904
0.013024558
0.012770028
0.013109584
0.012988503
0.012747583
0.012653832
0.012891254
0.012796643
0.012674888
0.012565591
0.012841888
0.012753743
0.012584706
0.012505288
0.012640401
0.012540709
0.012601229
0.01252751
0.012452901
0.012398243
0.012503524
0.012408563
0.012376464
0.0122861015
0.012446217
0.01232272
0.012287569
0.012227152
0.0122259585
0.0121288365
0.012229216
0.012182809
0.0120880185
0.0120095825
0.012121316
0.0120753795
0.011918384
0.011928053
0.011842519
0.011824501
0.011821255
0.011732773
0.011798199
0.011642955
0.01234642
0.01240933
0.011477344
0.011786151
0.011632529
0.012054416
0.01167881
0.012658417
0.01310067
0.011904242
0.01289095
0.012561333
0.0122177685
0.012958671
0.012760752
0.012072478
0.012156375
0.012004632
0.011650778
0.011694734
0.01206681
0.011695899
0.0113129765
0.011398658
0.011353231
0.01135004
0.011566974
0.01145197
0.011602525
0.011616346
0.011446596
0.011347513
0.011304217
0.011193988
0.010922988
0.011595414
0.011579138
0.011099649
0.011028029
0.01092321
0.011292379
0.01111075
0.011362672
0.011366579
0.010817476
0.011049062
0.011037812
0.010880214
0.010866656
0.010864002
0.010573967
0.011214324
0.01119488
0.010741308
0.010641284
0.010842319
0.010409538
0.011286517
0.011318105
0.010778983
0.010634712
0.010872997
0.010667838
0.010477674
0.010487166
0.010503466
0.0104648
0.010497338
0.010326073
0.010479373
0.010205834
0.010570045
0.010536082
0.010441656
0.010524002
0.010389757
0.01025249
0.010357599
0.010381527
0.010520252
0.010851298
0.010658915
0.010640706
0.011052761
0.010113037
0.011330321
0.011720362
0.0106235845
0.010996216
0.010525778
0.010621908
0.010437378
0.010244914
0.010277432
0.010108057
0.009968542
0.0103044165
0.010103367
0.010121823
0.010150839
0.009951084
0.00977894
0.010371644
0.010107295
0.010603744
0.010921148
0.010266449
0.010380025
0.010352475
0.00976183
0.010529652
0.010415628
0.00967299
0.009897078
0.009583409
0.009775995
0.009411696
0.009983847
0.009841961
0.010204251
0.010711609
0.009521064
0.010436828
0.010548224
0.009525505
0.010199156
0.009657892
0.009836757
0.010032845
0.009551509
0.0095433965
0.009459346
0.009464168
0.009420908
0.009268321
0.009434172
0.009324219
0.009527243
0.009506726
0.009136737
0.009797488
0.00950276
0.009493534
0.009543032
0.009865937
0.009399599
0.009493083
0.009424608
0.009456088
0.009212342
0.009581439
0.009636479
0.009131034
0.008990284
0.009280283
0.009082202
0.009399825
0.009282975
0.009431861
0.009025785
0.009400722
0.0092473645
0.00938923
0.009463352
0.009198562
0.009129188
0.008931943
0.008762098
0.009245925
0.00907126
0.009196787
0.009066964
0.009049808
0.008831454
0.009132608
0.009082486
0.008762068
0.008645046
0.009241377
0.009208147
0.008619983
0.008553983
0.008941392
0.008676675
0.008934004
0.008957732
0.008581067
0.008514012
0.008937322
0.008441248
0.009359823
0.009484055
0.00825413
0.008980955
0.00864371
0.00850172
0.008562425
0.00822254
0.008434447
0.008332764
0.008581236
0.008407005
0.0087679215
0.008860774
0.008771853
0.00879034
0.008656263
0.008441903
0.008912503
0.008437042
0.008848817
0.008823617
0.008205331
0.008179271
0.008589947
0.008505239
0.008258103
0.008155468
0.0084707355
0.008288012
0.008262668
