0.28945065
0.07719106
0.0633252
0.030178808
0.03431498
0.03197089
0.022063745
0.031131148
0.035533503
0.028414933
0.023413928
0.02333449
0.025636204
0.025373476
0.022028709
0.021766359
0.023065045
0.02187843
0.021167845
0.021536825
0.02149571
0.021090455
0.02074203
0.021083297
0.020595571
0.021279953
0.021294378
0.020991048
0.020696232
0.020554386
0.020992145
0.020737337
0.020590661
0.021192076
0.020661462
0.021228934
0.021317137
0.020603342
0.020825222
0.02116246
0.020758288
0.020722842
0.020850083
0.020373972
0.020695763
0.020384165
0.021168763
0.021187792
0.020588897
0.020549037
0.02058296
0.020540422
0.02031889
0.02038202
0.020228589
0.020176537
0.020605389
0.020378247
0.020722335
0.020762037
0.02014494
0.020171566
0.020276109
0.02017019
0.020222314
0.020285288
0.0200836
0.02045495
0.020340951
0.020535884
0.020298226
0.020436848
0.020500217
0.020153156
0.020087834
0.020500617
0.020424413
0.020154532
0.020107633
0.02034703
0.02028469
0.020159231
0.020118745
0.020230688
0.020189218
0.020110937
0.020056453
0.02025806
0.020205447
0.02003663
0.020016449
0.020202287
0.020152872
0.020019786
0.019999964
0.020124484
0.020051526
0.020079525
0.020059884
0.020005107
0.019964883
0.020100566
0.020064062
0.019946607
0.01991053
0.020107968
0.02005594
0.019914491
0.01988721
0.020066073
0.020011507
0.01991054
0.019877916
0.019992782
0.019937417
0.019911863
0.019878881
0.019910216
0.019867098
0.019907486
0.019876024
0.019866077
0.019825442
0.019916454
0.019882811
0.019809809
0.01977286
0.019916723
0.019865682
0.019777996
0.019737208
0.019902147
0.019866958
0.019738311
0.019703614
0.01989853
0.019858556
0.019682512
0.019647948
0.019891541
0.019830614
0.01965697
0.01963316
0.019793132
0.019723607
0.019679874
0.019637758
0.019711057
0.019645099
0.01969179
0.019608364
0.019688627
0.019649988
0.019549621
0.019506628
0.019721782
0.01971531
0.019414274
0.019402282
0.019555358
0.01949255
0.019585796
0.019600486
0.019503996
0.01933098
0.01936274
0.019149063
0.019355245
0.019197928
0.019366482
0.01932394
0.018988037
0.018894143
0.019051136
0.018785054
0.018838936
0.018730305
0.018674446
0.018350795
0.018633714
0.01830816
0.018166946
0.017855162
0.01819326
0.01772742
0.01781703
0.017686376
0.017273987
0.017239233
0.01763313
0.017468764
0.017123034
0.01708833
0.017122861
0.016824186
0.017184937
0.017078089
0.01666368
0.016587043
0.01654835
0.016457923
0.016411502
0.016361302
0.016512504
0.01620386
0.017228657
0.017395107
0.016216615
0.017552225
0.016748589
0.016823051
0.017254258
0.016864588
0.01685678
0.016126832
0.015830858
0.01607973
0.01568451
0.015818866
0.015817354
0.015594427
0.015492652
0.015539299
0.015411813
0.01556068
0.015694732
0.015625844
0.015542451
0.015242799
0.014969441
0.0151296
0.014925812
0.014986047
0.015052122
0.014837834
0.014782763
0.014786168
0.015064106
0.014978521
0.014888355
0.015030213
0.014800315
0.014619455
0.01491334
0.014602353
0.014525059
0.014558878
0.014381816
0.014461617
0.01440385
0.014333355
0.014478442
0.01437306
0.014392939
0.0140863815
0.014411266
0.014277925
0.014176038
0.014230713
0.013814281
0.013761173
0.01375626
0.013593726
0.013886872
0.0137740895
0.01330585
0.013106416
0.013829105
0.013741337
0.01300966
0.013056158
0.013036266
0.012820087
0.01292564
0.012743224
0.013102733
0.012985699
0.012650589
0.012954541
0.012513143
0.013613704
0.015351441
0.013429907
0.012688212
0.013730423
0.013572116
0.012866497
0.012397531
0.012960588
0.013229832
0.012327951
0.012490864
0.012609483
0.012523507
0.012099214
0.012026265
0.011994846
0.011953223
0.0117852995
0.012056693
0.012175578
0.0123223215
0.012169066
0.012133782
0.011604638
0.012060906
0.012201384
0.011457745
0.011482461
0.011655084
0.011419867
0.011754972
0.01167353
0.011250284
0.011008422
0.01187385
0.011703101
0.011228186
0.011306193
0.011044099
0.010814119
0.011494618
0.011588584
0.010871657
0.010975049
0.011086228
0.0105618425
0.012101711
0.012610525
0.011458511
0.0107846195
0.0116443345
0.011778459
0.011498898
0.0112324655
0.011020385
0.01075725
0.011542889
0.011336324
0.011227389
0.011106462
0.010588373
0.010603097
0.010959092
0.010656007
0.010499765
0.010423706
0.010615245
0.010397452
0.010444075
0.010500888
0.010132763
0.0099943215
0.010719158
0.010580898
0.010048212
0.010036898
0.010238118
0.009938348
0.010477698
0.010363982
0.009932852
0.009796363
0.010150646
0.009908181
0.010286562
0.010023189
0.010079842
0.009918272
0.00993401
0.009727461
0.009901688
0.009787342
0.00987118
0.009668919
0.00999438
0.009856387
0.00969121
0.0096360035
0.009847675
0.009866621
0.0097176945
0.009627854
0.009718216
0.009706023
0.009443977
0.009257107
0.009847814
0.009608485
0.00926998
0.009231237
0.009259293
0.009048806
0.00961938
0.009559152
0.009196063
0.0092405
0.009622991
0.009468764
0.0096235825
0.009502052
0.009265214
0.009292676
0.009128373
0.009356832
0.0089857755
