0.2876124
0.049498875
0.07654795
0.048945155
0.021598017
0.04060113
0.0425584
0.028917678
0.023517579
0.025489835
0.026424179
0.024489805
0.022039317
0.022637635
0.023951756
0.022851681
0.020900363
0.022819733
0.024097657
0.022192508
0.021602975
0.0213366
0.021612152
0.021364288
0.02061824
0.021064997
0.021304408
0.02094005
0.02024077
0.022076746
0.022866243
0.020906596
0.021135254
0.021561539
0.02057645
0.020881161
0.0209141
0.02016436
0.020111771
0.020365449
0.019919354
0.019571757
0.019736065
0.019368196
0.019700006
0.019632304
0.019232037
0.019014489
0.018914947
0.018717261
0.018412298
0.018287426
0.0180194
0.01781746
0.0176875
0.017451778
0.017363086
0.01704195
0.01683742
0.016567215
0.016370459
0.016042426
0.01601554
0.015985852
0.015614542
0.015602508
0.015795825
0.015495811
0.015203652
0.015158986
0.015322809
0.015239318
0.014805968
0.015364694
0.015546933
0.015702752
0.0150160445
0.015413093
0.015325482
0.016479218
0.016754486
0.015576172
0.016247341
0.0155407
0.015500446
0.015917107
0.014687647
0.016021816
0.016798293
0.015777582
0.015821876
0.015144794
0.015651472
0.015767561
0.014594353
0.014614913
0.01519062
0.014923806
0.014605996
0.0145009635
0.015213755
0.014923967
0.014449008
0.014472753
0.014825976
0.014709768
0.014328617
0.014261405
0.01487489
0.014698896
0.0143346535
0.014292029
0.014646086
0.014555295
0.01427671
0.014242689
0.01449972
0.014366119
0.014377835
0.014309133
0.014341612
0.01427083
0.014383222
0.014335451
0.01420617
0.014123075
0.014470202
0.014391557
0.014126212
0.014066282
0.014439222
0.014364221
0.01406028
0.013996534
0.014459235
0.014380132
0.013987064
0.013937582
0.014372297
0.014251144
0.013985942
0.013920481
0.014285351
0.014215638
0.013899319
0.013851297
0.014154279
0.014032364
0.013922471
0.013835208
0.014084116
0.014019209
0.013807424
0.01376136
0.013920918
0.013814555
0.013825643
0.013729182
0.013848186
0.013772252
0.013725755
0.013679527
0.013688989
0.013609779
0.013693332
0.013602194
0.01363669
0.013540999
0.01364633
0.013589126
0.0134839965
0.013419834
0.013566028
0.0134790875
0.013426759
0.013335441
0.0135325575
0.013452093
0.01331069
0.013251555
0.013429392
0.01334815
0.013235859
0.013158716
0.013380623
0.013292078
0.013169956
0.013096017
0.013342819
0.01326378
0.013089192
0.013009879
0.013340361
0.013252978
0.013012129
0.0129527105
0.013295946
0.01322756
0.012940432
0.012907927
0.013178873
0.013099437
0.0129116075
0.01284758
0.013142093
0.013051082
0.012866426
0.012814048
0.013042185
0.012955067
0.012838922
0.012771933
0.01295912
0.012864664
0.012817656
0.0127520375
0.012854737
0.012769155
0.0128020225
0.012739803
0.012742619
0.012677076
0.012739734
0.012661749
0.012685535
0.012597043
0.012678459
0.012591265
0.012573853
0.012495461
0.012582411
0.012476407
0.012508904
0.012410897
0.01250261
0.01239789
0.01239035
0.012302313
0.012365793
0.0122754695
0.012238902
0.012147866
0.012225951
0.012133754
0.0120637715
0.01196893
0.012089145
0.011970486
0.011952304
0.011870365
0.011898817
0.011766687
0.011903546
0.011775836
0.01176208
0.011638182
0.011804417
0.0117071895
0.011545137
0.011448584
0.011688064
0.011518106
0.011566111
0.011509108
0.011367408
0.011290297
0.011508235
0.011370305
0.011228246
0.01105494
0.011552873
0.011364758
0.011116761
0.010980188
0.011589535
0.011538756
0.011038661
0.011006612
0.010965324
0.0108446
0.010856773
0.010807621
0.011484086
0.011137813
0.010719988
0.010674786
0.010911935
0.01075159
0.01077265
0.0106231
0.010608406
0.010518447
0.01085107
0.010697253
0.0105836615
0.010472166
0.010688738
0.010704183
0.010461216
0.010414778
0.010476095
0.010354422
0.010437456
0.010281108
0.010432598
0.010246356
0.010377423
0.010253567
0.010385389
0.010377911
0.010204477
0.010204861
0.010120631
0.010030462
0.010102873
0.009909918
0.01027817
0.010055109
0.010027168
0.009832085
0.010250227
0.0101121245
0.009858063
0.009734915
0.009944842
0.009678801
0.010006387
0.0097213965
0.009763072
0.0092986105
0.0103548635
0.010273506
0.0093535865
0.009482442
0.009391893
0.0094350865
0.009533644
0.009661399
0.009277389
0.009432327
0.008981542
0.009548358
0.008952465
0.009727777
0.009574584
0.009115302
0.00919148
0.009270794
0.009056248
0.0093741445
0.009173535
0.008866125
0.009196796
0.008644663
0.009942566
0.01068749
0.0102693215
0.0094860755
0.009343327
0.009351975
0.008773624
0.008754878
0.009438563
0.009172724
0.008737977
0.008451707
0.008893151
0.008541507
0.009045648
0.009283575
0.008283202
0.00929698
0.010042076
0.009303897
0.008762706
0.009050386
0.008717846
0.008846157
0.008215047
0.00915015
0.00862991
0.008471579
0.009080383
0.008203126
0.008332039
0.008247918
0.008149619
0.008046928
0.007602615
0.008080641
0.007926841
0.007525842
0.007643977
0.0073069055
0.007515809
0.0072268597
0.007363727
0.00708596
0.0072484273
0.0070606065
0.006933996
0.0076258034
0.0073402715
0.007423448
0.0072011775
0.007156978
0.0068668337
0.007042242
0.0065351496
0.007345896
0.006970039
0.0069797854
0.0070954277
0.0064509385
0.0070626214
0.00653857
0.0070959628
0.007490829
0.006403582
0.006955909
0.0068129473
0.006231224
0.006823832
0.0066418587
0.006255593
0.006624373
0.005974104
0.0064780903
0.006118038
0.006488614
0.006636588
0.006178621
0.0062708645
0.0062428117
0.00616283
0.006103163
0.0058978195
0.006028252
0.00602786
0.0059236716
0.006055884
0.0057878946
0.0057406984
0.0058442242
0.005479285
0.0061306953
0.0059608244
0.0053946446
0.0054432065
0.005633443
0.005573548
0.0055890456
0.0054946044
0.0053678714
0.005183756
0.005370028
0.00518523
0.005237801
0.00511172
0.0052349605
0.005245592
0.005031378
0.004939972
0.005084122
0.004884036
0.005161472
0.0050611882
0.0048287455
0.0048444564
0.0048763137
0.004777159
0.0048866137
0.0047456226
0.004861373
0.004753786
0.0047469246
0.0046519493
0.004860763
0.004877213
0.00453116
0.0047036116
0.004459303
0.0049373885
0.0043262444
0.0063540614
0.006840414
0.0048760665
0.0057807597
0.006209985
0.005032834
0.005021455
0.00524495
0.0050677303
0.0046691424
0.0046745944
0.004742175
0.00433234
0.004698557
0.004516136
0.0044598193
0.0044812444
0.00440645
0.004266082
0.0047329403
0.0041996096
0.005100464
0.0053894185
0.0043767453
0.0045447946
0.0047104876
0.0042849258
0.004621643
0.004612637
0.004765701
0.004741512
0.0043183104
0.004277282
0.0043342286
0.0041894014
0.0042566345
0.004223492
0.0043053534
