0.28885832
0.05409788
0.067878835
0.04306228
0.025752204
0.028092181
0.025710091
0.025124362
0.0240902
0.02335863
0.023608165
0.022626832
0.022853367
0.022811636
0.021978175
0.022516467
0.022419937
0.021624506
0.022264728
0.022218304
0.021212915
0.022542
0.023294574
0.022090219
0.020824634
0.022397818
0.023687363
0.021847308
0.020865023
0.02100514
0.021496153
0.020963335
0.020677807
0.020576648
0.020668538
0.02028956
0.020248497
0.020358136
0.020159261
0.01974514
0.020116279
0.019904042
0.019268146
0.019079236
0.018993735
0.018579295
0.018991888
0.019022083
0.018271586
0.018517269
0.01830722
0.019087318
0.018384248
0.01865196
0.0179774
0.017915932
0.018335938
0.017964814
0.018000135
0.017757013
0.017652968
0.01752639
0.017979523
0.017515795
0.017880073
0.017908653
0.017611057
0.017850706
0.017888935
0.017913558
0.017444147
0.018286573
0.018246168
0.017560989
0.01772458
0.017756155
0.017682256
0.017379636
0.017433912
0.017418487
0.017352486
0.01728168
0.017406357
0.017264597
0.017482067
0.017455196
0.017272668
0.017315216
0.017289102
0.017164629
0.01733677
0.017189471
0.017293053
0.017301327
0.017024608
0.016995745
0.017270654
0.017152794
0.016945219
0.01718541
0.01686202
0.018081026
0.01844231
0.017007358
0.017915301
0.018541416
0.017584829
0.017171266
0.017402185
0.017045224
0.017152103
0.017094804
0.016869372
0.016825045
0.016773932
0.016733443
0.016564146
0.016600108
0.01650776
0.016399873
0.016435722
0.016193131
0.016462846
0.01643682
0.016236788
0.015909716
0.016284209
0.016040072
0.015758798
0.015626263
0.015722351
0.015642447
0.01528132
0.01524583
0.015505411
0.015216105
0.014596447
0.014534179
0.014231917
0.013910498
0.013669066
0.013256177
0.013098064
0.012882072
0.012487739
0.012858423
0.012353557
0.013011784
0.013338928
0.012233678
0.012638348
0.013410218
0.012025268
0.012703727
0.013678048
0.01249854
0.011647765
0.012278847
0.011627578
0.011583325
0.011824928
0.011428014
0.011120916
0.011106708
0.010990907
0.010874335
0.010805641
0.010830059
0.010577095
0.010734384
0.010813347
0.010952239
0.010809139
0.010571084
0.01040019
0.010223245
0.010102327
0.010213965
0.010064938
0.010428426
0.0101968
0.009765589
0.009588193
0.010126572
0.009926672
0.00989915
0.0101846615
0.00930467
0.009482755
0.009210912
0.00894303
0.00976666
0.009722331
0.0095700035
0.009236849
0.009354795
0.009162671
0.009151322
0.009188384
0.008975125
0.008718993
0.00862306
0.00878907
0.008270806
0.009028637
0.008358728
0.010147995
0.010584584
0.008981417
0.009740807
0.010646012
0.009085084
0.008820914
0.00868266
0.00852259
0.008304623
0.008518317
0.008442721
0.0077381725
0.008520134
0.008437575
0.008286712
0.008069898
0.0077499575
0.0076037236
0.007798998
0.007475227
0.007974342
0.008281134
0.007714886
0.007557454
0.007575045
0.007478149
0.007409984
0.0075537483
0.0069699953
0.0074321777
0.007154554
0.007718867
0.0076670405
0.007678551
0.007702906
0.0071915216
0.0070413635
0.0069939853
0.0067427047
0.0069915163
0.007041248
0.006969381
0.0069318167
0.007353323
0.00720536
0.0067456737
0.0071387882
0.006590595
0.006946016
0.0064676125
0.0069491356
0.007097157
0.0062738247
0.006433107
0.0062099122
0.006195267
0.0062840604
0.0060388423
0.0065273754
0.0064438065
0.0067706197
0.0064575486
0.006441899
0.007088747
0.006234205
0.006471628
0.00613795
0.0063196025
0.0061448305
0.006226804
0.0063891835
0.0057411753
0.0062657506
0.00563987
0.007415136
0.008350775
0.0065785213
0.006835597
0.008891511
0.0076536746
0.0058186613
0.0067610033
0.0067058443
0.0056521464
0.007289823
0.008937632
0.007079208
0.0060270852
0.0067378446
0.006434303
0.0057315878
0.0062544253
0.0061440268
0.00564245
0.0059345625
0.0058999695
0.0054478054
0.005817596
0.0058935173
0.005288974
0.005859921
0.0059931017
0.0056034946
0.005740425
0.0056860796
0.005951783
0.005932801
0.0056255697
0.0053298348
0.0057197115
0.005491412
0.006022734
0.0060926066
0.005041119
0.005363881
0.005410665
0.0049248785
0.0059249946
0.006355069
0.0056569814
0.005355014
0.00518606
0.0057042614
0.005550601
0.0053077415
0.0050248825
0.005382459
0.0052283625
0.005034424
0.0050159483
0.0048653916
0.0046953973
0.005453327
0.0055870092
0.0048417295
0.0048818323
0.004910101
0.0047228024
0.0049097263
0.0047218367
0.0051925923
0.0052586533
0.004631759
0.0046748836
0.0047958493
0.004470974
0.0050189984
0.0047394144
0.0046436493
0.0046143173
0.0046509732
0.0046463646
0.0046202526
0.0045776763
0.00448075
0.004381713
0.0045376457
0.004431192
0.004401885
0.004364269
0.0043563736
0.0042476244
0.0044340244
0.0043259477
0.004320824
0.004171885
0.0044383565
0.0043064062
0.0042229635
0.004103323
0.004354539
0.0042344327
0.0041884626
0.004124533
0.0041655055
0.004119906
0.004125848
0.004084424
0.0040960046
0.0040740008
0.004017181
0.0039780247
0.004088065
0.004044223
0.003958349
0.00394248
0.0039788317
0.003927736
0.003944519
0.0038806137
0.003901054
0.0037709714
0.0040417775
0.0038879153
0.0038511883
0.0037528577
0.0039163907
0.0037851662
0.0037757528
0.0036856392
0.0038055535
0.0037030438
0.0037586603
0.0036600747
0.0037109628
0.0036236492
0.0037054166
0.0036167304
0.0035964928
0.0035100582
0.00361393
0.0035384453
0.0035468247
0.0035022777
0.0035339426
0.0034442425
0.0035875787
0.003510126
0.0034500163
0.003391185
0.0035146128
0.0034633663
0.0033645134
0.0033161407
0.0034517443
0.0033533722
0.0033511594
0.0032879636
0.0033502572
0.0032743046
0.0033717926
0.003321376
0.0031788188
0.0031795383
0.0032797048
0.0032263603
0.0031505153
0.0031781315
0.0032866802
0.0033228209
0.0030094478
0.0039685615
0.0038069803
0.0035366316
0.0036697907
0.0037089922
0.0032439148
0.004698689
0.004948447
0.0036700147
0.004129306
0.0035772007
0.004020227
0.0035410847
0.004229907
0.00486998
0.003420341
0.0039547994
0.0039655925
0.0039031033
0.003939511
0.003218648
0.0038408234
0.0035057918
0.0036417607
0.0041412176
0.003180308
0.0039149867
0.004180176
0.0035130635
0.0037701551
0.0035415
0.0034874126
0.003470637
0.0034198153
0.003393285
0.0032905347
0.0031734377
0.003001644
0.0029570477
0.002974463
0.0028828883
0.003148102
0.0030771426
0.003337819
