0.28790858
0.13895449
0.063832074
0.03018842
0.039805446
0.032776054
0.022614634
0.030752337
0.029830748
0.021750698
0.028321773
0.03434474
0.029285843
0.022593157
0.02314022
0.025609061
0.02515049
0.023039818
0.02109637
0.023659552
0.025612498
0.022916615
0.020747129
0.022614514
0.022717988
0.021406097
0.021303564
0.021361237
0.021231016
0.021338463
0.020792646
0.020726325
0.020999542
0.020437906
0.020696044
0.020789932
0.020460136
0.020393433
0.020389156
0.020472659
0.020107843
0.021103943
0.021349749
0.02022621
0.020662306
0.021221036
0.020447737
0.020267496
0.020609843
0.019943912
0.020723725
0.021065192
0.020154059
0.020470738
0.020990798
0.020136567
0.02025993
0.020630548
0.019911183
0.02016527
0.02059556
0.019701771
0.01990311
0.020345898
0.019444114
0.020203736
0.020543857
0.019454788
0.019434078
0.019648084
0.019018307
0.01897368
0.019104995
0.018565381
0.0186212
0.018873246
0.018283589
0.018300774
0.018646486
0.017974636
0.017946681
0.01869755
0.018389456
0.018144095
0.01713036
0.019838035
0.021115547
0.018191896
0.019038858
0.01991965
0.01733663
0.019605884
0.021554843
0.018598266
0.017217344
0.017640354
0.016551688
0.017905274
0.018543178
0.016369877
0.016438546
0.01705382
0.01583526
0.016887581
0.016693868
0.01516039
0.016578875
0.017063525
0.01537031
0.01581301
0.016584825
0.015464273
0.015321929
0.015282112
0.014809628
0.014830549
0.014499181
0.014612582
0.014374684
0.014085834
0.013821864
0.01400255
0.013814248
0.013713054
0.013741522
0.0134420125
0.013322751
0.013194528
0.013116576
0.012886788
0.012764973
0.0124507705
0.013031808
0.013021506
0.012422837
0.012089424
0.012538835
0.012285826
0.012132677
0.012108386
0.011850223
0.011715114
0.01163792
0.011374839
0.0114618065
0.01133865
0.011265155
0.011083047
0.011404086
0.01114424
0.011121127
0.011148171
0.010634986
0.0106001785
0.010485835
0.010306976
0.0106158145
0.01050359
0.009933681
0.010115363
0.009715885
0.009715556
0.009902898
0.00968597
0.010272464
0.010736716
0.009856354
0.010073268
0.010270332
0.009746726
0.009490724
0.009791184
0.009510528
0.008814237
0.009148631
0.008978483
0.008973803
0.0091235535
0.008687685
0.009043603
0.009216903
0.008661926
0.00878645
0.008630996
0.008569605
0.008654285
0.008244637
0.008463691
0.008762778
0.008146952
0.0082276985
0.008371361
0.007914609
0.008025027
0.008118776
0.008024916
0.00768558
0.007812435
0.007769139
0.007767754
0.0075738183
0.007846386
0.0075714067
0.0075970045
0.007492094
0.0076601678
0.0075104614
0.007207092
0.007160213
0.007273551
0.007109679
0.007078925
0.0069340463
0.0075442926
0.0072326944
0.0076393434
0.00798348
0.0071941246
0.0073148734
0.00733923
0.006849417
0.007408271
0.007324668
0.0068627186
0.006980155
0.006924515
0.006714884
0.007150641
0.0071249385
0.006499631
0.0067987577
0.0063827187
0.0070495103
0.006805057
0.0067236437
0.007020507
0.0063989772
0.006561924
0.0063942694
0.0063646976
0.0064336886
0.006228108
0.0063912137
0.006055197
0.006897904
0.0068908143
0.006248133
0.006528771
0.006215391
0.006356654
0.0061783716
0.0061885808
0.0062667667
0.005758913
0.006369268
0.006046076
0.0059455936
0.0061402973
0.0058596954
0.005711584
0.005954022
0.005699806
0.0059675598
0.0057831355
0.0055821068
0.0054621785
0.005854063
0.00590329
0.0054093897
0.0055156057
0.005497571
0.005335314
0.0055612265
0.0054534315
0.0054899887
0.0054335273
0.00531324
0.005225081
0.005288348
0.005208789
0.0052424185
0.005169722
0.005172185
0.0052224845
0.0050604395
0.005025254
0.005142174
0.0051479503
0.0049937763
0.0048965216
0.0050817193
0.0049893907
0.00489614
0.0048959
0.0047871093
0.004938752
0.004782031
0.004703469
0.0053014364
0.004895969
0.0053259693
0.0052826703
0.0047647916
0.005207035
0.00487648
0.0046905964
0.004663111
0.0045777834
0.0046344893
0.004550179
0.004483785
0.004758982
0.004556685
0.0046533584
0.0046111397
0.0044549587
0.0046699024
0.0042897277
0.0058223023
0.0057929805
0.0046966653
0.0053639947
0.0055781864
0.004501552
0.005421818
0.006380445
0.00520535
0.004837764
0.005516298
0.0047864825
0.005005259
0.0053102546
0.004969981
0.0045989756
0.00454566
0.004605385
0.0045252913
0.004539833
0.004319861
0.0043029343
0.004464652
0.004116662
0.0047573536
0.0047697728
0.004711038
0.0044767424
0.0048826654
0.0050287554
0.004356049
0.004356355
0.004421288
0.0042843143
0.0043411567
0.0043982086
0.004470155
0.0042714537
0.0045111827
0.004428758
0.004271925
0.0041481773
0.004414314
0.004299917
0.0040691956
0.0039612544
0.004417573
0.004204111
0.004194537
0.0042066965
0.0040643145
0.0039968095
0.0042018276
0.0041109486
0.004075133
0.0039875875
0.004010076
0.0038621903
0.004365738
0.004361635
0.0038080856
0.0038734118
0.0039031345
0.0038164959
0.003999612
0.003967617
0.0039500836
0.0039597354
0.003922383
0.003956458
0.0037845734
0.003915833
0.0037940822
0.0038778682
0.003776972
0.0038088087
0.003687319
0.003955738
0.003707743
0.0043685925
0.004481721
0.0036294442
0.004457738
0.004924166
0.004345198
0.0041313157
0.004492194
0.004057958
0.004058279
0.0039673867
0.0039502196
0.0039788564
0.0038439136
0.0039075473
0.0040141637
0.0037813748
0.0036980386
0.0036672354
0.0037419486
0.0038025456
0.0036525864
0.003756047
0.0036321816
0.0036712121
0.003667474
0.0035826194
0.0036589566
0.0034703212
0.0036132175
0.0036896777
0.003463005
0.0035841733
0.0035351615
0.0034788903
0.0034667626
0.0036860413
0.0036565214
0.0035116794
0.0035585493
0.0033982284
0.0036667746
0.003533208
0.0034853362
0.0035374376
0.0034208149
0.0034298922
0.0034015642
0.0032832015
0.0033636896
0.0033289148
0.0033874891
0.0032814164
0.0036205293
0.003732617
0.0035116745
0.0034103107
0.0034360422
0.0034578026
0.0032371655
0.0040894775
0.00430727
0.0032027008
0.00450528
0.005617175
