0.5833333
0.53690803
0.4953921
0.45840672
0.42562765
0.39675373
0.37150288
0.349609
0.33082813
0.31500137
0.30320448
0.29522446
0.28966853
0.2856991
0.28279865
0.28063625
0.27899402
0.2777267
0.27673355
0.27594468
0.27530718
0.2747834
0.2743446
0.27396882
0.2736407
0.27334967
0.2730854
0.27284044
0.2726085
0.2723848
0.27216735
0.27195638
0.2717541
0.27155557
0.2713554
0.2711521
0.27094612
0.27073672
0.27051985
0.27030018
0.27007598
0.26984397
0.26960662
0.2693635
0.2691139
0.2688565
0.26859146
0.26831815
0.26803425
0.2677421
0.26744148
0.2671344
0.266823
0.2665114
0.26619992
0.26588723
0.26557326
0.26525846
0.264943
0.2646303
0.26431996
0.2640039
0.2636437
0.26324973
0.26282904
0.26239812
0.26197216
0.26155365
0.2611427
0.26073924
0.26034036
0.25994608
0.25955632
0.25916824
0.2587834
0.25840002
0.25801942
0.2576383
0.2572575
0.2568758
0.25649285
0.25610745
0.25571796
0.25532347
0.25492162
0.25451165
0.25409496
0.2536722
0.2532416
0.2528033
0.25235552
0.2518985
0.25143123
0.25095558
0.2504727
0.24998455
0.24949443
0.248999
0.2485074
0.24802421
0.2475523
0.24708694
0.24662958
0.24617493
0.24571991
0.24525174
0.2447804
0.24432325
0.2438796
0.243452
0.24303234
0.24262373
0.24222702
0.241838
0.24145544
0.2410847
0.240726
0.240378
0.24004354
0.23972672
0.23942472
0.23913716
0.2388652
0.23861021
0.23836644
0.23813373
0.23791212
0.23769857
0.23748623
0.23727323
0.23705776
0.23684628
0.23663884
0.23643172
0.23621778
0.23599502
0.23575713
0.2354986
0.23520659
0.23487842
0.23451611
0.234119
0.23367678
0.23318513
0.23257598
0.23177554
0.23081186
0.22973911
0.2285547
0.22722648
0.22573842
0.22411346
0.22239155
0.2206066
0.21882455
0.21706714
0.21532093
0.21358871
0.21186556
0.21015196
0.20846456
0.20681842
0.20521389
0.20367308
0.2022153
0.20085727
0.19963354
0.19854063
0.1975536
0.19664155
0.19578765
0.19498989
0.19423765
0.19352835
0.19285452
0.19219872
0.191568
0.19095503
0.19035311
0.18976438
0.18918827
0.18862407
0.18807298
0.18751648
0.18694764
0.18636583
0.18577263
0.18516725
0.18454696
0.18390997
0.18325955
0.18262523
0.18202032
0.18143679
0.18087435
0.18033025
0.17980339
0.17929564
0.17879677
0.17830218
0.17780696
0.17730688
0.17679892
0.1762781
0.1757431
0.17523438
0.17472214
0.17420155
0.1736723
0.17313184
0.17257386
0.17198743
0.17138827
0.17078017
0.17016421
0.16953935
0.16891095
0.16828388
0.16769819
0.16711095
0.16652215
0.16592266
0.16530669
0.16468257
0.16404855
0.16339637
0.16273534
0.16206795
0.16139086
0.16071816
0.16004582
0.15937303
0.15872687
0.15809266
0.15746178
0.15683126
0.15619977
0.15557231
0.15493678
0.15429147
0.15363914
0.152979
0.15230818
0.15162967
0.15093918
0.15023668
0.14951922
0.14879143
0.14804767
0.14729322
0.1465379
0.14579117
0.14505228
0.1443408
0.14364846
0.14295647
0.14225858
0.1415546
0.14084776
0.14014278
0.13943589
0.13872497
0.13800065
0.13725674
0.13649768
0.13571967
0.13490762
0.13406833
0.13320287
0.13234925
0.13147724
0.13060191
0.12975286
0.12888436
0.12799633
0.12709582
0.12623252
0.12527116
0.124312945
0.123308025
0.12239069
0.121305294
0.12032842
0.11920316
0.11819667
0.11719162
0.11621787
0.115452595
0.11387941
0.11313645
0.11205403
0.11143548
0.11119363
0.109660015
0.109296456
0.1088296
0.10795446
0.10820276
0.10736507
0.106393725
0.106353
0.10524497
0.10552425
0.10594929
0.10385955
0.1027934
0.10258108
0.10179235
0.10191185
0.10196442
0.1005225
0.099961326
0.09950757
0.09925599
0.09998931
0.099464044
0.09777215
0.09832069
0.09764729
0.096412264
0.09741535
0.09764914
0.09548882
0.09530217
0.09519905
0.09459758
0.09554849
0.09557821
0.09385678
0.09424796
0.09384541
0.092957295
0.09408797
0.09425264
0.09219028
0.09246642
0.09230968
0.091415934
0.092496105
0.092777476
0.09074216
0.09099464
0.09088858
0.09004287
0.09112698
0.09124946
0.08927121
0.0898449
0.08954644
0.08847752
0.089700885
0.089935
0.087839074
0.08849565
0.08833188
0.08718088
0.088415414
0.08862997
0.08651138
0.08750486
0.087285094
0.085810795
0.0872831
0.08786606
0.08528474
0.08575281
0.085949086
0.084760666
0.086000234
0.08621696
0.08400415
0.085229166
0.08502725
0.08327934
0.08484143
0.08565497
0.08289785
0.08310307
0.08339224
0.082333
0.083605774
0.083710276
0.08168358
0.08274752
0.08203559
0.08084652
0.08253364
0.082591325
0.08031641
0.081823535
0.08154994
0.07971072
0.08156749
0.08241993
0.079284795
0.07979549
0.08025816
0.07878961
0.08078152
0.08189879
0.078785546
0.07893328
0.07937339
0.07811628
0.079356015
0.07995394
0.07777099
0.078495264
0.07848843
0.077513516
0.07880076
0.078680426
0.077361666
0.07783276
0.07696796
0.07797439
0.078228585
0.075803384
0.07763611
0.07751766
0.075321645
0.0773579
0.077799305
0.07484776
0.07780367
0.07894772
0.07514397
0.07760062
0.08070106
0.07711018
0.075832546
0.08007717
0.0775673
0.07555667
0.07797891
0.07699995
0.07685869
0.079746045
0.07737803
0.07768672
0.07912922
0.076559454
0.07831286
0.078374825
0.07645443
0.078124724
0.07760283
0.07691553
0.07957841
0.07738828
0.07749152
0.078840256
0.0763833
0.07930221
0.07955976
0.07623884
0.08003689
0.081776075
0.077150136
0.082221895
0.0945314
0.08971066
0.07806348
0.08224722
0.08798751
0.083298825
0.0778934
0.08238118
0.08215752
0.07749141
0.082352646
0.08775837
0.0824876
0.077862404
0.081239715
0.079859205
0.07797147
0.078017004
0.07715592
0.07725472
0.07656479
0.07629644
0.077791385
0.080827884
0.076934084
0.07557565
0.07624816
0.07462491
0.07523413
0.07430156
0.074851766
0.074344404
0.074774705
0.07383191
0.07364018
0.07286789
0.0743197
0.07349201
0.072409876
0.0726329
0.073455065
0.07706894
0.074160755
0.072501175
0.07258769
0.07354574
0.07549103
0.072659776
0.0758287
0.07653585
0.07388963
0.07882385
0.08334459
0.07796115
0.0736809
0.07412618
0.07310986
0.072979115
0.073402844
0.07313696
0.07558021
0.08195753
0.07825638
0.07267825
0.07491331
0.07258147
0.076254666
0.08450336
0.07943259
0.071963206
0.07761458
0.0798472
0.07284864
0.07749246
0.08829437
0.08340872
0.073256895
0.08265543
0.09198386
0.08409926
0.07507628
0.088368766
0.1041254
0.09581482
0.07817202
0.081013456
0.08932918
0.083384745
0.0769626
0.08502504
0.09075375
0.08219904
0.077021636
0.079459816
0.07658243
0.08416223
0.09726293
0.09108524
0.076935254
0.07952677
0.08300189
0.077044055
0.08395473
0.10113002
0.09699283
0.08039079
0.08167232
0.09072499
0.08486352
0.0799447
0.08621287
0.08595548
0.08116163
0.082270555
0.08067722
0.08517376
0.09270062
0.08658003
0.07885016
0.082220525
0.079209276
0.079134755
0.085753195
0.08214203
0.07702237
0.07937631
0.07692612
0.0839616
0.09639664
0.08976995
0.07717475
0.081834145
0.08573084
0.078804955
0.085182935
0.10156745
0.09771536
0.083615206
0.08272453
0.08793703
0.08298792
0.09007849
0.11628893
0.14454895
0.16176784
0.15210189
0.11374526
0.090591945
0.087373905
0.09110336
0.08716445
0.0942794
0.10816877
0.1043467
0.09124882
0.08935343
0.09354133
0.08892673
0.0950606
0.10585498
0.10771641
0.10856758
0.108676285
0.10827106
0.10751516
0.1065959
0.105574
0.1045568
0.10361726
0.10033611
0.099484585
0.09971947
0.098993964
0.09951089
0.09659363
0.097458854
0.09537632
0.096796885
0.0990387
0.09376255
0.09387737
0.096476495
0.092550084
0.0987196
0.10999707
0.10769366
0.09683975
0.0906026
0.09254252
0.08952487
0.09059763
0.093869165
0.089313656
0.086843394
0.08763293
0.08526154
0.084986545
0.08329875
0.08275909
0.0819143
0.0816534
0.080405645
0.08040599
0.08080458
0.081654154
0.08040271
0.082726985
0.08226301
0.08161295
0.08454704
0.08206903
0.08211303
0.08346428
0.0812689
0.0820021
0.0802487
0.08244776
0.08194886
0.07976314
0.082008176
0.080261335
0.0795514
0.07992855
0.08029348
0.082145825
0.079430565
0.08358363
0.087869585
0.08232399
0.08378683
0.09423127
0.0941124
0.085781954
0.0813919
0.08337779
0.08037979
0.0814216
0.08040746
0.07730374
0.07907936
0.077897936
0.07547627
0.077764116
0.07611063
0.074865684
0.076749384
0.07602399
0.07692381
0.076918036
0.07835911
0.07930209
0.07812775
0.079435594
0.07762157
0.08050234
0.081769995
0.07691162
0.0793626
0.08005825
0.07643791
0.08044562
0.0844343
0.07897907
0.08172545
0.092935055
0.092022724
0.08238117
0.07830629
0.080869995
0.07740916
0.07757098
0.077312894
0.07442603
0.07663832
0.076515354
0.07270373
0.07440912
0.07343177
0.071934916
0.0722118
0.07195037
0.07342824
0.07501165
0.07448471
0.07362823
0.07429571
0.074518934
0.07439628
0.07437883
0.07494531
0.073475085
0.073256254
0.07232431
0.07267451
0.07246429
0.07044747
0.07092231
0.068907104
0.06948937
0.06981757
0.066722594
0.067454755
0.065959565
0.06522683
0.06560205
0.064126045
0.064369544
0.06296477
0.06460751
0.06469351
0.06238777
0.063664384
0.062182877
0.062902115
0.06366407
0.062150843
0.06298655
0.061621625
0.06358035
0.06425399
0.06140217
0.06339012
0.06261137
0.060824983
0.06216762
0.061306216
0.06188774
0.062171288
0.06146748
0.06261457
0.06184401
0.06209418
0.061520927
0.06225925
0.06238072
0.060605977
0.06137982
0.059696727
0.061737806
0.062754154
0.059860405
0.06267637
0.0628273
0.05974913
0.06162584
0.062927395
0.0606442
0.06279718
0.061793994
0.05995465
0.061310984
0.06009824
0.060360625
0.06119523
0.05914245
0.060550205
0.06061089
0.057935283
0.06030856
0.062699825
0.062247567
0.060142808
0.060334872
0.063091785
0.06410957
0.06414768
0.06449684
0.063855164
0.06304053
0.062456682
0.06100543
0.060416132
0.05948991
0.059516244
0.058495004
0.057380624
0.05754791
0.055879217
0.056701973
0.05577726
0.056281343
0.05845405
0.055689238
0.056304816
0.057593305
0.055177383
0.057276376
0.057274245
0.05466334
0.056624096
0.056494977
0.055271048
0.056908015
0.054977193
0.055906806
0.056877896
0.054243475
0.056057446
0.055471677
0.053153895
0.054507773
0.053623505
0.053667672
0.05499341
0.052967522
0.05435185
0.05502603
0.05220353
0.053837996
0.05293056
0.05098682
0.051421758
0.050310116
0.050051484
0.049138088
0.048552584
0.04872602
0.049492817
0.047446217
0.047557663
0.047202397
0.047417585
0.046916362
0.04707999
0.046841525
0.04679462
0.046839193
0.04669718
0.048541404
0.050761677
0.049530856
0.047544166
0.049742658
0.050694972
0.04848771
0.050557397
0.049375672
0.04802515
0.048568632
0.047257934
0.04724314
0.04617715
0.045728356
0.045673244
0.045631137
0.04469723
0.04421144
0.04438644
0.044363998
0.04321777
0.043021113
0.04288473
0.0434549
0.04172395
0.042309407
0.041334357
0.042828694
0.042946592
0.041079935
0.04153957
0.04091178
0.040801063
0.040339906
0.03988557
0.04054372
0.04096951
0.0395503
0.03890498
0.03870537
0.038398404
0.03804278
0.03766867
0.037198324
0.03685013
0.036691982
0.03658493
0.0363745
0.036052782
0.0357724
0.035594918
0.035467155
0.03528102
0.03498709
0.034617368
0.034228995
0.03383267
0.033447683
0.033067975
0.03263294
0.03220894
0.031850047
0.031467594
0.031020889
0.030562775
0.030139055
0.0296944
0.029369261
0.029284844
0.028787715
0.02895962
0.028651942
0.02976013
0.029817386
0.02912819
0.02945882
0.030506596
0.03245799
0.030936332
0.030500779
0.030767389
0.03134065
0.031149354
0.03225895
0.032494724
0.033089537
0.035690907
0.0338756
0.03424377
0.035726003
0.034250442
0.03620648
0.03593715
0.034576837
0.036445577
0.036509853
0.034942288
0.036086354
0.034933917
0.035379075
0.036062106
0.03411878
0.034895495
0.034022365
0.033207238
0.034372404
0.03345042
0.033680033
0.033432778
0.032769665
0.033479113
0.032527767
0.03156107
0.031501338
0.031430587
0.03132915
0.03121799
0.031129692
0.031079283
0.031050352
0.031018153
0.030924842
0.030802084
0.030720921
0.030665569
0.030608935
0.0305465
0.030483091
0.030429615
0.030390536
0.030350022
0.030297173
0.03025101
0.030212983
0.030167874
0.030113183
0.030055515
0.030004803
0.029957201
0.029904418
0.029859688
0.029820824
0.029772773
0.029718373
0.02967135
0.029625427
0.029571746
0.029525932
0.029481636
0.029428838
0.02937467
0.02932316
0.029256089
0.02918869
0.029131187
0.029064305
0.028998183
0.02893772
0.028864808
0.028789295
0.028727647
0.02866595
0.028602209
0.028545503
0.028481606
0.028399847
0.028324116
0.028263275
0.028195277
0.028130813
0.028076308
0.028008008
0.0279232
0.027838709
0.027776288
0.027726205
0.027668979
0.027617168
0.027576098
0.02752936
0.027471483
0.027408289
0.027350308
0.027303236
0.027265819
0.027232576
0.027203154
0.027179077
0.027157558
0.027133271
0.027104832
0.02707354
0.02704258
0.0270152
0.026992405
0.02697259
0.02695456
0.026939372
0.02692535
0.026909828
0.026893346
0.026876621
0.026860509
0.026845172
0.026831754
0.02682048
0.026810847
0.026802573
0.026795484
0.026789188
0.026782466
0.026773943
