0.5833333
0.5298245
0.482966
0.44215074
0.4068502
0.37657526
0.35087332
0.32933113
0.3116371
0.2988711
0.2905304
0.28489643
0.28097504
0.2781732
0.2761207
0.27458087
0.27339956
0.27247313
0.27173045
0.2711224
0.2706157
0.27018473
0.26980937
0.2694737
0.2691662
0.26887885
0.2686059
0.2683432
0.26808736
0.2678358
0.26758668
0.2673382
0.2670882
0.26683515
0.26657796
0.26631558
0.266049
0.26577625
0.26550195
0.26522884
0.26495585
0.26468372
0.2644131
0.26413992
0.26386237
0.26358372
0.26330525
0.26302552
0.26273936
0.26244652
0.26214805
0.261845
0.26153523
0.26121914
0.26089454
0.2605157
0.2600838
0.25961533
0.25912338
0.25861672
0.2580959
0.257564
0.2570275
0.25649258
0.2559583
0.25542262
0.25488457
0.2543434
0.2538
0.2532542
0.2527058
0.25215247
0.2515985
0.25104976
0.25050634
0.24996564
0.24942867
0.24889357
0.24836051
0.24783075
0.24730265
0.24677616
0.24625304
0.24573581
0.24522431
0.2447202
0.24422376
0.24373071
0.24324815
0.24277727
0.24231891
0.24187912
0.2414509
0.2410269
0.24061184
0.24020484
0.23979796
0.23938897
0.23897964
0.23856792
0.23815879
0.23775002
0.237341
0.2369346
0.23652735
0.23611669
0.23570213
0.23528157
0.23485982
0.23443058
0.23399185
0.23354283
0.23308934
0.23262078
0.23213825
0.231631
0.23109749
0.23052895
0.22993247
0.22929487
0.22861193
0.22788036
0.22710346
0.22628549
0.22542289
0.22451144
0.2235549
0.22253792
0.22143841
0.22024524
0.21897867
0.21766022
0.21631843
0.214972
0.21363837
0.21232097
0.21102467
0.20975026
0.20850529
0.20729762
0.20613275
0.20501216
0.20394322
0.20290959
0.20190169
0.20091517
0.19994104
0.19898197
0.19804734
0.19714342
0.19626926
0.19543487
0.194642
0.19387747
0.1931447
0.19244426
0.19176757
0.19110805
0.19046201
0.18982874
0.1892022
0.18858908
0.18798982
0.18739818
0.18681717
0.18624423
0.18567811
0.18511836
0.18456589
0.18401927
0.18347667
0.18293984
0.18240969
0.181888
0.18137243
0.18086208
0.18036395
0.1798836
0.17941467
0.17896195
0.17852567
0.17810476
0.17769235
0.17728445
0.17687987
0.1764728
0.17606334
0.17565086
0.17523578
0.17481902
0.17440417
0.17397998
0.17353092
0.17306884
0.17259732
0.17211555
0.17163785
0.17114332
0.17063561
0.1701071
0.16955982
0.168993
0.16840884
0.1678097
0.16720507
0.1665843
0.16595419
0.16532268
0.16469109
0.16406523
0.16346452
0.16288309
0.16231878
0.16177405
0.16122948
0.16068262
0.16013262
0.15958607
0.15902412
0.15845197
0.15787847
0.15730356
0.15672806
0.1561484
0.1555693
0.1549988
0.15443242
0.15387495
0.15332453
0.15278111
0.1522456
0.15171652
0.15119694
0.1506854
0.15017955
0.14968151
0.14918835
0.14869715
0.14820768
0.14772652
0.14725159
0.14678527
0.14632791
0.14588462
0.1454487
0.14501703
0.1445844
0.1441505
0.14370988
0.14325655
0.14278346
0.1423104
0.14184068
0.1413795
0.14092925
0.14048798
0.14004971
0.13961108
0.13916756
0.1387213
0.13827492
0.13782924
0.1373865
0.13695012
0.13652004
0.13609578
0.13567612
0.135258
0.13484108
0.13442227
0.134009
0.13360466
0.13319851
0.13279511
0.13238807
0.13198191
0.13158181
0.13117383
0.13076366
0.13032739
0.12989718
0.12945499
0.129008
0.12855424
0.12804636
0.12760973
0.12706205
0.1265841
0.12596351
0.1255767
0.12486404
0.12422996
0.123593286
0.12303486
0.122873016
0.121838056
0.121286996
0.12060162
0.12024132
0.120546
0.11919346
0.11842586
0.11790223
0.11742672
0.11802794
0.11717491
0.11572801
0.11564208
0.114678115
0.11500801
0.11584354
0.11383739
0.112600856
0.11215704
0.11157021
0.11215991
0.11195044
0.11028214
0.11035465
0.10983253
0.109995924
0.11180464
0.11105452
0.10830962
0.10912981
0.10861611
0.106878325
0.10838612
0.10946321
0.10652239
0.105344824
0.1051333
0.10476957
0.10594125
0.105832644
0.10382635
0.104014926
0.10338163
0.103346504
0.106010534
0.106272824
0.10261986
0.10270177
0.10273061
0.10158038
0.10314349
0.10377318
0.10098811
0.100928634
0.100650415
0.10024845
0.10245999
0.10266763
0.09974139
0.10067053
0.10044125
0.099085994
0.10118379
0.10192261
0.09859934
0.098761454
0.098668195
0.09782681
0.09983152
0.10025183
0.09758024
0.098414764
0.09809109
0.09727607
0.099769324
0.10006019
0.096843
0.09832806
0.09821888
0.09622103
0.09848062
0.09941927
0.09575371
0.09622299
0.09634804
0.09511855
0.09714101
0.097794585
0.095420755
0.09656221
0.09628011
0.09601184
0.09934885
0.09936444
0.095401846
0.09830603
0.0985508
0.09484896
0.09947814
0.10444551
0.09886683
0.09366573
0.096405566
0.09485615
0.0933699
0.09673339
0.096370265
0.09372751
0.09539114
0.09387056
0.09506287
0.0974981
0.0939199
0.094620146
0.09502883
0.093890466
0.0964377
0.09572669
0.09433113
0.09488912
0.09412046
0.095794626
0.09565288
0.09437256
0.095184974
0.094607286
0.09485706
0.09488577
0.09440495
0.09427068
0.094244145
0.0943244
0.09437328
0.09391158
0.0940001
0.094254784
0.09454235
0.09440045
0.09472203
0.09532104
0.09473352
0.09543115
0.09443236
0.09806601
0.09893541
0.093388095
0.09763211
0.0971953
0.09216251
0.09678852
0.09567179
0.09264899
0.09850198
0.098235086
0.093095645
0.09745046
0.09588672
0.095502816
0.10534371
0.106698416
0.09624406
0.09735332
0.09756107
0.09566499
0.096983194
0.09406557
0.09422409
0.09226355
0.09164415
0.0913478
0.090651624
0.09307252
0.101338595
0.09952158
0.09086632
0.09544148
0.09488835
0.09025602
0.09211988
0.08948787
0.09218607
0.09407698
0.08914443
0.09864882
0.11174028
0.10488911
0.09001521
0.09324005
0.095349066
0.08876654
0.09675835
0.11377059
0.10836285
0.09086242
0.0918897
0.09768985
0.090544045
0.09207233
0.10419102
0.10064674
0.09001121
0.09495134
0.099226475
0.092133485
0.09805699
0.11582616
0.11302027
0.094938464
0.09542156
0.10812393
0.102797285
0.09065532
0.10171953
0.12133909
0.115238935
0.095321134
0.09473939
0.09770742
0.09277454
0.10156283
0.119491525
0.11520762
0.0959781
0.09394156
0.10192934
0.09616599
0.091090165
0.09539387
0.09296616
0.09135846
0.092686236
0.09190587
0.0963626
0.098586544
0.09538039
0.090985194
0.092856124
0.09488529
0.0910646
0.09293903
0.09412083
0.0912601
0.09220253
0.09153339
0.09424215
0.096151195
0.0944801
0.092803866
0.09345862
0.09321018
0.092312515
0.09248484
0.09201282
0.09148854
0.09213916
0.09194107
0.088537596
0.08853889
0.08666114
0.087921046
0.08674702
0.08615753
0.0859934
0.08711001
0.08848699
0.08895726
0.08684254
0.08688935
0.086033106
0.08721027
0.08644842
0.088864885
0.08929011
0.08838526
0.090839915
0.090680346
0.087914005
0.08759307
0.08906331
0.08622307
0.08752542
0.08748109
0.086044945
0.08586601
0.086408414
0.086127825
0.085504465
0.08563447
0.08539906
0.08505963
0.0846578
0.08399728
0.08313209
0.08222855
0.08173019
0.08101668
0.08093052
0.080604844
0.080106765
0.07975694
0.079431824
0.07944422
0.07928558
0.079135895
0.07947511
0.07932688
0.07905451
0.07871185
0.078691825
0.07821302
0.07879258
0.07861667
0.078386135
0.07817451
0.07784912
0.07775731
0.078286976
0.07792392
0.07858903
0.07888669
0.079496734
0.080040134
0.07853905
0.0805089
0.08050198
0.07829296
0.08043135
0.08031387
0.07832842
0.077587366
0.07801448
0.07717833
0.07720203
0.07799435
0.07775112
0.08009922
0.0790744
0.07899402
0.0792294
0.079809934
0.07904693
0.07924464
0.07991398
0.080369614
0.07851029
0.0780776
0.07843375
0.077425964
0.07749777
0.07759452
0.078609124
0.077093214
0.07757302
0.07713527
0.077742636
0.07680351
0.07669738
0.08132973
0.08643125
0.08018765
0.07589207
0.07648034
0.07682666
0.07910832
0.076087855
0.078641236
0.07596207
0.08536373
0.09920667
0.09035341
0.07514033
0.081987634
0.08288447
0.07463234
0.08621854
0.10766042
0.09864797
0.07587878
0.08034709
0.09294399
0.08736919
0.076170914
0.09736356
0.13390623
0.14615561
0.14754348
0.1458402
0.13711193
0.11648243
0.095775545
0.08426302
0.081245415
0.081535466
0.079961695
0.07881251
0.07715803
0.07607437
0.075767756
0.07458596
0.073763676
0.07366023
0.07215429
0.07177658
0.07160021
0.07145778
0.07119239
0.07106597
0.074428946
0.08144121
0.07492067
0.07250675
0.074630775
0.07289352
0.078868106
0.07930838
0.07419313
0.07830081
0.07585851
0.08121776
0.09451205
0.089595586
0.080689944
0.07863139
0.07852594
0.079822384
0.08135536
0.07861942
0.077828705
0.078028575
0.078733824
0.07932731
0.07911038
0.07896982
0.07892311
0.078820035
0.078801446
0.07811643
0.07751486
0.07659854
0.07598175
0.07577554
0.07530417
0.07437721
0.073741116
0.07335267
0.07268668
0.07201074
0.071397245
0.07080672
0.070264824
0.069803685
0.06936244
0.06885636
0.06825769
0.06763211
0.06707355
0.06655871
0.06609953
0.065664135
0.06518274
0.064685814
0.064147964
0.06356224
0.063008904
0.06233229
0.061476883
0.060584884
0.05971306
0.058857013
0.0579171
0.057085037
0.057506148
0.056716867
0.056701627
0.05657707
0.058473736
0.06476572
0.058867592
0.057891984
0.06038693
0.05727093
0.061028376
0.05942014
0.059441973
0.06121605
0.059335254
0.065261
0.06556436
0.060887046
0.06371292
0.061483983
0.07012117
0.0812719
0.07072255
0.06217845
0.06400165
0.061907224
0.0675578
0.07141335
0.0628111
0.06236534
0.06307462
0.064133525
0.06843107
0.06613624
0.06836018
0.06758599
0.073668025
0.07969961
0.07001854
0.07018707
0.07551531
0.07053283
0.073181614
0.08701591
0.08275885
0.07282063
0.07518061
0.07474346
0.072539344
0.079134196
0.08149478
0.07270501
0.07241141
0.07137065
0.072337426
0.08233747
0.0852388
0.073534355
0.06884893
0.067676745
0.067617446
0.07266748
0.07906853
0.07446894
0.065000124
0.061976153
0.061095208
0.0606232
0.06320683
0.067041785
0.0640515
0.058266893
0.05598789
0.055297993
0.055790357
0.059614662
0.060304526
0.054493137
0.0536959
0.053081546
0.0557237
0.06278642
0.06211069
0.052492246
0.053796075
0.052823465
0.054599356
0.07069102
0.077451125
0.060505003
0.05254552
0.0554494
0.052749205
0.06555906
0.08731419
0.078752376
0.05696642
0.05483456
0.05494841
0.055243943
0.067008026
0.072641335
0.060269244
0.054923844
0.05679901
0.05518329
0.060426906
0.0700523
0.06890913
0.058084626
0.06007566
0.060016066
0.060755424
0.07355887
0.0831296
0.07187601
0.057436008
0.0621995
0.061795615
0.056724463
0.07120753
0.09039507
0.078035384
0.058110956
0.06214866
0.064039126
0.05943083
0.076615244
0.10913974
0.10346967
0.072207026
0.062680215
0.06301731
0.062907115
0.06972219
0.08097497
0.08119381
0.072150595
0.06678413
0.063935176
0.06230013
0.06125493
0.060449187
0.05954288
0.05879259
0.058269903
0.05792983
0.057685822
0.057464816
0.05728755
0.05712292
0.056964915
0.056817107
0.05667878
0.05655005
0.056437578
0.056313496
0.05616954
0.056013275
0.055849627
0.05568497
0.055525642
0.055374727
0.05521786
0.05505102
0.05486987
0.05468042
0.054487698
0.054290846
0.054091193
0.05389395
0.05370228
0.053519607
0.053351857
0.05320193
0.05307044
0.05295386
0.052850675
0.05276225
0.052685995
0.052619696
0.052563623
0.052514344
0.05247024
0.052430723
0.05239272
0.052341748
0.052270345
0.05219505
0.052124985
0.05205829
0.051992685
0.0519267
0.05185348
0.051755924
0.051636357
0.051506408
0.05136927
0.05122574
0.051085338
0.050955024
0.050599083
0.04996739
0.049254846
0.04842855
0.047679786
0.047921043
0.047091916
0.048497327
0.04858254
0.048053782
0.053515833
0.04793848
0.049469996
0.04852037
0.059567794
0.077859946
0.065324046
0.050296396
0.054455034
0.051626578
0.056741994
0.073443115
0.07218211
0.05942478
0.049548134
0.05079417
0.04840548
0.048445646
0.047832828
0.04697691
0.053528648
0.05976997
0.04923783
0.049789783
0.053686358
0.052951593
0.051447634
0.04960747
0.048016205
0.047331214
0.04814411
0.050094444
0.052040428
0.052708838
0.05203717
0.050539613
0.04892375
0.047947917
0.047590785
0.04753621
0.04746428
0.04729352
0.047178533
0.04716797
0.047202755
0.047234815
0.04723968
0.04714252
0.046927046
0.046688557
0.046503816
0.046370633
0.046249583
0.04612027
0.045971278
0.04579521
0.045607306
0.04542661
0.045263425
0.045127526
0.045010682
0.044895545
0.044797406
0.044730503
0.044660375
0.044571854
0.044495754
0.04441614
0.04433291
0.044266846
0.044199176
0.044127498
0.044065546
0.04399243
0.043919727
0.043853417
0.04377621
0.04371019
0.04363597
0.04356379
0.043500822
0.043417446
0.04336615
0.04330359
0.043199614
0.043141443
0.043063663
0.042985648
0.04293402
0.042836443
0.04277096
0.042711258
0.0426152
0.04256542
0.042497873
0.042395215
0.04234252
0.042254582
0.04218411
0.04213741
0.04202588
0.04196078
0.04191246
0.041823775
0.04178383
0.041720644
0.041635536
0.04159127
0.041507512
0.041463796
0.041435618
0.041327626
0.0412752
0.041242287
0.04116247
0.04113698
0.04108766
0.041009016
0.040987775
0.040930226
0.04087521
0.0408601
0.04077774
0.040723342
