0.5833333
0.52582705
0.47608608
0.43333295
0.39688718
0.36612725
0.340484
0.31944194
0.30427024
0.29443967
0.2878847
0.28336892
0.2801676
0.2778398
0.27610803
0.274793
0.27377483
0.27297154
0.2723255
0.27179536
0.27135074
0.27096897
0.27063745
0.27034444
0.2700774
0.26982853
0.2695921
0.26936415
0.2691439
0.26892808
0.2687144
0.26850468
0.26829657
0.26808736
0.26787606
0.26766184
0.26744416
0.26722485
0.2670066
0.26678506
0.26655698
0.26632112
0.26607677
0.26582277
0.26555952
0.2652889
0.26501414
0.26473472
0.26445228
0.26416764
0.26388323
0.2635977
0.2633108
0.26302305
0.26273486
0.2624449
0.26214993
0.26185128
0.2615494
0.26124534
0.2609389
0.2606314
0.26032406
0.2600058
0.25965402
0.2592619
0.25883508
0.25837913
0.25789854
0.25740167
0.2568939
0.25637794
0.2558549
0.25532505
0.25479054
0.25425145
0.25370604
0.2531544
0.25259706
0.25203562
0.2514686
0.25089607
0.25031823
0.24973564
0.24914867
0.2485575
0.24796158
0.24736258
0.2467623
0.24616064
0.24555331
0.24494222
0.24432355
0.24369757
0.24306548
0.24243365
0.2418044
0.24119094
0.24059388
0.24002077
0.23947103
0.2389406
0.23843616
0.23794086
0.2374472
0.23695895
0.23646349
0.23596054
0.23544823
0.23492883
0.23440301
0.23388205
0.23335351
0.23282652
0.2323054
0.23179506
0.23129919
0.23080847
0.23031875
0.22983196
0.2293486
0.2288697
0.22839768
0.2279349
0.22748604
0.22704875
0.2266279
0.22621734
0.2258178
0.22542323
0.22503455
0.22465111
0.22426552
0.22387563
0.22347984
0.22307399
0.2226593
0.22223212
0.22178987
0.2213378
0.22087507
0.22040142
0.21991454
0.21941155
0.21889107
0.21835716
0.21780728
0.21723863
0.21664783
0.21603431
0.21539828
0.21473216
0.21404274
0.21334322
0.21263535
0.2118935
0.2110989
0.21026303
0.20941165
0.20854563
0.20765112
0.20673929
0.20580943
0.20484631
0.2038464
0.20281492
0.20176598
0.20070687
0.19964887
0.19859587
0.19753967
0.19647081
0.19539613
0.19432116
0.19325125
0.19218616
0.1911383
0.1901205
0.18913412
0.1881683
0.1872254
0.1862971
0.18537857
0.18447244
0.18357296
0.18268459
0.18180948
0.18094671
0.1800976
0.17926264
0.17844361
0.17764105
0.17685169
0.17607096
0.1753055
0.17454872
0.1737974
0.1730505
0.17230895
0.17157005
0.17084111
0.17012301
0.1694092
0.16869542
0.16798101
0.1672656
0.16654946
0.16583268
0.16511515
0.16439237
0.16366987
0.16294082
0.16221336
0.16148797
0.16077286
0.160066
0.15936893
0.15867132
0.1579796
0.1572995
0.15662928
0.15596913
0.15531018
0.15465268
0.15399888
0.1533462
0.1526992
0.15205954
0.15142821
0.15079801
0.15016986
0.1495428
0.14891453
0.14828424
0.14765371
0.14702447
0.14639872
0.14577742
0.14516257
0.14455912
0.14396103
0.14336376
0.14275548
0.14213665
0.14151447
0.14088933
0.14026298
0.13963695
0.13900743
0.13837558
0.13775037
0.1371304
0.1364964
0.13584225
0.1351849
0.1345362
0.13389169
0.13325275
0.13260323
0.1319399
0.13125166
0.13057737
0.12991476
0.12926997
0.12859814
0.12789644
0.12722181
0.12657261
0.12594968
0.12534387
0.12474104
0.12412409
0.12349383
0.12288307
0.1222968
0.12173319
0.12118012
0.12061175
0.12004154
0.11949256
0.11895833
0.11842796
0.117900126
0.11735276
0.116800256
0.116268836
0.11577147
0.11529833
0.11482698
0.114327714
0.113795236
0.113254316
0.112721115
0.11220292
0.111705005
0.111195214
0.11065186
0.110114396
0.10962213
0.109165855
0.10873121
0.108281374
0.107817836
0.107353
0.10691406
0.10650872
0.10613681
0.10579009
0.1054478
0.10508798
0.10470997
0.10432548
0.10394174
0.10356624
0.103195585
0.10281984
0.10243124
0.102033705
0.10163354
0.10124685
0.100877084
0.10052311
0.10016747
0.0998
0.099415034
0.099026166
0.09863783
0.098255396
0.09786631
0.09746329
0.09704718
0.09662852
0.096219435
0.09582146
0.095428735
0.095019095
0.0945776
0.094108455
0.093637474
0.09317302
0.09270905
0.092196785
0.09163724
0.09109844
0.0906011
0.09013053
0.089618035
0.08904176
0.08847709
0.0879701
0.08752064
0.087107696
0.08663648
0.08609087
0.08554454
0.0850463
0.0846048
0.08416182
0.0836691
0.083148174
0.08264161
0.08216239
0.0816834
0.081167884
0.08067174
0.08022061
0.07980042
0.0793696
0.07888366
0.07836503
0.077868655
0.07740147
0.07694072
0.07640038
0.075786024
0.0751902
0.07464337
0.07412513
0.073520765
0.072972625
0.07245889
0.07199692
0.07139354
0.07079896
0.07023308
0.069752485
0.069206215
0.06858464
0.067968756
0.06741905
0.06683701
0.066202275
0.06557642
0.065010674
0.06440277
0.06375354
0.06304891
0.062530465
0.061984774
0.061530903
0.060948543
0.060379464
0.060038045
0.059186596
0.05912702
0.058485452
0.05908449
0.059463758
0.05738581
0.059327126
0.06001617
0.05676066
0.058937233
0.06177843
0.058463357
0.05820907
0.06216965
0.060060933
0.057909265
0.05969326
0.058437064
0.059111062
0.060998056
0.058336847
0.058203362
0.05854709
0.056747083
0.05690322
0.055574615
0.056051016
0.056712814
0.054460663
0.057110503
0.058914438
0.05468659
0.05474977
0.057576798
0.054693535
0.054094713
0.05749952
0.05524332
0.053923536
0.05554573
0.053955223
0.05649082
0.0584852
0.054781646
0.056112528
0.059584856
0.056342594
0.055044945
0.05819467
0.05596344
0.054936275
0.057301786
0.05583777
0.054847267
0.05589504
0.0540866
0.05517818
0.05462927
0.053047583
0.053019144
0.052611165
0.05231833
0.052100867
0.05149974
0.051963195
0.051734257
0.051164255
0.052134003
0.050692268
0.05118367
0.05005171
0.053023458
0.055193886
0.050566193
0.05244193
0.05662712
0.052288037
0.0519213
0.058744293
0.056180358
0.051094174
0.055385213
0.055650257
0.050909415
0.057616297
0.06387622
0.05662264
0.05055862
0.0535342
0.05213101
0.050351452
0.051598877
0.04942674
0.052969858
0.05553708
0.050672624
0.05405662
0.061587244
0.056917697
0.050935127
0.05537622
0.05518694
0.050599113
0.058203913
0.06452166
0.056640558
0.049601708
0.052709475
0.051622346
0.04947767
0.05058257
0.048764896
0.051003702
0.050711535
0.048463468
0.049687926
0.048062053
0.04925883
0.049049083
0.047962148
0.049238585
0.04731738
0.05038391
0.051060457
0.04746415
0.053254243
0.056838837
0.0498287
0.047783587
0.050929483
0.047730215
0.053567998
0.06422435
0.05934122
0.04972449
0.055978257
0.060468417
0.053609513
0.054690886
0.06608042
0.06339402
0.0552073
0.059981156
0.06040812
0.057027645
0.06339699
0.06938968
0.063743964
0.05767196
0.06114131
0.05971889
0.059168484
0.06955179
0.075572476
0.06599122
0.060122974
0.061976556
0.06038373
0.06468038
0.07316371
0.06780409
0.0568983
0.06214611
0.0637846
0.05562077
0.053361107
0.057364088
0.05401971
0.050401036
0.051185366
0.04918372
0.048731137
0.048688788
0.047291346
0.046506006
0.04656895
0.046187792
0.04370766
0.044433434
0.04280572
0.04712017
0.051399257
0.04457279
0.04265705
0.044563238
0.042125456
0.046633992
0.04877481
0.042920407
0.044151515
0.04433544
0.0432183
0.048665855
0.04848592
0.04310763
0.04799238
0.04838303
0.04353828
0.047733165
0.047288846
0.04339654
0.046793103
0.045364857
0.04433622
0.05034279
0.047778912
0.044267777
0.04583583
0.044318423
0.045262147
0.044056293
0.043716922
0.043248326
0.043291382
0.04302947
0.043132924
0.043213625
0.04297793
0.042624597
0.04222271
0.041616127
0.04092867
0.040355116
0.039939217
0.039593935
0.039320447
0.03911106
0.03888538
0.038635276
0.038402278
0.0381921
0.037993066
0.037801046
0.037598636
0.03733713
0.036998615
0.036660213
0.03627199
0.035932582
0.035584744
0.035245877
0.035073146
0.036191314
0.036430005
0.035962954
0.036478326
0.04020451
0.041679986
0.03716472
0.041008417
0.038446467
0.040758185
0.05051082
0.045588925
0.03857159
0.041869264
0.03926764
0.051038835
0.074825846
0.0834775
0.06770809
0.051644716
0.04726526
0.0498877
0.04980151
0.04907739
0.049487658
0.049289457
0.047140546
0.04630471
0.04492392
0.044052333
0.04195805
0.040359903
0.03865436
0.037558507
0.03515597
0.034059417
0.032351024
0.033083707
0.031374365
0.03254499
0.03278556
0.0316806
0.03319141
0.030379463
0.032827474
0.031614576
0.032481126
0.040865276
0.037339233
0.032107715
0.033544805
0.033217102
0.0336165
0.033725154
0.03353147
0.03316494
0.03238911
0.03154863
0.031182583
0.030678881
0.030406786
0.030197445
0.031983837
0.034520216
0.031709757
0.031930294
0.03248934
0.03526578
0.039623566
0.044282507
0.04001017
0.035102263
0.035743624
0.035911396
0.039522737
0.044405535
0.04881992
0.049449284
0.046725627
0.04411648
0.042246286
0.04086458
0.03979747
0.03828545
0.036466066
0.03466464
0.03343218
0.031818897
0.03132042
0.03027229
0.029618265
0.029177217
0.028920714
0.028108226
0.029110074
0.028020648
0.029322842
0.028016737
0.037514973
0.04829892
0.03902711
0.02902011
0.035103578
0.033557013
0.030138483
0.038737297
0.04040737
0.030774884
0.034531686
0.033778418
0.032556035
0.04444673
0.047978226
0.03488437
0.03398822
0.03395403
0.034218412
0.04240299
0.040906694
0.03226346
0.037541322
0.035689544
0.033814542
0.045164466
0.04694745
0.033953935
0.03517106
0.03469937
0.034527946
0.042742755
0.04275095
0.035169527
0.0378409
0.038150445
0.03756805
0.04202068
0.047512
0.045127943
0.04092538
0.040688295
0.04108867
0.046009474
0.04726277
0.039878663
0.042843707
0.040605377
0.04819316
0.062132612
0.052155845
0.04217146
0.04574278
0.042338546
0.048203602
0.061006267
0.060048148
0.043048497
0.042161107
0.04132786
0.044653773
0.060926765
0.0629105
0.041602373
0.042068105
0.043869916
0.037148017
0.053493
0.07611217
0.0749098
0.05546648
0.037474748
0.04751568
0.04844683
0.038541652
0.06481001
0.10450641
0.08824894
0.052996524
0.039703183
0.043763213
0.041058883
0.04629264
0.053032376
0.048043985
0.041333247
0.04421744
0.040759906
0.045127373
0.049762964
0.042645432
0.038711708
0.038223505
0.04144071
0.04660361
0.047603782
0.044395216
0.04028545
0.038263097
0.036963068
0.036111195
0.036822822
0.036614794
0.036226682
0.03689226
0.037368584
0.037380677
0.03697503
0.03633117
0.035604548
0.034813557
0.033963747
0.033150937
0.032481927
0.03223514
0.031636506
0.031105025
0.03331755
0.034907516
0.031249676
0.032870743
0.03161969
0.042043544
0.052073
0.038881592
0.033500146
0.0360114
0.034890626
0.042054303
0.04389186
0.035652887
0.040525403
0.038211044
0.04787237
0.069559135
0.06083798
0.037870906
0.046472482
0.04729199
0.03589883
0.07666076
0.16208953
0.21919721
0.25892517
0.24129282
0.14554712
0.055993393
0.039267715
0.056175727
0.048851967
0.036434453
0.04502601
0.041056868
0.039179675
0.041304857
0.040182654
0.045554813
0.044780277
0.0373605
0.040067535
0.036248427
0.057103015
0.08296847
0.080425836
0.07326616
0.061049443
0.043555517
0.03903672
0.04477946
0.03988518
0.0629732
0.08859998
0.072226726
0.05008539
0.041618947
0.043426465
0.044326235
0.045750316
0.04269349
0.042772215
0.04716572
0.050907046
0.040988512
0.049017902
0.0470642
0.039276298
0.047903392
0.050157975
0.038556173
0.041932438
0.04003486
0.042570475
0.06563976
0.06730123
0.040572386
0.04150373
0.04094997
0.038304947
0.052818373
0.053539094
0.036993578
0.044227514
0.045127995
0.03612674
0.052311413
0.05710384
0.03852368
0.040123206
0.041545037
0.037542157
0.042818036
0.040052526
0.037861556
0.039872512
0.035443526
0.056313634
0.07701024
0.07311011
0.063283935
0.040863086
0.039096855
0.04444497
0.035140585
0.05653722
0.08644252
0.07245954
0.039498422
0.039636955
0.045527365
0.03630633
0.03698935
0.04974161
0.038733907
0.031796984
0.031099772
0.036002245
0.0432321
0.03280488
0.032578688
0.037814323
0.03453728
0.03164504
0.04106588
0.037685577
0.031369954
0.032023475
0.038073745
0.048176367
0.036863185
0.038367018
0.043786503
0.037540585
0.06784988
0.11021631
0.12895925
0.1428985
0.14146854
0.122866526
0.10266954
0.10042533
0.09673048
0.091937974
0.08760068
0.0836934
0.07875262
0.07157411
0.06328497
0.055770185
0.050616316
0.04787072
0.04728636
0.047343478
0.04748139
0.04707292
0.04627922
0.04558238
0.045196723
0.04516886
0.045180872
0.044866223
0.044130545
0.043158457
0.042216364
0.041459665
0.040890574
0.040409736
0.03998755
0.039600864
0.039242823
0.038911752
0.038613796
0.038337205
0.03807953
0.037825376
0.03757162
0.037322674
0.037078332
0.03684166
0.036609307
0.036375646
0.03613381
0.035885878
0.035629585
0.0353689
0.035111696
0.03485966
0.034609642
0.034362406
0.03412269
0.033880334
0.033603948
0.03332318
0.033056516
0.032793637
0.032527715
0.03225716
0.031985883
0.031715076
0.031445924
0.031170724
0.030900124
0.030635811
0.030381199
0.03013799
0.029915856
0.029720709
0.029553141
0.029406743
0.02927893
0.029182622
0.029091433
0.028990803
0.0288971
0.028814174
0.028738134
0.028668348
0.0285997
0.028528174
0.028459974
0.028391745
0.028320916
0.028248278
0.02817098
0.028088825
0.028003301
0.027920786
