0.5833333
0.53315574
0.4881098
0.447881
0.4122267
0.38095188
0.35380396
0.33060282
0.31314832
0.3013746
0.29325378
0.28747484
0.283241
0.28004947
0.27757338
0.27560055
0.27398542
0.27262542
0.2714499
0.27040556
0.2694595
0.26859716
0.2677857
0.2670094
0.26625887
0.26552323
0.26479647
0.26407516
0.26335308
0.2626347
0.26192066
0.26121053
0.26050282
0.25979808
0.25910124
0.25841892
0.257764
0.25710458
0.2564355
0.25579286
0.25516474
0.25453135
0.2538861
0.25323322
0.25256848
0.25189
0.2512011
0.25048187
0.24970296
0.248876
0.24802713
0.24714477
0.24625674
0.2453747
0.24449721
0.24361995
0.24274378
0.24186036
0.24095853
0.24003582
0.23908888
0.23812638
0.23714806
0.23615469
0.23514949
0.23413496
0.23311499
0.2320902
0.23106264
0.23002304
0.22897138
0.22790994
0.22683407
0.225736
0.22460683
0.22343868
0.22225183
0.22107865
0.21992375
0.2187781
0.21731071
0.21636178
0.21499899
0.21290487
0.21239585
0.21042143
0.20832354
0.20595658
0.20258796
0.19938278
0.19630986
0.1923651
0.18678617
0.17955658
0.17167875
0.16463016
0.15927665
0.1553914
0.15206173
0.14842139
0.14447416
0.14046484
0.13653137
0.13274339
0.12914596
0.12573676
0.12255654
0.11956096
0.11668534
0.1138899
0.11115121
0.10842305
0.10569264
0.102967404
0.10024883
0.09752559
0.09482497
0.09213553
0.08947318
0.08682676
0.08422138
0.08169807
0.07927991
0.07699694
0.07481974
0.072766684
0.07082837
0.069018275
0.0673122
0.06567941
0.06410206
0.06259832
0.061144713
0.059746377
0.058386132
0.057069186
0.055781774
0.05453356
0.053321738
0.052151557
0.05100586
0.049843747
0.04867883
0.047506265
0.046331473
0.04511608
0.04386304
0.04258389
0.041310955
0.040005464
0.038674
0.037324116
0.035950225
0.03455715
0.033027396
0.031327005
0.029564442
0.027837845
0.026182171
0.024579033
0.022988971
0.021458635
0.019899692
0.018323712
0.016765153
0.015230916
0.013766104
0.012427346
0.011165675
0.009997712
0.008886577
0.007863786
0.006939634
0.0061185416
0.0053702304
0.004696371
0.0040791472
0.003547604
0.0030600696
0.0026622908
0.0022803356
0.0019703256
0.0016739542
0.0014376773
0.001205708
0.001040794
0.0008574333
0.00074857776
0.0005973924
0.0005399289
0.00040359463
0.0003778577
0.0002586983
0.00024114925
0.00015669696
0.00014296116
9.3052906e-05
8.417714e-05
5.4493245e-05
5.0853487e-05
2.9153414e-05
3.1616008e-05
1.270546e-05
1.9395344e-05
3.6966874e-06
