0.5833333
0.52640945
0.47603706
0.43185553
0.3935595
0.36083165
0.33341193
0.31326416
0.30004174
0.291176
0.28501663
0.28059316
0.27731025
0.27479485
0.27280757
0.2711934
0.2698459
0.2686868
0.26765752
0.26672035
0.26585102
0.26502806
0.26423827
0.263473
0.2627195
0.2619739
0.26123253
0.26049173
0.25974813
0.25900382
0.2582691
0.25753525
0.2567916
0.2560458
0.25530142
0.2545606
0.2538245
0.2530909
0.25235325
0.2516082
0.2508551
0.25009248
0.2493243
0.24854814
0.247765
0.24697116
0.24617006
0.24527796
0.24435136
0.24340919
0.24245226
0.24149263
0.2405217
0.2395406
0.23855084
0.23754758
0.23652437
0.23546258
0.23436512
0.23323491
0.2320949
0.23095681
0.22980115
0.22862865
0.22744049
0.22624683
0.22503322
0.22382136
0.22261292
0.22141048
0.22021544
0.21902636
0.21780694
0.21651392
0.21485217
0.21339893
0.21259823
0.21186693
0.2108441
0.2095471
0.2080324
0.20626123
0.20407923
0.2009269
0.19607718
0.18989354
0.1825921
0.17483105
0.16741449
0.16057716
0.15412758
0.14640445
0.13930261
0.13329051
0.12734741
0.121858075
0.11688543
0.11212521
0.10740078
0.10273339
0.09821569
0.09381046
0.089499556
0.08533097
0.08134235
0.077530004
0.07390657
0.07048474
0.06724775
0.06418352
0.061326176
0.05866262
0.0561487
0.053790443
0.051580615
0.049512807
0.0475585
0.045677733
0.043874893
0.04216028
0.040527944
0.038991675
0.037510905
0.03606903
0.034697354
0.03336654
0.032043774
0.030743917
0.029471327
0.02824589
0.02702925
0.025848685
0.024684766
0.023534572
0.02241535
0.0213233
0.020229243
0.0191364
0.018027123
0.016929818
0.015830189
0.014749281
0.013665303
0.012583204
0.011509062
0.010457235
0.009444643
0.008473488
0.007542568
0.0066427416
0.0058029117
0.005011528
0.0042483
0.0035208988
0.0028944782
0.002338922
0.00185325
0.0014165759
0.0010732551
0.00092753617
0.0005997951
0.0004544077
0.00039525176
0.00023929788
0.0005989962
0.00048681282
9.391331e-05
6.977871e-05
0.00016450098
4.1712014e-05
0.00010932355
0.000103179955
1.1182337e-05
0.00057888334
0.0009410643
0.00024178828
7.008084e-06
