0.5833333
0.5146392
0.45513624
0.4043639
0.36198258
0.32771632
0.304503
0.29073378
0.28216517
0.27659887
0.27282456
0.270146
0.26815435
0.26659858
0.2653252
0.26423442
0.26326644
0.26238516
0.26156637
0.2607842
0.2600236
0.2592794
0.2585488
0.25783113
0.25712487
0.25642675
0.2557351
0.2550477
0.25436553
0.2536922
0.2530289
0.2523738
0.2517234
0.2510753
0.2504267
0.24977683
0.24912369
0.24846877
0.24780826
0.24713291
0.24640046
0.24562706
0.24483623
0.24403307
0.24321645
0.24238446
0.24153815
0.2406759
0.23979524
0.23889625
0.23797604
0.23703334
0.2360768
0.23512703
0.23419894
0.23326254
0.23230465
0.23132688
0.23033
0.22930719
0.22825682
0.22718598
0.2260961
0.22498657
0.22385634
0.22269802
0.2215036
0.22027038
0.21899164
0.21768723
0.21639812
0.21512775
0.21388818
0.21268961
0.21150912
0.21032034
0.2091297
0.20794426
0.20675346
0.20556428
0.20437871
0.20318128
0.20196505
0.20073938
0.1994928
0.19822842
0.19695692
0.19567153
0.19436547
0.19303185
0.19167729
0.19030692
0.18892854
0.18753421
0.18611205
0.18465208
0.18314457
0.18160772
0.18003725
0.17841129
0.17670812
0.1749168
0.17304866
0.17110653
0.16908549
0.1669969
0.16486984
0.16272707
0.16057748
0.15842813
0.156253
0.15404466
0.15184335
0.14968218
0.14756002
0.14546646
0.14340751
0.14139235
0.13939553
0.13741456
0.13546655
0.13353656
0.13159262
0.12961523
0.12760434
0.125538
0.12342113
0.12128752
0.119268626
0.116617106
0.1143809
0.11239112
0.10975737
0.10733866
0.10488366
0.10265618
0.100116305
0.09743224
0.094908394
0.09225205
0.08949088
0.087019004
0.08412822
0.081414506
0.07870072
0.07625484
0.073813714
0.07124623
0.06890176
0.06672252
0.06459369
0.06263468
0.060558524
0.05839298
0.05637706
0.054461088
0.05268315
0.05101579
0.049285553
0.047531772
0.045652002
0.043734487
0.041765552
0.039952572
0.03815289
0.036108002
0.034162678
0.03225124
0.030476809
0.028698353
0.026896909
0.02529366
0.023628214
0.021997571
0.020383747
0.018882178
0.017401427
0.015961885
0.014814121
0.013794652
0.012734775
0.011890142
0.011047608
0.010279664
0.009538681
0.008815189
0.008185308
0.0075281262
0.006848078
0.0061869654
0.0055582137
0.004950909
0.004368827
0.0038237597
0.0032772075
0.0027660073
0.0022877867
0.0018532067
0.0014739351
0.0011408343
0.0008607681
0.0006498185
0.0004687546
0.0003360815
0.00023967048
0.00016142198
0.00011120979
6.898408e-05
4.3365155e-05
2.8091452e-05
1.4987973e-05
6.9052567e-06
