0.5833333
0.5164885
0.45825154
0.40820083
0.36609504
0.33172756
0.30811486
0.29388502
0.28489602
0.27897495
0.27491435
0.2720188
0.26986834
0.26820502
0.26686367
0.26573873
0.2647632
0.2638899
0.2630867
0.26233298
0.261613
0.26091477
0.26023185
0.25955725
0.25888824
0.25822455
0.25756952
0.25692204
0.25628322
0.25564703
0.25501114
0.25437924
0.25374895
0.2531191
0.25248665
0.25184277
0.25118995
0.25052714
0.24981731
0.24905656
0.24825023
0.2474053
0.24652672
0.24561256
0.24466604
0.24369079
0.24268973
0.24166687
0.24062754
0.23957399
0.23851477
0.23745249
0.23639639
0.23534869
0.23430745
0.23326479
0.23220839
0.23113352
0.23004007
0.22892237
0.2277784
0.22660923
0.22541422
0.2242055
0.22298984
0.2217623
0.22051853
0.21928975
0.2180815
0.21690185
0.21574171
0.21460524
0.21349208
0.21239771
0.21131451
0.210242
0.20916435
0.20808938
0.2070288
0.20597652
0.20490453
0.20375699
0.20235583
0.20215136
0.20171
0.19961186
0.19555412
0.1908693
0.18559209
0.18082961
0.17582558
0.17098399
0.16585499
0.15846957
0.148898
0.14155057
0.13531116
0.12949955
0.12455195
0.11944661
0.114348784
0.11011497
0.10646684
0.10308071
0.09984432
0.096670784
0.09360828
0.09062361
0.08775921
0.084990464
0.08227962
0.0796718
0.07714914
0.074626416
0.07215
0.069734775
0.06738885
0.06513901
0.06291985
0.060794964
0.058735248
0.056735523
0.054818112
0.0529256
0.051094506
0.049303446
0.0475163
0.04574855
0.0440536
0.042371027
0.040709525
0.039080735
0.037490938
0.03592182
0.034383778
0.032892205
0.031455416
0.030063478
0.028694464
0.027362846
0.026067186
0.024815204
0.02363394
0.022513142
0.021425461
0.020371241
0.01934149
0.018335853
0.01732692
0.016361393
0.015386952
0.014382975
0.013367714
0.0123509215
0.011325431
0.010337704
0.009400076
0.008849361
0.008018761
0.007098436
0.006411982
0.006304922
0.0055915546
0.005029493
0.004583162
0.004451082
0.004012424
0.0038193832
0.003488431
0.0033208986
0.0030273283
0.003002855
0.002737674
0.0025880563
0.0023682434
0.0023678485
0.0021470946
0.0020459995
0.0018576541
0.0018643445
0.001685745
0.0015871275
0.0014188988
0.0014832364
0.0013333126
0.0011846959
0.0010464743
0.0011987877
0.0010603304
0.0008558496
0.0007455628
0.0009855648
0.00085088285
0.0005949924
0.0005063188
0.0008168281
0.0006881256
0.0003905482
0.00032196325
0.00067747413
0.00055523677
0.00023498455
0.00018589685
0.00053213065
0.00041683845
0.00012326024
8.576089e-05
0.0003859183
0.00029228002
4.7037956e-05
2.791698e-05
6.218362e-05
6.1853694e-05
1.92905e-05
4.6503355e-05
2.2829217e-06
