0.5833333
0.522734
0.4693658
0.42286536
0.38292795
0.3492783
0.32168195
0.30228317
0.29015887
0.282287
0.27698672
0.27328625
0.2706045
0.26858383
0.2670026
0.2657129
0.26462972
0.26368105
0.26281664
0.26201192
0.26124877
0.26051384
0.25979695
0.2590927
0.25839993
0.2577165
0.25704506
0.2563782
0.25571123
0.25504464
0.25437933
0.25371203
0.25304338
0.25237048
0.25169778
0.25102124
0.25034705
0.24966908
0.24898623
0.24828357
0.24750048
0.24667558
0.24581356
0.24492101
0.24400371
0.24306326
0.24210322
0.24111891
0.24011734
0.23909657
0.23805958
0.2370043
0.2359326
0.2348445
0.23373897
0.23261926
0.23148346
0.23033768
0.22917984
0.228009
0.22682782
0.22563933
0.22444163
0.22323208
0.22200498
0.22075714
0.21949816
0.21822847
0.21694659
0.215656
0.21438242
0.21311937
0.21186985
0.21063517
0.20941333
0.20820244
0.207013
0.20583925
0.20468609
0.20354745
0.20240165
0.20126683
0.2001356
0.19899786
0.19765924
0.19651583
0.19648086
0.19731057
0.19615777
0.19038598
0.18227834
0.17513093
0.16872816
0.16347988
0.15886402
0.15446186
0.14960605
0.14458291
0.14047924
0.13708046
0.13338009
0.12931992
0.12528996
0.12138117
0.11759572
0.11385351
0.110120945
0.10651887
0.103030644
0.099638574
0.09637291
0.09326013
0.090344235
0.08758458
0.08499247
0.082535
0.08021426
0.078031234
0.07593451
0.07393638
0.07204128
0.070233375
0.06849064
0.06678622
0.065112606
0.06345556
0.061791286
0.060122732
0.05846654
0.056793828
0.055110294
0.05345373
0.051847246
0.050280605
0.048751466
0.047281496
0.045848183
0.044424966
0.04305951
0.04175214
0.04048492
0.039255887
0.038077213
0.036929917
0.03584141
0.03477838
0.033724733
0.032698985
0.031695254
0.030725276
0.029775454
0.028847
0.027931508
0.027009284
0.0260648
0.025086533
0.024055758
0.0230112
0.021939281
0.020849045
0.019799864
0.018808588
0.017871669
0.01699926
0.016180132
0.015392659
0.014674884
0.013959919
0.013252225
0.012463576
0.011537892
0.010624141
0.009760727
0.008941642
0.008168161
0.0074597145
0.0068416083
0.006232222
0.0057694414
0.005132534
0.005036833
0.004461493
0.003968692
0.003686439
0.003382
0.0030712201
0.003024
0.0026823846
0.0024254879
0.0022264114
0.0022587562
0.002071357
0.0018498213
0.001710082
0.0016244432
0.001441604
0.0014337255
0.0012588804
0.0011147648
0.0010055037
0.0009527251
0.0008277925
0.000836367
0.0007433917
0.00061381864
0.00053205347
0.0006101196
0.00051301613
0.00038962413
0.00032727965
0.0004072796
0.00033288193
0.00023534927
0.00018570514
0.00033945026
0.00030649969
0.00012625322
0.00019905019
8.00453e-05
0.00018732694
0.00019128903
3.104192e-05
0.00053420773
0.00084470655
0.0002599949
1.601574e-05
3.402791e-05
4.637079e-06
