0.5833333
0.48919132
0.4127217
0.3530151
0.30969256
0.28485632
0.27309406
0.26765144
0.26538152
0.26473954
0.2648174
0.2645894
0.2639644
0.26335493
0.26311424
0.2629429
0.26279593
0.26263547
0.26243794
0.26219368
0.2618995
0.2615588
0.2611739
0.26074845
0.26028684
0.2597909
0.25926474
0.25870958
0.2581262
0.2575169
0.2568783
0.25621533
0.2555245
0.25480506
0.25406253
0.2532717
0.25242105
0.25151715
0.25056946
0.24957739
0.24854898
0.24749261
0.24641287
0.24531023
0.24418797
0.24305235
0.24189654
0.24072237
0.2395301
0.2383274
0.23715232
0.23601344
0.23490028
0.23379269
0.23268421
0.23160131
0.23053929
0.22949456
0.22846304
0.2274461
0.22644494
0.22545493
0.22447349
0.22349618
0.22251542
0.22153759
0.22056986
0.21964198
0.21876547
0.21792862
0.21712905
0.21636756
0.2156354
0.21492441
0.21424472
0.21359284
0.21295932
0.2123388
0.21171185
0.2110732
0.21041793
0.20975296
0.20907834
0.20840189
0.20771502
0.20701148
0.20628574
0.20551702
0.20470177
0.20382927
0.20289232
0.201877
0.20078462
0.19960906
0.19833973
0.19696721
0.19549006
0.19391152
0.192233
0.19045965
0.18860723
0.18671
0.18482701
0.18297856
0.18120936
0.17947721
0.17776842
0.17603432
0.17426656
0.1724683
0.17062758
0.1687499
0.16680752
0.16480274
0.16273712
0.16061674
0.15843251
0.15617508
0.15387535
0.15156044
0.1492234
0.14687
0.14451139
0.142044
0.13835938
0.13441989
0.12982719
0.1268451
0.12114379
0.11429459
0.110173024
0.10644241
0.10460352
0.10283342
0.098713055
0.09345159
0.08712374
0.083111435
0.07830844
0.076005526
0.07043915
0.066318035
0.061914667
0.0595566
0.059963528
0.0555619
0.050502006
0.048094418
0.045147654
0.044065133
0.042128555
0.03995087
0.038031742
0.036207218
0.034428492
0.032516275
0.030681666
0.02901634
0.02724742
0.02535402
0.0238751
0.022850946
0.02149187
0.020173987
0.01911128
0.018798184
0.01933036
0.018052055
0.016223272
0.015793333
0.015295755
0.015394997
0.013475649
0.014534167
0.0125414645
0.013715477
0.015028693
0.012414117
0.010428076
0.010259104
0.009193861
0.008461256
0.0076299068
0.007306684
0.0060095973
0.005198845
0.0048828423
0.0037076278
0.004947884
0.004551414
0.0021571498
0.004588053
0.0046891216
0.0012028193
0.007329461
0.012782321
0.010907709
0.0044755344
0.00062637293
0.0014612443
0.0007212496
0.0011694849
0.0012013221
0.00028282186
0.00021189432
0.00015292976
0.00025385758
6.625645e-05
0.00082577183
0.00069762324
2.559833e-06
