0.5833333
0.50679654
0.44179225
0.3876867
0.34407926
0.31465068
0.2974195
0.28695488
0.2802934
0.27587003
0.27281338
0.27061427
0.26896298
0.2676677
0.26660484
0.26568958
0.26486903
0.26410577
0.26337525
0.26266223
0.26195455
0.26124147
0.26051915
0.25978664
0.25904155
0.25828272
0.25750712
0.25672048
0.25587866
0.25507477
0.25422043
0.25344133
0.2526252
0.251776
0.2508927
0.25001195
0.24914545
0.24823886
0.24733582
0.24640629
0.24545299
0.24450892
0.24355112
0.24258289
0.24160217
0.24059275
0.23959078
0.23860236
0.23758937
0.23651274
0.2354887
0.23448554
0.23350856
0.23242916
0.23128146
0.23012339
0.22901832
0.22791432
0.22674102
0.22547705
0.2241517
0.2227984
0.22148989
0.22020079
0.21882884
0.21721049
0.2154644
0.21377125
0.21200292
0.21005698
0.20775138
0.20513436
0.20234857
0.1995347
0.19675258
0.1938503
0.19056788
0.18696396
0.18335027
0.17981945
0.1763197
0.17254308
0.16810684
0.16349077
0.15926647
0.1551944
0.15142773
0.1475293
0.14367355
0.14002003
0.13621418
0.13251984
0.1288954
0.1256996
0.12225395
0.11852632
0.11519576
0.112058416
0.10940913
0.106296524
0.1029071
0.10014016
0.09728627
0.09521011
0.092654936
0.0891745
0.08676728
0.08332149
0.08072209
0.0780713
0.07521004
0.07219189
0.06836759
0.065751776
0.06370172
0.060000334
0.056737095
0.053992152
0.051436517
0.049788218
0.04857809
0.047313474
0.04576929
0.043951485
0.042157516
0.040559128
0.039152756
0.03747594
0.035985462
0.034103867
0.0319844
0.030021664
0.028422642
0.026855974
0.024759822
0.023441311
0.021614432
0.020554237
0.0194476
0.017640982
0.017151965
0.015866416
0.014872138
0.015280331
0.014028812
0.0125387795
0.012112611
0.01110392
0.010676882
0.009992491
0.00928023
0.008715871
0.008077597
0.007438366
0.0070790285
0.006275034
0.006022138
0.005519953
0.004807713
0.004372962
0.0042040246
0.003683087
0.003679597
0.0034259493
0.002759124
0.0024365822
0.0023532351
0.001842034
0.0018658085
0.0016436136
0.001175074
0.0009931461
0.0010577886
0.0007603813
0.0009015462
0.0008528377
0.00040926883
0.00041855444
0.0002306044
0.00018419692
0.0001249681
6.1095554e-05
8.5761596e-05
1.9011832e-05
2.9149698e-05
8.834712e-06
