0.5833333
0.50568193
0.43964526
0.38474956
0.3407005
0.31165016
0.2950812
0.2850887
0.2787817
0.27463266
0.27178836
0.2697515
0.2682229
0.26701733
0.26601705
0.2651458
0.26435542
0.26361263
0.26289558
0.2621939
0.26149413
0.26079437
0.2600903
0.25938058
0.25866315
0.25793764
0.25720525
0.25646397
0.2557174
0.25495923
0.25419343
0.25341353
0.25262305
0.25182343
0.25102007
0.25021335
0.24940567
0.2485965
0.24778947
0.24698122
0.24617404
0.24536525
0.24439661
0.24330232
0.24234506
0.24121745
0.23993856
0.23860292
0.23753309
0.2360009
0.23468922
0.23334436
0.23186389
0.2302648
0.22856165
0.22680378
0.22504479
0.22326165
0.22141199
0.21948531
0.21753159
0.21560068
0.21364821
0.21167792
0.20968482
0.20772232
0.20567429
0.20350526
0.2013154
0.19916366
0.19703233
0.19451274
0.19139174
0.1879139
0.18433039
0.1807312
0.17713067
0.17333907
0.1691973
0.16493082
0.16077077
0.1569187
0.15343378
0.15024665
0.1472093
0.14404875
0.14050719
0.13656527
0.13252228
0.12867059
0.12507385
0.121277265
0.11807691
0.11391034
0.10930458
0.10525902
0.101317935
0.09772262
0.09385668
0.08895564
0.085097775
0.081419386
0.077148885
0.07291573
0.068783484
0.06477729
0.060986426
0.057370935
0.053910736
0.050632015
0.04756953
0.044721264
0.042136997
0.039819703
0.037687782
0.03573571
0.033834696
0.03194946
0.030220611
0.028645365
0.02717373
0.025793632
0.024467649
0.023201276
0.02203176
0.020928575
0.019854514
0.018761197
0.0176762
0.016611814
0.015581168
0.014568939
0.013576275
0.012586753
0.011577255
0.010583598
0.009717756
0.008864922
0.008023841
0.0072918753
0.006519768
0.006206427
0.0052314303
0.005939568
0.0060050315
0.004355439
0.003959894
0.0042018294
0.0031455262
0.0035373077
0.0036377434
0.0025574153
0.0033015292
0.0039790245
0.0025461747
0.0021042316
0.0021915464
0.0016712864
0.001707188
0.0013014604
0.0018169484
0.0016873862
0.0008750983
0.0017850511
0.0019262397
0.00091423147
0.00071400224
0.0009751498
0.00034385323
0.0009996787
0.0012723495
0.0006094705
0.00030005432
0.0004401189
0.00013500745
0.00011535327
0.00023305781
0.00011298325
0.00043680365
0.00041124938
3.5217694e-05
2.0398185e-05
7.0709095e-05
1.622143e-05
4.3903823e-05
5.8388796e-06
