0.5833333
0.49530894
0.4215403
0.36197257
0.31689915
0.2900271
0.27674195
0.27006477
0.26671392
0.26503575
0.26417592
0.26362538
0.2629909
0.26248747
0.26215896
0.2619109
0.26169562
0.261497
0.26129013
0.261073
0.26085663
0.26061368
0.2603458
0.26005575
0.2597376
0.25938293
0.25897557
0.2586143
0.2581943
0.25774762
0.2572518
0.25671387
0.25614876
0.25550646
0.25520268
0.25439185
0.2535367
0.25267327
0.25172713
0.25058863
0.24934651
0.2480029
0.24658425
0.24504098
0.24332279
0.24145561
0.23942801
0.237096
0.23524588
0.23290254
0.23002304
0.22662526
0.2227744
0.21857922
0.2140978
0.20929487
0.20351554
0.19731423
0.19026756
0.18201952
0.17395532
0.16459414
0.15492727
0.14542165
0.13692062
0.128432
0.12066183
0.113599576
0.10723106
0.10144726
0.09624524
0.09164862
0.087502874
0.08380366
0.080409355
0.077216275
0.074149385
0.071274444
0.06845366
0.06568855
0.0629091
0.060174253
0.057516143
0.05494966
0.052439246
0.050025336
0.047724083
0.04549143
0.043320682
0.04126537
0.039325025
0.03729534
0.035354093
0.03350229
0.031747635
0.030104391
0.028514259
0.026967086
0.025496924
0.024084799
0.02271974
0.021347854
0.019998573
0.01870244
0.017479507
0.016300675
0.015176333
0.014084597
0.012987398
0.011957456
0.0109056
0.009984017
0.008973133
0.008068643
0.007177898
0.0063556456
0.0056056413
0.004876352
0.004207783
0.0035817858
0.0030168584
0.002477364
0.001987907
0.0015472061
0.001165398
0.0008495312
0.0006529806
0.0004523422
0.00034098353
0.00039846802
0.00043544263
0.00013660186
0.00023301457
0.00018935166
2.0127089e-05
0.0003440071
0.00043574232
0.0001302477
1.2259897e-05
4.23489e-06
