0.5833333
0.5090311
0.44464356
0.39010432
0.34544295
0.31504607
0.2971299
0.2861117
0.27902722
0.27427495
0.27094665
0.26850352
0.26661813
0.26508808
0.26377517
0.26258823
0.26147076
0.2603874
0.25932753
0.25826666
0.25719664
0.25610912
0.25501135
0.25389963
0.25277528
0.25163588
0.2504955
0.24934314
0.24819136
0.24703634
0.2458174
0.24454859
0.24324128
0.24190177
0.2405358
0.23915158
0.23774599
0.23632582
0.23489828
0.2334684
0.23205566
0.23067577
0.22931363
0.22795115
0.22657667
0.22518776
0.22379656
0.22245775
0.2211663
0.21992347
0.21873201
0.21759403
0.21647762
0.21535473
0.21422233
0.21308349
0.21193913
0.21078384
0.20961009
0.20842102
0.20721681
0.20599034
0.20473617
0.20343742
0.20207691
0.20061652
0.19903113
0.19728714
0.19536418
0.19321711
0.19086654
0.1883726
0.1857769
0.18317848
0.18059053
0.178008
0.17546937
0.17299348
0.1705768
0.16821507
0.16589695
0.16359895
0.16130811
0.1590162
0.15671185
0.15440743
0.15210427
0.14981544
0.14754759
0.14531587
0.1431227
0.14096624
0.13884622
0.13675658
0.13470222
0.13268347
0.13070492
0.1287668
0.12686127
0.1249873
0.12314045
0.12131767
0.119509734
0.117697395
0.11588511
0.114110775
0.112346426
0.11059289
0.10884809
0.10711819
0.10536691
0.10362545
0.10189837
0.10020607
0.09853962
0.09691053
0.0953221
0.09375899
0.092217125
0.09067343
0.089111134
0.08751599
0.085874766
0.08417155
0.08239216
0.0805387
0.078613006
0.07663197
0.07461957
0.072596356
0.0705779
0.06858764
0.06665072
0.064784005
0.06300212
0.061291542
0.059615962
0.057957098
0.05630749
0.054668553
0.05302282
0.051328912
0.049544
0.047720212
0.04594662
0.04420302
0.04241809
0.04062907
0.03895643
0.03732522
0.03572476
0.03424552
0.032878302
0.031517558
0.030224485
0.02898111
0.027780533
0.026532685
0.025253285
0.02402046
0.022811713
0.021643618
0.020439098
0.019255819
0.01817218
0.017107788
0.016180597
0.015211586
0.014286856
0.013414992
0.012644195
0.012037611
0.011382393
0.0106438
0.00994394
0.00927006
0.008673729
0.008140309
0.0075447857
0.0069510234
0.0063982937
0.005862712
0.005332789
0.0048034247
0.0042943293
0.0038281425
0.0033917588
0.0030145666
0.0026493883
0.0023002117
0.001962792
0.0016395472
0.0013444943
0.0011135743
0.0009214431
0.00071352196
0.0005878451
0.0004596094
0.00033442726
0.0002463816
0.00016665907
0.00010730763
6.884646e-05
3.3402182e-05
2.3284512e-05
8.413295e-06
