0.5833333
0.48375943
0.40349716
0.34202617
0.30511475
0.2865293
0.2765611
0.2709839
0.26774266
0.26576817
0.2644695
0.26351914
0.26274
0.26203796
0.2613551
0.2606693
0.2600132
0.25939572
0.2588127
0.25824392
0.2576888
0.25716072
0.25665057
0.25613734
0.25561434
0.25508314
0.25455308
0.25407365
0.25366172
0.253266
0.25282085
0.25229126
0.25169292
0.25107053
0.25045416
0.2498476
0.2492547
0.24866173
0.2480594
0.24743952
0.24679631
0.24612
0.24540651
0.24465024
0.24385643
0.24305153
0.2422367
0.241415
0.24059041
0.23974934
0.23889993
0.23804314
0.23716615
0.23627265
0.23536056
0.23443516
0.23348726
0.23251532
0.23151752
0.23049146
0.22944301
0.22836764
0.22726241
0.22612305
0.22494182
0.22372147
0.22246239
0.22116226
0.21983702
0.21847929
0.2171571
0.21592124
0.21480154
0.21369527
0.21253316
0.21130508
0.21001817
0.20875432
0.2075066
0.20629165
0.20508601
0.20381744
0.20240308
0.20082495
0.19917792
0.19718611
0.19729702
0.19157451
0.18716079
0.18250076
0.18065615
0.17984726
0.17374755
0.16446938
0.15675198
0.15108821
0.14688806
0.14382121
0.14147268
0.13901977
0.13575515
0.13181467
0.1278317
0.12411547
0.120820135
0.118024416
0.11571268
0.113449275
0.11003469
0.105413355
0.10092665
0.09705948
0.09369904
0.09067801
0.08697298
0.082810916
0.07964646
0.07613317
0.07288967
0.06970501
0.06721605
0.06519207
0.06222597
0.059278853
0.05693564
0.05469391
0.05268981
0.051009852
0.04956346
0.048209287
0.04689096
0.045583677
0.044330582
0.04314253
0.042011246
0.040900804
0.039809972
0.038644012
0.03739904
0.036168214
0.03497627
0.033817444
0.032688648
0.03157335
0.030500557
0.02942005
0.028325982
0.027204346
0.026078396
0.02496672
0.023876725
0.022844147
0.021844236
0.020840777
0.019854065
0.018891653
0.01799607
0.017107412
0.016258102
0.015452583
0.014694513
0.013946349
0.013227392
0.012498801
0.011763513
0.011026563
0.010295649
0.009593512
0.008944336
0.008593704
0.008346077
0.0074556414
0.0071919975
0.0066015953
0.0072655804
0.008788624
0.008013811
0.0058203507
0.0062602065
0.006486168
0.004904952
0.005402627
0.0048444504
0.004616939
0.0045254123
0.0041023535
0.0038449776
0.004064906
0.0036224585
0.003446308
0.0032291708
0.0029822425
0.0027235062
0.0028326632
0.0025728366
0.0024382698
0.002282312
0.0021394773
0.0019167704
0.0021814778
0.00201862
0.0015848697
0.0014410317
0.0017743575
0.0014992197
0.0012065886
0.0010817664
0.0012644565
0.0010861112
0.0009232229
0.0008067263
0.0010347125
0.0009041456
0.00068810856
0.0005896598
0.0009314391
0.000814248
0.00048723552
0.00041665274
0.0008776904
0.00075383525
0.00032402264
0.000276893
0.0006235241
0.00041603425
0.00029684659
0.00024544972
0.0002690139
0.00018402562
0.00030299535
0.00022975894
0.0001537447
0.000110219546
0.00027616424
0.00019780609
0.000114314775
8.205204e-05
0.0002120977
0.00013940682
0.00010145068
7.357331e-05
0.00014291501
8.4802356e-05
0.000100965655
7.328208e-05
8.486453e-05
4.7324156e-05
0.00010429188
7.688332e-05
4.3021755e-05
1.8902983e-05
0.000110032866
8.2126244e-05
1.6928978e-05
3.832781e-06
