0.5833333
0.5091283
0.4443983
0.38927782
0.34406254
0.31354424
0.29582417
0.2850335
0.2781432
0.27353424
0.27029368
0.26788875
0.2660023
0.26443735
0.26307273
0.26183537
0.2606769
0.25957257
0.25850898
0.25747082
0.25645557
0.25545132
0.2544524
0.25345507
0.25245586
0.251451
0.25044134
0.24942876
0.24841239
0.24738795
0.24636222
0.24532683
0.24428628
0.24324551
0.24220714
0.2411898
0.24018624
0.23918651
0.23818457
0.23718832
0.23620577
0.2352594
0.23439108
0.2335278
0.23272692
0.23190019
0.23102906
0.23015833
0.2293088
0.22841921
0.22748922
0.22651853
0.22550999
0.224454
0.22334643
0.22218315
0.22097473
0.21972132
0.218418
0.21706001
0.21565174
0.21421067
0.21277282
0.21136044
0.2099303
0.2084675
0.20695397
0.20538643
0.20375437
0.2020607
0.20032202
0.19854687
0.19673377
0.1948781
0.19298433
0.19106224
0.1891217
0.18716832
0.18521118
0.18326055
0.18133046
0.17942616
0.17754605
0.1756958
0.17387459
0.17209002
0.17034103
0.16861401
0.16690987
0.16523078
0.16357544
0.16194284
0.1603296
0.1587203
0.15710315
0.15547551
0.1538321
0.15217713
0.15050739
0.14881505
0.14709522
0.1453444
0.143558
0.1417488
0.13994536
0.13815048
0.13633043
0.1344765
0.13258296
0.13065636
0.12870258
0.12672973
0.12473977
0.12273871
0.12072385
0.118673764
0.11658392
0.1144721
0.112357326
0.1102512
0.1081542
0.10607242
0.10400251
0.10193605
0.09987021
0.09777479
0.09563455
0.09346701
0.09129089
0.089112416
0.08693837
0.08480805
0.08272533
0.080696106
0.0787294
0.07683347
0.074999936
0.07322758
0.0715141
0.06986008
0.06826839
0.0667366
0.065276936
0.06388546
0.06255492
0.06127949
0.060053494
0.05886453
0.057700977
0.05656131
0.055430286
0.054347925
0.053284653
0.052163605
0.050999593
0.04982935
0.048663374
0.047517326
0.046380367
0.045200136
0.04396771
0.042701934
0.041431326
0.040103525
0.038729236
0.037365742
0.03609201
0.034791358
0.0335145
0.03223263
0.031020774
0.029837763
0.028524697
0.02724632
0.026053097
0.024951313
0.023812441
0.02277163
0.021732053
0.020823432
0.020090394
0.019106578
0.018184664
0.017404616
0.01655837
0.015950682
0.01540636
0.0147506995
0.014005967
0.01329269
0.012582234
0.0120133
0.011461232
0.010882421
0.0103131905
0.009781531
0.009300332
0.00875218
0.008215578
0.007706493
0.007201413
0.0067096087
0.006214165
0.005757976
0.0053085815
0.004755381
0.0046618977
0.004576737
0.004178513
0.0037706357
0.00354593
0.0033336536
0.0030981104
0.0029146636
0.0027119422
0.002465048
0.002294742
0.0021185381
0.0019310279
0.0017477683
0.001575426
0.0014126776
0.0012471557
0.0010835298
0.0009341595
0.00078771525
0.0006521894
0.0005370282
0.00043037746
0.00034057064
0.00026008816
0.00019278786
0.00013966057
9.8468256e-05
6.304236e-05
3.629164e-05
1.8183817e-05
6.9629673e-06
