0.5833333
0.50504327
0.43734318
0.38044888
0.3347149
0.3049471
0.28839716
0.27871323
0.27277946
0.26895714
0.26634505
0.26442707
0.26289967
0.2615838
0.2603818
0.2592322
0.25810266
0.25697038
0.2558285
0.25467792
0.25346485
0.25223866
0.25105587
0.24985857
0.24880531
0.24772489
0.24642937
0.24523076
0.24399367
0.24263316
0.2412833
0.23982117
0.23844784
0.23710679
0.23568897
0.23416367
0.23268634
0.23093474
0.22903687
0.22714989
0.22517459
0.22356796
0.22204715
0.22045152
0.21851791
0.21624321
0.2137787
0.21094735
0.20775443
0.20435822
0.20082596
0.19706014
0.19281027
0.1880535
0.18235247
0.17600954
0.16946016
0.1627185
0.15615043
0.14925858
0.14262801
0.13628462
0.12964088
0.123003036
0.11630872
0.110032335
0.10372547
0.097685196
0.091955945
0.08665152
0.08068353
0.07531104
0.070541315
0.06613237
0.062155683
0.05856227
0.05519308
0.052017037
0.049105838
0.046363864
0.043741126
0.041286368
0.038875096
0.03654562
0.034297124
0.032132823
0.030025851
0.028021185
0.026138159
0.024364045
0.022708442
0.021125032
0.01961852
0.018173026
0.016762523
0.015417945
0.014146634
0.012973624
0.011870862
0.010825651
0.009844796
0.0089416765
0.00808625
0.007265236
0.0064818235
0.0057669017
0.005150422
0.0046664425
0.0041760216
0.0037486698
0.0033145954
0.0029298265
0.002501143
0.002089081
0.0019754174
0.0015946903
0.0016185361
0.0014450939
0.0010256496
0.000843108
0.0008144184
0.00058395066
0.00078457716
0.0006299822
0.00034658608
0.0002746839
0.00030884575
0.00018012231
0.00031721196
0.0002790664
7.491805e-05
4.3900163e-05
0.0001938017
8.9346e-05
0.00011313153
7.09622e-05
4.6326713e-05
2.2876995e-05
3.35505e-05
9.108079e-06
