0.5833333
0.4888233
0.41075456
0.34922722
0.3111047
0.2912622
0.280247
0.2738504
0.26998398
0.26754043
0.26587605
0.26464313
0.26367086
0.26288113
0.26218134
0.26143488
0.2606484
0.25993904
0.25929335
0.25863597
0.25795123
0.25727555
0.2566574
0.25603247
0.25539634
0.25474754
0.2540737
0.25337684
0.25264305
0.25185
0.25101697
0.25021
0.24938925
0.2485133
0.24761237
0.24669634
0.24580698
0.24499454
0.2442117
0.24338366
0.24244395
0.24139339
0.2402751
0.23911692
0.23799202
0.23703106
0.23602115
0.23496519
0.23377284
0.23313415
0.23156062
0.22992484
0.22851145
0.22736713
0.22605173
0.22442847
0.22273463
0.22129673
0.21983671
0.21851625
0.21716422
0.21576709
0.21433832
0.21288767
0.21136492
0.2097719
0.2082348
0.2067969
0.20516409
0.20291674
0.19939308
0.19438784
0.18852755
0.18254013
0.17679487
0.17136991
0.1662217
0.16134186
0.15673195
0.1524087
0.14839211
0.14466913
0.14120683
0.13801067
0.13497576
0.1320259
0.12910984
0.12616895
0.12320944
0.12014571
0.11668954
0.11256212
0.10809941
0.103685044
0.09924064
0.094528675
0.0900003
0.085593894
0.08127478
0.077102594
0.07318939
0.06923873
0.06543113
0.061972935
0.059359338
0.056821104
0.05393555
0.051250555
0.048976645
0.046662573
0.044398524
0.04210526
0.03978384
0.037654426
0.03555579
0.033650275
0.03185273
0.030005934
0.02827969
0.026713906
0.02507486
0.023695258
0.022494351
0.021795908
0.020351043
0.019476917
0.018555982
0.018410139
0.017564042
0.016103944
0.015616696
0.014392149
0.014749723
0.014071805
0.012356473
0.013173627
0.012396265
0.01079845
0.011380565
0.010556503
0.010157628
0.009924244
0.009261594
0.008829811
0.008687375
0.008096065
0.008064785
0.00765754
0.007107708
0.0067946296
0.006676214
0.0062693413
0.0063466965
0.005901748
0.0058777113
0.0058326153
0.0052267225
0.005225572
0.004753222
0.0048232772
0.0046599465
0.0041793888
0.0039664325
0.003916929
0.003572324
0.0038702483
0.003465425
0.003490864
0.0036182315
0.0029651192
0.003434466
0.0033340459
0.0026815576
0.003141423
0.002725561
0.0024727609
0.0024265682
0.0021830734
0.0020482198
0.0019126466
0.0018106026
0.0016103404
0.0014332832
0.0014203602
0.001157784
0.0014166594
0.0013419543
0.0008687836
0.0018045685
0.0023692502
0.0011808896
0.0006974262
0.00075555977
0.0005448518
0.0012014812
0.0012898387
0.00046153055
0.0007730623
0.0009873481
0.0006193154
0.00031344948
0.00034706158
0.0002920546
0.00023631447
0.00061466126
0.0004903057
0.00018266668
0.00015678478
0.00040186514
0.00025821035
0.00015577943
0.00013419235
0.00017893438
0.0001230603
0.0001390919
0.00011580805
9.512044e-05
6.386344e-05
0.000121367
9.952151e-05
4.266868e-05
2.668466e-05
0.0001037491
7.887418e-05
7.404768e-05
3.4005534e-05
6.0131584e-05
3.6508936e-05
4.1401523e-05
2.8647466e-05
2.3707546e-05
1.3438461e-05
4.1799292e-05
2.7206432e-05
1.1507683e-05
5.163168e-06
