0.5833333
0.49092147
0.41414702
0.3531121
0.31311524
0.29128373
0.27948213
0.27280328
0.26887357
0.26646286
0.26489776
0.26377398
0.26292244
0.26226184
0.261582
0.2608008
0.26002818
0.25931007
0.25859967
0.2578703
0.25717023
0.25641116
0.25568768
0.25489935
0.25401554
0.25302184
0.25193363
0.2507669
0.24958727
0.24842228
0.24721569
0.24591392
0.24446522
0.24288076
0.24120705
0.2394729
0.23768908
0.23593368
0.23410517
0.23220384
0.2302591
0.22850011
0.22654551
0.22448367
0.22236732
0.22019088
0.21796271
0.21571696
0.21348561
0.21136831
0.20925134
0.20737076
0.20476002
0.20179802
0.19905789
0.1964255
0.1934939
0.19009992
0.18634692
0.1821099
0.17737533
0.17239489
0.1672084
0.16199572
0.15697588
0.15208931
0.14724238
0.14248313
0.13801847
0.13372463
0.12959754
0.12571298
0.12204769
0.118582584
0.115252085
0.11197652
0.10877484
0.10569128
0.102723405
0.09980103
0.096785635
0.093696885
0.09077739
0.088084884
0.08556
0.08302145
0.08017469
0.0771927
0.074124865
0.07114024
0.06823879
0.06524008
0.062318776
0.059416723
0.05657649
0.054024167
0.051666215
0.049420446
0.04728339
0.045287043
0.043331657
0.041428827
0.03969249
0.03796527
0.036261324
0.034687337
0.03305877
0.03156154
0.030156445
0.028763978
0.027476337
0.02622646
0.025003083
0.023851134
0.02269062
0.021567164
0.020442411
0.019345803
0.018201174
0.017153252
0.016091812
0.015025411
0.01418046
0.013482089
0.012542098
0.011789369
0.011364875
0.010948616
0.010384356
0.00967078
0.009182882
0.008631944
0.008393218
0.0076965583
0.0075868787
0.0073151225
0.0064895484
0.0063941632
0.005882912
0.0062088193
0.006018799
0.005108809
0.005372708
0.0050746854
0.0043365974
0.004754811
0.00432572
0.003932429
0.0038086425
0.003379777
0.0032016633
0.0029158706
0.0026295069
0.0023274168
0.0020550806
0.001789303
0.0016241061
0.0013432546
0.0011374144
0.0010326221
0.0008251038
0.0009401767
0.00068827707
0.0006638326
0.00045183706
0.000931315
0.0011428489
0.0005097631
0.00072028977
0.0006988838
0.00023240237
0.0002978349
0.00021774347
0.00014954263
0.00023607246
0.00014564888
0.0003346711
0.00033036148
7.089234e-05
0.0005146661
0.0007327378
0.00017252064
0.00019613972
0.00030407883
6.135736e-05
0.000197541
0.00031263643
5.6240086e-05
0.0001747778
0.00031312194
1.1072802e-05
0.0007794541
0.0019755452
0.0013688757
8.581681e-05
0.00020216091
0.00022183952
2.0483489e-05
0.0003091377
0.00060209655
0.0001572753
1.2763012e-05
2.6852502e-05
7.051418e-06
