0.5833333
0.5062606
0.43966544
0.38349834
0.33796686
0.30784136
0.29072058
0.28043824
0.27393654
0.26960027
0.26653478
0.26422977
0.2623794
0.26080418
0.259392
0.25807768
0.25681975
0.2555926
0.25438273
0.25318024
0.25198534
0.25080362
0.24964535
0.24850637
0.24738114
0.24626507
0.24515025
0.24403217
0.24292387
0.2418169
0.24071482
0.23962365
0.23854998
0.23748916
0.23644821
0.23543522
0.23445831
0.2335184
0.23262678
0.2317997
0.23102482
0.23025976
0.22947742
0.22867657
0.22786884
0.22704412
0.22616966
0.22522041
0.22421905
0.22318986
0.22213696
0.2210549
0.2199968
0.21900156
0.21798837
0.21693322
0.21582423
0.21464933
0.213403
0.2120963
0.21071225
0.20926218
0.20778698
0.2063669
0.20506059
0.20382932
0.20262043
0.20128058
0.19975406
0.19806632
0.1962351
0.19432946
0.19238777
0.19045754
0.18854341
0.18669693
0.1848973
0.1831318
0.18137763
0.17962252
0.17785126
0.17606045
0.17425168
0.17242327
0.17057554
0.16871876
0.16686338
0.1650109
0.1631634
0.16132052
0.15947829
0.15763019
0.15578003
0.15392609
0.15206079
0.15018414
0.14829496
0.14639527
0.14449824
0.14261903
0.14074574
0.13887577
0.13697626
0.13499199
0.1328695
0.13063136
0.12833634
0.12601845
0.12367493
0.121307805
0.11891113
0.116490506
0.11403231
0.11151925
0.10895523
0.106317535
0.103615336
0.100897245
0.09823038
0.095683604
0.093311004
0.091155574
0.089207426
0.08740541
0.085730895
0.08418237
0.08275039
0.0814249
0.08013199
0.078833625
0.07747205
0.07604271
0.07455134
0.073083095
0.07168198
0.070322946
0.06898775
0.06764403
0.066255026
0.06475025
0.06291819
0.060823355
0.05872355
0.05670441
0.05475162
0.052791983
0.050935503
0.0490448
0.047114115
0.045292992
0.04358636
0.041783005
0.039900683
0.038075853
0.03646004
0.034369867
0.031871155
0.030157015
0.028188111
0.02725142
0.025964173
0.024114609
0.022594485
0.021134274
0.019800207
0.01874393
0.017798191
0.016876595
0.01581885
0.014775366
0.013794954
0.012910503
0.012213228
0.011424953
0.010670989
0.0099294735
0.0092180595
0.008500093
0.0077197277
0.0069418023
0.006157707
0.0053995517
0.0046382416
0.00390937
0.003203462
0.0025366058
0.0019707768
0.0015017724
0.0010796217
0.00073957717
0.0004902154
0.00031402687
0.00018298795
9.792595e-05
5.3831704e-05
1.9089846e-05
1.4807277e-05
3.9511488e-07
