0.2863665
0.049167644
0.06773331
0.046074003
0.021954557
0.033944983
0.035351433
0.0249539
0.022743637
0.024873272
0.023573702
0.021424001
0.021781513
0.02255421
0.021591252
0.020538524
0.021437535
0.021587456
0.020396998
0.02150697
0.022667626
0.021365127
0.020401595
0.021483997
0.021441879
0.021177983
0.020466877
0.020661196
0.020464184
0.02051445
0.020181622
0.01999528
0.0200294
0.019842403
0.020334879
0.02000974
0.020328326
0.020118184
0.019946901
0.01992512
0.019716686
0.019634077
0.019750634
0.019530559
0.019534873
0.01946517
0.019405736
0.019306637
0.0191278
0.019033255
0.018901624
0.018789046
0.018665077
0.018416805
0.01887539
0.018770795
0.018013997
0.018341847
0.018228294
0.017291876
0.018144948
0.01889694
0.01769814
0.016607858
0.016926156
0.016842464
0.016314372
0.01626078
0.01630184
0.015926624
0.015733777
0.015659535
0.015439103
0.015472114
0.015221882
0.014969426
0.015102596
0.015015676
0.01472225
0.0148251755
0.014581359
0.014769229
0.014385047
0.014614939
0.014394234
0.014663048
0.014376636
0.014319441
0.013749338
0.014399514
0.014618526
0.013763368
0.013632127
0.013891649
0.013397177
0.013367039
0.013346136
0.013071504
0.013145231
0.012902399
0.013034414
0.012695737
0.013688348
0.013718528
0.012695671
0.013004276
0.013078014
0.012601986
0.012539209
0.012573667
0.012610062
0.012309775
0.012458819
0.012259568
0.012298425
0.012613728
0.012082999
0.012425783
0.0126065565
0.012209526
0.012190039
0.01206486
0.011958626
0.012023429
0.011773251
0.011814023
0.011701814
0.011824583
0.011799797
0.011527631
0.011590063
0.011539079
0.011429901
0.01129049
0.011516771
0.011450318
0.011166486
0.011638227
0.011506766
0.01176798
0.011455055
0.011364482
0.01154099
0.011227109
0.011048902
0.011240106
0.011252406
0.011341485
0.011134588
0.011039854
0.01096531
0.011313009
0.011159166
0.01096624
0.010974196
0.010971777
0.010921739
0.010844189
0.010742684
0.011090918
0.01095957
0.010767409
0.010674442
0.011017404
0.010966264
0.010661878
0.010645715
0.010811816
0.010730434
0.010723737
0.010643746
0.010714586
0.010633084
0.010704356
0.01061036
0.010651377
0.010585584
0.010622348
0.010572235
0.010543252
0.01050057
0.010544206
0.010477406
0.010475728
0.010392352
0.010556053
0.010444678
0.010411851
0.010342701
0.010488679
0.010437029
0.010278221
0.010238897
0.010422421
0.010361279
0.01020925
0.010158114
0.0103436
0.010272102
0.010149074
0.010096672
0.010222711
0.010134065
0.010136812
0.01005499
0.010154235
0.010075917
0.01005511
0.009984109
0.010070176
0.009987275
0.009976263
0.009906144
0.010022213
0.009963068
0.009868652
0.009823785
0.009990351
0.009961484
0.00978378
0.009827763
0.009751682
0.009710432
0.009995759
0.009796292
0.009867934
0.009794415
0.00974549
0.009663451
0.0097067095
0.009594835
0.009841702
0.009804244
0.009529319
0.009625047
0.009589897
0.009528545
0.00991137
0.009810298
0.009576875
0.009629033
0.009490631
0.00963349
0.009338641
0.00991238
0.01007785
0.009398238
0.010586358
0.011417248
0.009831437
0.010369544
0.011389305
0.010126608
0.009847523
0.010373198
0.009840799
0.009617992
0.009727192
0.009568405
0.009480532
0.00948448
0.009553024
0.009300425
0.009383577
0.009307049
0.009168554
0.009433416
0.009103976
0.009164847
0.009274862
0.008932065
0.0094773
0.0093558775
0.009499556
0.009483693
0.00945206
0.009605563
0.009132
0.009235612
0.009488605
0.0092211915
0.009058547
0.009026748
0.009094678
0.009051997
0.008972376
0.00898571
0.009028998
0.008840442
0.008669456
0.00892869
0.008854519
0.008722496
0.00866074
0.008783349
0.008718469
0.008717753
0.008623818
0.008727145
0.008613125
0.008593071
0.008499534
0.008666326
0.008544577
0.00856159
0.008501788
0.00849887
0.0084074475
0.008580028
0.008489281
0.008406594
0.008315244
0.0084992675
0.008427137
0.00830641
0.008243044
0.008368847
0.008279053
0.008280243
0.008243141
0.008197528
0.008152705
0.008242565
0.008190606
0.008119672
0.008082426
0.008161727
0.008117969
0.008076642
0.008087233
0.008030794
0.008009571
0.0080837095
0.008027202
0.008005547
0.007957877
0.007976324
0.007849074
0.0080970265
0.008001119
0.007904763
0.007889578
0.007818353
0.007831908
0.007676954
0.007899075
0.007627632
0.008395315
0.008394285
0.0075281295
0.008081718
0.008162125
0.007500217
0.00805671
0.008043653
0.0075472035
0.007806338
0.007997035
0.0076657883
0.007542079
0.0076296604
0.007466978
0.007523136
0.0075012012
0.007371687
0.0074480684
0.007292992
0.007413183
0.007434947
0.007193934
0.0074089584
0.0072595435
0.0072002895
0.0073852898
0.007217214
0.0070993253
0.0071918503
0.0072884816
0.0069586695
0.0072781737
0.007280499
0.0072813886
0.00729841
0.0072644525
0.007291367
0.0071594864
0.0071650725
0.006813631
0.006878451
0.006903127
0.006724031
0.007074632
0.0069213808
0.0069253235
0.006830223
0.0066949935
0.0066180103
0.007058419
0.006982067
0.006565126
0.006559864
0.0067451163
0.0065818503
0.0068620523
0.0069170794
0.006471611
0.0066894237
0.006460832
0.0068498333
0.00659363
0.0069838506
0.0071361815
0.006424511
0.0067650713
0.006567145
0.0066909157
0.006970448
0.0064129406
0.006529193
