0.28778604
0.042853385
0.0701629
0.050298568
0.023765927
0.03137486
0.03263117
0.026068399
0.023676082
0.024800828
0.024889445
0.023419866
0.022322014
0.022286572
0.022907918
0.022265935
0.021077596
0.02257049
0.023234459
0.02152655
0.021011805
0.021573393
0.020824827
0.020653969
0.020852357
0.020167584
0.020809479
0.021383986
0.020519061
0.019744826
0.019869747
0.019643733
0.01952927
0.019457169
0.019281598
0.019094877
0.019029064
0.018654322
0.018606441
0.01849144
0.018068343
0.018079737
0.017981095
0.017550768
0.017348157
0.017226098
0.016928054
0.01663698
0.016517902
0.01620206
0.016440814
0.01620004
0.016231386
0.015789447
0.016319765
0.016258894
0.015384793
0.016095778
0.01612095
0.01513881
0.01549121
0.015519947
0.015184083
0.015054211
0.014689073
0.015198036
0.014973187
0.014498609
0.014869072
0.014672321
0.014300925
0.014435249
0.014144885
0.014998171
0.015003297
0.014412057
0.014370992
0.014591639
0.014230545
0.014478393
0.014566831
0.014064926
0.013975558
0.014268831
0.013819662
0.014675762
0.014956877
0.013810935
0.014891288
0.015405342
0.014296569
0.01434407
0.014475822
0.014246576
0.014200429
0.01374163
0.014226512
0.014360403
0.013440681
0.015265507
0.016933413
0.015513107
0.013709527
0.014357213
0.015105039
0.014742482
0.014184113
0.013769091
0.013924304
0.014215983
0.013569477
0.01351304
0.013764425
0.01329458
0.013564012
0.013848469
0.013446853
0.013163142
0.013368384
0.013068496
0.013655684
0.013922515
0.013449798
0.013164133
0.013271174
0.013351475
0.012921345
0.01321065
0.013399835
0.013056662
0.012902646
0.013002128
0.012833242
0.012858559
0.012790031
0.012702927
0.0126907015
0.012625404
0.012725037
0.012560667
0.012471105
0.012481786
0.012477729
0.01230571
0.0123920115
0.012530878
0.012139011
0.012598723
0.012700302
0.013067401
0.012821592
0.012186204
0.012047787
0.0118721435
0.011657956
0.011805554
0.011793266
0.011600959
0.01149558
0.011350078
0.011592329
0.011495962
0.011437598
0.011272483
0.011472806
0.011051741
0.011109683
0.011151329
0.010907561
0.010828917
0.010910232
0.0107483985
0.010876328
0.010919216
0.010518058
0.010481636
0.010697757
0.010533091
0.010709412
0.010731067
0.0103493985
0.010330892
0.010394752
0.010294207
0.010549913
0.010496019
0.010200106
0.010175862
0.010347744
0.010299274
0.010215699
0.010184192
0.010187355
0.010163851
0.0101357745
0.010121816
0.010092291
0.010028668
0.010136856
0.0100723645
0.010049959
0.01004516
0.009972244
0.009921622
0.01009968
0.010075158
0.009887404
0.009887622
0.010007792
0.009943587
0.00994072
0.00991502
0.009904741
0.009854618
0.009954193
0.009907664
0.009833485
0.009777914
0.009930835
0.009882483
0.009770784
0.00974612
0.009880777
0.009849572
0.009733112
0.009751267
0.009802065
0.009757966
0.0098109245
0.009802218
0.00968263
0.009635775
0.009868387
0.009815035
0.009595289
0.009558628
0.009848342
0.009813835
0.009530968
0.009546585
0.009816906
0.009694251
0.009586137
0.009575963
0.009495191
0.009450768
0.009791583
0.009830936
0.009403037
0.00986744
0.009551269
0.0099670505
0.010399564
0.010095021
0.009673766
0.009694279
0.009751207
0.009501424
0.009542912
0.009745762
0.009754094
0.009436099
0.009515911
0.009751017
0.009526625
0.009317285
0.009520747
0.009390471
0.009609465
0.009549774
0.009120077
0.009155252
0.009176427
0.009073161
0.009388666
0.009223784
0.00913637
0.009082128
0.00905921
0.009022192
0.0090133995
0.008929938
0.008981723
0.008861197
0.0090702
0.009031776
0.008757609
0.008689641
0.008969832
0.00891019
0.008713536
0.008621325
0.008790544
0.0087264115
0.008671398
0.008573719
0.008630046
0.008500469
0.0087279705
0.008668245
0.008423102
0.008404315
0.008430743
0.008375805
0.008354951
0.008224555
0.00847149
0.008387943
0.00817721
0.0081159705
0.008273159
0.008149168
0.008131608
0.008044672
0.008164703
0.008104851
0.007918755
0.0078601455
0.008102381
0.008009373
0.0078097414
0.007739729
0.007991006
0.007872957
0.0077449046
0.0076672225
0.007852073
0.0077454266
0.0076662763
0.007573901
0.007762792
0.007614473
0.007630134
0.0075241867
0.007633721
0.0074807587
0.007573577
0.007452879
0.0075087757
0.0074231154
0.0074028876
0.0073375367
0.007431099
0.0073272176
0.007336723
0.007250551
0.007370056
0.0073193223
0.007153277
0.007089278
0.007479854
0.0074035693
0.0070800595
0.007025318
0.007317958
0.007281151
0.0069660693
0.006944131
0.0071414164
0.0070266793
0.0070386394
0.0069780275
0.006964957
0.0069001876
0.006934788
0.006903661
0.006914206
0.0068637854
0.0067858663
0.0067091645
0.0070283003
0.0069258865
0.0066696405
0.006593563
0.006974954
0.00694021
0.0065314886
0.0064894264
0.0068070577
0.0066884593
0.006587662
0.006516624
0.0066040303
0.006506004
0.006573023
0.00652387
0.00642012
0.006377094
0.0064432137
0.006362445
0.0064457804
0.0063380874
0.0063900375
0.0063359365
0.006329376
0.00626546
0.0062429756
0.0061470247
0.0063289893
0.006189752
0.0062084137
0.006098449
0.00622444
0.006167479
0.0060646366
0.0059995265
0.0061427895
0.0060661673
0.006025559
0.0059330217
0.0060530845
0.0060102064
0.0059042014
0.0058611296
0.006006112
0.0058765565
0.0059087262
0.005801191
0.0058069066
0.005666167
0.0059912666
0.0059938566
0.00556899
0.0057401694
0.0056081153
0.0056244717
0.005454751
0.005769054
0.005637312
0.0055934624
0.005710637
0.0054774103
0.005493106
0.005433682
0.0054981727
0.0052759517
0.005688034
0.0054924847
0.0056648417
0.0055471207
0.005805612
0.005563512
0.005285829
0.0054069036
0.005204612
0.005507717
0.0054240725
0.005105959
0.0050639505
0.0050253323
0.004995172
0.0048962366
0.0048511154
0.0048017823
0.0046572895
0.004938319
0.004615515
0.0051621213
0.005347779
0.0046334737
0.005065786
0.0050430642
0.005686253
0.0058948747
0.0050249235
0.004862527
0.005188153
0.0049316357
0.0047473875
0.0045791534
0.0048042224
0.004675003
0.0046314984
0.00459786
0.004566464
0.004436509
0.0043279487
0.004412973
0.004323632
0.004452561
0.0043455022
0.0042800955
0.0043598176
0.0041272133
0.0046323114
0.004498483
0.0044017136
0.0041941204
0.0045304466
0.0042837225
0.004422293
0.004206792
0.0046770577
0.0045771985
0.0041552517
0.0041499077
0.0041873907
0.0040613995
0.004378931
0.004301694
0.004072362
0.0040351474
0.0041387775
0.004037075
0.0040958594
0.003943113
0.004177563
0.003981275
0.0042286008
0.0041745454
0.003933914
0.0039086584
0.003912307
0.003751003
0.0041653006
0.0039646537
0.003943089
0.0038693242
0.0039019668
0.0037890293
0.003968796
0.003839975
0.0038541297
0.0037844898
0.003839587
0.003746933
0.0038239935
0.003721162
0.0037776257
0.00370091
0.003732904
0.0036513756
0.0037407773
0.0036785873
0.003658535
0.0036096398
0.0036268644
0.0035100586
0.0038377699
0.0038436807
0.0033913946
0.0034985754
0.0034598552
0.0033702757
0.0036160862
0.0034542289
0.0037442374
0.0037228698
0.0034163564
0.003461888
0.00339193
0.0033515915
0.0034620874
0.0033702634
0.0034432549
0.0032718487
0.003860907
0.0039159427
0.0033216523
0.0035849859
0.003508479
0.0035532897
0.003551787
0.0035493423
0.0034145953
0.003390194
0.0033756972
0.0033224218
0.0032606814
0.003277643
0.003289555
0.0032129476
