0.28748986
0.044908628
0.056947023
0.044414114
0.023147145
0.030543538
0.03369501
0.025747687
0.021977356
0.024137909
0.024981998
0.022707649
0.020943739
0.022625262
0.023231274
0.021545189
0.021098413
0.021848405
0.020907274
0.021247873
0.021753287
0.020911725
0.021151066
0.02151777
0.020734416
0.021340683
0.021752844
0.020855566
0.020865774
0.021285197
0.020581169
0.021230087
0.021954184
0.021098137
0.020609267
0.021031735
0.020597942
0.020804105
0.02113794
0.02053758
0.020634836
0.02100823
0.020506546
0.020253431
0.020304307
0.019931724
0.020771429
0.020653924
0.020209828
0.019901196
0.020576423
0.020355752
0.019578017
0.01963759
0.01959395
0.019451149
0.019314276
0.019953113
0.019793876
0.019329473
0.019262798
0.01935455
0.019115092
0.01953326
0.019389717
0.019018413
0.018945388
0.01894196
0.01874137
0.01899592
0.018767044
0.018412733
0.018206554
0.017867183
0.017326245
0.017444309
0.016928893
0.01687739
0.015786765
0.016390061
0.015604704
0.016926233
0.016202984
0.016841417
0.015566409
0.014823531
0.014775294
0.014974639
0.01466545
0.0148768695
0.014263173
0.015530203
0.01594315
0.014405434
0.015758928
0.017043198
0.0154020665
0.014837322
0.015222885
0.014048263
0.013990876
0.014451884
0.013266931
0.013932242
0.014654339
0.013479483
0.013439107
0.013925358
0.012950973
0.013095225
0.013465392
0.0127534745
0.013112791
0.012967589
0.012818222
0.012190968
0.012358189
0.012216327
0.012139469
0.012128492
0.011820485
0.011674871
0.011827559
0.011611693
0.011564274
0.011479522
0.011440293
0.0112379305
0.011378556
0.0111933425
0.011317342
0.010841697
0.011449876
0.011141591
0.010976871
0.011025246
0.010614905
0.010640111
0.0103882635
0.010228368
0.0104222335
0.010291677
0.009963985
0.009804599
0.00993072
0.009811044
0.009609713
0.0094440235
0.009453385
0.009150639
0.009487578
0.00928406
0.008929332
0.008829252
0.008875492
0.0087714195
0.008735171
0.008551938
0.0086347805
0.008504178
0.008413986
0.008340504
0.008332836
0.00821472
0.008164538
0.008074687
0.008081168
0.008020763
0.007927237
0.0078798765
0.008042149
0.007894754
0.007827167
0.007739806
0.007777682
0.0076971143
0.007688889
0.0076901936
0.007539697
0.0074801017
0.007643131
0.007619441
0.0073928894
0.007367734
0.007420784
0.007250449
0.0074630403
0.007284783
0.0072899717
0.0070997984
0.0073209335
0.0071545825
0.00718003
0.007050861
0.0070754015
0.00696497
0.0069981045
0.006877124
0.00699029
0.006862789
0.006737731
0.0066549587
0.0068177157
0.006712184
0.0066369525
0.0066121533
0.006540392
0.0066285483
0.006423092
0.0064855865
0.0063994094
0.0067317807
0.0063121784
0.0067321523
0.0062036775
0.006687028
0.006452042
0.0060532726
0.006337136
0.005877461
0.0061414167
0.00591323
0.0058236066
0.005977539
0.0057623684
0.005817989
0.005795257
0.005550196
0.0053891223
0.005837817
0.005685774
0.005490985
0.0052768043
0.0057628243
0.0055022114
0.006001439
0.005998448
0.006023038
0.0057975273
0.005790914
0.0055578244
0.0058758943
0.0054737995
0.005390588
0.0051580835
0.0055689234
0.005286941
0.0055866297
0.0056180935
0.0050219796
0.0050265705
0.0050268904
0.004915741
0.0049501327
0.004780818
0.005032297
0.0048837154
0.0049111135
0.0047430308
0.0050971764
0.0049757045
0.0047040326
0.004721388
0.0047535547
0.004599013
0.0048226276
0.0046984977
0.0045769704
0.0044657835
0.004771641
0.0045796745
0.00464178
0.004593026
0.0045031332
0.0044363015
0.0046914215
0.0047277412
0.0043471376
0.004484482
0.0043973313
0.004396115
0.0045015854
0.004575321
0.0041869595
0.0043447264
0.004245654
0.0042449795
0.0046804496
0.0047333147
0.0042430847
0.0044786707
0.004402643
0.0044130445
0.004442467
0.0044692084
0.0044123144
0.004506944
0.004292585
0.00435041
0.004239216
0.0041695987
0.0042244345
0.004424795
0.0042620823
0.0041045113
0.004340748
0.004010647
0.004295703
0.0042356593
0.0039383783
0.004046388
0.0039291247
0.0038921488
0.003958059
0.003922406
0.0041456297
0.0038888678
0.004115628
0.004126484
0.003937019
0.0038111552
0.004023162
0.0039675147
0.004001867
0.0038475718
0.003952049
0.0040811207
0.0038055915
0.00402311
0.0037406727
0.003980173
0.0038575607
0.0041179364
0.0041927323
0.004461517
0.0042516273
0.004454209
0.0044492967
0.0037601665
0.0037829531
0.003952164
0.0036108147
0.004534639
0.004562654
0.0038612224
0.0037693966
0.0041019856
0.0038310112
0.003931923
0.0039004607
0.004178933
0.003973867
0.0038589109
0.0037445296
0.0038351354
0.0037682063
0.004045576
0.004014989
0.0036291555
0.003676664
0.0037223026
0.003701859
0.0037268663
0.003719261
0.003653363
0.0036358593
0.0036516488
0.0035493032
0.003885688
0.0037270419
0.003628852
0.0035712738
0.0037087305
0.003649494
0.0035917854
0.0036222665
0.0035781686
0.0036048035
0.0035676968
0.0035450421
0.0035390537
0.0035478638
0.0034292834
0.0034506964
0.0034632355
0.0034277122
0.0034514414
0.003365525
0.0036344894
0.0034278773
0.0036740236
0.0036543775
0.003381122
0.0035306897
0.0034267071
0.003420655
0.0035166729
0.0034530375
0.0036313944
0.0037112345
0.0033211585
0.0035186447
0.0032903785
0.0037585672
0.00363217
0.0036313962
0.003767156
0.0033836581
0.0036382265
0.0033480695
0.0036148082
0.003512061
0.0034764588
0.0035741776
0.0033371367
0.0035263253
