0.288266
0.062050443
0.06301768
0.039888695
0.02258567
0.022178106
0.027836844
0.025744513
0.023200303
0.023543477
0.023043245
0.022574732
0.022342032
0.02226984
0.021768495
0.022136709
0.021574268
0.02278865
0.022449702
0.021640787
0.02216947
0.021625841
0.0218774
0.021808332
0.021655113
0.021214252
0.021510428
0.021048918
0.0212593
0.021243868
0.020716099
0.021379964
0.020734062
0.022686683
0.023411183
0.021012112
0.022659203
0.02470391
0.022593744
0.02081729
0.021721363
0.021838138
0.021285594
0.020846719
0.021535119
0.021692753
0.020663826
0.02167151
0.0224583
0.02141071
0.021036042
0.021453945
0.02115982
0.021204205
0.021125397
0.020793332
0.021066708
0.020842468
0.020782707
0.020894038
0.020522837
0.022030735
0.022194585
0.02096195
0.021060625
0.021394923
0.021327987
0.020620152
0.021486178
0.022075573
0.020886794
0.021155477
0.021811694
0.021195685
0.020904548
0.020908142
0.021153277
0.02078901
0.020737818
0.020833662
0.020514647
0.020565562
0.020581301
0.020476863
0.020499041
0.020423345
0.020548655
0.020400885
0.020551411
0.020409657
0.020555375
0.020483196
0.020292958
0.020248188
0.020288832
0.020175695
0.02015555
0.019994823
0.020196352
0.020138862
0.019729963
0.020146258
0.019878658
0.019837553
0.019510983
0.019476347
0.019503133
0.019151323
0.019022705
0.018751113
0.018663662
0.018479599
0.018244617
0.017866367
0.018240353
0.017918976
0.017668953
0.017881079
0.017574511
0.018009393
0.017916467
0.017539853
0.017463416
0.017426612
0.017568946
0.017155252
0.017565617
0.017222121
0.017088702
0.017567087
0.016938046
0.017074144
0.01688336
0.017131804
0.017016107
0.017367676
0.016791947
0.017762579
0.017401697
0.016678274
0.016609164
0.017159179
0.017083831
0.016595999
0.016667148
0.016692007
0.016616521
0.016386086
0.016349139
0.016399352
0.01627688
0.016359672
0.016269319
0.016234351
0.016070569
0.016389905
0.016195485
0.016077563
0.016003357
0.016133279
0.015879564
0.016133802
0.015894732
0.015839191
0.015633596
0.016044796
0.01590818
0.01554576
0.01542702
0.015761042
0.0155884065
0.01531151
0.015356768
0.015204114
0.0150706945
0.01530603
0.015319216
0.014903874
0.01672309
0.015824294
0.015370294
0.015812023
0.015605879
0.0155562
0.015061316
0.014791018
0.015202896
0.01488367
0.014630157
0.014255319
0.0146453865
0.014689244
0.013840598
0.014612329
0.015087508
0.0145029165
0.014310692
0.0143186
0.013923191
0.013506624
0.013553485
0.0135773355
0.012893442
0.013303992
0.013135728
0.012867364
0.012861487
0.012495846
0.012853666
0.012437639
0.012828767
0.013059966
0.012509252
0.012309983
0.012591795
0.012317312
0.0119636925
0.012032534
0.012474809
0.011820354
0.012391319
0.012493932
0.012908879
0.0127558
0.0120516345
0.012273249
0.01241864
0.012018296
0.011641373
0.011451491
0.011682949
0.011573873
0.011348031
0.011392638
0.011188027
0.011179333
0.010810025
0.010900776
0.01078139
0.01050172
0.010546268
0.010360494
0.010659757
0.010689065
0.010109895
0.010587429
0.0101636425
0.010518874
0.010190708
0.010683673
0.01031687
0.0103480695
0.010406441
0.009921734
0.010946657
0.011432094
0.011068009
0.010481876
0.010049749
0.010343579
0.009995688
0.009715713
0.010023048
0.009965521
0.010205926
0.009701081
0.0108891195
0.011099028
0.009742196
0.010380795
0.01070441
0.009630586
0.010540757
0.011137263
0.00987302
0.009795929
0.010802798
0.009657967
0.009371349
0.009762294
0.009044676
0.009904495
0.010288993
0.009132277
0.0096646715
0.009962504
0.009139176
0.009311974
0.009595771
0.008752837
0.009815221
0.010587025
0.009539102
0.009481351
0.00974899
0.009145542
0.00882171
0.008994349
0.00861901
0.009010188
0.008834865
0.00888791
0.008754886
0.008669923
0.008709263
0.008593767
0.00863653
0.008403167
0.008353974
0.008165927
0.008941867
0.008746736
0.009463413
0.00944406
0.008839845
0.01000333
0.009510115
0.009477149
0.0097573185
0.008681542
0.008531072
0.008886433
0.008702805
0.008453306
0.008244464
0.008532785
0.008560344
0.008390047
0.008339718
0.008206277
0.008280096
0.00794614
0.008269443
0.0083336895
0.008325039
0.008366807
0.008140708
0.008645407
0.008321931
0.008447499
0.0083572855
0.008211409
0.0079353005
0.007974274
0.0076500587
0.00872188
0.0087061105
0.007675543
0.007865674
0.008024189
0.0077379695
0.007986111
0.007701423
0.00809574
0.007926383
0.00822354
0.00834102
0.007784871
0.0079374965
0.007921962
0.008091236
0.007378742
0.008297492
0.008492627
0.007846499
0.007882107
0.007396137
0.0085765915
0.009093165
0.0084092235
0.0077954703
0.007724561
0.007958779
0.0077918465
0.008274347
0.008261908
0.0072909878
0.007797891
0.007594205
0.00831218
0.008494235
0.007262431
0.00879396
0.010403116
0.008771621
0.008899745
0.009617131
0.008120843
0.008044041
0.008381426
0.0076047624
0.0076392717
0.0077951737
0.007410374
0.007561313
0.0077260337
0.0071546435
0.007534401
0.0073663965
0.0072236895
0.007094675
0.007022951
0.00697167
0.006831108
0.0067764707
0.006974636
0.006891983
0.006700752
0.0071277916
0.00669839
0.0071055624
0.0070557236
0.006881268
0.006797397
0.0066610365
0.006867457
0.0067663137
0.00714742
0.0067240237
0.0073171444
0.007069796
0.006882429
0.006746564
0.0065740007
0.0064134956
0.006788681
0.006560996
0.006744493
0.0065411865
0.0068212636
0.0067410115
0.006240456
0.006105294
0.0069204927
0.006656228
0.0064963363
0.006397857
0.006207151
0.0064034048
0.006171661
0.006533841
0.0063439906
0.0064552403
0.006503079
0.0063752406
0.0064780475
0.0065253475
0.006123073
0.0063814134
0.0064168437
0.006119707
0.0060162465
0.0060397736
0.006288247
0.005860687
0.006083322
0.006019008
0.0059400587
0.0065605394
0.006260458
0.0062533673
0.006236891
0.006161778
0.006110631
0.005936606
0.0057942625
0.0063826717
0.006113904
0.006646972
0.0067468677
0.0058973744
0.006539744
0.0065100635
0.0056248736
0.00633884
0.0065207724
0.006013339
0.006125891
0.006088512
0.0059657586
0.0058508893
0.005675487
0.0058442852
0.005869277
0.005506447
0.0059239827
0.0060884696
0.005814606
0.0060314178
0.0056862696
0.006298255
0.006182848
0.006222421
0.005774285
0.005999085
0.005816678
0.0059248595
0.005755175
0.0061026257
0.00615734
0.0054770205
0.0058297687
0.0054893377
0.005624505
0.005391849
0.005827447
0.005361086
0.0062345215
0.0061947242
0.0051835887
0.0053398
0.0053068534
0.005256789
0.005258005
0.0050337813
0.0059543364
0.005874144
0.005542066
0.005406422
0.0055145416
0.00521932
0.0050875186
0.0054821954
0.0050446764
0.006179992
0.0060580387
0.00545063
0.005471907
0.0052276924
0.0053176205
0.0049121995
0.005331187
0.0051993504
0.005152838
0.0050950744
0.0050381627
0.005189815
0.0048096306
0.004815431
0.0051728818
0.0048245466
0.004934436
0.0049369
0.004802427
0.0047833025
0.0047543375
0.005180227
0.0047731204
0.0059550405
0.0059709377
0.005199278
