0.28837833
0.050031707
0.06820792
0.045639556
0.022571212
0.038780734
0.042205248
0.029319867
0.023368105
0.026704341
0.02818497
0.02506421
0.02216352
0.024032349
0.025869682
0.024338573
0.02163373
0.024068132
0.027990416
0.027087355
0.022842785
0.021196537
0.022465343
0.02206771
0.02092386
0.023172298
0.024397284
0.023265487
0.022125334
0.020557923
0.020831645
0.020613816
0.020736163
0.020732593
0.020407725
0.020959146
0.020868681
0.020660443
0.020430358
0.02054631
0.02035286
0.019926263
0.0197673
0.019633802
0.01928454
0.01915784
0.018931283
0.018562077
0.018472759
0.01818348
0.018328076
0.018175794
0.018284366
0.017900532
0.0180844
0.018086003
0.017588325
0.017453514
0.017494515
0.017398255
0.01720459
0.017220432
0.017160783
0.01711032
0.016932655
0.017027495
0.016890772
0.01706251
0.017060734
0.016912056
0.016766703
0.01667667
0.01659896
0.016731203
0.016702006
0.016512966
0.016378582
0.016494712
0.016340058
0.016729658
0.016740443
0.016172921
0.0163063
0.016151508
0.016217811
0.016224166
0.0159736
0.015939293
0.015922345
0.01590454
0.015798138
0.015653143
0.015697591
0.015643552
0.015571029
0.015452915
0.015401922
0.0153748365
0.015246011
0.015084553
0.015088201
0.0149867395
0.014817454
0.014736337
0.014643689
0.014681541
0.014489911
0.014948546
0.015323322
0.014693658
0.014413923
0.01456482
0.014269645
0.014059988
0.014059037
0.013883285
0.013807878
0.013710822
0.013601821
0.013604127
0.013477421
0.013344583
0.013380658
0.013080362
0.013392401
0.0133634135
0.012943734
0.013166779
0.013030946
0.012916863
0.012803942
0.012761344
0.012786388
0.012523082
0.012669909
0.012575481
0.012692685
0.012657936
0.012379331
0.012280627
0.01225008
0.012144637
0.012243404
0.012258396
0.012118847
0.012003199
0.012098427
0.012080632
0.011772503
0.011687688
0.011814058
0.0115073
0.011945718
0.01202752
0.011489861
0.011639169
0.011566405
0.01143689
0.011432056
0.011383194
0.011185389
0.011428573
0.011025362
0.011541255
0.011792672
0.011396644
0.010878618
0.011516296
0.011455514
0.0107972175
0.010930763
0.010980301
0.010552146
0.011473954
0.011756779
0.01079741
0.011554602
0.012353008
0.011700168
0.011205896
0.011134741
0.010997918
0.011154489
0.010563091
0.01021282
0.010405927
0.009960693
0.010035686
0.010445888
0.009881532
0.009955141
0.009843337
0.009894423
0.00981295
0.009942042
0.009870735
0.0093048625
0.009412481
0.010367702
0.009430301
0.010425928
0.009980592
0.009792668
0.009861623
0.009290275
0.009383938
0.00930433
0.00896866
0.009752065
0.009797464
0.009025619
0.009192079
0.008829047
0.00892775
0.008963927
0.009011052
0.008748022
0.0087099485
0.00866495
0.008351312
0.008781139
0.00861426
0.008254982
0.00813846
0.008524171
0.008313505
0.008288604
0.008273373
0.007910022
0.0079415
0.008059146
0.00780843
0.008488781
0.00844324
0.0075885206
0.007668082
0.0076858387
0.0073875096
0.008183234
0.008284985
0.007901468
0.0075936452
0.008145223
0.008089102
0.0077644475
0.0077149174
0.0073367
0.007247466
0.0075596496
0.0072440333
0.0079146875
0.007739518
0.007239031
0.0075611435
0.007409087
0.0076058297
0.0076378486
0.0069687273
0.0068618827
0.007779417
0.0075712153
0.0073849536
0.007763112
0.006871926
0.007346815
0.0067828633
0.0074884132
0.007334754
0.007370068
0.0076903678
0.0068097417
0.007187603
0.00696527
0.0069591454
0.0068173795
0.0068281926
0.0067892387
0.0065288693
0.0067099915
0.0062066116
0.00661543
0.006316772
0.0068941303
0.00669387
0.0069847964
0.007032505
0.0064257844
0.0063256915
0.006193939
0.006019155
0.0063544065
0.006321018
0.0061197393
0.006205514
0.006123463
0.006284719
0.0057409746
0.0061893477
0.0060026534
0.0061816857
0.0062947
0.006335424
0.006225109
0.006110558
0.0062638745
0.0056116716
0.005926857
0.005825793
0.005707191
0.0054734987
0.005684463
0.005435522
0.005821537
0.0056995586
0.005777601
0.005838789
0.005359555
0.005983612
0.00590178
0.005459353
0.005775726
0.0053071957
0.0058351164
0.0058927685
0.0055327206
0.00560691
0.005912839
0.005668727
0.005689103
0.0052476632
0.006069128
0.0056653195
0.0053984835
0.005663262
0.0052936017
0.0052340417
0.005398271
0.0052194544
0.005066059
0.005011561
0.005189218
0.0050045177
0.0054442654
0.0054405965
0.00514977
0.005000895
0.0052343816
0.004983437
0.0052884766
0.0051954384
0.0049894373
0.0048915735
0.005212473
0.005121413
0.0049652345
0.004900458
0.004905349
0.0048755226
0.0047977963
0.00467102
0.0051585436
0.005159829
0.0046338146
0.0045846505
0.004990417
0.0047435407
0.0052053058
0.005319851
0.004642594
0.005138927
0.004940037
0.0045008874
0.0048577483
0.004375137
0.005055763
0.004805712
0.00520685
0.0053879046
0.004900039
0.0049011554
0.0045819697
0.004988905
0.004630446
0.005134944
0.005250333
0.0047742254
0.0050620814
0.004850888
0.004624482
0.004676877
0.0046469127
0.004544847
0.004709438
0.00432635
0.0046160338
0.0045942273
0.004468721
0.004385138
0.00446915
0.0046385787
0.0043168557
0.005215652
0.0055949967
0.0050279587
0.004903951
0.0049953894
0.0044739717
0.0056941644
0.005781321
0.005224511
0.0051103365
0.004681217
0.0046816655
0.004571176
0.004324679
0.004829828
0.0045609474
0.0049069463
0.004658827
0.0050761807
0.0047966116
0.0046533872
0.004757691
0.0044061407
0.0044101384
0.0044840747
0.0042303167
0.004777171
0.004675176
0.0042200387
0.004153122
0.004677989
0.0044085993
0.004296068
0.004237586
0.0043186042
0.004192502
0.0043367175
0.004310599
0.004118968
0.004081582
0.004289886
0.0041807448
0.0042070593
0.0042405557
0.0040893457
0.0040937704
0.004174656
0.004079201
0.0041566524
0.004094774
0.00408602
0.0039958064
0.004137931
0.0040422436
0.0042985925
0.0040471996
0.0042417725
0.004111407
0.0042427364
0.0042643417
0.0040381555
0.004018761
0.004167026
0.0040289336
0.0041109095
0.0038946627
0.0041730166
0.004042266
0.004076447
0.004029093
0.004012111
0.004097121
0.003909406
0.003854097
0.0040159086
0.0038481283
0.004273414
0.0043158177
0.0038528247
0.004465513
0.004302311
