0.2894915
0.056394722
0.06920933
0.043517035
0.024202993
0.03100034
0.028039372
0.023203373
0.025399795
0.02509225
0.022844383
0.0237251
0.024325332
0.02273116
0.022613311
0.02351368
0.022189641
0.021733792
0.022126675
0.021440906
0.020932237
0.021110633
0.020739064
0.02044575
0.020800026
0.020522768
0.020539567
0.020592496
0.020143328
0.020362595
0.020164654
0.020590788
0.020779403
0.020308157
0.020422153
0.020580297
0.020541849
0.019921644
0.021227831
0.021506228
0.020498062
0.020314181
0.020246737
0.020541966
0.020085813
0.02010185
0.019933205
0.019928642
0.019809285
0.019532016
0.019570151
0.019441517
0.019504162
0.019403903
0.019513337
0.019355513
0.019609606
0.019445432
0.019236414
0.019204443
0.01919277
0.019082159
0.019246835
0.019139506
0.018970022
0.018921392
0.018863112
0.018749928
0.018821513
0.018654257
0.018713532
0.018608568
0.018416883
0.018311495
0.018434064
0.018260965
0.01824545
0.018179633
0.018025847
0.01792634
0.018163338
0.018122762
0.01778263
0.017988442
0.01770328
0.017901868
0.01782462
0.017800674
0.017644627
0.017466268
0.017658712
0.017434804
0.017437452
0.017474601
0.017203016
0.017418468
0.01728267
0.01720989
0.017083513
0.017084256
0.017023075
0.016928343
0.016829344
0.016825821
0.01665383
0.016968103
0.016916998
0.016675258
0.016523013
0.016528174
0.016393883
0.016150748
0.01646097
0.016265312
0.016151516
0.01616603
0.016168954
0.015878858
0.015609938
0.015732216
0.015582527
0.015268269
0.015301147
0.015625834
0.014994237
0.015249659
0.015278469
0.014946229
0.015241536
0.015260403
0.015396605
0.0145922005
0.01575084
0.016190542
0.015245922
0.015053831
0.015549299
0.015389075
0.01516274
0.014390555
0.01507894
0.015713273
0.014794624
0.014564872
0.01482886
0.014344287
0.014702019
0.014601444
0.014061506
0.014379635
0.014353505
0.013960821
0.014033434
0.013960029
0.013735995
0.013776171
0.01359727
0.013672366
0.013624287
0.013728614
0.0136330845
0.013856065
0.013625237
0.013544872
0.013563335
0.0131973205
0.013188821
0.013336117
0.013160384
0.0133666
0.013181941
0.013179153
0.013055614
0.013082827
0.01298362
0.013274059
0.013242993
0.012727927
0.012721635
0.012949072
0.012814087
0.012728809
0.0126747945
0.012707566
0.012549591
0.012849662
0.012857728
0.012377086
0.012397629
0.01244582
0.012323151
0.012642942
0.012429856
0.012381251
0.012310582
0.012395367
0.012242804
0.012312072
0.012368049
0.01207415
0.012085068
0.011943188
0.011950489
0.011822046
0.011707574
0.011832885
0.01161358
0.012017675
0.01196779
0.011604833
0.011648424
0.011460952
0.011389859
0.0114637455
0.011211506
0.0116614625
0.011730838
0.011068806
0.0115041435
0.011279178
0.011014319
0.011069783
0.010707938
0.011034421
0.010923874
0.010655351
0.010798685
0.0106371865
0.010502044
0.010461245
0.010350416
0.010507502
0.010305651
0.010440986
0.010389099
0.010576062
0.010213681
0.0104114935
0.010569126
0.009935867
0.010010097
0.009928162
0.009971969
0.009776268
0.009658526
0.009868655
0.009674307
0.009736202
0.009660553
0.00949159
0.009784967
0.009651703
0.009667157
0.009318576
0.009955231
0.009716772
0.009419164
0.00952091
0.009182843
0.009056653
0.009401229
0.009109768
0.009842842
0.010140124
0.008919019
0.011625234
0.0134114
0.011272878
0.009378767
0.010763311
0.011546694
0.010339302
0.009634676
0.010099887
0.010094003
0.009079055
0.009604708
0.01003775
0.009391446
0.008999398
0.009282411
0.00927603
0.008791239
0.009097848
0.009106028
0.008980879
0.008863009
0.0088404855
0.008838414
0.008734055
0.008801934
0.008624294
0.008627536
0.008737766
0.008436208
0.009072269
0.009151735
0.009082675
0.008818942
0.008931573
0.009071546
0.008493691
0.0085170455
0.008678265
0.008411041
0.008389811
0.008253496
0.008406506
0.008391733
0.008028424
0.00876842
0.008763221
0.008641855
0.008258657
0.008667671
0.008295885
0.008613239
0.008802338
0.00828795
0.008198254
0.008186926
0.008017576
0.008161357
0.008093654
0.00829407
0.008121982
0.008383676
0.008161993
0.008066154
0.008090415
0.007747831
0.0077178604
0.008168812
0.007952615
0.007920553
0.007821268
0.007819294
0.007664094
0.00807559
0.007996112
0.007775953
0.0076999827
0.0077881278
0.00765154
0.0077247024
0.0077000144
0.007690216
0.0075621405
0.007848478
0.007731974
0.007574568
0.0074427132
0.0077433386
0.007654885
0.007575261
0.0075975605
0.007612787
0.007513412
0.007486155
0.0074537657
0.007455041
0.0074367127
0.007679949
0.0077681798
0.0073995977
0.0077474043
0.007268399
0.0076114535
0.0072074644
0.008179191
0.008271585
0.0076096733
0.007634448
0.007725013
0.0074899555
0.0075597893
0.0073258616
0.007629398
0.007508633
