0.28852132
0.045757066
0.078984804
0.06151591
0.02554647
0.0319577
0.036209177
0.026624322
0.023048662
0.025061673
0.026199823
0.024103805
0.021195784
0.024849905
0.027500836
0.024322234
0.022169793
0.02238053
0.022186354
0.02257
0.022490494
0.021134814
0.021262167
0.02194036
0.02120247
0.02107052
0.02130647
0.021394586
0.021174451
0.020710923
0.021573672
0.021839604
0.020946031
0.02115044
0.02134117
0.021067163
0.021232953
0.021068716
0.020655185
0.020813255
0.020592688
0.021250965
0.021486552
0.02067998
0.02124974
0.021982402
0.021287197
0.020589286
0.020948084
0.02073763
0.020954615
0.020941094
0.02062477
0.020798275
0.020826856
0.020476727
0.020650301
0.020561645
0.020412687
0.020676957
0.020617323
0.02055604
0.020340113
0.020496814
0.020541502
0.020343496
0.020201167
0.020173136
0.020131437
0.020009046
0.019811897
0.019926226
0.019606896
0.019884884
0.019609679
0.019286098
0.018957136
0.018827392
0.018488912
0.018323803
0.018034177
0.017810594
0.017579416
0.017458469
0.017069466
0.017208517
0.017279096
0.0169428
0.017943265
0.01736086
0.01745689
0.017524214
0.017306378
0.017372942
0.0168703
0.016710924
0.01736884
0.01738409
0.016707765
0.01673841
0.016499756
0.01649928
0.01647226
0.016284686
0.01653196
0.016503911
0.016320132
0.016234314
0.016328147
0.016104287
0.016111
0.01611873
0.015916921
0.015771365
0.015990075
0.015927454
0.015496966
0.015385027
0.015559227
0.015288982
0.015437227
0.0153193055
0.015083686
0.014869869
0.0145139815
0.014291703
0.0143090235
0.0139688365
0.014286109
0.01415405
0.01358688
0.013314873
0.013575181
0.0133844735
0.013495729
0.013336237
0.0131128775
0.012969017
0.0128012495
0.012680899
0.012937051
0.012670922
0.012777857
0.012545124
0.01253343
0.012469378
0.012450438
0.012354318
0.012238759
0.012036829
0.012771576
0.012752168
0.011834676
0.011980829
0.011956297
0.011738959
0.01231951
0.012356448
0.011817016
0.012071003
0.011702049
0.012054715
0.012247709
0.011830774
0.011835799
0.011673958
0.01179305
0.0117777735
0.0115279285
0.011548421
0.011362776
0.011627744
0.011792037
0.011179787
0.011978216
0.012449145
0.011363071
0.0117588015
0.012432854
0.011997188
0.011201658
0.01172259
0.012034602
0.011331125
0.01106007
0.01138223
0.0111686215
0.010810929
0.010959718
0.010862801
0.011033979
0.011005536
0.010990337
0.01099665
0.010701071
0.010946415
0.010819624
0.010717812
0.0108190775
0.010678157
0.010660506
0.010699605
0.010629873
0.0104112495
0.01044451
0.010399721
0.010260991
0.010520871
0.010411083
0.010244664
0.010193757
0.0102536315
0.01011582
0.010314282
0.010191243
0.010190355
0.010057837
0.010149744
0.009931403
0.010331928
0.010306504
0.009776219
0.009827361
0.009877518
0.009757884
0.009969459
0.009989449
0.009663998
0.0097436765
0.009594836
0.009568642
0.009512383
0.009470456
0.009384862
0.0093235215
0.009255677
0.009183894
0.009132867
0.009040085
0.008905337
0.009114537
0.008702142
0.0093188
0.009121254
0.008592295
0.009260838
0.008748051
0.008617543
0.008897656
0.008827037
0.008290303
0.008604638
0.008596244
0.008112827
0.007966748
0.008420779
0.008023149
0.008444383
0.008766976
0.007610923
0.008955612
0.009383376
0.008020248
0.008583672
0.008462402
0.008135452
0.008590111
0.007834338
0.008344485
0.009331358
0.008345212
0.008234833
0.008410607
0.007484948
0.00851844
0.009042807
0.0076940437
0.008138535
0.009248433
0.008075755
0.007877995
0.008404754
0.00756168
0.007873748
0.00823097
0.007315524
0.0076480526
0.007700585
0.007235724
0.0072137825
0.007017214
0.006922679
0.006803211
0.0065458925
0.0070217536
0.0068219802
0.006925285
0.006614249
0.006662881
0.0064731673
0.006389477
0.0060926317
0.005883084
0.0065959967
0.0063042357
0.0061547495
0.0060445014
0.005960591
0.0059813946
0.0059514274
0.0058399313
0.0057446137
0.0061722808
0.005646381
0.0058620274
0.005598498
0.005826646
0.005675254
0.00575188
0.0055709467
0.005682063
0.0053832964
0.0055258437
0.005354691
0.0057837367
0.005478948
0.0055640466
0.0055610365
0.0051180753
0.005118296
0.0055252886
0.005432027
0.005096268
0.005180651
0.0051389732
0.005117085
0.0052456674
0.005211882
0.005137872
0.0052156444
0.0050203465
0.005153362
0.00491335
0.0049986797
0.004866011
0.0049363454
0.00482752
0.0048634
0.004793598
0.004796452
0.004665907
0.005000412
0.0047932616
0.0055675465
0.0060183704
0.004842749
0.0058654137
0.006169144
0.0059218784
0.005717495
0.0047168997
0.00528294
0.0049458505
0.004966638
0.005119148
0.004870475
0.0046077543
0.004920181
0.004870059
0.00462725
0.0047951383
0.0045882673
0.0048183226
0.0051163924
0.0049286587
0.0045026466
0.00528983
0.005767601
0.0051658377
0.005222834
0.004947974
0.0050079296
0.0050270264
0.0043745567
0.0050957045
0.0053107976
0.005023086
0.0047285478
0.00437785
0.004619693
0.004466865
0.0050534345
0.005056743
0.004824339
0.004695784
0.00436516
0.004599056
0.004692387
0.0048118015
0.0046489337
0.0043545803
0.0042867125
0.004382701
0.004176706
0.0048161126
0.0049129124
0.00414462
0.004453283
0.004434528
0.004415003
0.004428029
0.0042341435
0.004441136
0.0043185093
0.0040239193
0.0045107934
0.004507682
0.0041097254
0.004228281
0.004004124
0.004661069
0.004445809
0.004767766
0.0043081455
0.0049389056
0.0051670265
0.0041952156
0.0043562553
0.004292918
0.004259167
0.0042671994
0.004188062
0.0042645005
0.0042492873
0.004032727
0.0039530974
0.0041331626
0.003949629
0.004146181
0.00396742
0.0042091724
0.0039696135
0.00414634
0.0039368756
0.0042451234
0.004055148
0.0041799336
0.0039584017
0.0042252257
0.0039750994
0.0041757673
0.0040281652
0.0040481817
0.0038199683
0.004368851
0.0041627917
0.0038849104
0.0037890326
0.0043016523
0.004231544
0.0038379375
0.0038817015
0.0039689867
0.0038806032
0.0040691914
0.0040265503
0.0038948085
0.0039076987
0.003847622
0.003821252
0.0038567437
0.0038262329
0.003927945
0.0038779725
0.0038386316
0.0038055973
0.0038514722
0.0037650296
0.0039127246
0.0038356867
0.0038063552
0.003740431
0.0038255577
0.0036627755
0.004118252
0.0040979204
0.0035804834
0.0035529144
0.0040009
0.003821971
0.00381287
0.0038746921
0.003594224
0.003583256
0.0038424598
0.0036292616
0.0039834147
0.0040323567
0.0035096377
0.003515331
0.0036794562
0.0035490207
0.003829398
0.0037072536
0.0037182223
0.0037172788
0.0036487116
0.0035916853
0.003743384
0.0036268446
0.003700193
0.003599319
0.0036931273
0.003540023
0.0036612786
0.0035678744
0.0035678502
0.0035039794
0.003646367
0.0036771828
0.003481675
0.0035969752
0.0034473334
0.0035566408
0.0034107417
0.0036992982
0.0036618158
0.0036276001
0.0038154803
0.0035269281
0.0036821913
0.0035805053
0.0035419613
0.003520495
0.003708902
0.0035820156
0.0039287293
0.0037648343
0.0038288943
0.003932635
0.0034091938
0.0037381456
0.0037152295
0.0032624844
0.0037729414
0.0034370304
0.0037494067
0.003907136
0.0032786522
0.0034090963
0.0033683304
0.0032575235
0.003571713
0.0034376315
0.003596644
0.0035340877
0.0034412134
0.0033936917
0.0034361985
0.0034692802
0.0033775987
0.0033988308
0.0033338002
0.0033416636
0.0033345062
0.00334391
0.0032787416
0.00335523
0.003126405
0.0035560296
0.0033082708
0.0036342337
0.0037191585
