0.2893281
0.079120584
0.05718668
0.030550236
0.0341088
0.030516142
0.022555834
0.029211015
0.02814432
0.022315755
0.02735602
0.031007508
0.027273824
0.022692015
0.024087682
0.026802605
0.025831023
0.022914162
0.021999702
0.022895321
0.022409672
0.0214595
0.023094764
0.023345755
0.023746802
0.022528106
0.021311441
0.021278867
0.022171685
0.021745056
0.021267712
0.020808002
0.02142222
0.021476595
0.020797405
0.02061119
0.020598514
0.020617003
0.02083532
0.020407846
0.02089486
0.021023234
0.02041851
0.020516552
0.020337582
0.020524412
0.02040883
0.020112714
0.01998658
0.020228164
0.020047901
0.019935789
0.019910092
0.019645961
0.019527286
0.019707648
0.019488
0.019438922
0.019285785
0.018880418
0.018671578
0.018792583
0.018497119
0.018559122
0.018531382
0.01821073
0.018491914
0.018464344
0.01806075
0.01824324
0.018077955
0.018019984
0.018080093
0.017710464
0.018114865
0.018274557
0.017661178
0.017905066
0.01827114
0.017550254
0.017565543
0.017775973
0.017366068
0.017617151
0.017902806
0.017493784
0.017238818
0.017297244
0.017129019
0.0171248
0.01710788
0.017021816
0.017028382
0.01697656
0.016905554
0.016911527
0.016815841
0.016730962
0.016800296
0.01695229
0.016695628
0.016646912
0.016674073
0.016620787
0.016486729
0.016584354
0.016499657
0.016345255
0.016555151
0.01659136
0.016444083
0.016795432
0.016597377
0.01681219
0.017135413
0.016423414
0.018435424
0.020035146
0.018057479
0.016301952
0.016558064
0.01634326
0.01646589
0.016346183
0.016429113
0.016223624
0.016464267
0.01608561
0.016198548
0.016304681
0.015919613
0.015894985
0.016063727
0.015938187
0.01564777
0.015605111
0.015621486
0.015421181
0.015855791
0.015489671
0.015984992
0.015777716
0.015238583
0.015106308
0.01608289
0.016298996
0.015211932
0.015966982
0.016350003
0.016114077
0.015753886
0.014995811
0.016197853
0.017035875
0.01575985
0.015360594
0.015394542
0.014828135
0.015232787
0.015011405
0.014724909
0.014560711
0.014415373
0.014324058
0.014745676
0.014823805
0.014272615
0.014245669
0.014464269
0.013935853
0.014299731
0.014332942
0.0139339
0.013898832
0.014077331
0.013828017
0.014362004
0.014429855
0.013490033
0.014301571
0.014443527
0.013918827
0.013629067
0.013794993
0.013716564
0.013221622
0.013276686
0.013506924
0.013163437
0.013401513
0.013665664
0.013902736
0.013368587
0.013031562
0.013144025
0.012990621
0.012728832
0.013006474
0.012951094
0.012867571
0.012561736
0.012431279
0.012274261
0.012609529
0.012176249
0.012748204
0.012439914
0.012104626
0.012249465
0.012008247
0.011658713
0.012078186
0.012000513
0.01197115
0.011944468
0.011910592
0.011530575
0.011973746
0.011843967
0.011868189
0.012091448
0.011560631
0.0115845455
0.011319063
0.011245885
0.011263316
0.011119851
0.010987908
0.011232392
0.011048389
0.011048703
0.010797794
0.010967903
0.010798562
0.011006683
0.010652952
0.010882571
0.0110329315
0.010626994
0.011439613
0.011194448
0.011068057
0.011199874
0.010532439
0.010845399
0.011357896
0.01068496
0.010796209
0.011095203
0.010699528
0.010804887
0.0102352435
0.010287467
0.0107053
0.010076932
0.01058804
0.01054205
0.010906659
0.011142527
0.010323793
0.010278835
0.010762275
0.010681671
0.010001776
0.010590531
0.0103869615
0.010503133
0.010521372
0.009664327
0.010515332
0.011141047
0.010854211
0.010493748
0.009986124
0.009792604
0.010005233
0.00971027
0.009607389
0.009436036
0.009806252
0.009498774
0.009861511
0.0097172195
0.010081832
0.009794698
0.009982244
0.009384517
0.009673182
0.009696342
0.009575612
0.009476543
0.010114288
0.010022388
0.009975202
0.010000671
0.0096926885
0.009453543
0.00946945
0.009109598
0.009076034
0.009175946
0.009091478
0.009039627
0.009188404
0.008929218
0.009324704
0.009307447
0.008950371
0.009365654
0.008889049
0.009055987
0.009178837
0.008695739
0.009144503
0.008726825
0.00900827
0.009045416
0.008892308
0.008729972
0.009166671
0.009113208
0.0086930515
0.0090517
0.0086380495
0.008768157
0.0088300295
0.008626858
0.008514953
0.008843011
0.0086087035
0.008326805
0.009306422
0.008498624
0.008628046
0.008791358
0.0085627185
0.008420861
0.008370599
0.008477061
0.008237045
0.008477378
0.008334768
0.008344225
0.008193105
0.008792217
0.008522164
0.008281748
0.0082737
0.008481029
0.008281794
0.008624445
0.008478325
0.008687007
0.008678109
0.008309866
0.008203718
0.008071467
0.008020167
0.00812455
0.007950423
0.008291594
0.008338916
0.008145294
0.008171746
0.00844561
0.00841158
0.0083022835
0.008327621
0.008074011
0.00810603
0.0084439125
0.008202066
0.007888829
0.007826495
0.008052094
0.007927881
0.007904798
0.007977139
0.008129023
0.007966694
0.00784699
0.0076593994
0.008114812
0.008113998
0.0076726764
0.007782629
0.0077670948
0.0076641045
0.007980177
0.007698824
0.007873486
0.0077660023
0.008102196
0.007954909
0.0077058296
0.0077374834
0.00816728
0.0076413825
0.007874264
0.0076618833
0.008218535
0.008545442
0.0076550855
0.008096433
0.008307765
0.007917985
0.0075825476
0.007868576
0.007866118
0.0077438876
0.0078471145
0.0078774085
0.0074897627
0.008484478
0.008254555
0.008100621
0.007922578
0.00798063
0.007614652
0.008146433
0.008235457
0.007934738
0.008002912
0.007732373
0.0075261234
0.008196519
0.008082655
0.0080535
0.008016367
0.008149021
0.008147032
0.007974158
0.007903544
0.0076479553
0.007592611
0.007511879
0.007321481
0.007875838
0.0077570085
0.0075230286
0.0073860697
0.007636024
0.007386081
0.007757558
0.007959929
0.0074071945
0.007920186
0.008067703
0.007639865
0.007549063
0.007543287
0.007444311
0.0073974566
0.0074366718
0.00780298
0.007533143
0.007541059
0.0076391976
0.007454321
0.007717742
0.0077454164
0.0076168333
0.0073953713
0.0075585335
0.0075714965
0.0073527396
0.0072960295
0.007199722
0.007195583
0.0073502637
0.0073551075
0.0072492547
0.0071606464
0.007307816
0.007226698
0.007220363
0.00714347
0.0071598464
0.0073092957
0.00719435
0.0078563215
0.007399456
0.00718647
0.007581689
0.007538875
0.007749138
0.0074772104
0.007423391
0.0074693947
0.007955551
0.007926854
0.0076895426
0.007527104
0.007521587
0.0073222
0.0074308407
0.007376647
0.007440392
0.007240663
0.007452833
0.0075053996
0.007211478
0.007348469
0.0071294713
0.007298123
