0.2889298
0.07870531
0.071346775
0.035435032
0.029387519
0.028267084
0.02200213
0.024792546
0.022167081
0.026886364
0.028399572
0.023465335
0.02443648
0.024652824
0.022702606
0.024142345
0.023938866
0.021202179
0.023475641
0.026091745
0.024101077
0.021002049
0.023164123
0.024711415
0.02318938
0.022339001
0.02226966
0.02222301
0.020787807
0.021361068
0.022390192
0.022181092
0.020775696
0.021098683
0.021359712
0.02115426
0.020729862
0.02096317
0.021139354
0.020462776
0.020161627
0.020613188
0.020632712
0.020182502
0.01996251
0.02037148
0.020050796
0.020257747
0.02026225
0.01988322
0.019690173
0.019730145
0.019683687
0.019652406
0.01943619
0.019571556
0.01947551
0.019106515
0.019021891
0.019114977
0.018839613
0.019219376
0.01915271
0.01848781
0.018458664
0.018311484
0.018045114
0.017904786
0.01784566
0.017291494
0.017375225
0.016769066
0.016875332
0.016074846
0.017152125
0.015494034
0.016442485
0.01651275
0.0152847385
0.015453201
0.0156109035
0.014558735
0.014886271
0.014516346
0.013916998
0.013970717
0.013536467
0.013413128
0.013202439
0.013118543
0.012942529
0.012376294
0.012255162
0.012125402
0.011909817
0.011775059
0.011587262
0.0114926025
0.011302327
0.011127626
0.011090077
0.010790271
0.011408016
0.011311109
0.010868977
0.010887465
0.010742356
0.0104416115
0.010285989
0.010243326
0.01018124
0.0100328075
0.009773117
0.009808428
0.0095210485
0.009890494
0.009853863
0.009283838
0.00915919
0.009232734
0.009223047
0.008774139
0.009430465
0.00878875
0.01095212
0.011239429
0.009518002
0.0096066035
0.009728924
0.009707955
0.009476536
0.008555687
0.009179559
0.009362162
0.0087607615
0.008228276
0.008511521
0.0085392585
0.008011199
0.008132264
0.007924997
0.007825173
0.00776788
0.007583804
0.007838863
0.0076116608
0.007597881
0.007422466
0.007633269
0.00747942
0.0074199135
0.007430131
0.0072033443
0.0071409494
0.007124891
0.007101917
0.0073461053
0.0071463026
0.007005293
0.0075784065
0.0074927695
0.007008636
0.006826863
0.0074130804
0.0069982274
0.0073091057
0.0074211615
0.006637735
0.007172104
0.007101675
0.006696603
0.00689731
0.0068853293
0.006496109
0.0068166316
0.006541088
0.006885638
0.0068490445
0.0064613265
0.006666982
0.0066496334
0.00627088
0.0064432365
0.0062313243
0.006445994
0.006213097
0.0064492584
0.006132225
0.0066787167
0.0065077804
0.006256331
0.0064474395
0.006111305
0.0062281475
0.0060770027
0.00599681
0.0059921504
0.0058310316
0.0058453716
0.005907846
0.0057942607
0.006036987
0.005994177
0.005651886
0.006384591
0.006132727
0.006395724
0.0063771866
0.006160987
0.00594891
0.005994544
0.005962521
0.0055942503
0.0056030806
0.0055115833
0.0058300565
0.0054521505
0.0065888376
0.00679337
0.005541449
0.0060999207
0.0062152105
0.0056587886
0.0057887156
0.005768595
0.0053179977
0.005402319
0.005211992
0.0058744815
0.0060581933
0.0053466414
0.00579622
0.0059043467
0.0057265186
0.0054909573
0.005326168
0.0055859364
0.0052291066
0.005349928
0.00556084
0.0051673735
0.005531064
0.00525084
0.005354456
0.0052566514
0.0050312127
0.005464958
0.0051689874
0.00536076
0.0053961813
0.005013627
0.004980155
0.0050430973
0.005002311
0.0047410843
0.006454674
0.00682181
0.0052676965
0.005823339
0.0063510835
0.005625701
0.004996627
0.006119795
0.006310211
0.004812322
0.0065528285
0.007910967
0.006839313
0.005462207
0.0062765405
0.007436056
0.006902598
0.005674992
0.0054870546
0.00616464
0.0056581963
0.0050603636
0.005581235
0.005113725
0.0052593932
0.0058905743
0.0052483217
0.004994795
0.0052279127
0.005316319
0.0046712067
0.0054642283
0.006112153
0.005148348
0.0050380263
0.005490979
0.005069692
0.005030721
0.004819585
0.005214944
0.0049035395
0.004660679
0.004606875
0.0047014984
0.0045319423
0.0047948044
0.0048133056
0.004650341
0.0045835655
0.0047455546
0.0045291875
0.0046413383
0.004654041
0.0044849515
0.004408529
0.0045900727
0.004453104
0.0045980867
0.0043989425
0.004736202
0.0045916154
0.0043893205
0.0043402226
0.0044872486
0.0043838588
0.004483862
0.004440624
0.004280364
0.004240393
0.0043058367
0.004180923
0.0044115228
0.004259354
0.00424538
0.004189495
0.004221711
0.004134619
0.00424051
0.0041538193
0.004198157
0.004119349
0.0041407975
0.0040508243
0.004148943
0.0040462506
0.00410589
0.004045952
0.004041934
0.0039656633
0.0040795305
0.004004058
0.003992759
0.003940447
0.0039719404
0.0039027818
0.003972274
0.0038946122
0.0039349087
0.0038852962
0.0038808307
0.0038216803
0.0039122533
0.003861727
0.00379989
0.0037556551
0.0038803648
0.003825767
0.003763166
0.0037221983
0.003833098
0.0037684
0.0037397034
0.0036915718
0.0037759922
0.0037370662
0.0036773907
0.0036203517
0.003779764
0.003722759
0.0036227284
0.0035714463
0.003770287
0.0037187308
0.0035593584
0.0035145404
0.0037559618
0.0036983944
0.0035152838
0.0034797185
0.0037504202
0.0037072946
0.0034569863
0.0036327802
0.003714662
0.0034398194
0.0036664202
0.003566806
0.003491368
0.0033898645
0.003922043
0.0039832764
0.0034288159
0.004399314
0.0044592344
0.0039563146
0.0037582833
0.0039000318
0.0037010005
0.003752616
0.0035577763
0.003608222
0.003504266
0.0035333186
0.0033983467
0.0036678913
0.0036474643
0.0036307704
0.0036616868
0.0035679638
0.0035420218
0.0034671135
0.003626746
0.0035790738
0.0032988172
0.0038296438
0.00386478
0.0035448538
0.0035059787
0.0036077464
0.0034548594
0.00340272
0.0035791441
0.00333501
0.0036723493
0.0034023805
0.0037515238
0.0034704416
0.0035649359
0.0034596475
0.0035883617
0.0033289257
0.0034982748
0.0032790538
0.003343365
0.0033390836
0.003272291
0.0036776515
0.0035589181
0.0036227051
0.003647735
0.0033774467
0.0035305861
0.0034099587
0.0032804573
0.0035373187
0.0033002496
0.003532788
0.0034292263
0.0032578465
0.0032639795
0.003226518
0.003111127
0.0033231748
0.003115341
0.0035202366
0.0035481427
0.0030985735
0.0035046246
0.0032092326
0.0034066157
0.0032030244
0.003652645
0.0035676558
0.0032911692
0.003393919
0.0032057005
0.0033670973
0.0031270431
0.0033447572
