0.2877554
0.04538415
0.07410423
0.05448984
0.023774877
0.03330614
0.03880449
0.029536655
0.021894822
0.026561402
0.031148544
0.027985135
0.024164146
0.022178968
0.022204245
0.023797147
0.022918954
0.02099345
0.021510802
0.0221318
0.022076974
0.021356419
0.020281533
0.021959243
0.023257753
0.022678455
0.022164783
0.02150865
0.020079188
0.02093566
0.022128567
0.021619277
0.021278037
0.0214508
0.020451566
0.019665299
0.019775087
0.019805403
0.01977411
0.019657599
0.019301103
0.019747816
0.019737503
0.019515546
0.019523688
0.019047948
0.019366927
0.019242572
0.018892003
0.018912777
0.018742533
0.018496245
0.018399592
0.018274495
0.018399268
0.01829095
0.018197427
0.017972447
0.017902775
0.017738411
0.017849868
0.017849965
0.017469749
0.017297493
0.017389558
0.017113436
0.017346999
0.017362492
0.016708672
0.01701486
0.016776001
0.01638571
0.016463587
0.01602506
0.016217845
0.015938014
0.01571455
0.015583913
0.015461055
0.015324563
0.015376362
0.015062009
0.01519467
0.0149479015
0.014929754
0.0149041
0.014576933
0.01443937
0.014516779
0.0143361725
0.014425541
0.014298804
0.014208426
0.014234055
0.014071822
0.014341398
0.014143657
0.014059931
0.014010206
0.014084588
0.0139672905
0.014108144
0.01401528
0.013942176
0.013915318
0.013707481
0.01364886
0.013738871
0.013533309
0.014087449
0.014281119
0.013453387
0.014697376
0.016075894
0.015140757
0.013652091
0.0142564
0.015510701
0.0151005285
0.0136455735
0.013660268
0.014414932
0.013973688
0.013193108
0.014009756
0.014794882
0.014201681
0.013232965
0.013950783
0.014914143
0.01460963
0.01364817
0.013111874
0.013215213
0.0130507955
0.013001662
0.0132544665
0.012963179
0.0127394125
0.012978499
0.012821227
0.012726165
0.012689891
0.012854678
0.012433524
0.012506456
0.012523614
0.012278967
0.012042853
0.01248094
0.012326793
0.011976394
0.011983752
0.0118705565
0.011628202
0.012159745
0.011779393
0.012020513
0.0121932
0.011328429
0.011447611
0.011370574
0.0111810705
0.011500239
0.01129805
0.011912465
0.011623633
0.0109231025
0.010816063
0.011257787
0.010977585
0.011234976
0.011116204
0.010799692
0.010706893
0.010877453
0.010831217
0.010877606
0.010866228
0.010317895
0.010259778
0.01074447
0.01055872
0.010859791
0.010623121
0.010396994
0.01037605
0.010281532
0.010109119
0.0106140375
0.01058961
0.009938714
0.009910598
0.01034864
0.010066212
0.010231902
0.0104253525
0.010008973
0.009901336
0.009940032
0.009613433
0.010212778
0.010194395
0.009681032
0.009741354
0.009730099
0.009407516
0.009600762
0.00956701
0.009466006
0.009408905
0.009469722
0.009135673
0.009682622
0.009534528
0.009438363
0.00948068
0.009301077
0.009137223
0.009211048
0.009049108
0.008947723
0.008868732
0.0091973385
0.008974545
0.008905887
0.008811224
0.008843765
0.008759287
0.008735296
0.008641352
0.008773241
0.008604593
0.008710589
0.008626891
0.008472357
0.008368138
0.008705225
0.00868231
0.00834372
0.008318484
0.008499066
0.008349255
0.008417803
0.0084067015
0.008147447
0.008078498
0.008422175
0.00833007
0.008120823
0.008127893
0.008117225
0.007999263
0.008230943
0.008170812
0.00791442
0.007894027
0.00799167
0.007880737
0.008057035
0.008140843
0.007710478
0.0076803104
0.007943447
0.007769712
0.007984456
0.008098241
0.0076086014
0.008121495
0.0077331834
0.00797722
0.008012301
0.007433227
0.007586853
0.0074752625
0.007348615
0.0074657253
0.007249079
0.0076111606
0.007420881
0.007248815
0.0071738367
0.0072511197
0.0069400533
0.0075169145
0.0074436367
0.006766641
0.0069364808
0.0067010955
0.0071270056
0.007290713
0.0068832017
0.006625524
0.00678513
0.006865405
0.006382829
0.006458506
0.006416416
0.0060725585
0.0063497867
0.0065895356
0.006176878
0.0059727095
0.0066827727
0.0062470515
0.0063280165
0.006211862
0.0060999393
0.006134322
0.005734406
0.006279635
0.0056755915
0.0073705614
0.008161438
0.0065145926
0.006802302
0.007631575
0.006708873
0.006584966
0.0070947506
0.0066753514
0.006102337
0.0059723738
0.005884486
0.005999921
0.0053508542
0.006179514
0.0064759753
0.0051259445
0.0062451237
0.0065634795
0.0054398905
0.0057438
0.0062035117
0.0059572496
0.00503857
0.005603908
0.0057553262
0.0053301305
0.0050288136
0.0054474585
0.005540027
0.0052156076
0.00497136
0.005066091
0.0052538267
0.004763222
0.005105222
0.004911797
0.0053551854
0.005049952
0.0054725525
0.005717525
0.004364686
0.005956238
0.0062650577
0.0051779407
0.0054068803
0.005066705
0.0048390995
0.0047396845
0.004273312
0.0049187248
0.0049977903
0.0049944143
0.004493353
0.0048273685
0.0049432367
0.004594726
0.004506931
0.0041581644
0.004142228
0.004294438
0.0040959488
0.004685277
0.0044706906
0.0041873152
0.004230688
0.0041274936
0.003965378
0.0041190274
0.0039879475
0.0042853937
0.0041199233
0.0042932634
0.004137119
0.003977286
0.0038281132
0.0041091456
0.00392188
0.004130067
0.0041063908
0.0039058244
0.0038735166
0.0038912112
0.003676798
0.0040843044
0.0040346873
0.0037908684
0.003782219
0.003851379
0.0038540445
0.003678092
0.0037936727
0.0035015952
0.0038234864
0.0034100593
0.0037779429
0.003620439
0.0036825994
0.0037014289
0.0036162299
0.003531282
0.0037812572
0.0034855108
0.0040204036
0.0039905445
0.003529612
0.0036629988
0.0034820454
0.0036152864
0.0034800868
0.0036451116
0.0035648674
0.0033627702
0.003319715
0.0033682864
0.0033343185
0.0032523226
0.0033544172
0.0032250453
0.0030874386
0.003552354
0.003221485
0.0038453464
0.0036145716
0.0036560774
0.0033901075
0.0036836471
0.0036433314
0.0031997438
0.0033536062
0.003222036
0.0030347847
0.0030944187
0.0030068439
0.0030560668
0.0028430272
0.003371008
0.0032690756
0.0031806498
0.003140278
0.0030669356
0.0030046974
0.0028585792
0.0032861158
0.0033305108
0.0031761657
0.0029032503
0.0034042215
0.0032082375
0.0032194732
0.0030864049
0.003260291
0.0031425375
0.0028429998
0.0029116485
0.0029514458
0.0027038616
0.0037512828
0.0039240383
0.0030276563
0.0034232296
0.0032884667
0.003366774
0.0033008296
0.002774614
0.0027665014
0.0030853953
0.0028852292
0.0030198414
0.0029321238
0.003024718
0.0030932955
0.0026291125
0.0028410663
0.0027800994
0.0026437873
0.002731092
0.002805626
0.0025578148
0.002817342
0.002673994
0.0029292535
0.0028179858
0.00274466
0.0029370065
0.002647344
0.0028068572
0.0026401319
0.0028057222
0.0028117637
0.002730097
0.0029711816
0.0024984672
0.0028516466
0.0030250244
0.0026795473
0.0028970223
0.0027261768
0.0024724265
0.0031207409
0.002836141
0.0030795496
0.00319218
0.0031264175
0.002599381
0.0030953574
0.0034098125
0.0029210567
0.0026773624
0.0033903278
0.0031831376
0.0027073678
0.0025506818
0.0029709525
0.0025318034
0.0035265787
0.004018875
0.002655648
0.004053473
0.004768567
0.0029462904
0.0037200144
0.003965651
0.0027329484
0.0037599572
0.003945953
0.0027387384
0.003247957
0.003272713
0.002476847
0.003138194
0.0031297281
0.0023822475
0.0031317405
0.0034011279
0.0028981967
0.0026833592
0.0025606134
0.0029565503
0.0026533923
0.0024931545
0.0026037712
0.0025376177
0.0024213516
0.0025768597
0.0026452031
0.0022688312
0.0025881005
0.0024148372
0.0026898289
0.0023785585
0.0029769838
0.0028419949
0.0023114656
0.0025493149
0.0022358997
0.0023676625
0.002231965
0.0026542104
0.0025871403
0.0022728813
0.0023396527
0.002207348
0.0023691065
0.0020897249
