0.28898087
0.066337645
0.06780907
0.040890064
0.025634473
0.027915439
0.023809848
0.026539117
0.02641602
0.022506306
0.024714956
0.025770321
0.023230514
0.022447772
0.023070237
0.022729332
0.02171669
0.02227889
0.022536611
0.021327898
0.022240495
0.023346605
0.021929966
0.020926407
0.021963319
0.021501059
0.021166181
0.021065718
0.02111691
0.020893564
0.020664947
0.020694593
0.020938898
0.020472111
0.021582725
0.02188369
0.0210652
0.020824717
0.021054707
0.021201557
0.020413639
0.020893505
0.020890018
0.020996517
0.020483287
0.021047467
0.02125003
0.02077869
0.020532718
0.02076955
0.020737035
0.02057115
0.020449331
0.02063863
0.020666188
0.0202081
0.02040474
0.02032277
0.020305747
0.020279879
0.02029518
0.020086572
0.020105453
0.02015054
0.02001901
0.02054013
0.02051708
0.020274805
0.020180449
0.0200529
0.02007503
0.019887319
0.019998994
0.019894978
0.0198203
0.019968295
0.019787064
0.019921698
0.019766552
0.020114772
0.019771812
0.019678893
0.01959906
0.01957377
0.019376462
0.019412063
0.019266808
0.018965116
0.018746851
0.018791312
0.018672552
0.018664584
0.018377734
0.018282041
0.018252267
0.017815227
0.017621895
0.017574808
0.017423082
0.016859792
0.016759517
0.016288327
0.016934043
0.016952323
0.015918707
0.016354056
0.017407259
0.016720235
0.015602651
0.016638266
0.016948083
0.016476111
0.015784651
0.015408429
0.01547758
0.015083279
0.014856562
0.014736506
0.0140325865
0.014966602
0.015114945
0.014319566
0.013946843
0.013881825
0.014165546
0.013716509
0.013619632
0.013612491
0.012736686
0.013123865
0.012761701
0.012557115
0.012483588
0.012457815
0.012004927
0.012098278
0.011833056
0.012458985
0.012143157
0.011494011
0.012239913
0.012558408
0.011455025
0.011677857
0.012473228
0.0112743005
0.012109895
0.013056752
0.012411234
0.011291091
0.011799417
0.012320697
0.011726111
0.011470494
0.01076376
0.011987922
0.012296866
0.011503152
0.011132722
0.010267154
0.010400269
0.010467466
0.010174965
0.01021878
0.010481295
0.010269925
0.00997343
0.0101680495
0.010178986
0.009857208
0.009829429
0.009915251
0.009980704
0.009719331
0.00989398
0.0098646125
0.009952665
0.01011515
0.009585029
0.01041006
0.0105894655
0.010398092
0.010270596
0.009913591
0.009776506
0.009374715
0.009327857
0.009441699
0.009531972
0.009204521
0.009244955
0.009317887
0.009136822
0.009528345
0.009426384
0.009149394
0.00945884
0.009466192
0.009435025
0.009020885
0.009960922
0.010002195
0.009497897
0.009251158
0.008984767
0.008897417
0.009121136
0.008790292
0.008992958
0.009187501
0.008717407
0.009605235
0.009950125
0.008993161
0.009219408
0.009912007
0.009467832
0.008552922
0.009411016
0.009023471
0.009223073
0.009571412
0.008985068
0.008816413
0.0087976875
0.008721246
0.008432799
0.008448231
0.008457043
0.008411224
0.008445858
0.008301679
0.00864178
0.008608821
0.00825194
0.008763493
0.008626692
0.009014848
0.008858562
0.008427455
0.008225123
0.009065524
0.008975008
0.0084422035
0.008438612
0.00818942
0.008101567
0.008084668
0.008322415
0.008137339
0.008630409
0.008435703
0.008593426
0.008676458
0.0079935575
0.00795707
0.008200544
0.008016971
0.008378391
0.008018489
0.0085897315
0.008521008
0.008154982
0.008058365
0.008095347
0.007845188
0.008339076
0.008163467
0.008098162
0.008003282
0.007961062
0.007939487
0.008118099
0.008136127
0.0077681146
0.00777746
0.007944416
0.007795123
0.008007516
0.007933038
0.0077450145
0.0077235773
0.007821578
0.0077257007
0.007813623
0.0077802613
0.0076641166
0.0075973063
0.007827542
0.0077331536
0.0076317242
0.007572316
0.00774556
0.007651186
0.007627648
0.0076048984
0.007599946
0.007532935
0.0075924746
0.007543555
0.007548969
0.0074485005
0.0076660216
0.0075980187
0.0074354545
0.00743122
0.007511532
0.007432336
0.007418753
0.0072895437
0.0076274057
0.0074678026
0.0074230065
0.0073737702
0.007392554
0.0073822434
0.007345941
0.007299473
0.007261846
0.007193362
0.0073408075
0.00721162
0.007364426
0.0072787106
0.0071699857
0.0071848496
0.007332319
0.007360874
0.007450392
0.007334769
0.0070348866
0.0074675884
0.007605799
0.0071727894
0.007191783
0.007469548
0.006984055
0.007127693
0.0071315435
0.007373812
0.007221024
0.0069183595
0.0070070806
0.0067650843
0.006948836
0.0066854744
0.0068726074
0.0065281927
0.0068180016
0.0066280016
0.0066523473
0.0065344037
0.0064854473
0.006318619
0.006469996
0.0062523913
0.006530119
0.006546944
0.0060967654
0.0061378055
0.0062120273
0.0061093047
0.0061431327
0.0060503767
0.005958952
0.005923776
0.0057900823
0.00586018
0.0058315285
0.00582861
0.005549028
0.0058487915
0.0057078437
0.0057394747
0.00561166
0.0054456326
0.006046731
0.005930487
0.0058571748
0.0056347265
0.0057120607
0.0056286105
0.0055784876
0.0055455803
0.00533532
0.0054370128
0.0054125725
0.0052293777
0.0054561985
0.005312362
0.005246309
0.005166291
0.0052407994
0.0052101784
0.0051680775
0.005011305
0.005597467
0.0053594536
0.0050942563
0.005296393
0.0049050287
0.006178102
0.005791562
0.0058935187
0.005636493
0.0057265623
0.0054922937
0.0050855284
0.00542481
0.005063748
0.004986682
0.0050547565
0.004847135
0.0047853906
0.00485549
0.0048288857
0.004683154
0.0050164782
0.0046976656
0.0051957406
0.005039639
0.005225165
0.005461447
0.004578926
0.0054681352
