0.2868465
0.08944384
0.056887727
0.029838769
0.031049617
0.028646067
0.022913821
0.02640909
0.026928978
0.021638026
0.025850555
0.029307388
0.025344653
0.023468578
0.021870533
0.022603953
0.023601783
0.021805221
0.020278605
0.022046888
0.022279138
0.020487146
0.020453677
0.020340765
0.020516204
0.019665094
0.020480769
0.020950198
0.020552954
0.019644683
0.02026732
0.020948926
0.020380532
0.019739708
0.019434886
0.020241411
0.01981924
0.01962135
0.01939763
0.019498572
0.01948689
0.01889676
0.020122608
0.02039011
0.019052854
0.019901918
0.020349694
0.019335777
0.019444454
0.019601217
0.018790722
0.019081807
0.019450324
0.018348193
0.018877571
0.019512823
0.018539323
0.018083887
0.018407209
0.017919777
0.018093864
0.018095171
0.017608708
0.017703513
0.017584786
0.017248474
0.0171147
0.016864562
0.016800752
0.016376557
0.016961021
0.017252581
0.016135074
0.016614193
0.016728701
0.016086217
0.016192554
0.016690616
0.015919456
0.015782585
0.016365234
0.015550769
0.015631676
0.016155848
0.015553522
0.0153690055
0.016020313
0.015956061
0.015566106
0.015057903
0.016871508
0.017069822
0.015276852
0.016896958
0.0176899
0.015920963
0.016624581
0.01718053
0.01568549
0.015472703
0.016291864
0.015330655
0.015651278
0.016090564
0.015198796
0.015983224
0.01658251
0.01514066
0.015561166
0.016395783
0.015481631
0.015075044
0.0153744975
0.015019159
0.015239138
0.015219918
0.014701503
0.015401061
0.015455335
0.014683627
0.015374367
0.015334472
0.014608773
0.014789753
0.014594831
0.014708039
0.014437009
0.015066321
0.015108208
0.014313656
0.015927672
0.017026898
0.015742226
0.014540617
0.015044372
0.015475822
0.014951815
0.014706242
0.014635049
0.014499005
0.014797154
0.01459121
0.014294401
0.014569655
0.014463734
0.01413323
0.014216647
0.014033741
0.014372806
0.014537306
0.014322527
0.01424354
0.014147092
0.0142608555
0.014288037
0.014218941
0.013817627
0.014632638
0.01447565
0.014175934
0.014143907
0.013846024
0.013730876
0.014431164
0.01441202
0.013746596
0.013656966
0.01403975
0.013856556
0.014162217
0.014135434
0.013650452
0.013665825
0.01379592
0.013661221
0.013699035
0.013671458
0.013790987
0.013605551
0.014017408
0.014077832
0.013445926
0.013583179
0.013574778
0.013410691
0.013633673
0.013618176
0.013530956
0.013399991
0.013654652
0.013540424
0.0134839015
0.013418247
0.013326398
0.013301849
0.01350315
0.013370962
0.013338613
0.013323023
0.01322446
0.013145685
0.01347524
0.013404806
0.013084844
0.0130511625
0.01338791
0.013287871
0.013072244
0.013033065
0.013214655
0.01313274
0.013077841
0.013034158
0.013072428
0.013006336
0.013076964
0.013023767
0.012960643
0.012889445
0.013123526
0.013091452
0.012821523
0.012786277
0.013094815
0.013027267
0.01276309
0.012707036
0.013119972
0.013044015
0.012671788
0.012637581
0.0130617125
0.013004544
0.012589361
0.012556774
0.012963179
0.012865994
0.012569875
0.0125099
0.012828663
0.012709835
0.012508751
0.012492453
0.012556466
0.012468223
0.012476013
0.01241051
0.012482409
0.012339052
0.0124697285
0.012426183
0.012252338
0.012220528
0.012349583
0.012271982
0.01216767
0.012094557
0.012244049
0.012092073
0.012196493
0.012167548
0.0119577795
0.011929882
0.012084809
0.01205314
0.011827216
0.011766237
0.012161225
0.0121156825
0.011670326
0.01173539
0.012415819
0.012033095
0.012107163
0.012083982
0.012087464
0.012058519
0.011799142
0.012236466
0.011697791
0.0118331695
0.011823367
0.011664598
0.011874882
0.011540952
0.011774237
0.011650428
0.011670403
0.011923772
0.011683528
0.011479814
0.011885227
0.011894443
0.0113945715
0.011993311
0.012450055
0.011873763
0.011620455
0.011687383
0.011705873
0.011481161
0.011578002
0.011450112
0.011357908
0.01128671
0.011369717
0.011337221
0.011379073
0.011200991
0.01128718
0.011298048
0.011120338
0.011172245
0.011042646
0.011084504
0.010906472
0.010952085
0.010850896
0.010866725
0.010769606
0.010960002
0.010978782
0.010694496
0.010717665
0.010736336
0.010430392
0.010852813
0.010823871
0.010207796
0.010804571
0.010704748
0.010442653
0.010219128
0.010737198
0.010005562
0.010539384
0.010193823
0.010496917
0.010223127
0.010620673
0.011071068
0.00961484
0.013182398
0.01612472
0.013451762
0.0099137025
0.013344385
0.01632752
0.015613519
0.013933579
0.012332977
0.012204315
0.012601308
0.011829764
0.010815404
0.011047925
0.010727212
0.010252935
0.010339403
0.010266301
0.009804702
0.009939797
0.010011435
0.009726244
0.009626106
0.009664297
0.009552124
0.009335688
0.00929531
0.009149651
0.009092555
0.009023271
0.0088634165
0.008756097
0.008795933
0.008517069
0.008820838
0.008574498
0.008515656
0.008543574
0.008349507
0.008178172
0.008717489
0.008557502
0.008702632
0.008478733
0.008674741
0.008444131
0.009025574
0.008573235
0.008635609
0.008961155
0.008064999
0.008324969
0.008269743
0.008163761
0.0082765
0.00819812
0.007940584
0.007934562
0.007804844
0.0075779413
0.008187168
0.007937907
0.008344098
0.008508422
0.007585184
0.008522061
0.008657413
0.0080083115
0.008055578
0.0075885453
0.0078489985
0.007755643
0.0075133927
0.0075294315
0.0073736687
0.007585209
0.00770074
0.0073998994
0.0076284357
0.007688777
0.0077108177
0.0076959617
0.007834404
0.0073925243
0.008153732
0.008028221
0.0074817906
0.007709758
0.0071838
0.0071392967
0.0072397026
0.0071775434
0.007020183
0.006978071
0.0068388344
0.0069094882
0.0069089835
0.0070092664
0.0067761415
0.0074159666
0.0076666423
0.0069664945
0.0075025745
0.0074708313
0.006895766
0.007295452
0.007411435
0.00684919
0.006770868
0.0068461965
0.00702535
0.0066123796
0.006821092
0.0066189044
0.0070644408
0.00688356
0.0065864883
0.006764723
0.0063815652
0.0069832746
0.0069933427
0.0066001173
0.0066578663
0.0062966975
0.006909126
0.0066808374
0.006829127
0.00677711
0.0067272075
0.006423673
0.0070147323
0.0068548447
0.006657835
0.0065290183
0.0067138947
0.006438244
0.0067213043
0.0068452633
0.006419031
0.0063747093
0.0064263553
0.0061685466
0.0065620258
0.0063476083
0.006575856
0.0063635595
0.0067674466
0.0067322515
0.0061175837
0.0059973225
0.0063878875
0.006126652
0.0067835297
0.0067684557
0.0062727355
0.006382189
0.0063491184
0.0060952925
0.0063615744
0.006365515
0.0061738137
0.006058231
0.0064250343
0.006043777
0.0065463446
0.0066140727
0.0060693133
0.0061415588
0.0061976593
0.006067069
0.0058933166
0.005879211
0.0058676675
0.0059698075
0.0057221116
0.0062060948
0.005900372
0.006618511
0.0069714487
0.006191656
0.006244427
0.006294187
0.0061258986
0.005971125
0.00584277
0.005798111
0.005898467
0.0056457985
0.0062728585
0.0061429427
0.005917799
0.0060809045
0.0060039144
0.005727953
0.0061216783
0.006045588
0.0056827725
0.0059334612
0.0056314743
0.00603384
0.006165435
0.00589198
0.0059268326
0.005922282
0.0058059064
0.0057486724
0.0056889877
0.005565883
0.005700964
0.0055068308
0.0057880455
0.005759258
0.005754528
0.0058480487
0.0054990663
0.0059001297
0.0060217096
0.0054412503
0.005827271
0.0057681785
0.0053294487
0.005378615
0.0053920113
0.0052808183
0.005873202
0.0057372577
0.005433558
