0.28837836
0.04419202
0.07365353
0.05762206
0.025104433
0.03920798
0.047963098
0.0325788
0.022980103
0.026547655
0.028354958
0.02590003
0.022846818
0.023352602
0.025808409
0.024027413
0.021523654
0.024373734
0.025715528
0.023853913
0.022930587
0.022500867
0.022385225
0.022674972
0.022377389
0.021589905
0.021722654
0.021972189
0.02137436
0.021019118
0.021251133
0.021223223
0.020625992
0.020053942
0.020400973
0.020012626
0.019270392
0.019347189
0.018882222
0.018565536
0.018566199
0.0179544
0.018367665
0.01840329
0.01783626
0.01761836
0.017542548
0.017436229
0.017278422
0.017458774
0.017483706
0.017173443
0.017184997
0.017177045
0.017096283
0.016920336
0.016812364
0.01679395
0.016805582
0.016794687
0.016644897
0.016650125
0.016606404
0.016563818
0.016554892
0.016527198
0.016361361
0.016400417
0.016385116
0.01631565
0.016271276
0.016196206
0.016156295
0.016198223
0.016066378
0.016083952
0.016008751
0.016013002
0.01594019
0.015953757
0.015840495
0.015960617
0.015800126
0.015927687
0.015736578
0.01619719
0.016187295
0.015607863
0.015556884
0.016511196
0.016696833
0.016186666
0.016002623
0.015741915
0.016262105
0.016129138
0.015632162
0.016290892
0.016328493
0.015718589
0.015760833
0.01564747
0.015626123
0.01571207
0.015391755
0.016342001
0.016282013
0.015617542
0.015498512
0.016052961
0.015694886
0.015723927
0.015789233
0.015555213
0.015356503
0.015841728
0.015785174
0.015268326
0.015229377
0.015629403
0.015292764
0.015827509
0.015918678
0.015026142
0.014971782
0.015412676
0.015249339
0.015263975
0.015350588
0.01507987
0.015060462
0.014962492
0.015174284
0.015204181
0.014955203
0.014941941
0.014817268
0.014929199
0.014845059
0.014788993
0.014858983
0.014615226
0.014912014
0.014844966
0.01463633
0.014595535
0.014717005
0.014320843
0.01535603
0.015233885
0.014161311
0.014290083
0.014289427
0.013969612
0.015405306
0.015559235
0.013868213
0.01729848
0.020499192
0.018515376
0.015220913
0.018204063
0.02343488
0.022992162
0.0181204
0.015208572
0.016479833
0.016618906
0.015092984
0.014592727
0.015611972
0.015137556
0.013748046
0.014660172
0.015775789
0.014903188
0.014396675
0.01423072
0.01379433
0.014035933
0.014079008
0.013568383
0.013781759
0.014165039
0.013448891
0.013250195
0.013654113
0.0130563965
0.0131652085
0.013484031
0.013029861
0.012805576
0.012929448
0.012776096
0.012705308
0.012868223
0.0128816115
0.012421131
0.012377779
0.0126128895
0.012192161
0.012641047
0.012668102
0.012642402
0.0122692585
0.012044241
0.011793182
0.013230269
0.013617297
0.012145094
0.0128109725
0.013490277
0.013065286
0.012761167
0.011998746
0.012252055
0.01240861
0.011809933
0.012285009
0.012012542
0.011495136
0.011423409
0.011272644
0.010983239
0.011274668
0.011100702
0.011243448
0.011035535
0.010739411
0.010637619
0.010835023
0.010665524
0.01052193
0.010455062
0.0104213655
0.010199928
0.0105017135
0.010439689
0.0101509495
0.009987715
0.010327644
0.010176119
0.009895292
0.009755142
0.010231973
0.010093526
0.009682738
0.009659779
0.009875276
0.009698153
0.009988639
0.009798259
0.009560894
0.009488418
0.009599085
0.009523839
0.009487289
0.009443111
0.009388082
0.009246626
0.009389124
0.009118174
0.009650667
0.009482946
0.009159826
0.009070999
0.009459549
0.009329795
0.009044909
0.009063708
0.00888434
0.008784252
0.009007048
0.008827187
0.009122362
0.008930949
0.008833983
0.008596246
0.009363932
0.009452331
0.008463733
0.0086689135
0.008607475
0.008424851
0.008612605
0.00862165
0.008292493
0.00817874
0.00831694
0.008090308
0.008368317
0.008026465
0.008611821
0.008755217
0.007870663
0.008755337
0.009208899
0.008533693
0.008077926
0.008375868
0.008537856
0.008019178
0.007855161
0.007974699
0.008042234
0.0076350584
0.008826227
0.009338941
0.008349604
0.008513673
0.008651963
0.0074414215
0.009975151
0.010532367
0.008366227
0.009132583
0.010254134
0.00866981
0.007868663
0.008625717
0.007925536
0.0077111567
0.0079934
0.0074263797
0.0075555257
0.007422628
0.0072009526
0.0070717433
0.007574068
0.0073659993
0.0071209767
0.0071132225
0.007056908
0.006811492
0.0074116937
0.0075241327
0.006829361
0.0070702224
0.006807439
0.006861869
0.0067844368
0.00667928
0.006877562
0.006871116
0.006944313
0.0066189803
0.00748493
0.0072773993
0.006745878
0.0067174598
0.0065844785
0.0065580546
0.0063432003
0.0062088016
0.0067036175
0.006450714
0.0063928193
0.006266381
0.0066166413
0.0063828933
0.006471995
0.0064443536
0.0062969155
0.0061360686
0.006301737
0.0061549773
0.0062871315
0.005929223
0.0067441384
0.0065260343
0.00590705
0.005887281
0.00636539
0.0062289597
0.0060241283
0.0060339053
0.005886525
0.005782116
0.0062698363
0.006136645
0.005838271
0.005750215
0.0059906463
0.0057280133
0.006143134
0.0061079874
0.005652091
0.0057503185
0.005586412
0.0056892284
0.005655614
0.006462828
0.006186697
0.006045153
0.005748468
0.0058658817
0.0061390824
0.006002795
0.005785294
0.0061328434
0.005941998
0.005766902
0.0056097447
0.0056315907
0.0056140088
0.0053371587
0.0059020617
0.005860548
0.0054014833
0.005534163
0.0053676497
0.005730195
0.00541575
0.005947673
0.0060702916
0.005461734
0.0057129264
0.005465197
0.005608555
0.0055476124
0.005392982
0.0054111625
0.0052254437
0.005307879
0.005127968
0.005242188
0.0050738
0.0053115063
0.0052417913
0.005160219
0.005351048
0.005003453
0.005375395
0.0055192164
0.0047958535
0.0059792665
0.005443059
0.0058654672
0.0066185095
0.0061338623
0.005563946
0.0053565297
0.0063603674
0.0062345713
0.005065814
0.005573401
0.0058338977
0.00517096
0.0052888426
