0.28825578
0.04501146
0.06619465
0.05238567
0.024439737
0.03193429
0.03698753
0.026604185
0.021110294
0.023111105
0.02144456
0.021872282
0.022276431
0.021914428
0.020947414
0.02127332
0.021615162
0.020890564
0.020723293
0.02103983
0.020965999
0.020453475
0.021416666
0.02157372
0.020813605
0.020644208
0.020769946
0.020875642
0.020446151
0.020592565
0.020673959
0.020455519
0.02044191
0.020497112
0.020296045
0.020826451
0.020837894
0.020757092
0.02051116
0.020472398
0.020571059
0.020535419
0.020318773
0.020732746
0.020855444
0.02040807
0.020362126
0.020363962
0.02035947
0.020328628
0.020276193
0.020473108
0.020191824
0.02086106
0.021020792
0.020473383
0.020844668
0.020829564
0.020259304
0.020902358
0.021056985
0.02018564
0.020933786
0.021831056
0.021057792
0.020087434
0.021465464
0.022142174
0.02145938
0.020918021
0.020801138
0.021021103
0.020271817
0.020477958
0.020824628
0.020728266
0.020240175
0.020636635
0.020702206
0.020283038
0.020410705
0.02037896
0.02014391
0.020162644
0.020237409
0.020152243
0.020083481
0.020031894
0.019997833
0.020003274
0.019896863
0.019991899
0.019917963
0.019849135
0.01982867
0.019994391
0.019847965
0.020048052
0.019855065
0.02024098
0.020342277
0.019747121
0.020128675
0.020273035
0.020172179
0.019944536
0.01964987
0.019646155
0.01982556
0.019663667
0.019731915
0.01975957
0.019820616
0.019629981
0.01958258
0.019558378
0.019562056
0.019515276
0.019642556
0.01958329
0.019419624
0.01937236
0.019457616
0.01938246
0.019431856
0.019364651
0.019254612
0.019193547
0.019322261
0.019248426
0.019016968
0.018923232
0.019177252
0.019047825
0.018635154
0.018465282
0.018581314
0.018210275
0.01796527
0.017375287
0.017034547
0.01709533
0.016799228
0.016496347
0.016278457
0.017176794
0.016558236
0.016695911
0.016637156
0.01586221
0.015683679
0.016037645
0.015729716
0.015556094
0.015432246
0.015490639
0.0152193755
0.015223402
0.014927432
0.015048966
0.014801527
0.014697931
0.014554921
0.014679302
0.014538356
0.014446154
0.014417085
0.014177543
0.014083576
0.014165226
0.0141156195
0.01395408
0.013978232
0.013764734
0.01369243
0.013846378
0.013816825
0.013592546
0.013574536
0.0136799095
0.013574417
0.013482716
0.013435164
0.013479034
0.0135105485
0.013280451
0.013251177
0.013556485
0.013498262
0.01314018
0.013070586
0.01330256
0.013159652
0.013142544
0.013058591
0.013115116
0.013005444
0.013062847
0.013043609
0.012956719
0.012982272
0.012832611
0.012778749
0.013378311
0.01327047
0.012766977
0.013164672
0.01312819
0.0128982505
0.01268705
0.01277231
0.012701052
0.012854715
0.0128220385
0.012592569
0.012621194
0.012589199
0.012532219
0.012456679
0.012398597
0.012675892
0.01236702
0.012802072
0.012801193
0.01238664
0.012410411
0.0123716565
0.012578632
0.012496238
0.012353897
0.012272425
0.012515099
0.012098203
0.012807742
0.013189296
0.0125451395
0.012303841
0.012406513
0.012485431
0.012158607
0.012221817
0.012316388
0.012294605
0.011982261
0.012168308
0.012419573
0.012015327
0.012128368
0.01186913
0.011940141
0.011873047
0.011815486
0.011858426
0.0116074635
0.011835921
0.011621452
0.011775766
0.011851291
0.011495784
0.011525993
0.01149641
0.011308122
0.011420898
0.01121949
0.011473022
0.011434272
0.011370369
0.011206332
0.0113057
0.011098846
0.01118555
0.011075097
0.011017653
0.010875856
0.011033407
0.010968904
0.010793825
0.010757131
0.010795802
0.010661821
0.010768679
0.010717694
0.01052343
0.010467471
0.010561605
0.010436404
0.01047043
0.010401984
0.010353393
0.010276783
0.010285961
0.010204587
0.010225997
0.01013387
0.010245758
0.010152318
0.01001067
0.009918455
0.010115647
0.009971212
0.010000125
0.009921153
0.009855875
0.00974042
0.009972186
0.009903426
0.009710591
0.0096897045
0.009781819
0.009689572
0.009726047
0.009668802
0.0096288575
0.009562046
0.009673218
0.00960184
0.009517738
0.0094323605
0.009652427
0.009656454
0.009349079
0.009276842
0.0097838985
0.009693574
0.009332836
0.009419105
0.009445383
0.009342927
0.009390757
0.009238594
0.00981816
0.009594687
0.009506035
0.009588621
0.0093688145
0.009749424
0.009782986
0.009278901
0.009359081
0.00915967
0.01008233
0.009880525
0.00956821
0.009639237
0.009607789
0.00931182
0.00957004
0.009418252
0.009791522
0.009574036
0.009642246
0.009666078
0.009169615
0.009106495
0.009406648
0.0091518145
0.009621615
0.009602017
0.009375212
0.009241521
0.009506683
0.009179381
0.009584273
0.009602282
0.009454382
0.009229119
0.009682927
0.009487814
0.0091836
0.009135027
0.009267599
0.009075006
0.009732469
0.009581388
0.009200078
0.00927358
0.009039109
0.00897885
0.0092687765
0.009084624
0.009303671
0.009212928
0.0091634495
0.009064748
0.00920686
0.009055443
0.009297633
0.009260685
0.009062402
0.009039036
0.009034815
0.008928344
0.009187386
0.0090070255
0.009198868
0.009145263
0.008921455
0.008860743
0.009198931
0.009101211
0.008954019
0.0089236805
0.009054731
0.00899334
0.008949111
0.008930735
0.008935764
0.008864581
0.009029688
0.008960675
0.008896538
0.008850721
0.008972786
0.008911916
0.008910815
0.008891391
0.0088562025
0.008859391
0.008835067
0.008785333
0.008859832
0.008737359
0.009103731
0.009138609
0.008738863
0.009423923
0.009082855
0.009076019
0.009212908
0.00902502
0.008900975
0.009005752
0.008935221
0.009029053
0.00886126
0.008999644
0.008897656
0.008920086
0.008884555
0.008810058
0.008790815
0.008809075
0.008781149
0.008719554
0.008647296
0.0089365505
0.008829933
0.008699493
0.008667047
0.008662011
0.00854196
0.009045991
0.008999482
0.008763837
0.008772186
0.008729647
0.008801084
0.008666976
0.00884438
0.008843914
0.008592202
0.008497537
0.008857162
0.008696574
0.008657147
0.008700243
0.008601095
0.008609465
0.008503364
0.008526143
0.008596341
0.008422049
0.009265148
0.009245721
0.008735351
0.009012726
0.0087669
0.0089129275
0.00882757
0.008835803
0.008710165
0.008802678
0.00860076
0.008764694
