0.28803113
0.043767273
0.08937841
0.11733488
0.07097895
0.02921772
0.029037237
0.044864666
0.044512574
0.030608976
0.021538207
0.025262246
0.03070346
0.02885454
0.023580492
0.020478563
0.025211595
0.027486706
0.024652459
0.023316398
0.021879196
0.021218622
0.022481048
0.02133909
0.020769486
0.0209079
0.021277256
0.020980746
0.020359151
0.02060289
0.020675356
0.020326624
0.02068619
0.02067563
0.020406514
0.020842604
0.020850956
0.021328637
0.02106384
0.020361753
0.020602627
0.020544633
0.020382686
0.020304179
0.020832157
0.020486262
0.020734051
0.020806035
0.020356473
0.020413578
0.020373285
0.020341793
0.020297999
0.020406416
0.020242855
0.020899862
0.020814393
0.020248985
0.02023322
0.02045616
0.020360097
0.020531809
0.02048855
0.02028458
0.02034454
0.020235715
0.020320812
0.020191992
0.020529704
0.020400416
0.020285433
0.02029456
0.020204352
0.020185063
0.02025203
0.020168219
0.020266822
0.020217434
0.020153726
0.02010339
0.020234704
0.020178612
0.020076709
0.020097949
0.019978195
0.020040026
0.019929687
0.019910345
0.019929672
0.019838898
0.019809911
0.01970513
0.019835962
0.019626148
0.019785963
0.019656181
0.019638645
0.019464357
0.019413706
0.019394599
0.019180289
0.019226652
0.01915807
0.019021237
0.018886603
0.018937098
0.018811626
0.018726818
0.01853261
0.018730856
0.018441914
0.018508375
0.018431103
0.018075228
0.018067146
0.017901735
0.017806418
0.01757682
0.017652715
0.017247537
0.017187255
0.01696379
0.016797565
0.016634837
0.016400876
0.017034449
0.016874766
0.016248072
0.016240077
0.017482588
0.016776493
0.016715793
0.016901677
0.017090602
0.01676312
0.016739717
0.016381396
0.016613293
0.016657518
0.016138442
0.016610986
0.016874887
0.016285198
0.016297257
0.016225923
0.015922206
0.016219812
0.016115777
0.015574422
0.016510786
0.016949879
0.015910463
0.015666926
0.016065953
0.015612513
0.015465558
0.015540138
0.015279223
0.015291698
0.015262745
0.015092249
0.015028123
0.014988591
0.014939242
0.014882729
0.014761828
0.014971363
0.014939595
0.014702032
0.014719001
0.014610171
0.014512956
0.015372854
0.014662671
0.014665226
0.014646108
0.014603731
0.014468909
0.01441995
0.014455326
0.014390786
0.01440118
0.01430375
0.014539975
0.01448677
0.014282257
0.014277766
0.014193418
0.014266822
0.014193627
0.014295106
0.014211937
0.014309165
0.014294238
0.014127672
0.014154986
0.014140981
0.014093213
0.014281598
0.014245786
0.0140820565
0.0141719775
0.01405479
0.01426895
0.014147046
0.014327523
0.014465433
0.014169249
0.014197357
0.014260584
0.014145677
0.014067282
0.014096379
0.014007032
0.014218085
0.014148597
0.014029525
0.014045253
0.014026356
0.013966178
0.014098759
0.014014333
0.014102373
0.014058009
0.013997774
0.013943012
0.014063007
0.013976929
0.014129278
0.014129605
0.013934595
0.014209338
0.0142087815
0.013971147
0.01407268
0.0140114315
0.013998416
0.013985862
0.014004476
0.013984457
0.014014046
0.013980013
0.013922155
0.013900337
0.013918658
0.013884433
0.01390234
0.013917941
0.013820138
0.013907119
0.013798456
0.014399233
0.014150395
0.014017205
0.014015798
0.014002868
0.013931551
0.013918504
0.013926419
0.013856488
0.013854951
0.013821638
0.013802831
0.013743919
0.0138211
0.0138130905
0.013860005
0.0137590645
0.013873418
0.01384832
0.0138165355
0.013755172
0.013877761
0.0138114495
0.0139127625
0.013981965
0.01373848
0.013830078
0.013749398
0.0139135
0.014003992
0.013699337
0.013928335
0.013919939
0.013687701
0.013781979
0.013694458
0.013835582
0.01397124
0.013653652
0.013827673
0.0139756305
0.0137751
0.013808359
0.013818815
0.013825212
0.013707156
0.01359155
0.013641533
0.013538171
0.0137645295
0.013823521
0.013578453
0.013707559
0.013831737
0.013652768
0.013570351
0.013699013
0.013625182
0.013495962
0.013604951
0.013525945
0.013546991
0.013607628
0.013556063
0.013511568
0.013526338
0.013505582
0.013391085
0.0134120695
0.013466448
0.013384563
0.013699996
0.0137659935
0.013631004
0.013572816
0.013615243
0.013591691
0.013594087
0.013601549
0.013585742
0.013427268
0.013838374
0.013963145
0.013527158
0.013759051
0.013901922
0.013615328
0.013677068
0.013681322
0.01355203
0.013501185
0.0134882135
0.013416189
0.013508367
0.013404011
0.01345824
0.013463803
0.013372943
0.013360352
0.013459482
0.013413751
0.0134232305
0.013413387
0.013336469
0.013307185
0.013368979
0.013318938
0.013393198
0.01337076
0.013309788
0.013277533
0.013378057
0.013351922
0.013282973
0.01326895
0.013338263
0.013294731
0.013294492
0.013306496
0.013261326
0.01325615
0.013278592
0.013270512
0.013268069
0.013268583
0.013267512
0.013279269
0.013245699
0.013229021
0.013254977
0.013270423
0.013254076
0.013252762
0.013276051
0.013288205
0.013202096
0.013244703
0.01323915
0.013202041
0.013246213
0.013157125
0.013258792
0.01320489
0.013220542
0.013192502
0.01318641
0.013162039
0.013170578
0.013115965
0.0132372165
0.013189825
0.013142002
0.013127393
0.013138884
0.013109627
0.013158448
0.013138334
0.013132415
0.013143358
0.013121654
0.013118981
0.013144803
0.013104595
0.013083984
0.013058552
0.0131104505
0.013055627
0.013102342
0.0130899595
0.013241994
0.01325826
0.013119134
0.013299351
0.013542343
0.01318726
0.013365942
0.013636756
0.013413365
0.013291814
0.013402075
0.013371192
0.013208455
0.013181497
0.013295914
0.013161997
0.013138074
0.013146475
0.01300846
0.013024028
0.013013359
0.012967805
0.013165248
0.013156224
0.013057798
0.013151088
0.012921783
0.013019825
0.012978118
0.0129985185
0.012984119
0.013006748
0.012881428
0.013145546
0.013175879
0.01306188
0.013021558
0.013055049
0.012920964
0.012881358
0.012959488
0.012905572
0.0133128995
0.012986739
0.012893517
0.012742867
0.014020622
0.013294836
0.013052602
0.013141816
0.0129952915
0.013137929
0.01313946
0.012954764
0.0129652815
0.012940084
0.012761024
0.013001487
0.012794736
0.012823888
0.012764367
0.012807374
0.012764488
0.012766196
0.012804087
0.012722049
0.012589347
0.012544517
0.012706813
0.01280973
0.012654184
0.012506488
0.012642048
0.012534827
0.012529942
0.012590271
0.012652067
0.012550858
0.012391227
0.012605816
0.012525703
0.012604192
0.012429935
0.012500367
0.012549165
0.0124027645
0.012538157
0.012935425
0.012644809
0.012651581
0.012562872
0.012563914
0.01234099
0.012419849
0.01232935
0.012267261
0.012862496
0.012642358
0.01295724
0.012825181
0.0124196345
0.012296337
0.012514517
0.012525502
0.01248935
0.012376822
0.01253701
0.012168981
0.0128224315
0.013044414
0.0120198205
0.012997863
0.013292522
0.012298844
0.012395519
0.013238649
0.0125208795
0.011967297
0.012249249
0.0122014405
0.011618882
0.011715406
0.011724782
0.01115349
0.011227422
0.011056676
0.010960388
0.011016489
0.010883644
0.011005486
0.010826354
0.010903916
0.010849754
0.010852302
0.010790776
0.010798405
0.010709056
0.010830004
0.010764394
0.010663002
0.010649848
0.010461741
0.010542308
0.010537879
0.010288602
0.010393097
0.0106785325
0.010421585
0.010180208
0.010459394
0.0103044165
0.010132086
0.010216109
0.010095145
0.0102232145
0.010245881
0.010160339
0.009989253
0.010239557
