0.28731623
0.068198316
0.06601875
0.032315742
0.030985521
0.02921977
0.022031201
0.02733464
0.02720882
0.022046557
0.024037495
0.026881816
0.02433029
0.022264838
0.021627313
0.02351299
0.022825733
0.020724071
0.02298186
0.02448467
0.02215167
0.021253236
0.021778882
0.022185171
0.02139286
0.020681432
0.021321299
0.02097725
0.020553743
0.020633748
0.020581169
0.020543281
0.020485036
0.02070868
0.020485463
0.02091737
0.020954696
0.020522712
0.020814432
0.020788137
0.020708503
0.020541048
0.020916596
0.02080643
0.02055186
0.020547578
0.020689277
0.020325983
0.021189265
0.02111139
0.020364814
0.020486819
0.020537838
0.020342829
0.020767303
0.020785648
0.020536935
0.020387204
0.020622484
0.020621182
0.020328537
0.020300621
0.020559689
0.0202925
0.020740129
0.020919293
0.020195438
0.021429842
0.0221698
0.021070585
0.021015376
0.02134717
0.020586973
0.021059686
0.021753868
0.020660123
0.020384045
0.020807559
0.020322071
0.02068319
0.020802127
0.020282833
0.020624448
0.02052533
0.02020598
0.020339167
0.020058766
0.02021387
0.020199338
0.019892847
0.019894863
0.019998603
0.019820264
0.02028258
0.020404877
0.019885236
0.020022579
0.020029752
0.019822946
0.019901412
0.019621128
0.01999289
0.019864101
0.019610241
0.019776365
0.019626351
0.019429954
0.019517595
0.019195909
0.019856641
0.020071207
0.019794546
0.018892227
0.020563306
0.02158237
0.02133166
0.019277563
0.018940674
0.01890599
0.019045405
0.018688468
0.018100316
0.018329471
0.018259378
0.01778766
0.017765645
0.017969819
0.017526243
0.017481275
0.017217888
0.017440872
0.017109219
0.016601486
0.017364752
0.01750157
0.016805328
0.016719503
0.01658458
0.015919805
0.016020462
0.016410554
0.016078597
0.016239896
0.016242072
0.016475845
0.015643941
0.015589518
0.015748726
0.014884695
0.014670719
0.014733876
0.014714678
0.015189047
0.014482283
0.014657237
0.014661756
0.014754069
0.014397603
0.014408392
0.013833761
0.014966245
0.0141866775
0.014405076
0.014282338
0.0136616705
0.013598993
0.01428847
0.014383178
0.013679057
0.013860647
0.014096253
0.013788533
0.013633043
0.013589409
0.013419549
0.013316885
0.013974334
0.014114365
0.013354455
0.013387737
0.0136015965
0.013048786
0.014283977
0.01443887
0.013092451
0.015074131
0.016091716
0.015801558
0.014848396
0.013520159
0.013674114
0.013539913
0.013973613
0.014223601
0.013965842
0.01335854
0.013859312
0.014139801
0.013391189
0.0131301405
0.013526448
0.013442953
0.013339431
0.013248968
0.013122451
0.01293372
0.013505223
0.013610345
0.012954014
0.012896207
0.012884147
0.012818292
0.012678524
0.01297509
0.013047154
0.012850493
0.013040814
0.012748229
0.013022049
0.012974226
0.012640883
0.012858957
0.012770032
0.0125322575
0.012724931
0.012606557
0.012672737
0.012410876
0.012923975
0.013057954
0.012411538
0.01295279
0.013475803
0.013257891
0.012983312
0.012824322
0.012881442
0.012840725
0.013184037
0.012824106
0.012828283
0.012887853
0.012643911
0.012597681
0.012671118
0.012420493
0.0128834015
0.013008006
0.012424224
0.012381484
0.012373132
0.012360367
0.01286051
0.01268234
0.01242451
0.01240109
0.0124307545
0.012317953
0.012588787
0.012617633
0.012338776
0.012209459
0.012487163
0.012403548
0.0124760745
0.012467821
0.012286413
0.012169484
0.012555502
0.012603524
0.012352754
0.012206547
0.0123326965
0.012255159
0.01251926
0.012540154
0.012341806
0.012184806
0.012249102
0.01223845
0.012469332
0.012440268
0.012318592
0.012203033
0.012153004
0.012139089
0.0123743415
0.012347055
0.012362887
0.012310907
0.012025966
0.011977336
0.012417299
0.012475354
0.012447044
0.012346089
0.012065642
0.01192398
0.012265141
0.012262352
0.0122749815
0.012236291
0.012129143
0.011947631
0.012333657
0.012484644
0.01216564
0.012067627
0.012222041
0.011970955
0.012210351
0.0125955595
0.012454294
0.0119685335
0.01246014
0.012649889
0.012204702
0.012021973
0.012278199
0.012378792
0.01202068
0.011838619
0.012330089
0.01219706
0.012024605
0.012052129
0.011889995
0.01176849
0.012181532
0.0122497855
0.0119852135
0.011824378
0.012008876
0.011985314
0.012081031
0.012100492
0.0118880235
0.011770825
0.011856228
0.01183521
0.012061696
0.012008348
0.011926641
0.011837977
0.011752327
0.011728224
0.012025714
0.011964075
0.0117999315
0.011772648
0.011740671
0.011715283
0.011847188
0.011786007
0.011785674
0.0116797015
0.011829686
0.011813884
0.011655342
0.011650849
0.01180103
0.011775234
0.011619203
0.011556131
0.011928848
0.011902654
0.01160733
0.01154745
0.011822234
0.011733565
0.011653792
0.01160304
0.011740145
0.011715452
0.011611124
0.011575465
0.0116843255
0.011649013
0.011570069
0.011528689
0.011693905
0.011610993
0.011636246
0.0116172135
0.011590809
0.011536363
0.011617449
0.011545534
0.011620197
0.011587538
0.011572513
0.011547517
0.011604807
0.011591415
0.011546095
0.011528629
0.011616248
0.011582136
0.0114879785
0.0114336135
0.011658013
0.011586384
0.011487921
0.0114758015
0.011525005
0.011473683
0.011554755
0.011488326
0.011530283
0.011492186
0.011497839
0.011468724
0.011482547
0.011426215
0.011544515
0.011488948
0.011466262
0.011428769
0.01148386
0.011426032
0.01150047
0.01146821
0.011416157
0.011372752
0.011510524
0.011467114
0.011378831
0.011330512
0.011541322
0.011508557
0.011321205
0.011286774
0.011573128
0.011531805
0.0112931775
0.011270701
0.011557925
0.011497748
0.011305456
0.011257972
0.011513229
0.011427783
0.011325344
0.011294328
0.011418979
0.011372983
0.011336443
0.011298083
0.011377911
0.011336063
0.011328004
0.011296031
0.01134785
0.01132262
0.011301915
0.011261587
0.011360817
0.011316507
0.01129742
0.011243756
0.011357953
0.011299301
0.011298406
0.011263632
0.011314777
0.011266406
0.011329013
0.0112943975
0.011277971
0.011258858
0.011287811
0.011272526
0.011249434
0.011212015
0.011312663
0.01124726
0.011277656
0.01124915
0.011262222
0.011200141
0.01130721
0.011268713
0.011206021
0.0111807855
0.011348072
0.011309174
0.011191863
0.01122196
0.011205412
0.011141307
0.0115605565
0.011551905
0.011174011
0.011667858
0.011620468
0.011261955
0.011334889
0.011347028
0.0112901805
0.011520593
0.0114802
0.011310264
0.0113751665
0.01137991
0.011362382
0.011240727
0.011334757
0.011149422
0.011191752
0.011145242
0.011178239
0.011140335
0.01115192
0.01114631
0.0111505175
0.011112846
0.011575655
0.011579269
0.011414266
0.011521115
0.011277129
0.01131833
0.011413622
0.0112464605
0.011158179
0.011134613
0.011296841
0.011298273
0.0112271
0.011297765
0.011172975
0.011137051
0.011182583
0.011141546
0.011154763
0.011132483
0.011116064
0.011220473
0.011023961
0.011230208
0.011205681
0.011141504
0.011278036
0.011137086
0.011235833
0.01137421
0.011149123
0.011234124
0.011240989
0.011169333
0.011131779
0.011129387
0.011174816
0.011207081
0.011099403
0.0111372685
0.011177349
0.01108293
0.011237086
0.011194926
0.01109517
0.011222958
0.01128497
0.011199038
0.011225008
0.011149254
0.011116873
0.011338462
0.011261593
0.011316256
0.011413179
0.01147794
0.011360485
0.01114659
0.011111503
0.011439245
0.011340506
0.011090537
0.011151031
0.01117221
0.011038742
0.011247578
0.011267394
0.01108826
0.011019461
0.011188504
0.011102674
0.0112494305
0.011235655
0.011054128
0.011005747
0.011185784
0.011130313
0.011092407
0.011065257
0.011067565
0.011037041
