0.28687713
0.070505805
0.0665234
0.029126009
0.035075877
0.033057883
0.020849273
0.03596555
0.04291746
0.03304537
0.023721019
0.023706278
0.02725961
0.027727202
0.024416408
0.020733042
0.02373749
0.027018279
0.025629578
0.021339076
0.021964932
0.024945064
0.025279656
0.02205728
0.020479312
0.021643942
0.021872448
0.020592364
0.020133156
0.020966507
0.020176915
0.020182163
0.0204241
0.020108039
0.01919625
0.019556629
0.019360317
0.01871355
0.020441564
0.019963948
0.021295294
0.020120496
0.018588634
0.018496579
0.018829564
0.018467639
0.018641973
0.018674158
0.01807771
0.01784722
0.018872693
0.018449455
0.017424839
0.017295621
0.017355405
0.016844073
0.01799615
0.018009864
0.01673857
0.016816635
0.016261132
0.0166691
0.016546456
0.016289681
0.016243638
0.015731245
0.015797848
0.015860403
0.01558521
0.015728593
0.015512775
0.015660224
0.015723541
0.0154671995
0.015196665
0.01552238
0.01544313
0.015154925
0.015684983
0.015563585
0.015598762
0.015184644
0.015231221
0.015278101
0.01521511
0.015079538
0.014914478
0.01477111
0.0151252225
0.0149626015
0.01470217
0.014640939
0.015098046
0.015000917
0.0143061625
0.014358285
0.014284368
0.0141367195
0.014557056
0.014378637
0.014344507
0.014343667
0.01426734
0.014073476
0.013968402
0.014084931
0.013940267
0.013710187
0.014046016
0.013831805
0.014305488
0.01441284
0.013700813
0.013815704
0.013698083
0.013751035
0.013377548
0.014216733
0.0140164895
0.013479203
0.01335458
0.013677421
0.013547342
0.013598057
0.013558318
0.013256553
0.013179206
0.013424951
0.013295128
0.013322691
0.013252459
0.013162623
0.013051219
0.013316597
0.01328889
0.012949894
0.012880042
0.01328658
0.0131035345
0.012921373
0.012871884
0.012941708
0.01285436
0.012902175
0.012820504
0.01294278
0.012788092
0.012835014
0.012658685
0.01298006
0.012754546
0.012705815
0.012584623
0.0128262
0.01279594
0.0125075625
0.0125104785
0.012659091
0.012690048
0.01247383
0.012471997
0.0124821225
0.012416241
0.012538982
0.012397353
0.012516598
0.012429158
0.012296461
0.012173022
0.01247682
0.012206309
0.012321095
0.012207414
0.012120563
0.012049265
0.012198813
0.01217291
0.011963879
0.011911769
0.012172903
0.012245948
0.011790909
0.011924702
0.012002654
0.011901048
0.01198081
0.012052279
0.011901247
0.01200084
0.011833813
0.011769056
0.011768022
0.011603604
0.011555321
0.011403396
0.011384461
0.011317596
0.011215776
0.011231055
0.011129853
0.011010803
0.011023764
0.010821412
0.010905995
0.0109029235
0.010673215
0.010884497
0.010491971
0.011177566
0.011409171
0.010563145
0.011142069
0.012284017
0.011518341
0.010465336
0.010988059
0.011686982
0.011428724
0.010471721
0.010901601
0.011346561
0.011294202
0.010800436
0.010121049
0.010272825
0.010627053
0.010370777
0.010503235
0.010291397
0.010274169
0.010423417
0.009857056
0.009668629
0.00971422
0.009962081
0.00953227
0.009482018
0.009775847
0.009685015
0.009470062
0.009436056
0.009393744
0.00921879
0.009077854
0.009068116
0.0089641
0.008932457
0.008778156
0.008920785
0.008660185
0.008775327
0.0085883625
0.008829129
0.0086154705
0.009168902
0.009565286
0.008530889
0.008639413
0.008606845
0.008311115
0.008700055
0.008500083
0.008130659
0.008801748
0.008320059
0.008411935
0.008535328
0.008210323
0.008105478
0.008468379
0.007942475
0.009048482
0.009560497
0.008388844
0.008411171
0.00910012
0.008404037
0.008189394
0.008389863
0.008288714
0.00786535
0.007797757
0.008044678
0.007820147
0.008157497
0.00805308
0.007508248
0.007937097
0.007517477
0.0081729265
0.00807105
0.0076299044
0.008146207
0.007743562
0.0076348498
0.007637681
0.0075566904
0.0075196684
0.007584655
0.007371213
0.0073762075
0.007161997
0.007460755
0.007421469
0.0073043406
0.0073934495
0.0074161924
0.007375093
0.007687067
0.007544419
0.007138507
0.0073985383
0.0071983687
0.0074889907
0.0071545667
0.0073308996
0.007366437
0.007097605
0.0071106614
0.0068100677
0.007250913
0.007150887
0.0068251803
0.007155022
0.0069533363
0.007055659
0.0070591234
0.0070302696
0.0069172815
0.007074613
0.006855892
0.0073914253
0.0074601173
0.0067642736
0.0067113205
0.007048845
0.0066671222
0.007575995
0.0075478465
0.0069022574
0.0068895635
0.0072143003
0.0068607307
0.0065959604
0.0066989907
0.006611598
0.006454214
0.0067719794
0.006520716
0.006917192
0.006819099
0.0064997305
0.0063298587
0.006795787
0.0065635554
0.0064167907
0.00644525
0.006525406
0.0063144993
0.006546063
0.0065238695
0.006103801
0.0060294424
0.006514445
0.0063926824
0.0062514334
0.00614506
0.006304079
0.006148403
0.0063697007
0.0062426417
0.0060510356
0.0060064383
0.0062349886
0.006169059
0.00598254
0.0059653693
0.0059958138
0.005898369
0.0060306876
0.005928306
0.005877875
0.005863987
0.005834246
0.005673422
0.0063750646
0.006493798
0.0055377414
0.007112415
0.007495741
0.006256299
0.0062127807
0.0064983834
0.0064742365
0.0058070645
0.0063621565
0.0066212807
0.0059825196
0.0060425126
0.0062308293
0.006123919
0.005859656
0.005872678
0.005799573
0.0061459453
0.0062635676
0.005779183
0.0057650157
0.0057987436
0.005665438
0.0054759067
0.0059775948
0.0057964907
0.0061613508
0.005692831
0.0064609614
0.0060158116
0.006027259
0.006193166
0.0054424605
0.005550436
0.005541016
0.0054134415
0.0055674654
0.005370723
0.0056680827
0.005564476
0.0053377855
0.0052185566
0.005296517
0.005198185
0.005506985
0.0052722935
0.005554868
0.00533413
0.005104209
0.0051065213
0.0051076054
0.0048388396
0.0053579346
0.005149853
0.0051170415
0.005118806
0.004961305
0.00500006
0.0050219414
0.004827993
0.0050144265
0.0049986932
0.004959196
0.0047421246
0.004952675
0.004897594
0.0048516043
0.004822035
0.004700348
0.0046823486
0.004705656
0.0046648816
0.0047389683
0.0046669645
0.0047865603
0.0046124733
0.0047680023
0.0049117017
0.004319778
0.004603855
0.0045742714
0.0043829666
0.0044580796
0.00438769
0.00471874
0.0044618724
0.0045194402
0.0045597544
0.004474368
0.0045207352
0.0043565705
0.004284974
0.0044518597
0.0044173356
0.004141854
0.0048626396
0.004569813
0.004462767
0.00446352
0.0044885827
0.004593536
0.004457611
0.0043062237
0.004389504
0.0040944978
0.0044008405
0.0043812864
0.0040883385
0.004296184
0.0042054174
0.0041979216
0.0041598324
0.0045285025
0.004257942
0.004348094
0.0047173235
0.0042667245
0.0044495338
0.0046124994
0.004322531
0.0041698255
0.004334971
0.0042619198
0.0043101427
0.004359915
0.003993203
