0.2899
0.05296194
0.08022127
0.052601706
0.0226551
0.046765655
0.047479585
0.029900178
0.025787706
0.03127088
0.0287897
0.023403972
0.025345033
0.02704213
0.025662428
0.023081189
0.023871504
0.02563457
0.02496863
0.02250336
0.02343253
0.024924539
0.023972912
0.022623008
0.02214615
0.022705013
0.022129273
0.022096053
0.021415388
0.022029875
0.022186154
0.02107259
0.021287305
0.021523075
0.020843163
0.020753665
0.020803692
0.020737695
0.020300813
0.0204153
0.020668523
0.019974573
0.020275183
0.020345546
0.020171693
0.01969284
0.01945324
0.019705886
0.019508263
0.019434381
0.019334348
0.019694341
0.019406892
0.019271495
0.019258471
0.019133074
0.01900497
0.01913032
0.019084238
0.018977446
0.018906154
0.018870302
0.01888156
0.018746307
0.018749407
0.018879702
0.018745614
0.019046066
0.018982254
0.0189932
0.018913444
0.018764555
0.018745122
0.01857729
0.018541045
0.018702336
0.018637959
0.018689059
0.018578656
0.01882919
0.018588783
0.018796941
0.018852763
0.01841241
0.018446809
0.018540753
0.018376285
0.01877795
0.018661564
0.018638104
0.018700244
0.018288454
0.018261375
0.018485976
0.018332517
0.018784467
0.018828927
0.018174015
0.019162687
0.019760678
0.018744316
0.01816774
0.018417863
0.017963223
0.018672619
0.019107701
0.018223906
0.017977988
0.018222652
0.017648509
0.018038174
0.018331226
0.017645111
0.017618708
0.017945537
0.017536564
0.016985342
0.01705837
0.016497664
0.017016262
0.016906923
0.016359637
0.016611738
0.016751088
0.016758509
0.016406912
0.015721621
0.016620174
0.016667102
0.01663053
0.015667414
0.015856223
0.016305216
0.016744474
0.016994122
0.01646061
0.01703185
0.016894704
0.0156136155
0.016246023
0.01620218
0.016574869
0.016884863
0.015970351
0.016295714
0.017061708
0.016776597
0.015687633
0.015934099
0.015893826
0.015056792
0.0151369
0.014933267
0.014857404
0.015244377
0.015235932
0.014682862
0.014721
0.014272005
0.015222137
0.015804539
0.014563496
0.014851215
0.01605779
0.015101542
0.013873081
0.014273982
0.014319758
0.014048114
0.014160678
0.013781324
0.01380058
0.014039215
0.013782926
0.013508196
0.013517731
0.013283775
0.013134626
0.013361235
0.013263616
0.012878361
0.012862007
0.012679395
0.013054755
0.01315488
0.01272025
0.012632657
0.012554228
0.012208772
0.0122383805
0.0117972465
0.01221341
0.012089361
0.011883634
0.0119187655
0.011863175
0.01166482
0.011689298
0.011619384
0.011156035
0.011303303
0.01120977
0.01132112
0.011156616
0.010994633
0.011113927
0.0110992305
0.010998351
0.01083498
0.011085067
0.011016588
0.0108276205
0.010877859
0.010630772
0.010613437
0.010586831
0.010588232
0.010576804
0.010487395
0.010848773
0.010658565
0.010516438
0.010481093
0.010513048
0.010472472
0.010287813
0.0102139935
0.010423494
0.010340314
0.010471362
0.01035317
0.010194098
0.010155116
0.010309366
0.010189847
0.010161935
0.010123981
0.010052455
0.01000893
0.010217193
0.010151771
0.010241598
0.010231458
0.009900168
0.009993094
0.009828508
0.009771987
0.010404921
0.010132718
0.009929376
0.0100203855
0.00993581
0.00996181
0.009944237
0.009694808
0.010216474
0.010133804
0.010210649
0.0104198605
0.009906621
0.010511118
0.011139703
0.010275907
0.010109259
0.010912404
0.010202293
0.010130522
0.010561728
0.010187021
0.00970203
0.010335625
0.009939459
0.009558537
0.009705863
0.009583283
0.009847174
0.0100612985
0.00957507
0.009810445
0.0099979
0.009542712
0.009789462
0.009783353
0.009617318
0.009662977
0.009790972
0.009460513
0.00958505
0.00956865
0.00931382
0.009424571
0.009368744
0.00921287
0.009208878
0.009084185
0.009262747
0.00904956
0.009825938
0.01018842
0.009139094
0.009943473
0.010809529
0.00968019
0.009121638
0.009431908
0.009028128
0.009679698
0.009907326
0.0091316495
0.009303899
0.009724165
0.009247113
0.009292855
0.009247399
0.009278368
0.009042456
0.008904346
0.008989867
0.008796616
0.009237607
0.009096128
0.008762038
0.008797963
0.008894329
0.008865299
0.008724964
0.00871507
0.008704895
0.008709728
0.008553644
0.008575539
0.008520587
0.008611455
0.008387629
0.008721651
0.008821868
0.008536649
0.009173761
0.008976109
0.00877383
0.008939724
0.008611533
0.008784224
0.008854974
0.008567724
0.008558783
0.008487105
0.008359931
0.008510451
0.008481883
0.008483344
0.008467814
0.008584677
0.008328201
0.008703413
0.008561482
0.008482744
0.008391027
0.00833641
0.008200922
0.008403358
0.008257702
0.008344996
0.008329631
0.008434036
0.008334738
0.008204279
0.00845239
0.008258805
0.008395781
0.0081219105
0.0083764
0.008226919
0.008210636
0.008258709
0.008069535
0.008430344
0.008417775
0.008300439
0.008064737
0.008257761
0.008248151
0.008572813
0.008495014
0.008009064
0.00806687
0.007972972
