0.2899
0.058318377
0.0548248
0.035101265
0.03148614
0.028630765
0.024929456
0.026718514
0.025901726
0.022948854
0.024658335
0.025407055
0.022776349
0.02313835
0.02420927
0.022526786
0.021975458
0.022442058
0.021393007
0.021178635
0.021097993
0.020053899
0.019822652
0.020290421
0.01959777
0.01925026
0.01960294
0.019404149
0.019117923
0.019366639
0.019064456
0.018990936
0.01918048
0.01892908
0.019158458
0.019223016
0.019251237
0.018846618
0.019476926
0.01969445
0.019071484
0.019153291
0.01902526
0.01946789
0.019354263
0.018706327
0.018798888
0.018938377
0.018680835
0.019795215
0.019940702
0.01879208
0.019899732
0.020823482
0.019408925
0.018923746
0.019350126
0.018732699
0.019537153
0.020239042
0.0192011
0.018843135
0.019288322
0.018887768
0.01887083
0.01902369
0.018658532
0.019110134
0.019247657
0.018683368
0.018976362
0.019250715
0.018690063
0.01896579
0.019403346
0.018943528
0.018596182
0.018738616
0.018561255
0.018747622
0.018855391
0.018545229
0.01892956
0.019031068
0.018955508
0.018498106
0.019706428
0.020229368
0.018949611
0.019509649
0.019623868
0.018734163
0.01963517
0.0199593
0.018663667
0.019427935
0.020297468
0.019123785
0.018576475
0.019043686
0.018439362
0.019112559
0.019603284
0.018657332
0.018939698
0.019703874
0.018777778
0.01845923
0.018766226
0.018283812
0.019120188
0.019648531
0.018693278
0.018704949
0.01909409
0.018423095
0.01873451
0.01925355
0.018412529
0.018581325
0.0190663
0.018371714
0.018504828
0.01901239
0.01830768
0.018406454
0.018791528
0.018182935
0.018506931
0.018994892
0.018209854
0.01831464
0.018732904
0.018069215
0.018319823
0.018858911
0.018072864
0.018108672
0.018489273
0.017844958
0.01821964
0.01876069
0.017872805
0.017795185
0.018085202
0.017351089
0.017924448
0.018535595
0.017282836
0.017056877
0.017503284
0.016605742
0.016629837
0.016930526
0.016034262
0.016446983
0.016873306
0.016048338
0.015639162
0.016040945
0.015592308
0.01537444
0.01601541
0.015723899
0.014875914
0.015457958
0.014799193
0.014779773
0.014772645
0.014739561
0.014305007
0.014262962
0.01404043
0.014162394
0.013956275
0.014194772
0.014098627
0.013681303
0.013869139
0.013862896
0.013722628
0.013340853
0.0134474905
0.013507192
0.013417426
0.013334035
0.013078127
0.013440728
0.013373871
0.012965412
0.012712461
0.012993182
0.0128630595
0.012404706
0.013022396
0.0132354945
0.013573167
0.013268755
0.012619668
0.012552279
0.012421438
0.012496722
0.012130843
0.011731225
0.011478481
0.011646543
0.011359853
0.011547707
0.0115200905
0.011668206
0.0112007065
0.01179682
0.011629529
0.011437592
0.011119831
0.011296038
0.0107430145
0.012027315
0.011746645
0.01129653
0.011470635
0.010875739
0.01078516
0.010837574
0.010879621
0.010852971
0.010636629
0.010880172
0.010659799
0.010872406
0.0108293025
0.010544854
0.0103946095
0.0106983045
0.010334891
0.010843039
0.010552514
0.0106677525
0.010634909
0.010299739
0.010215502
0.010492969
0.0104972245
0.010223132
0.010097951
0.01021697
0.010091152
0.010327629
0.010138604
0.010254822
0.010080527
0.010117295
0.010019544
0.010261175
0.0102456845
0.009843409
0.009797857
0.010207041
0.009986879
0.009978001
0.009811509
0.010101688
0.009871839
0.010026685
0.009975412
0.009800758
0.009769159
0.009891712
0.009824216
0.009811473
0.009729742
0.009905566
0.009847795
0.009665944
0.009654294
0.009740335
0.009662426
0.009705185
0.009637154
0.009645831
0.0095199635
0.009812216
0.009659366
0.009617963
0.009496772
0.009792156
0.009586316
0.009630032
0.009524492
0.009705161
0.009533013
0.009655639
0.009531363
0.009541511
0.009375387
0.0096889315
0.0095567675
0.009582038
0.009467334
0.009486561
0.009500928
0.009493065
0.009483996
0.009338279
0.009300849
0.0094743455
0.009333617
0.009633455
0.009563253
0.009280954
0.009397666
0.009393507
0.00931017
0.00940301
0.009456961
0.009156129
0.009143979
0.009556673
0.009394122
0.009262412
0.009290246
0.009139177
0.009032328
0.009611907
0.009607845
0.009059533
0.009187531
0.009207073
0.009121524
0.009190491
0.009271209
0.009141505
0.00902987
0.009245749
0.008936767
0.009778175
0.009801048
0.008961218
0.009616063
0.009272813
0.009228748
0.009080158
0.008960746
0.009091633
0.008996517
0.008884989
0.009058753
0.0088378
0.009508687
0.00953989
0.009352491
0.009121364
0.00914346
0.009102308
0.0092481105
0.009190854
0.008955534
0.008986694
0.008805798
0.008683695
0.009406571
0.009088633
0.008950616
0.008832679
0.009001704
0.008849478
0.00908605
0.0089819105
0.008834974
0.008751138
0.008865862
0.008665337
0.009260398
0.009038591
0.008781168
0.008733891
0.00899478
0.008756809
0.008875936
0.008830239
0.00872871
0.00866548
0.008838136
