0.28862342
0.057752084
0.06968224
0.038144626
0.027662462
0.029056972
0.024965396
0.02374019
0.024512032
0.022084126
0.02458466
0.026072124
0.022811892
0.022888223
0.0237483
0.022878446
0.022688895
0.022105286
0.02258893
0.02282761
0.021676993
0.022538768
0.023326725
0.022259584
0.021582486
0.021927714
0.021673419
0.021659816
0.021752233
0.021538889
0.021677112
0.02178427
0.021517769
0.021552816
0.02160498
0.021457026
0.021627158
0.021529675
0.021441966
0.021710565
0.021552557
0.021639915
0.021522224
0.021884998
0.02173171
0.021193324
0.021039732
0.021037601
0.020647159
0.020799462
0.020552242
0.020148
0.020006021
0.019804655
0.019557713
0.019713936
0.01948783
0.019149274
0.018913865
0.018596364
0.018300882
0.018529741
0.01827672
0.018254763
0.01789219
0.01763095
0.017392898
0.01784405
0.017379466
0.017362019
0.0171428
0.01703086
0.016827742
0.017053055
0.016815517
0.017103618
0.016660385
0.016562503
0.01650363
0.01634158
0.016342564
0.01588601
0.01583313
0.015727365
0.015550506
0.015511508
0.015332133
0.0153641375
0.015230242
0.015046462
0.01489719
0.014785229
0.014597901
0.014620423
0.014473364
0.014292006
0.014262031
0.013960081
0.013928908
0.013896078
0.01377039
0.013633604
0.013565983
0.01354266
0.013366436
0.013477154
0.013148065
0.013001457
0.013586736
0.013062847
0.013650075
0.013964114
0.013050099
0.013126333
0.013570048
0.01301716
0.012709527
0.012808312
0.012638119
0.012245073
0.012411781
0.012129529
0.012083952
0.012082736
0.011839985
0.011972751
0.011682433
0.011563265
0.011722553
0.011445597
0.0113040535
0.01132015
0.011155163
0.0109657375
0.010863933
0.010722608
0.010907891
0.010674563
0.010365286
0.011112402
0.010938554
0.0107804835
0.010477531
0.010352462
0.0102874115
0.010211724
0.009805765
0.010455885
0.010413631
0.009636509
0.009485743
0.0099077495
0.009545922
0.009432649
0.009407092
0.009285373
0.009071294
0.009072182
0.008820963
0.00925367
0.008868708
0.00881323
0.0087198755
0.008476708
0.008336178
0.008376787
0.0080744205
0.008379909
0.008067786
0.0081419805
0.0078907795
0.008128448
0.007828667
0.0078106583
0.007599016
0.007898762
0.0077370703
0.0075231534
0.007504706
0.007340099
0.0071781077
0.007454468
0.007234488
0.007247001
0.007035118
0.007257149
0.0069731437
0.007169399
0.00682635
0.0074358713
0.0070993286
0.0068887523
0.0067861727
0.0067628534
0.0064961794
0.007086161
0.006973453
0.0064439215
0.006584931
0.00646277
0.0062755593
0.0071871025
0.007265657
0.0061407164
0.0066683986
0.0065432317
0.006277725
0.0065315696
0.0062827724
0.0062974677
0.006233139
0.006235797
0.0060135853
0.006084446
0.005845765
0.00581434
0.0060621947
0.0057113147
0.0061028413
0.006165214
0.006019496
0.006026022
0.005937595
0.0062659755
0.006020067
0.0060225315
0.0060997047
0.0055856206
0.0057322397
0.0056509897
0.0056724795
0.0053505064
0.0059155375
0.005232273
0.007389045
0.007714294
0.0054076123
0.008078872
0.010322252
0.00818075
0.005606497
0.007842977
0.008599427
0.006220496
0.0064558615
0.007126505
0.0059573017
0.006298508
0.0064684376
0.0055715577
0.0059924177
0.0059010196
0.0056405584
0.0056350417
0.005439844
0.005664227
0.005548924
0.0055406787
0.0054870895
0.005300168
0.005492862
0.0054671518
0.00525072
0.005510561
0.0053882687
0.0052522104
0.005318687
0.0053834263
0.0051328824
0.0057112253
0.005700813
0.005325973
0.0051640156
0.0055014505
0.0053288173
0.005120386
0.0050307545
0.0051209847
0.004996756
0.005128641
0.0049680313
0.0052359216
0.004931455
0.005181246
0.005136116
0.004936573
0.004826913
0.005209834
0.0051376317
0.0049383864
0.00511706
0.004618427
0.00551012
0.005140828
0.005010611
0.005314386
0.0046767215
0.0048292014
0.0047901915
0.0045740996
0.0048337607
0.0044737174
0.0056160614
0.0058220946
0.004487558
0.006617775
0.008194131
0.0061218985
0.0047536953
0.005819442
0.005608156
0.004841097
0.005066272
0.004991392
0.0045237453
0.0049266336
0.004676239
0.0046569197
0.004705455
0.0045485604
0.004531993
0.0045218985
0.004495394
0.004518882
0.004506143
0.004564935
0.004523603
0.004560046
0.0043872716
0.004647302
0.004564285
0.004384972
0.004266796
0.0045219893
0.004375271
0.004392732
0.004329868
0.004362104
0.0043302304
0.004220052
0.004109588
0.0044077514
0.004326884
0.004144287
0.0040482604
0.004354204
0.0042248587
0.0042751557
0.004138809
0.004150639
0.004098777
0.0042294543
0.004224119
0.0040113274
0.004087091
0.0038800824
0.003799526
0.0044825436
0.004320157
0.0041191126
0.0040162797
0.0041216514
0.003947552
0.0041615986
0.0040805787
0.003959462
0.004120382
0.0037679232
0.003890313
0.0038108565
0.0037230824
0.003952758
0.0037875725
0.004068689
