0.2900736
0.044148315
0.092871524
0.119855024
0.073380284
0.029134825
0.033705104
0.053610552
0.053176556
0.036583748
0.02392456
0.026534572
0.03335075
0.032067865
0.025818607
0.0219412
0.030140573
0.035119902
0.030831158
0.027363569
0.025985574
0.022483816
0.023020258
0.02513369
0.023932055
0.021714583
0.021058599
0.021080807
0.021497166
0.021625059
0.019955514
0.020917451
0.021741224
0.021147693
0.021158138
0.020176401
0.020016566
0.020628048
0.020177798
0.019657364
0.019631187
0.019838227
0.019632658
0.019367302
0.019361448
0.019482354
0.019013805
0.020931408
0.021504985
0.019469
0.019981308
0.020748364
0.019483294
0.019853545
0.020336425
0.019019458
0.01963321
0.020412127
0.019150766
0.019042717
0.019581283
0.018805835
0.019119605
0.01952981
0.01856971
0.019149264
0.01974085
0.018719068
0.018549178
0.01900722
0.01830563
0.01864793
0.019102082
0.01826474
0.018437896
0.019005807
0.018213194
0.018180147
0.018507302
0.01794983
0.018324116
0.018805543
0.018073289
0.017967358
0.018271443
0.017833479
0.018001795
0.018244676
0.01775845
0.017939089
0.018228484
0.01777128
0.017761145
0.017982887
0.017675588
0.01766657
0.017779244
0.017563634
0.01758528
0.017641861
0.01750475
0.01743474
0.017471125
0.017365476
0.01737543
0.017345577
0.017256377
0.017257273
0.017235016
0.017300893
0.017138693
0.017302614
0.01713389
0.017281277
0.017314037
0.017077291
0.01754357
0.017575046
0.017140908
0.017156927
0.017306047
0.017106898
0.017219624
0.017285079
0.017095067
0.017004052
0.017196931
0.017070487
0.017141614
0.01706438
0.017111216
0.017052634
0.016991207
0.016970366
0.017071417
0.016992271
0.016901026
0.016866641
0.016931036
0.016874123
0.016984716
0.01688623
0.016927777
0.016907183
0.016767455
0.01672673
0.016986864
0.016921798
0.016760059
0.01673144
0.016838882
0.016778259
0.016745964
0.016717816
0.016763223
0.016714057
0.016709907
0.016669624
0.016702881
0.01665838
0.016674194
0.01662504
0.016654126
0.01661374
0.01659949
0.016557723
0.016623214
0.016588693
0.016518567
0.016476719
0.016593538
0.016551474
0.0164411
0.016402025
0.016557565
0.016510667
0.016366137
0.016327232
0.01652821
0.016491016
0.016275859
0.016246533
0.016478775
0.016418366
0.016225845
0.016211271
0.01629635
0.016213046
0.016286036
0.016276086
0.016104085
0.016080057
0.016205452
0.016114527
0.01613855
0.016133996
0.015984701
0.015941963
0.016179446
0.01613079
0.015877454
0.01585224
0.016023604
0.015928734
0.015877593
0.015876113
0.015776614
0.01574806
0.015765416
0.01567434
0.015806299
0.015788538
0.015538349
0.015529942
0.015530768
0.015423802
0.015587586
0.015495245
0.015372471
0.015340102
0.0152856475
0.015174928
0.0152688995
0.015145621
0.015054624
0.014980572
0.014934664
0.014836396
0.014818985
0.01472259
0.014655691
0.014565189
0.014521633
0.014398699
0.014470893
0.014359412
0.014218691
0.014105099
0.014171968
0.014005768
0.013983817
0.013880737
0.013801827
0.013692963
0.01370991
0.013603655
0.013529013
0.013431166
0.01338948
0.013261733
0.013280362
0.013172715
0.013045333
0.01285826
0.01306465
0.012923457
0.012642969
0.012523661
0.01268774
0.01255656
0.012415101
0.012278357
0.012256485
0.012152893
0.012100031
0.0119635025
0.011994033
0.011820191
0.011898562
0.01181287
0.011608596
0.011525919
0.011504307
0.011370507
0.011479299
0.011325379
0.011252463
0.01114691
0.0111333355
0.011005209
0.011034262
0.010911842
0.010894422
0.010766901
0.010806069
0.010703859
0.010636866
0.010530408
0.010580773
0.010454369
0.010453726
0.010346877
0.010421735
0.010331152
0.010252277
0.010186152
0.010188301
0.0100655295
0.010124771
0.009998492
0.01001102
0.009866917
0.00999176
0.009871685
0.009766858
0.009695105
0.009804658
0.009707005
0.009601232
0.009489041
0.009734015
0.009588361
0.009489915
0.009458929
0.009451122
0.009385631
0.009385469
0.009362941
0.009368386
0.009464539
0.009103753
0.0091425525
0.009163751
0.009149444
0.0090804165
0.008902032
0.009514215
0.00916016
0.009176598
0.009404182
0.008801571
0.009737875
0.010143845
0.009180914
0.009136136
0.00939801
0.008924247
0.009112964
0.009018604
0.008861691
0.008872352
0.008582679
0.008923549
0.008763861
0.008662934
0.008644875
0.008628626
0.008780678
0.008378537
0.008875051
0.009047986
0.008781031
0.008560659
0.008602398
0.008566185
0.008475411
0.008818716
0.008463891
0.008619
0.0087086065
0.008228432
0.008087274
0.008440063
0.008251835
0.008554918
0.008353828
0.008374707
0.008235595
0.008301102
0.008021615
0.008525963
0.0084301075
0.008101654
0.007929399
0.008561223
0.0085849585
0.007935218
0.007918787
0.008094323
0.007948214
0.0083247535
0.008171553
0.008033177
0.007938691
0.008002873
0.007910567
0.008012253
0.007873899
0.008080024
0.007970856
0.007760121
0.007689784
0.007914036
0.0077817007
0.007934333
0.007812125
0.007705496
0.0075873155
0.007930129
0.007817558
0.007628821
0.007518681
0.007863831
0.007682855
0.0076569878
0.0075557358
0.00766574
0.0075759445
0.0076209246
0.007510668
0.0075985733
0.0074936715
0.0075651905
0.007507667
0.0074954596
0.007504724
0.007443484
0.007399267
0.007522819
0.007462418
0.007456122
0.0074017905
0.0074395924
0.0074404813
0.0073162974
0.007312462
0.007379076
0.007325007
0.0074064806
0.007370381
0.007356634
0.007352687
0.007241944
0.007206999
0.007333756
0.0073082037
0.00723678
0.0071858433
0.0072901994
0.0072523355
0.00711414
0.0070354133
0.007307781
0.00721946
0.0071249977
0.0070955358
0.007156411
0.0070926435
0.0071502835
0.0071282596
0.00709403
0.007075231
0.00706945
0.0069961385
0.00715374
0.0070995255
0.006976036
0.006937722
0.0071048886
0.0070405067
0.0070050615
0.006996159
0.0069862357
0.0069671534
0.0069884765
0.0069276765
0.007023892
0.0070096753
0.006875579
0.0068476214
0.0070158592
0.00694797
