0.28754094
0.042421516
0.059810147
0.05261144
0.026151003
0.02813979
0.031317037
0.025645882
0.022022337
0.025198152
0.026153652
0.022698814
0.021820784
0.022853112
0.022135505
0.021512171
0.021701822
0.021866173
0.021455223
0.02133972
0.021518687
0.021180289
0.021313211
0.021387545
0.021116726
0.021754421
0.022030905
0.021360388
0.021450786
0.021486038
0.021568669
0.021342637
0.02105357
0.021246249
0.021108076
0.021106586
0.021097971
0.02118221
0.02099868
0.021270344
0.021373615
0.020961607
0.021153582
0.021169404
0.021115566
0.020949548
0.020925848
0.020928597
0.020818383
0.020832649
0.020773118
0.020718185
0.020700451
0.020748599
0.020666858
0.020786984
0.020764863
0.020670408
0.02072191
0.020644015
0.020704448
0.020619886
0.020667026
0.020570874
0.02059335
0.020544773
0.02048477
0.020511674
0.020507162
0.020414934
0.020655856
0.02056878
0.020443171
0.020211345
0.020103894
0.020099672
0.01988496
0.01996694
0.01990267
0.019831859
0.01979976
0.019668432
0.01980869
0.019687787
0.019576686
0.019463783
0.019446017
0.019294763
0.019159654
0.019114902
0.018813914
0.018771183
0.018620398
0.018311305
0.018347835
0.018206479
0.017804833
0.018042132
0.017942829
0.017675566
0.017823977
0.017689548
0.017527506
0.017513588
0.01733882
0.017665563
0.017408287
0.017756827
0.017833496
0.01737874
0.01736495
0.017321384
0.01726936
0.016996924
0.01700526
0.01695366
0.016796898
0.017062781
0.017059607
0.016892092
0.016736561
0.016816825
0.016742622
0.01663924
0.016701216
0.016604217
0.016624363
0.016440436
0.016922366
0.017039666
0.016681204
0.016432012
0.016769283
0.016666403
0.016469343
0.016449004
0.016580628
0.016308678
0.016441224
0.016560381
0.016162887
0.016047074
0.016280208
0.016120449
0.016231306
0.016261814
0.015906593
0.015906055
0.015943341
0.015769793
0.015753524
0.015810328
0.015581936
0.015648352
0.015533705
0.015841736
0.015328686
0.015488707
0.015574314
0.015353429
0.015231413
0.015213083
0.015158472
0.014966588
0.015384681
0.015117462
0.015165351
0.01501336
0.014851456
0.015003764
0.01488478
0.014725961
0.014784808
0.014634322
0.014224592
0.014492691
0.014240417
0.014330424
0.0141675845
0.013907805
0.013873273
0.0136844665
0.013518107
0.013382152
0.013075539
0.013125981
0.0131512135
0.012649755
0.013196598
0.012835003
0.012430309
0.0126326
0.012418496
0.011796474
0.013982065
0.013954262
0.0120429145
0.012614765
0.01223519
0.011932462
0.012014813
0.01166559
0.011380489
0.011289824
0.010864139
0.011155865
0.010483687
0.011517607
0.010618848
0.010644245
0.010447097
0.010204862
0.0100185545
0.010220919
0.009845534
0.0102761425
0.010014988
0.010442336
0.010140399
0.010055751
0.009723222
0.009604392
0.009695572
0.009095993
0.009339598
0.009525132
0.008789678
0.009503846
0.009730755
0.008966871
0.009585369
0.009750569
0.00888328
0.008992723
0.009704798
0.009059639
0.008425359
0.012107871
0.012249748
0.0097486265
0.00920307
0.009264507
0.009806827
0.009846277
0.008327427
0.0124284215
0.013013183
0.009742538
0.0104056215
0.00966479
0.010181303
0.011188784
0.008731756
0.009659625
0.009994554
0.009987616
0.009429628
0.008475162
0.008499909
0.009228737
0.00827498
0.009167552
0.008839893
0.00956726
0.008971249
0.008337558
0.008024082
0.009987649
0.00944569
0.00813204
0.008425263
0.008185429
0.008171186
0.007959134
0.0078015476
0.007913499
0.008005389
0.0077589643
0.007982503
0.0076993755
0.007872636
0.007820226
0.0076878364
0.007551793
0.007312345
0.008540819
0.0077807996
0.008479067
0.008487881
0.0073364754
0.0075170803
0.0074700094
0.007345641
0.00758261
0.007272597
0.007016411
0.008295358
0.008009582
0.007920981
0.0073268176
0.008860864
0.008618258
0.007419249
0.0073055043
0.007873404
0.0078061856
0.0077130706
0.0075467317
0.007287053
0.0071199746
0.007830565
0.0075062513
0.007236568
0.0071347714
0.007519914
0.0072301845
0.0074788094
0.0074364417
0.007003578
0.006838504
0.0078014634
0.007782701
0.0068555535
0.006805347
0.007254908
0.0068450137
0.007586021
0.007684956
0.006533157
0.006753879
0.0068864934
0.00640044
0.006901869
0.006708432
0.0063385665
0.007451926
0.0072319433
0.006927252
0.006615609
0.008888699
0.008305211
0.006483905
0.0063774497
0.007592807
0.006916366
0.0073121344
0.0073663034
0.006383395
0.0062946402
0.0074002543
0.0071528717
0.0067368387
0.0067234286
0.006502801
0.006283514
0.007593885
0.0073431875
0.0064037708
0.0063718706
0.0067267152
0.006080533
0.007943806
0.008398541
0.006270546
0.00928636
0.011145358
0.007853762
0.008540366
0.008713401
0.007943836
0.008430417
0.008628222
0.007351817
0.0073687225
0.007693431
0.0071813897
0.006742884
0.006958876
0.006572993
0.0077262768
0.007781115
0.0064191236
0.0066934437
0.0071156262
0.006067705
0.0072930288
0.008340913
0.0072288997
0.006329026
0.007676477
0.008995279
0.008087209
0.006663814
0.0074239145
0.0074707493
0.00866519
0.007886521
0.00763291
0.007894274
0.006343115
0.0066371188
0.006776909
0.006319467
0.0070333616
0.0072034537
0.0072970674
0.0063897236
0.0073704706
0.0075916597
0.006965213
0.006747237
0.0063455533
0.006119562
0.006869065
0.006635167
0.0073219375
0.0071128146
0.0057484484
0.005767174
0.0059402473
0.0056892405
0.005661895
0.0055918396
0.0061033913
0.005654184
0.0075569204
0.0076350174
0.0057911463
0.0073248674
0.006783509
0.0073896754
0.0069624553
0.0065883324
0.006330054
0.0058081984
0.0055791982
0.0066385497
0.0064565227
0.007095004
0.0072336583
0.005650541
0.005949413
0.0058219
0.005695663
0.0060549974
0.005637584
0.006311932
0.006254915
0.0070809894
0.006717593
0.0063495548
0.0062026507
0.006007899
0.0056029144
0.006005332
0.005910635
0.0064788344
0.0060078776
0.0058492585
0.005794807
0.0058107455
0.0055927946
0.005879469
0.005860457
0.0053886385
0.005090861
0.0060179383
0.0056761927
0.0057473797
0.005735406
0.005389922
0.0052801203
0.0057601966
0.0055962987
0.0052095666
0.005087222
0.0057276473
0.0055292733
0.0051910686
0.005121236
0.005279172
0.0050714375
0.00533301
0.0052308645
0.0051525873
0.0049793147
0.005347371
0.005187799
0.005116613
0.0050153057
0.0051199137
0.004966065
0.005215024
0.0050238613
0.0051043206
0.0049134973
0.0052330648
0.0050722663
0.004980758
0.0048660063
0.005169537
0.005049584
0.0048829713
0.0048293085
0.0050286986
0.0048972573
0.004964762
0.0048957095
0.004886069
0.004776384
0.005005006
0.0049032285
0.0048302603
0.0047274157
0.0049445345
0.004796021
0.0048058773
0.0046967342
0.004824346
0.0046909004
0.0048994874
0.0048151724
0.00466298
0.004519171
0.0051168795
0.0048659495
0.004638312
0.004505787
0.005078861
0.0047286837
0.0048916033
0.004894182
0.0045507634
0.00444702
0.00479099
0.0044610496
0.005190797
0.0049482617
0.0045225867
0.0044151433
0.004899367
0.004558072
0.0049545467
0.0050437623
0.0044133603
0.0043804063
0.0049862214
0.0044701644
0.005005999
0.005092416
0.004524352
