0.28827623
0.09269455
0.0632569
0.031557098
0.033030074
0.031518824
0.023371613
0.028078943
0.030772522
0.024475502
0.02333871
0.024423277
0.02479563
0.023181438
0.02195195
0.02343049
0.023213573
0.021648362
0.022774132
0.02316285
0.022107333
0.021940775
0.02192379
0.022235608
0.021571876
0.021671562
0.021938741
0.021514067
0.021433294
0.02137962
0.021504262
0.021071574
0.021740941
0.022059051
0.021269446
0.021390146
0.021576032
0.020922944
0.021820754
0.022411747
0.021228416
0.0209549
0.021460615
0.020937512
0.02082856
0.021027356
0.020590607
0.021188661
0.021225343
0.020722076
0.021062696
0.021032846
0.020611482
0.020812724
0.020590624
0.020997966
0.021127453
0.020537512
0.021275759
0.021768576
0.020942941
0.020876525
0.02137799
0.02100111
0.020512128
0.02088368
0.020496184
0.021219341
0.021579972
0.020696005
0.020895973
0.021121277
0.020843983
0.020558506
0.020880973
0.020871649
0.020272003
0.020994278
0.020822192
0.020215403
0.02021084
0.020354293
0.020156017
0.020515272
0.02050559
0.019928064
0.020195952
0.01992058
0.019930808
0.019927712
0.019437911
0.019678438
0.019366993
0.019325644
0.019281117
0.019137586
0.018876525
0.019126132
0.018847182
0.018788626
0.01874238
0.018498102
0.018404769
0.018459247
0.018117486
0.018647807
0.018632649
0.017822184
0.018092783
0.01787403
0.01804441
0.017976439
0.017969029
0.018025322
0.017620685
0.017518498
0.017426597
0.017260628
0.017434498
0.01721224
0.01698167
0.016930044
0.016938614
0.016897993
0.016757047
0.016859608
0.01659542
0.017355911
0.017591268
0.016824208
0.01697716
0.017351096
0.017160002
0.01663552
0.017454393
0.017861439
0.016630096
0.017160898
0.017999887
0.01700711
0.016850255
0.017031627
0.016433172
0.016805498
0.016638812
0.01621396
0.016264716
0.015924305
0.01646472
0.016434832
0.016084177
0.015917275
0.01598577
0.015844962
0.01569474
0.015665157
0.0155632505
0.0155659765
0.015313302
0.0155725
0.015512471
0.015247256
0.015093848
0.0154499365
0.0152563155
0.014990158
0.014937281
0.014341512
0.014368404
0.014074579
0.0137950955
0.014200547
0.013755982
0.014072288
0.01387205
0.013217968
0.012955618
0.013556269
0.013159473
0.013273076
0.013058024
0.012677946
0.012593073
0.01272181
0.012703535
0.012164558
0.0119793415
0.012771026
0.012733319
0.011749203
0.011690195
0.011862238
0.01161009
0.011992571
0.011780004
0.011475809
0.011417148
0.011418369
0.011356093
0.011326541
0.011372402
0.010891748
0.011132221
0.010804981
0.012068848
0.012543184
0.012229075
0.011674885
0.0108379265
0.011631995
0.011713751
0.0111745
0.010859164
0.011172175
0.011201568
0.010723147
0.010608956
0.010811664
0.010764183
0.0102850115
0.011489503
0.012051719
0.011243947
0.011331573
0.011587113
0.010872062
0.011477624
0.0121001005
0.010993347
0.010795643
0.011061464
0.010435219
0.010667141
0.0106542185
0.010374004
0.01038548
0.009981128
0.01035757
0.010177643
0.010569327
0.010603904
0.010087717
0.0102344435
0.0103057325
0.009726747
0.010394785
0.01027775
0.010044875
0.010185133
0.009924568
0.009800295
0.009836406
0.009663118
0.009619758
0.009484034
0.010005294
0.010049903
0.009779676
0.009695562
0.009896427
0.009513669
0.009907029
0.010190427
0.009787284
0.009682574
0.009480187
0.009512523
0.009413705
0.0092122955
0.009399979
0.009182674
0.009898244
0.009840187
0.009731207
0.009595227
0.009628882
0.0094729215
0.009640248
0.0096311085
0.008972259
0.009196804
0.009147664
0.009039612
0.009642678
0.009610175
0.008956983
0.008942428
0.008964089
0.008827738
0.008764473
0.009384009
0.009211541
0.009264197
0.009499495
0.009037532
0.009264492
0.009026135
0.008955296
0.0091631785
0.00900751
0.00870093
0.009051782
0.008927187
0.008720949
0.008752886
0.0087313615
0.00863794
0.008625179
0.008652056
0.008497861
0.00841019
0.008643795
0.008447898
0.008802739
0.008760493
0.008422827
0.008485541
0.008321789
0.008547389
0.008335539
0.008556589
0.008491427
0.008210886
0.008194665
0.00823642
0.008079836
0.008519503
0.00842169
0.007996649
0.00796052
0.008274295
0.008140313
0.007914505
0.007891635
0.007971498
0.007821
0.008106139
0.008040732
0.0077732876
0.007829498
0.0076205716
0.00784905
0.0075612427
0.007673712
0.007877219
0.007693764
0.008140019
0.008252236
0.007655397
0.0077237315
0.007769858
0.0074910154
0.0076585957
0.007408093
0.008071277
0.008153121
0.0078060157
0.0076094517
0.008001781
0.0073687597
0.008106724
0.008426237
0.0075329463
0.007744607
0.00791108
0.007308992
0.007580685
0.0075289425
0.007450977
0.0074008084
0.0073950286
0.0071619987
0.0073246844
0.00720364
0.007644681
0.007606417
0.007300083
0.0070043392
0.0072705536
0.007179069
0.0073603573
0.00751098
0.007142002
0.00697905
0.007126335
0.007188765
0.0070464355
0.0070348145
0.007082782
0.006980576
0.0068277563
0.0068131634
0.0068113557
0.0066591543
0.0072125285
0.0071317875
0.007082116
0.0070490516
0.006993612
0.0068651517
0.006808676
0.0067859157
0.0069815814
0.006840229
0.0070048138
0.007188291
0.006910035
0.0067405123
0.0067159715
0.0065333
0.006815622
0.006690888
0.0065282434
0.006668613
0.0065432773
0.006626774
0.006565075
0.006539537
0.00639176
0.0065493807
0.006415611
0.006537249
0.006441869
0.0065583363
0.0063982406
0.0064343493
0.0063097086
0.00652191
0.0064038145
0.0064654923
0.006354613
0.0063959756
0.0062196
0.0064346655
0.006317685
0.006237298
0.0062080077
0.006296472
0.0061988444
0.0063035223
0.0061891316
0.0063544847
0.006362716
0.0060509467
0.0061772256
0.0059418916
0.0061359913
0.005944732
0.0065216697
0.0064817797
0.005940693
0.00628468
0.0061374498
0.0061055943
0.0061537935
0.0059497356
0.0061281337
0.0060915756
0.0061041433
0.0063901828
0.0059249015
0.006209726
0.0060221707
0.0059847026
0.006136541
0.005834048
0.006261715
0.0066505484
0.0060961316
0.0058596632
0.0063873753
0.0062493943
0.006233424
0.00602229
0.006260209
0.0061298367
0.005939748
0.0059299543
0.005977232
0.0058640875
0.0060952734
0.0060255635
0.0059195734
0.005892787
0.0060012327
0.0058570043
0.006040866
0.005954062
0.005907029
0.0057557635
0.005782587
0.005668176
0.006055772
0.0060610273
0.0056887716
0.0056729107
0.005734337
0.0055330903
0.005842235
0.005890209
0.0055703656
0.005859545
0.005644617
0.0055098166
0.005805218
0.0056655332
0.0054351394
0.005788546
0.0057538226
0.0056637167
0.005704198
0.0056405296
0.005607667
0.005584655
0.005519597
0.0055049583
0.0054754466
0.0056567513
0.005416094
0.005717985
0.005744586
0.0055408017
0.0056273243
0.005431934
0.0055927187
0.0055460674
0.00565616
0.005493839
0.0054254513
0.005468428
0.0053476295
0.005319854
0.0052866954
0.005292146
0.005369861
0.0053417706
0.0051188325
0.005423303
0.0053237095
0.0053593316
0.0055032726
0.0052601784
0.0054357625
0.0054132906
0.0051045436
0.005387507
0.005341371
0.005404655
0.0054659187
0.005128581
0.0053624795
