0.28790858
0.045518473
0.0685814
0.0574452
0.024680937
0.03665277
0.04461043
0.033061415
0.022312874
0.026889348
0.031170128
0.028221384
0.023540214
0.022074444
0.02464296
0.024695797
0.021501394
0.02189062
0.023403993
0.022842452
0.021148404
0.02095679
0.02165434
0.02147343
0.02029363
0.021214148
0.022107713
0.021155285
0.020386644
0.020575734
0.020903274
0.02045363
0.019910311
0.020431558
0.020070566
0.020155527
0.020022368
0.02010972
0.019838268
0.019875294
0.019761125
0.020024104
0.01996306
0.019948045
0.019777775
0.019725055
0.019831954
0.019494511
0.019865593
0.019853389
0.01948252
0.01939234
0.019140162
0.019134635
0.018918872
0.018630376
0.01857443
0.018545328
0.018167341
0.01820606
0.017856775
0.017523235
0.017172199
0.017081352
0.016830055
0.016359523
0.016396053
0.016206015
0.016385904
0.016097197
0.017430326
0.016680246
0.016278649
0.01631863
0.01608509
0.015842402
0.015816601
0.015652506
0.015347548
0.015561797
0.015620448
0.015406016
0.015120242
0.015179249
0.015112519
0.015105128
0.01485194
0.015495705
0.015640981
0.014789608
0.0152911795
0.015688298
0.01473155
0.014863059
0.015349721
0.014520039
0.014741887
0.015236244
0.014476339
0.014441528
0.014727525
0.014083244
0.014921895
0.01563777
0.014614806
0.01397493
0.014477267
0.014210254
0.0139422575
0.013981797
0.013751711
0.014450538
0.014591266
0.013902311
0.01400194
0.014236696
0.013786425
0.013687395
0.013754964
0.013426044
0.013610768
0.013408154
0.013621985
0.01371069
0.013268569
0.013427235
0.013372225
0.013063534
0.0133272065
0.013018529
0.013328622
0.013423274
0.013084297
0.012998116
0.012981032
0.012820312
0.01273026
0.012757036
0.012749421
0.012572574
0.012760167
0.012422872
0.013053786
0.0133990785
0.012503716
0.0124389855
0.012719824
0.01235313
