0.29043105
0.04354893
0.074869126
0.063999034
0.028226495
0.030239994
0.03554347
0.02831916
0.02316054
0.025261158
0.026752507
0.024995541
0.022505613
0.024678608
0.027278662
0.025315413
0.022290492
0.022793284
0.023668915
0.023069447
0.022503944
0.021597167
0.021514961
0.021800324
0.020985717
0.02099377
0.02118697
0.020986004
0.020497128
0.020023245
0.020290053
0.019896185
0.019611992
0.019550787
0.019395934
0.018999958
0.018694257
0.018659115
0.018363727
0.018040625
0.018055223
0.018002972
0.01793061
0.018205017
0.017898621
0.018782414
0.018949842
0.01785588
0.018853297
0.019589908
0.018424483
0.017875286
0.01830773
0.017790163
0.017914928
0.018136093
0.017604385
0.018152231
0.018579572
0.017827896
0.017766528
0.018106336
0.01761838
0.017778615
0.018103642
0.017575955
0.017620916
0.0179109
0.017462617
0.017697947
0.018020764
0.017528376
0.01751873
0.017720398
0.017388133
0.01747744
0.017591074
0.017221145
0.017646058
0.017938288
0.017399412
0.017300634
0.017471435
0.017166147
0.017323561
0.017430203
0.017084325
0.017256843
0.017371805
0.016967058
0.017326139
0.01760937
0.017168222
0.016911628
0.017233508
0.01703737
0.016839873
0.016913546
0.016778229
0.016939446
0.016906181
0.016740976
0.016740754
0.01670066
0.016548028
0.016520338
0.016562939
0.016398428
0.0166787
0.016693527
0.016391655
0.016383704
0.016295757
0.01633639
0.016354447
0.016133493
0.016150368
0.016116435
0.015995236
0.015985513
0.0158438
0.016230559
0.016197817
0.01596525
0.015985692
0.015686348
0.015722694
0.015526584
0.015773902
0.015717695
0.015524472
0.015460531
0.015287112
0.015167569
0.0151481135
0.0149718495
0.015066239
0.014970916
0.014935919
0.014767863
0.01491572
0.01477114
0.014802399
0.014972582
0.014422814
0.014971604
0.0151387835
0.014385968
0.014707177
0.014609411
0.01417885
0.014315248
0.013940126
0.014157329
0.013971937
0.013892108
0.01369096
0.013879717
0.013779443
0.013594258
0.013560221
0.013403114
0.013294615
0.0133891
0.013233234
0.013003844
0.01315713
0.012937893
0.013191965
0.013014269
0.013055871
0.013005726
0.012499277
0.012311314
0.012528474
0.012312916
0.012622868
0.0124697285
0.012003652
0.012051828
0.012006608
0.0116657615
0.011993905
0.011884677
0.011402623
0.011201781
0.011641491
0.011536132
0.011331577
0.011494775
0.011035308
0.0109877065
0.011009456
0.0105157355
0.011285213
0.010738824
0.01103831
0.010687518
0.010530268
0.010395552
0.010470946
0.010421195
0.010075831
0.01004744
0.00980733
0.0096908705
0.009857544
0.0096138995
0.010116937
0.009574538
0.010255743
0.010483116
0.00959752
0.009797539
0.009743967
0.009341215
0.009478609
0.008956631
0.009195836
0.008740556
0.010017703
0.009614331
0.008938766
0.009091399
0.008623368
0.008592109
0.008707039
0.008476506
0.009242416
0.00911509
0.0087344805
0.00869071
0.00833236
0.008911469
0.008388538
0.009440325
0.009260819
0.00806331
0.007962984
0.008257866
0.007706959
0.00945714
0.010001031
0.008166817
0.009532389
0.010406266
0.0089074895
0.009495474
0.010467965
0.009160949
0.008541538
0.008793987
0.008033506
0.008760378
0.00903663
0.0077442173
0.009204728
0.009870433
0.007960401
0.008134477
0.008825098
0.0076894686
0.007965034
0.008597524
0.0074914093
0.007895942
0.008144911
0.007357879
0.0076246946
0.0075995848
0.0073424517
0.0070771985
0.007074972
0.0069964104
0.0069115576
0.0070736133
0.0070843957
0.006716857
0.006765997
0.0066894754
0.006294166
0.006475149
0.006605132
0.0065072067
0.006195408
0.0067260712
0.0066340584
0.006500657
0.0060854754
0.006716644
0.006518776
0.0060782656
0.0059050024
0.0063724034
0.0062674857
0.005966773
0.0057751504
0.005812029
0.0056501552
0.005911372
0.0056861606
0.00578255
0.0057981424
0.0053234794
0.005668866
0.0052584684
0.0071715326
0.006911988
0.0057933256
0.0065023415
0.0057286904
0.0055777677
0.0055169226
0.005289441
0.005456622
0.0051432406
0.0049990504
0.004995208
0.0050044614
0.0049199327
0.004811027
0.0048152567
0.0047485414
0.004525142
0.0055150655
0.0048796763
0.0058196136
0.0056591067
0.0044924305
0.0058122776
0.005757419
0.004935656
0.0050197016
0.0051622875
0.004489698
0.0049151275
0.0047118473
0.004497975
0.0044651227
0.0043310723
0.004661355
0.0042552655
0.004529992
0.004719608
0.0040880884
0.00443444
0.004305693
0.004179825
0.0041469247
0.0040074307
0.0039138026
0.003923477
0.0038056877
0.0037138208
0.0040902444
0.0036803659
0.003667243
0.0035391066
0.00401241
0.0037804255
0.0035712272
0.004496992
0.0044359653
0.0038590748
0.003617442
0.0039024984
0.0036621846
0.004024387
0.0036849321
0.0041063167
0.0041539813
0.0033501415
0.0032545498
0.0035644209
0.0033364736
0.003882478
0.0037796367
0.0032884784
0.0029661302
0.0041194954
0.004017497
0.0035539644
0.0037445722
0.0030469985
0.0032998463
0.0030440434
0.0036756687
0.0035551495
0.0035839828
0.003256581
0.0037367821
0.0033688906
0.0032524264
0.003370973
0.0028804466
0.0031527493
0.0028175078
0.0029881045
0.0027814321
0.0026786204
0.0029122166
0.0027353093
0.003215039
0.0030493515
0.003175238
0.0030257348
0.0030576559
0.0029457323
0.002915657
0.0027762346
0.0028930448
0.0025732608
0.002739666
0.00258631
0.003162821
0.002997819
0.002874409
0.0029279466
0.0028192978
0.002706974
0.0026338045
0.0025261976
0.0024579735
0.0025175866
0.002321967
0.0025190401
0.002666692
0.002258404
0.0031404234
0.0034336268
0.0027643244
0.0026060662
0.0028444428
0.0024809928
0.0025838811
0.002870641
0.0024031608
0.002367037
0.0023401259
0.0024162924
0.0027455946
0.002512018
0.0026848211
0.0026552083
0.002578714
0.0025707309
0.0025337317
0.0025274283
0.0023904394
0.0027526503
0.002531098
0.0027294047
0.0029196125
0.0030855339
0.0028290693
0.0023494202
0.0026112718
0.0024080973
0.0025285932
0.0023129238
0.0028502059
0.0028784927
