0.2885009
0.057130057
0.05562352
0.03432661
0.027243076
0.026596218
0.024185164
0.024595136
0.023661701
0.022053538
0.023002267
0.022419548
0.021416515
0.022030212
0.021988584
0.021032253
0.021821504
0.022263682
0.021089904
0.02159095
0.022697568
0.021665484
0.020914227
0.021387093
0.021256654
0.020932682
0.020787366
0.021045739
0.02093052
0.020438509
0.021361372
0.021745628
0.020705003
0.020832025
0.021428302
0.020736508
0.020445753
0.02081602
0.020277664
0.020646371
0.020943264
0.020204505
0.020444684
0.02107211
0.020393573
0.019870566
0.020551285
0.020385982
0.019976554
0.019168839
0.020408671
0.019336114
0.02240692
0.023711666
0.019042976
0.022818973
0.026090777
0.02251666
0.018410794
0.020545194
0.020041525
0.018603884
0.018685298
0.018120164
0.01807359
0.018104794
0.017979192
0.017829692
0.017914696
0.017752958
0.017720077
0.017803036
0.017554367
0.017597102
0.017593672
0.017540017
0.017474791
0.01746487
0.01731111
0.017536895
0.017387973
0.017631492
0.017275361
0.018532509
0.019011628
0.01739798
0.018745875
0.020180957
0.018805696
0.017598487
0.018133184
0.018260522
0.017869381
0.017390028
0.017717473
0.017776629
0.017015176
0.018134033
0.0188173
0.017703878
0.01745762
0.017525068
0.017361965
0.01726278
0.017049853
0.017092282
0.016885126
0.017398164
0.017539032
0.016783489
0.018064998
0.019179117
0.018040707
0.01689046
0.017165668
0.016996518
0.017501665
0.017511642
0.016695388
0.016695885
0.017089175
0.016848495
0.016530765
0.016570413
0.016581234
0.016379321
0.016584156
0.016590117
0.016377248
0.016314745
0.016292697
0.016186234
0.01623247
0.016194083
0.015955012
0.016063692
0.016114706
0.015878426
0.015741905
0.0155798225
0.015537571
0.015418891
0.015426774
0.015491471
0.015172078
0.016213158
0.016100679
0.015552544
0.015658056
0.015247114
0.014937895
0.01565354
0.015676335
0.015412866
0.014959098
0.015253637
0.015159894
0.015141152
0.015125799
0.01505812
0.014828033
0.014692065
0.014494444
0.014917585
0.014536674
0.014845628
0.0148011
0.014096576
0.0140955
0.014560265
0.014487638
0.014141727
0.0141407205
0.013959568
0.013702489
0.014317949
0.014197893
0.013995078
0.013800658
0.013637059
0.013572621
0.013403905
0.01326476
0.013248916
0.0135204075
0.013147025
0.012931126
0.01347041
0.013227344
0.013480251
0.01344308
0.01306476
0.01300864
0.012472575
0.012279619
0.013243788
0.013040858
0.012435836
0.012751876
0.012269042
0.012563785
0.012532029
0.011679274
0.012476589
0.01221018
0.011678158
0.011710291
0.011335851
0.011894017
0.011350565
0.012512987
0.012542722
0.011155061
0.011840899
0.011817746
0.011131649
0.012051765
0.012752905
0.010893491
0.01229388
0.013747168
0.011594932
0.011358117
0.0117114335
0.011127221
0.010885038
0.010813434
0.011018239
0.010224573
0.01123849
0.010987632
0.010122914
0.00995707
0.010944441
0.010882073
0.0102880495
0.010703088
0.01037483
0.010124265
0.010513174
0.01054803
0.009702944
0.0096501345
0.010329678
0.009960311
0.010323199
0.010425426
0.009539745
0.010191421
0.00981233
0.010314192
0.010481487
0.009500134
0.010245571
0.009952462
0.009489276
0.009848757
0.009423872
0.010126885
0.01028536
0.00939301
0.009550642
0.009555448
0.009727509
0.00943156
0.009253579
0.009442455
0.0092418855
0.009411038
0.009022343
0.008855802
0.009760048
0.009543135
0.009114876
0.009403612
0.008965398
0.009094448
0.008813969
0.008886673
0.00874047
0.009080737
0.009016003
0.008767433
0.0086793015
0.008555244
0.008873452
0.0084406175
0.009730495
0.0097207045
0.008495761
0.009305081
0.009064705
0.00842469
0.008364589
0.008476603
0.00832453
0.008834359
0.008990102
0.008207989
0.008700442
0.00836908
0.008277423
0.008211345
0.008112267
0.008690207
0.008602728
0.008675455
0.008281884
0.008348987
0.008247678
0.008483374
0.008029577
0.0083633
0.008420945
0.008270494
0.008244921
0.0079758465
0.008478318
0.007857946
0.008228156
0.0080753695
0.007947184
0.007803783
0.008308568
0.008244503
0.0082928175
0.008148656
0.008013189
0.008554115
0.00842652
0.0079462305
0.0077522416
0.00796334
0.008038861
0.008057962
0.007890109
0.007814159
0.008305111
0.007607147
0.009306829
0.009891749
0.0081042405
0.008517175
0.009087441
0.008208052
0.0077991956
0.008125908
0.007857706
0.008363352
0.008452992
0.007819506
0.0077696256
0.007653054
0.007582499
0.007949234
0.0077135935
0.0082514025
0.00797762
0.008026204
0.0078088627
0.0077959686
0.007580906
0.008198336
0.0077593657
0.008122589
0.008258852
0.007390397
0.007736499
0.0074084126
0.0074306936
0.0073923464
0.007473191
0.007397668
0.007371874
0.007581875
0.0073811724
0.0074495785
0.0073367194
0.007402111
0.007413833
0.0072788377
0.0079894215
0.007816671
0.0076178834
0.0075028534
0.0076775923
0.007646224
0.007685881
0.007409087
0.0074679237
0.007586368
0.0073699504
0.0073249503
0.0070644743
0.0076949038
0.0074220137
0.007853693
0.0077522267
0.008206625
0.008196545
0.0074472968
0.007814397
0.0077836798
0.007280346
0.007812542
0.0077491477
0.007266967
0.007210873
0.0071491576
0.0071201487
0.007377911
0.0072153644
0.0076456233
0.00753814
0.007040302
0.00710517
0.007340152
0.007075403
0.0073511284
0.0075883945
0.0070028254
0.007163008
0.0072334073
0.007163234
0.007104238
0.007037509
0.0069870143
0.0070128315
0.0071223765
0.00721647
0.007022742
0.0069755185
0.0069023813
0.0072424538
0.0070832022
0.007007697
0.0072192424
0.0070124683
0.0076582227
0.0073286593
0.0072547295
0.006958624
0.007172541
0.0067454427
0.0077410364
0.007960605
0.007235378
0.0073861987
0.0073551894
0.007486655
0.007231397
0.0071365465
0.0073259305
0.0068689534
0.007304117
0.007471103
0.007257054
0.0069970735
0.007009572
0.0075990446
0.006926769
0.007028341
0.0069582914
0.00699443
0.0068824175
0.0069416636
0.00686946
0.00680209
0.0067871367
0.0067117033
0.0064889356
0.007777591
0.0076986197
0.007083803
0.007147692
0.0069128354
0.006865891
0.0066078417
0.006963763
0.007032582
0.006755756
0.006617948
0.0063854516
0.006830593
0.006594392
0.006453719
0.006764412
0.006531702
0.0065742894
0.006434322
0.0068142223
0.0066930745
0.0064302892
0.006353999
0.0065341033
0.0064300536
0.0065126903
0.0063992403
0.0065891217
0.006542782
0.0063667125
0.006508389
0.0062324503
0.0068738647
0.0068617216
0.0067285225
0.00650112
0.0064829555
0.0064463317
0.006407955
0.006483615
0.006224226
0.0070512793
0.00682559
0.0066460385
0.0065986267
0.0067508095
0.0064014844
0.0067404862
0.006798368
0.0061096144
0.00613209
0.006311771
0.0060920417
0.0062774755
0.0064170263
0.006116692
0.006716585
0.0068449825
0.006077206
0.0061271875
0.0063250046
0.0059592687
0.006225622
0.006247914
0.005920419
0.0061933934
0.006098783
0.0058549405
0.0065166964
0.0064442293
0.0061277053
0.00589497
0.0067339973
0.006406507
0.006518299
