0.2888379
0.043215457
0.06472969
0.054079827
0.026420543
0.028569333
0.031853035
0.025134074
0.023410918
0.025650522
0.023768067
0.022002542
0.022341518
0.021926539
0.022111526
0.021850884
0.022353023
0.022374481
0.021831265
0.022086835
0.02209928
0.021587074
0.022745186
0.023064077
0.02197236
0.02154983
0.021344185
0.021609208
0.020854717
0.021215903
0.02135981
0.020677768
0.020286478
0.019992312
0.019965092
0.019588038
0.019380154
0.019079603
0.019615002
0.018337037
0.018618692
0.017835576
0.01746449
0.016750172
0.016593195
0.01625749
0.016167134
0.01577326
0.016196597
0.015913276
0.015792212
0.015759915
0.015536804
0.01537976
0.015553241
0.015327475
0.015409564
0.015005653
0.015482777
0.015357827
0.01461383
0.014809887
0.014559015
0.014483848
0.0145255355
0.014273454
0.014497932
0.014497255
0.014295445
0.014081572
0.014274039
0.014094185
0.014209093
0.014264811
0.01390976
0.013787769
0.01394964
0.013772532
0.013936117
0.013963322
0.013754412
0.013624735
0.013679315
0.013671427
0.013430502
0.013382805
0.013375468
0.01329149
0.013196093
0.013545349
0.013462699
0.013445828
0.0134629235
0.0130035095
0.013769398
0.0141629325
0.013179608
0.013879876
0.014877643
0.013951037
0.012903836
0.013554
0.013653488
0.01310277
0.012935541
0.013245322
0.012914035
0.012939508
0.012936856
0.012795545
0.012589169
0.012846199
0.012552285
0.012509855
0.012638974
0.012398817
0.012633045
0.012705798
0.01233425
0.012428588
0.012463785
0.01213172
0.012316818
0.012282881
0.012031816
0.012456666
0.012595341
0.012308429
0.011947311
0.012322627
0.012528981
0.012081958
0.011888657
0.0119194025
0.012049131
0.0117009105
0.01182961
0.011903918
0.011768061
0.011583417
0.011483152
0.011611034
0.011329454
0.011345524
0.011425746
0.011375581
0.01110961
0.011172634
0.011139624
0.01100668
0.01109686
0.011069055
0.0109847365
0.0108078765
0.010976289
0.010962102
0.0106452955
0.010801288
0.010678279
0.010632627
0.010538369
0.01049834
0.010276816
0.010606882
0.010484478
0.010275998
0.010565826
0.010309965
0.010801024
0.010863121
0.010530789
0.010441287
0.010143054
0.01012648
0.010004556
0.00987026
0.009888741
0.009972865
0.009723012
0.00984227
0.009877591
0.009655685
0.009681065
0.009591701
0.009738473
0.009503444
0.009634133
0.009750821
0.009466581
0.009619348
0.009853124
0.009458686
0.009536412
0.009847264
0.009454931
0.0092835715
0.009537396
0.009341349
0.009042084
0.009611598
0.0093899295
0.009526993
0.009304445
0.009574054
0.009402957
0.009390396
0.009408673
0.009399328
0.009141908
0.009151254
0.009133524
0.009028635
0.008876783
0.009025638
0.0089512495
0.009047579
0.009016135
0.008892783
0.008819472
0.008856535
0.008906278
0.008586769
0.008663514
0.008705773
0.008619907
0.008657464
0.00863226
0.008408874
0.008457958
0.008582718
0.008366625
0.008413121
0.008313234
0.008240848
0.0083683245
0.008297379
0.008266126
0.008099938
0.008301704
0.008118939
0.008193039
0.00826498
0.008122319
0.0081894845
0.008042402
0.008392453
0.008264436
0.00861003
0.008353784
0.008244314
0.008146944
0.008171625
0.008149431
0.0078649325
0.007842262
0.007967731
0.008009321
0.0077214316
0.007915296
0.007928558
0.007670207
0.007844148
0.00792073
0.0075455047
0.008095758
0.0078880275
0.007956445
0.007981625
0.007766746
0.007873207
0.0076704347
0.0075852326
0.008034183
0.0074939555
0.008527466
0.009123568
0.007995093
0.008362681
0.008666027
0.008170783
0.007777728
0.008097538
0.007848326
0.0075761955
0.0075510945
0.007494446
0.007600898
0.007390493
0.0077504907
0.007751057
0.0072246282
0.0074116364
0.0074118203
0.007244514
0.007221469
0.0071467757
0.00720959
0.007048094
0.0072249398
0.0070883906
0.0071865898
0.007102292
0.007224226
0.0071651493
0.006975516
0.007013315
0.006841128
0.0068388223
0.006722726
0.006698122
0.006796837
0.006514452
0.0070658443
0.007006278
0.0068266
0.006553171
0.0071440004
0.006910712
0.006629789
0.006684365
0.0066141356
0.0064701303
0.0066480613
0.006661653
0.0064629987
0.006393561
0.006380795
0.0062797335
0.006421127
0.006273691
0.006454799
0.006316982
0.006327679
0.0062412904
0.006145911
0.0060375356
0.0063845464
0.0062199947
0.0060283667
0.0059427307
0.006166626
0.006086986
0.0059015728
0.0058712945
0.0059942943
0.0059144087
0.005894313
0.005844671
0.005796837
0.0057705697
0.0056975707
0.005662518
0.0058277105
0.005675158
0.005877201
0.00586574
0.005590496
0.005632049
0.0054935017
0.0055811107
0.0055400375
0.005264276
0.0055423523
0.0053583663
0.0053832773
0.005454179
0.005169267
0.0052867495
0.005155763
0.005155556
0.005331241
0.0050262865
0.005129487
0.005053613
0.00496532
0.0051877783
0.0047639296
0.00536506
0.005111138
0.0049626413
0.0050565153
0.0047714487
0.0048259455
0.0048485547
0.004639693
0.005775299
0.005514372
0.004835205
0.0054419884
0.005629537
0.004764836
0.005246773
0.005446695
0.0046939454
0.005043601
0.0051746364
0.004611953
0.00492744
0.005088424
0.0046587177
0.0049956534
0.0050226194
0.0047982824
0.004637033
0.004864095
0.004624237
0.004633819
0.0047527044
0.0044368813
0.0052080196
0.0049925908
0.0050274734
0.004775453
0.0047905575
0.0048908084
0.0045734416
0.004411774
0.004828479
0.0045688082
0.005239911
0.005232572
0.0045260643
0.00458855
0.004331208
0.0047999993
0.0048498153
0.004414927
0.004591958
0.0047281203
0.00422729
0.004513877
0.004387133
0.0044993483
0.0045064962
0.0043189265
0.004179423
0.0044434792
0.004484165
0.0040708086
0.0043358225
0.0041502784
0.004006826
