0.28935874
0.048249554
0.07973924
0.051218074
0.022920555
0.036965948
0.039028015
0.027673958
0.022878215
0.025946127
0.025217034
0.022029318
0.022809675
0.023887565
0.02261245
0.02078019
0.022537569
0.02378931
0.02231432
0.020645179
0.021691957
0.022072328
0.0212456
0.020965314
0.020049805
0.019832956
0.020244675
0.019577779
0.019430904
0.019670973
0.019324755
0.018699484
0.019325843
0.019266764
0.018459523
0.018464534
0.018476384
0.018134164
0.017810998
0.01764924
0.017364392
0.017348746
0.016951114
0.01713287
0.016950643
0.016405264
0.016311033
0.016161421
0.015886609
0.016059421
0.015680267
0.015807105
0.015759613
0.016080217
0.015859114
0.015628759
0.015802681
0.015558906
0.015562204
0.015266378
0.015633741
0.015156346
0.01614786
0.016078742
0.01489307
0.016519772
0.017101904
0.015642582
0.016187403
0.017061718
0.015792446
0.01506568
0.015331712
0.014835425
0.01482761
0.01500918
0.014665286
0.014638304
0.014730581
0.01440074
0.014646105
0.014611267
0.014006023
0.014417351
0.0143914
0.0141773
0.013910907
0.013617168
0.013655245
0.013538879
0.013060425
0.013121027
0.012795374
0.012702457
0.012844483
0.012414542
0.012109485
0.012524769
0.012170787
0.01219498
0.011997319
0.011798028
0.011809704
0.011614555
0.011399168
0.011320255
0.011238313
0.011085655
0.010943887
0.010807448
0.011068356
0.011070666
0.01062829
0.0110961
0.010825229
0.010996598
0.010747223
0.011046761
0.01093175
0.01081116
0.011040251
0.010506093
0.010593192
0.010722158
0.010589828
0.010672751
0.010438698
0.0103273345
0.010461606
0.01000476
0.010221955
0.009980787
0.01002122
0.009952084
0.009941235
0.009863758
0.009920073
0.009634963
0.010259974
0.01034502
0.009525196
0.01007144
0.009679521
0.009819907
0.009815487
0.009474505
0.009738748
0.00926943
0.009419821
0.009466723
0.009254078
0.009162139
0.009134403
0.009035732
0.008963609
0.00893275
0.008738439
0.00895219
0.0088826595
0.008566478
0.009268668
0.009391378
0.009251281
0.008579842
0.008357053
0.008795655
0.008772104
0.008230331
0.009327984
0.009844409
0.009602761
0.009404966
0.008897924
0.008494138
0.008284722
0.008503162
0.0083277775
0.008028078
0.007975093
0.008226094
0.008658545
0.008389138
0.0077657127
0.008623003
0.009000432
0.008212141
0.008207358
0.00823456
0.008252723
0.007867921
0.008210623
0.007834279
0.008135817
0.0083482815
0.008103771
0.007820186
0.007620799
0.0076011936
0.0073173866
0.0073718354
0.0073762364
0.007397562
0.007241164
0.0071777212
0.007375958
0.0071129426
0.007299038
0.007267943
0.0071259825
0.007273654
0.0074433624
0.0070634466
0.006953696
0.00727566
0.0071124597
0.007059213
0.0070835683
0.0074457196
0.0071705026
0.00736443
0.0070808865
0.0069636046
0.006870296
0.0067825965
0.006653462
0.0075507206
0.007804077
0.0072078668
0.007211777
0.007105166
0.007451471
0.0074897935
0.00714877
0.0069604344
0.0065152072
0.0071691456
0.007400125
0.006534541
0.0071036904
0.006961163
0.0068934583
0.007092461
0.006454067
0.006565112
0.00633128
0.006936262
0.0066573564
0.0065308237
0.0067024888
0.0061115734
0.0066072694
0.006305343
0.0063458458
0.006441381
0.006019436
0.006027952
0.0061161644
0.006005131
0.006128846
0.005945332
0.0061304173
0.005934878
0.0062512127
0.005938875
0.0060585714
0.00602071
0.005744548
0.006157603
0.0058433325
0.0056019686
0.0059061204
0.0057772524
0.005573152
0.005719669
0.005779275
0.005461462
0.0055052824
0.005656704
0.0054030432
0.005547907
0.005682105
0.0054592453
0.0054181516
0.005610615
0.005810904
0.0053707645
0.005988615
0.006138295
0.005843021
0.0055867494
0.005441772
0.0054154117
0.005651371
0.0053180833
0.005802467
0.0058349273
0.00525609
0.0050987396
0.005620969
0.0056649954
0.005485385
0.005359717
0.0055759917
0.005298991
0.005300687
0.0052596726
0.005064872
0.0056042895
0.00520236
0.0056476244
0.005757589
0.005400516
0.005294094
0.005463392
0.0052907425
0.0052038846
0.005356532
0.0051948517
0.0050118174
0.0055031874
0.005364261
0.005220704
0.0053199423
0.0049524535
0.004957272
0.0050496836
0.004935818
0.0053082705
0.0053546913
0.004965467
0.004878003
0.0050635603
0.0049596173
0.005107873
0.005124251
0.0047894274
0.00482659
0.0048790025
0.0047407425
0.005250992
0.00527617
0.004679036
0.004763176
0.004689518
0.0045742397
0.005067876
0.0047891806
0.004883917
0.0050396244
0.0048968517
0.004707364
0.004765764
0.004805574
0.0047480725
0.004765226
0.004714578
0.004676513
0.0044288808
0.0049886336
0.0047578993
0.0049714143
0.0049363915
0.00470812
0.0045807096
0.0045863637
0.004488377
0.00469162
0.004511302
0.004724617
0.0047585997
0.0044362093
0.004495263
0.0043544346
0.004134027
0.004941097
0.004902257
0.004667336
0.004552167
0.004644136
0.004361233
0.0044159372
0.0043570814
0.0047732447
0.0043624667
0.004690455
0.0047240937
0.0042193714
0.0042991643
0.004314629
0.0042292196
0.004223104
0.0040209764
0.0043807025
0.0041890074
0.0042771376
0.004473157
0.0040799063
0.004242744
0.0041978033
0.0038981298
0.0037922736
0.0047122426
0.0042164647
0.0048468397
0.004438017
0.004474845
0.004501657
0.0042988453
0.004227426
0.0042842804
0.0040299813
0.004709479
0.0048472695
0.0038669289
0.004481216
0.004217783
0.00403443
0.0041599437
0.0039365613
0.0040571555
0.003953488
0.0039355066
0.0040401495
0.0036614584
0.0045951684
0.004042247
0.004393509
0.0045226193
0.003952813
0.0039328896
0.0038441743
0.0037944913
0.004193056
0.0039747404
0.0042337654
0.0041061225
0.0040349597
0.0038587053
0.004159612
0.0037213163
0.0047433865
0.0051813517
0.004085893
0.004260156
0.004460926
0.0037626761
0.00406612
0.0040255818
0.00408065
0.003903931
0.004037243
0.003946136
0.003978995
0.0036399532
0.00461727
0.0048323
0.003903067
0.0038887023
0.0041070855
