0.28904215
0.048908025
0.06730311
0.043101583
0.025410347
0.028950855
0.0287851
0.024522016
0.025209075
0.025936062
0.024106985
0.023363957
0.023508882
0.023614721
0.022852873
0.022532249
0.022936108
0.02258878
0.022047916
0.022252565
0.021881806
0.021577604
0.02171518
0.021069737
0.021522
0.02149047
0.020658432
0.021006638
0.02120009
0.020505557
0.020044608
0.020036476
0.020029023
0.019556554
0.019671
0.019805597
0.019246543
0.019632079
0.019972885
0.01931465
0.019176302
0.019740658
0.019524062
0.019289957
0.018986233
0.019023811
0.018863805
0.0201197
0.019756032
0.020184807
0.020198248
0.018839285
0.01899276
0.019576661
0.019276071
0.019469587
0.019042103
0.019702328
0.020061662
0.019031448
0.019517832
0.019165428
0.019577304
0.019796856
0.018828308
0.019133054
0.019142875
0.019744786
0.019532463
0.018667964
0.018686049
0.019145312
0.019004283
0.018828103
0.018586734
0.019311994
0.019603407
0.018719127
0.019505598
0.019782728
0.018791905
0.019798977
0.020353338
0.018965127
0.018844493
0.01965447
0.018775601
0.018983314
0.019441014
0.018475087
0.019405982
0.020321995
0.018947123
0.018597687
0.019037433
0.01834557
0.019055229
0.019794013
0.01871073
0.01848446
0.018936785
0.018323554
0.018721139
0.019288007
0.018401878
0.018437479
0.018881828
0.018216694
0.0185351
0.019082502
0.018246787
0.018283948
0.018715395
0.018068457
0.018347835
0.018844549
0.01803483
0.018197633
0.018672572
0.017971914
0.017985946
0.018394293
0.01771016
0.018066924
0.018543398
0.01775912
0.017673356
0.018062243
0.0173868
0.017701417
0.018111818
0.017293135
0.017257007
0.017652864
0.016878152
0.017050589
0.017352158
0.016457478
0.017015284
0.017559728
0.016481424
0.016286338
0.016337005
0.016161254
0.016078373
0.016631396
0.016188478
0.016059048
0.016857153
0.016359415
0.015564855
0.016261257
0.016372286
0.015666965
0.01573597
0.01625022
0.016122771
0.015400298
0.015681151
0.016184941
0.01563071
0.015299016
0.0154924365
0.015586319
0.015116739
0.015173514
0.015246858
0.014972582
0.014848463
0.014971633
0.014846075
0.01457646
0.014661019
0.014494114
0.014431098
0.014315884
0.014414117
0.014283161
0.014178275
0.01414013
0.0139770135
0.013875303
0.014095967
0.013828549
0.0140439
0.01403031
0.013834186
0.013805841
0.013486423
0.013616803
0.013530248
0.013305555
0.013443378
0.0132575305
0.013450657
0.013223347
0.013304804
0.0130340485
0.0133025125
0.013038065
0.013229107
0.013028824
0.013053007
0.013111666
0.012736824
0.013061121
0.012803286
0.012786105
0.012523163
0.013139202
0.012864673
0.012993581
0.013252447
0.012651752
0.012926099
0.012759251
0.01265129
0.012580433
0.012776871
0.012241676
0.012831263
0.012665237
0.012412923
0.012400257
0.01222374
0.012218636
0.012203432
0.012035052
0.012456684
0.012245436
0.012023509
0.012137798
0.011991809
0.012035739
0.012094233
0.0118779475
0.012147683
0.012023724
0.012145306
0.011886697
0.012076418
0.011826131
0.011933654
0.011976019
0.011826199
0.011750847
0.01181959
0.011699125
0.011899452
0.0116578145
0.011919257
0.011912999
0.01161513
0.01180859
0.011645692
0.011551264
0.011560763
0.011418928
0.011695701
0.011534269
0.0116439285
0.0116930185
0.011405145
0.011461385
0.011437158
0.011335187
0.011842242
0.0117958635
0.0112142665
0.011246528
0.011357072
0.011199337
0.011588958
0.011448413
0.011258524
0.011300365
0.0111648785
0.011170308
0.011110089
0.011088759
0.011060193
0.011084419
0.010989641
0.011516891
0.011419289
0.011103134
0.011149385
0.011016257
0.011072989
0.010927927
0.01094094
0.010873542
0.01088711
0.010906507
0.010815474
0.011357007
0.011196707
0.011376962
0.01143426
0.011076402
0.011154088
0.011062465
0.010930105
0.010960405
0.010849263
0.010929656
0.0108706355
0.010912754
0.010922522
0.010809536
0.010818179
0.010733726
0.010777925
0.010699893
0.01078656
0.010794304
0.010595694
0.010933484
0.010768506
0.010797736
0.0107607385
0.010902426
0.010767125
0.010803721
0.010938956
0.010480461
0.010657623
0.0104974555
0.010549198
0.010527578
0.010484031
0.010440062
0.010502949
0.0104025705
0.010793452
0.010782834
0.010451712
0.010474811
0.010548867
0.01049992
0.010413866
0.010485227
0.010387462
0.010411233
0.010437301
0.010416615
0.010404973
0.010443549
0.010263163
0.0103363935
0.010273925
0.010240653
0.010335092
0.010289187
0.01029757
0.010347513
0.010232679
0.010228605
0.0102310395
0.010220814
0.0103624845
0.010317613
0.010170113
0.01032362
0.010121542
0.010166617
0.010117577
0.0101528745
0.010138453
0.010190076
0.010023684
0.010134149
0.01002933
0.0099319825
0.010092122
0.009958282
0.010373528
0.010517153
0.01005986
0.010222395
