0.2871018
0.075809695
0.054961696
0.029791987
0.036752664
0.031002479
0.023119858
0.02812778
0.028796947
0.022591151
0.023259604
0.026137995
0.023355857
0.021351919
0.021881536
0.022428343
0.021340415
0.021059068
0.021667697
0.02064819
0.022250071
0.022975966
0.02141506
0.020949489
0.021546602
0.021558695
0.020521134
0.020833798
0.021103486
0.020598771
0.020118052
0.020185685
0.019984294
0.020104684
0.019793361
0.020407857
0.020461733
0.019934783
0.019752244
0.020023923
0.019770509
0.019293087
0.019356422
0.019179178
0.0193652
0.018949458
0.019164376
0.019036097
0.018612137
0.019267723
0.018627146
0.019021727
0.018851006
0.018815411
0.018361771
0.0187639
0.018524973
0.017709464
0.0174711
0.017414311
0.016608449
0.017749147
0.016578527
0.016011877
0.016143503
0.015818821
0.016169718
0.015810786
0.015730483
0.015753413
0.015354107
0.015210922
0.015884912
0.015691405
0.015183672
0.015138626
0.015225868
0.0148711465
0.015476172
0.0153297195
0.014704316
0.014587025
0.015357065
0.015246752
0.014619742
0.015079518
0.014553677
0.01563614
0.01594872
0.014565784
0.015361947
0.016053267
0.014815836
0.014825684
0.015276303
0.0143909445
0.015177332
0.015806397
0.014676787
0.014672003
0.015292802
0.014692443
0.014348951
0.01467461
0.014271603
0.014452408
0.014513142
0.014211162
0.014152494
0.014119904
0.014161304
0.013913673
0.014186863
0.014166117
0.013768516
0.01422629
0.014064436
0.013769967
0.013819049
0.013703284
0.013751331
0.013583225
0.014094629
0.014102864
0.013577089
0.013636921
0.013647206
0.013376802
0.013710269
0.013477649
0.013682816
0.0134959025
0.013510876
0.013282046
0.013358414
0.013328421
0.013159941
0.013081022
0.013088979
0.013002622
0.012689166
0.012563214
0.012807492
0.012491357
0.012634103
0.012582068
0.012072318
0.011953291
0.012198887
0.011925948
0.01212275
0.012104589
0.011579287
0.011618044
0.011511187
0.011330374
0.012261047
0.012100176
0.011191414
0.011349037
0.011209429
0.011112418
0.011171155
0.011015958
0.011059493
0.01090201
0.010963623
0.010815139
0.010786171
0.010653081
0.01063621
0.010472606
0.01064721
0.010483876
0.010415264
0.010347431
0.010188762
0.010099537
0.010068948
0.009925619
0.009925595
0.00982792
0.009681753
0.0096927555
0.0095355185
0.009667368
0.01056127
0.010078774
0.010017856
0.010691245
0.009620138
0.009966067
0.010564563
0.009564976
0.009552448
0.00968109
0.009353772
0.009202064
0.009141714
0.008937304
0.008904914
0.008850177
0.008613594
0.008631657
0.008438396
0.008462004
0.008391402
0.008205288
0.008235964
0.00797451
0.0081182
0.007945695
0.0079386085
0.007855519
0.007743601
0.0076039615
0.007792874
0.0074725146
0.007496562
0.0073785987
0.007306494
0.007258417
0.0069977343
0.0068941712
0.0080562085
0.007555639
0.007776028
0.008086716
0.0069904476
0.0073082387
0.007104372
0.0069453153
0.0068080933
0.006739393
0.00694166
0.006834235
0.006652297
0.006788326
0.006463355
0.0065208096
0.0063491496
0.006605296
0.006673232
0.006212836
0.006543922
0.006392944
0.0062594987
0.0063394774
0.006125093
0.006204255
0.005963405
0.006172707
0.006088194
0.005965428
0.0060439
0.0057843053
0.0060720113
0.0060461373
0.0058908076
0.0058708587
0.00577236
0.0060740844
0.006013278
0.0056728073
0.0056559225
0.0057691284
0.005447019
0.005722171
0.0055442504
0.005500017
0.0056821085
0.0054889373
0.005629396
0.005281311
0.0058491942
0.006312808
0.0055941003
0.006060907
0.0066622817
0.0062641315
0.00544819
0.005771725
0.0059749098
0.005789002
0.00515715
0.005994868
0.006448846
0.006012568
0.00542015
0.0055453065
0.0057693846
0.005589627
0.0051701004
0.0051552155
0.005268982
0.005155137
0.005021349
0.0051972233
0.0051125316
0.0050360328
0.004967688
0.0049027484
0.0047271266
0.00497971
0.00489845
0.004851439
0.004727675
0.0049172956
0.005061991
0.0045663696
0.0056253225
0.0051885205
0.007044887
0.0073741074
0.005380504
0.0060828794
0.006443968
0.005574199
0.005825437
0.0052762427
0.0056848526
0.005444138
0.0055031725
0.0055264183
0.004628194
0.00554391
0.0052341335
0.00525574
0.00522699
0.0044818274
0.004526669
0.004601087
0.004354349
0.0045204633
0.004587236
0.004343111
0.0043824157
0.004607418
0.004653162
0.004273025
0.0049863253
0.0050228913
0.004844964
0.0046120533
0.0046648136
0.004475885
0.0048190574
0.004667677
0.004799712
0.0045571746
0.004424438
0.0042968323
0.00460787
0.0042843814
0.0047798553
0.0045923293
0.0043425933
0.004252589
0.0044069323
0.0042377277
0.0044429693
0.0045089307
0.00410171
0.0041390844
0.0041543967
0.004070318
0.004360429
0.0043761204
0.004124321
0.0040987325
0.004290726
0.00406838
0.004206545
0.0040859217
0.0040876586
0.003920203
0.004022399
0.0040310617
0.0039779847
0.0038595877
0.004047546
0.0040888092
0.0038341198
0.004108904
0.0040950472
0.0040531014
0.0040220353
0.00417357
0.0039734207
0.0040134457
0.0038050667
0.00406537
0.00401221
0.0038311325
0.0040252586
0.0038286166
0.0039426186
0.003846531
0.0037346708
0.0039106556
0.0038169746
0.0037017462
0.0035521763
0.0043442454
0.0040439893
0.004006267
0.004039521
0.0040539005
0.0038811064
0.0037280254
0.0037340738
0.003600788
0.003484519
0.0037860882
0.0035767406
0.0040624775
0.004581905
0.0039603217
0.0037237492
0.003834373
0.0037108716
0.0038011884
0.003651915
0.0035696651
0.0037324997
0.0035798568
0.0035445269
0.0035594713
0.0034945712
0.004218306
0.0037044585
0.0048400946
0.0046372362
0.0039074137
0.004827387
0.004511189
0.004011083
0.00398296
0.003777979
0.0037742944
0.003797225
0.0036258523
0.003855164
0.0037914615
0.003763628
0.0038530875
0.00363739
0.0035841342
0.0038141012
0.0035912886
0.0038927114
0.0037412874
0.0037292785
0.0034732055
0.0040811584
0.003951877
0.0034439012
0.0034275744
0.0035522645
0.0034528095
0.0035728607
0.0034396027
0.0036634814
0.0035712237
0.0035020867
0.003498378
0.0034048362
0.00337229
0.0034285774
0.0033659786
0.0032907657
0.003285993
0.0033167761
0.0031311994
0.0035457655
0.0034378034
0.0033366214
0.0035633028
0.003227609
0.0037868985
0.0034342345
0.0037114266
0.003654588
0.0033522167
0.0033799354
0.0033504118
0.003225878
0.0034016652
0.003176511
0.0033363004
0.0031842303
0.003454684
0.0035943575
0.003232774
0.0033678506
0.0033736445
0.0034862838
0.0032642428
0.003424099
0.0033726606
0.0034890445
