0.28632566
0.0875187
0.069772676
0.029907262
0.035383344
0.034760516
0.02176302
0.026719632
0.029917032
0.025388097
0.02059005
0.027163738
0.028402895
0.022493163
0.022007873
0.023061873
0.02380305
0.021754406
0.02001384
0.020664537
0.019783178
0.020754637
0.021222597
0.02078321
0.019315032
0.021676445
0.022595564
0.020978607
0.019865714
0.020161672
0.020558188
0.020630337
0.019384772
0.020105312
0.020681627
0.019801112
0.019471318
0.01930967
0.019345503
0.019360123
0.018555408
0.021316448
0.022386314
0.019624963
0.02109229
0.02244647
0.019653304
0.019165015
0.020707222
0.019254617
0.018228823
0.018432975
0.018150149
0.018055929
0.017906902
0.017381946
0.01783579
0.017261809
0.017885242
0.017785134
0.01680007
0.01677578
0.016636362
0.01628224
0.01678411
0.016296705
0.016822897
0.016830394
0.015976368
0.016167054
0.016066564
0.015829215
0.015781939
0.015833652
0.015585437
0.016407838
0.01646191
0.015651457
0.016030522
0.015962023
0.015299263
0.015666699
0.01533712
0.015964117
0.0159796
0.015299755
0.015391183
0.015569259
0.014976665
0.01639028
0.016684413
0.015130706
0.016455749
0.017176474
0.015754843
0.016114976
0.016184786
0.015814753
0.015334837
0.015348303
0.015359837
0.014800313
0.016282063
0.01688365
0.015428708
0.016416803
0.017467843
0.015885375
0.015682427
0.016241543
0.015448955
0.015636543
0.015530127
0.014841604
0.015364188
0.014956646
0.015085126
0.015212279
0.014660028
0.014596808
0.015037184
0.014925131
0.015071978
0.014916773
0.014798109
0.014798985
0.014719725
0.014633105
0.014720832
0.014637922
0.014902536
0.014716498
0.014643524
0.014607086
0.014692921
0.01461931
0.014605741
0.014530855
0.01470149
0.014635749
0.014464897
0.014410712
0.014666684
0.014606513
0.014408044
0.014314092
0.014723555
0.014641586
0.014315997
0.0142718
0.01459151
0.014484529
0.014358816
0.014304738
0.014422377
0.014358584
0.014327578
0.0142635545
0.014347899
0.0142826
0.014285862
0.014221755
0.014273395
0.014197834
0.014267795
0.014201309
0.014171963
0.014102697
0.014269561
0.014209417
0.014059566
0.013990179
0.014278608
0.014197345
0.013984169
0.013924201
0.014190885
0.014083914
0.013948602
0.013873801
0.0140891075
0.014003056
0.013840455
0.013768236
0.014047675
0.013957729
0.013708159
0.013626383
0.013995948
0.013912926
0.013541292
0.01348552
0.013744547
0.013599764
0.013462271
0.0133962445
0.013406661
0.01326963
0.013487433
0.013448392
0.013019373
0.01291734
0.013517802
0.013453196
0.012731731
0.012678835
0.0136765195
0.013871369
0.013243151
0.012760754
0.013007686
0.01304096
0.012431276
0.012689218
0.012500512
0.012706272
0.012888123
0.012660206
0.012399413
0.0128288595
0.01302456
0.012514095
0.0125301285
0.012617793
0.012342642
0.01237182
0.012321256
0.0121669695
0.012056466
0.012125137
0.012150578
0.011994746
0.011839067
0.011982595
0.011832505
0.011740625
0.011621651
0.011718408
0.011587627
0.0116591975
0.011566346
0.011465018
0.011491369
0.011510215
0.011230231
0.011547189
0.011463523
0.011158059
0.011226423
0.01138251
0.011155008
0.011346485
0.011074719
0.011156443
0.011025404
0.011041244
0.010852427
0.0108528435
0.010763116
0.010869968
0.010636483
0.010840063
0.010783131
0.01047627
0.010646227
0.010283873
