0.2900532
0.054777335
0.076767616
0.04571989
0.02396158
0.02815304
0.025216052
0.025329709
0.024767758
0.02384994
0.023620814
0.022899568
0.023092745
0.022540195
0.022405341
0.02226079
0.021874025
0.02173423
0.021620452
0.021233073
0.02140826
0.021105045
0.020588255
0.021244707
0.020419776
0.0213779
0.021199921
0.020524418
0.020197935
0.02017355
0.020147534
0.019400954
0.019432006
0.01897516
0.019718211
0.019741105
0.018804697
0.01838345
0.018798368
0.0184215
0.018249745
0.018086055
0.01813138
0.018076181
0.017860813
0.017612414
0.017649563
0.017473545
0.01754851
0.017247178
0.017549535
0.01721766
0.017651416
0.017481266
0.017425062
0.01732496
0.017277583
0.017118713
0.017270232
0.017078504
0.017233498
0.017126491
0.01703571
0.017053308
0.017038735
0.01705667
0.016937228
0.016979909
0.01681621
0.016863186
0.016725456
0.016845865
0.016636899
0.017059948
0.01701287
0.016624283
0.01667401
0.016694793
0.01655877
0.016860828
0.016914606
0.0168031
0.016698673
0.016633071
0.01652369
0.016771693
0.01650888
0.016597804
0.016584994
0.016231153
0.016124876
0.016660174
0.016448222
0.016375143
0.01629168
0.016124176
0.016006624
0.01617766
0.016030466
0.016250774
0.016252594
0.015781885
0.015819492
0.015840001
0.015753945
0.015753413
0.015689839
0.015462317
0.015371658
0.015541454
0.015398403
0.015243328
0.015140653
0.015149037
0.01500444
0.015001276
0.014939425
0.014949401
0.014857121
0.014522904
0.015530079
0.014781068
0.016134385
0.016280144
0.014903553
0.015290518
0.015068178
0.015137342
0.01500026
0.014446129
0.014531127
0.014056933
0.014729072
0.014308609
0.014304305
0.01415357
0.013965416
0.013712552
0.014312712
0.014242453
0.0136882225
0.013678394
0.01355997
0.013396728
0.013406866
0.013299893
0.0132289305
0.013245107
0.013077784
0.013199918
0.013057433
0.013117221
0.0129786255
0.012785714
0.012808963
0.0125402175
0.013060222
0.0126554
0.013879244
0.0144206
0.012683857
0.014172909
0.015547886
0.0138358995
0.0131168505
0.013816583
0.013060547
0.01269979
0.013128181
0.012458701
0.012497638
0.01278327
0.012317439
0.012425125
0.0129265385
0.012086469
0.012621678
0.012704936
0.012408864
0.012102949
0.012383502
0.012551509
0.011716512
0.012695149
0.013285969
0.012270831
0.012461412
0.01285549
0.012199272
0.012199949
0.012220681
0.011871467
0.012162905
0.011751513
0.011651109
0.011573431
0.011431077
0.011312336
0.011553887
0.011397217
0.011610237
0.011588807
0.011487474
0.011407894
0.011279342
0.011199716
0.011143052
0.011135202
0.011084169
0.0109735755
0.011336374
0.011353564
0.010988344
0.011280209
0.01081379
0.011444827
0.011261515
0.01103134
0.012080129
0.012161214
0.0111180805
0.011196334
0.011180851
0.010886342
0.011365826
0.010748881
0.011678678
0.011460024
0.011133927
0.011022431
0.011381137
0.010854521
0.011741907
0.011944771
0.010652188
0.011986279
0.0120744025
0.011359714
0.01091909
0.011020978
0.010995843
0.0109961415
0.0110805305
0.011257507
0.011254229
0.010518812
0.010670673
0.010830794
0.010339965
0.010525278
0.010604944
0.010347107
0.010664716
0.010497183
0.010421778
0.010383165
0.010342267
0.010286764
0.010414905
0.010432263
0.010102998
0.010732475
0.010327064
0.011511358
0.011618495
0.010526215
0.010627225
0.010275386
0.010611472
0.010285947
0.010325554
0.010219494
0.01018472
0.01040383
0.010139623
0.010464852
0.010243364
0.010162071
0.01008013
0.010304903
0.009963961
0.010271295
0.010108296
0.010529727
0.0104782805
0.010182609
0.010079294
0.009996627
0.009808649
0.010371211
0.010254337
0.010103399
0.009849532
0.010126815
0.009968296
0.010142427
0.010094404
0.010112617
0.010107727
0.009645212
0.009819773
0.009627734
0.009539976
0.010022256
0.009726266
0.009840033
0.009518523
0.010354074
0.010124995
0.009663532
0.009804946
0.009535474
0.009596684
0.009412845
0.009444949
0.00933019
0.009507984
0.009243148
0.01015005
0.009860371
0.010047601
0.010254054
0.009293369
0.01059413
0.010843956
0.009532116
0.010651003
0.011141387
0.009950708
0.010003517
0.010869862
0.010071204
0.009657373
0.010149069
0.009616393
0.009573645
0.00972467
0.009194416
0.010185901
0.010633637
0.00955124
0.009889599
0.010352497
0.009454176
0.00971406
0.010050712
0.009221536
0.009740115
0.01023462
0.009140815
0.009989236
0.011128855
0.010346265
0.009113443
0.01031803
0.010290296
0.009576388
0.009818834
0.010310072
0.0094810575
0.009690148
0.010078675
0.009722036
0.009443023
0.009747245
0.009539819
0.009735578
0.009633872
0.009585655
0.009492083
0.009036317
0.009486801
0.009335143
0.009022581
0.009217021
0.009048293
0.009014883
0.00899731
0.008809651
0.009080482
0.008897893
0.008930657
0.009125744
0.008905317
0.008623027
0.0093886955
0.009175028
0.008932196
0.008914132
0.008581187
0.009464418
0.009483577
0.008733094
0.008932985
0.009015542
0.008758005
0.008923419
0.008682259
0.008857311
0.00909058
0.008618589
0.00879926
0.008894817
0.008396321
0.008650263
0.008411744
0.008376987
0.008443854
0.008276961
0.008112267
0.0080995215
0.008238872
0.007995681
0.008310757
0.008197139
0.0080349995
0.007888314
0.0080809705
0.007852733
0.008160915
0.00795014
0.008022127
0.007878221
0.0078014326
0.007727722
0.007436653
0.0076262527
0.007445523
0.0073288647
0.007588127
0.007249681
0.0083373515
0.008132151
0.008117101
0.0077819065
0.008309408
0.008068729
0.008478261
0.008138922
0.0077741514
0.0075783897
0.0075911577
0.007302998
0.0085695265
0.008665377
0.0071099005
0.007886833
0.007490456
0.008616158
0.008532136
0.0077865385
0.0075232186
