0.28804132
0.05320087
0.07029694
0.03800841
0.0297778
0.027588911
0.024251848
0.024723643
0.024314051
0.022529723
0.02234455
0.022548387
0.022054365
0.021300005
0.02180373
0.022028109
0.02094853
0.021590358
0.022318171
0.021570757
0.020865262
0.021074565
0.021254584
0.021023855
0.020693341
0.021544805
0.021339243
0.021222828
0.02097332
0.021064619
0.021165384
0.021025866
0.02081762
0.02084125
0.020858465
0.020837054
0.020686178
0.020774446
0.020781562
0.020719094
0.02058876
0.020592814
0.020592032
0.020555655
0.020514222
0.020448044
0.020704
0.020442242
0.020897299
0.020968178
0.020368801
0.021114713
0.021368103
0.020514417
0.020925745
0.02151361
0.020774571
0.02030241
0.02061736
0.0203845
0.020153407
0.020149494
0.02008579
0.020086028
0.019969953
0.02000215
0.01986193
0.02025794
0.019834915
0.020828808
0.020973733
0.019956358
0.0212511
0.021492401
0.020384846
0.020783184
0.02057034
0.02008486
0.020426702
0.020085188
0.019786093
0.019844092
0.01966303
0.019607915
0.019843778
0.0195976
0.020178728
0.020382077
0.01948528
0.021349678
0.023067037
0.021702036
0.019635104
0.02123067
0.023576813
0.022944769
0.020283593
0.019936366
0.021319762
0.020767298
0.019485436
0.020448463
0.021371886
0.020478064
0.019524531
0.019916805
0.019730454
0.019589646
0.019606363
0.01913227
0.020236082
0.021002108
0.01977036
0.019284802
0.01968681
0.019189442
0.019498149
0.01964139
0.018931137
0.019781025
0.02016745
0.01923427
0.019390145
0.019489473
0.018697402
0.019510983
0.0199734
0.018603193
0.018951677
0.019763092
0.01858602
0.0195819
0.020232981
0.018413506
0.01868657
0.019157931
0.018303834
0.018971808
0.019879105
0.018853588
0.017965863
0.018095331
0.017839862
0.017849404
0.017638631
0.017639829
0.0173596
0.017994232
0.018015403
0.01706507
0.018027678
0.018728012
0.017628154
0.017250534
0.017607266
0.017829372
0.017329292
0.01671847
0.016646072
0.016957728
0.016311454
0.016786885
0.017129447
0.015753979
0.017363532
0.018714475
0.017145185
0.017454362
0.018347528
0.01713344
0.016226966
0.0158041
0.01631883
0.01599136
0.015204179
0.015224152
0.01556491
0.015477943
0.014865677
0.0151540795
0.01539798
0.015388499
0.015495676
0.014629509
0.015053515
0.015300549
0.0150017515
0.015062313
0.014670114
0.014688219
0.014840655
0.014754157
0.015361629
0.015441594
0.014570187
0.014815011
0.015093143
0.0149763785
0.014593474
0.014253062
0.0141938925
0.0142795
0.014007007
0.014424152
0.014310268
0.014309142
0.014017905
0.013988819
0.014135562
0.013773213
0.013577901
0.013818473
0.013643775
0.013877027
0.013965116
0.013709287
0.013522796
0.013710913
0.013393122
0.013813783
0.013781478
0.013573557
0.013502537
0.013589025
0.013534498
0.013564351
0.013371736
0.013353571
0.013313264
0.013250172
0.013178952
0.01325791
0.013184518
0.013288998
0.013238445
0.013056524
0.012927937
0.013359132
0.013342048
0.012959666
0.012906647
0.013030733
0.012919139
0.013139408
0.013024089
0.012971729
0.012965518
0.012920623
0.012821992
0.012960021
0.012964681
0.0127393445
0.012649972
0.013111499
0.01306545
0.012739666
0.012715381
0.0127766505
0.012630925
0.013040647
0.012931456
0.012747741
0.012746687
0.012684475
0.012678619
0.012841397
0.01280314
0.012627686
0.0125424145
0.012764305
0.012738352
0.012508775
0.012418672
0.01282765
0.012791294
0.012487954
0.012416202
0.012620633
0.012542362
0.012625041
0.012553602
0.012469475
0.012412709
0.0125292195
0.012426001
0.012506423
0.012460738
0.012453622
0.0124043925
0.01229765
0.012264916
0.012479738
0.012362391
0.012298976
0.012284252
0.012293048
0.012230975
0.012343317
0.012330066
0.01217528
0.012189592
0.012314298
0.012235713
0.012314647
0.012340672
0.012120756
0.012210533
0.0121113835
0.012027281
0.012667791
0.012444827
0.012055248
0.01223473
0.012139867
0.012169297
0.012141225
0.011964011
0.012153588
0.0119909905
0.012080525
0.012006846
0.012024065
0.012222725
0.011851673
0.012209213
0.012259096
0.012153042
0.011791979
0.011816545
0.011867923
0.011788122
0.011912617
0.011994128
0.011808422
0.011793266
0.01193827
0.011909179
0.012090129
0.01182267
0.0126224235
0.013168715
0.011937626
0.012521274
0.0140277175
0.013006206
0.012188766
0.012072638
0.011589588
0.012704905
0.01329412
0.012144864
0.012528102
0.013386636
0.012252278
0.0118731065
0.012505374
0.012055524
0.011653524
0.011710654
0.011341293
0.0114709325
0.011258294
0.011223326
0.011284488
0.011304359
0.011322153
0.011190387
0.011354275
0.011098724
0.011269351
0.011737456
0.011480208
0.011373754
0.011227161
0.0123492405
0.011783141
0.011806586
0.012177176
0.011472526
0.011986155
0.012385656
0.01150043
0.011652447
0.011540527
0.011587304
0.011385798
0.011298578
0.012129921
0.012403489
0.011003419
0.012574126
0.014234793
0.012997792
0.011065991
0.012815437
0.015237539
0.01395182
0.011178675
0.012592348
0.013795829
0.012934871
0.011556263
0.012050264
0.012612042
0.011818978
0.011720288
0.011388939
0.0111528225
0.011539042
0.011311658
0.010796559
0.011218902
0.010718443
0.0110044405
0.011022952
0.010971074
0.011249062
0.011292721
0.010906373
0.01089042
0.011169049
0.011062391
0.010783732
0.010766201
0.010713172
0.010680201
0.010612279
0.010469732
0.010541979
0.010600145
0.010453361
0.010351834
0.010621862
0.01057719
0.010349377
0.010315426
0.010296956
0.010944833
0.010418527
0.010814586
0.010895222
0.010589556
0.010659766
0.010229682
0.01013724
0.010626958
0.010231241
0.011216643
0.011646502
0.010119829
0.012533692
0.013203796
0.012000494
0.011129943
0.01209991
0.012108716
0.010571363
0.0114800185
0.011621977
0.010612294
0.01099491
0.011074919
0.010604228
0.010695435
0.010334131
0.0107935965
0.010719079
0.010061301
0.010473788
0.010400562
0.010347341
0.010316021
0.009912248
0.010339058
0.0100765275
0.010425951
0.010533874
0.010097991
0.010038402
0.009955789
0.009997846
0.009976541
0.009847474
0.009946011
0.009887305
0.009805639
0.00982268
0.009802374
0.009839305
0.009582146
0.009672576
0.010007872
0.00979329
0.009753697
0.009672152
0.009676482
0.010300642
0.009699722
0.010879631
0.0112339975
0.009813248
0.01115758
0.012205314
0.010290396
0.011198106
0.012151885
0.010824072
0.010372418
0.0112434225
0.010323119
0.01018541
0.010921661
0.010004153
0.0101363
0.010385915
0.009865918
0.010255129
0.010961187
0.010116767
0.010403321
0.010965119
0.011146683
0.010487949
0.010095081
0.010137928
0.0099379625
0.009996888
0.009881086
0.010065701
0.01002304
0.009796116
0.009988047
0.009895828
0.009834957
0.009976205
0.00963079
0.010493784
0.010065691
0.0107637495
0.010664222
0.009596147
0.009805511
0.009795456
0.009543917
0.010473885
0.010222235
0.010288951
0.010213573
0.009561417
0.0101399785
0.009852465
0.010194643
0.009949933
0.00944561
0.009764281
0.009572492
0.009427329
0.009440865
0.009348543
0.009594507
0.009460171
0.0094514815
0.009433627
0.009342191
0.009216816
0.0094039
0.009148914
0.009539482
0.009409387
0.00911547
0.0091102915
0.009253859
0.009115633
0.009478844
0.009468384
0.008979742
0.008895382
0.009645685
0.009576102
0.00891535
0.00893221
0.009062945
0.008898203
0.009401619
0.009409527
0.008849871
0.009003234
0.009248777
0.009083231
0.008965227
0.009300077
0.009126361
0.009142823
0.009026504
0.009463078
0.009641853
0.009139615
0.008873125
0.009887636
0.010059834
0.008889195
0.009736292
0.009802476
