0.29029825
0.05475673
0.0785192
0.048401553
0.02343767
0.034732606
0.03508604
0.026128903
0.025636142
0.027350148
0.026260413
0.02410161
0.023470143
0.024637716
0.023783362
0.022385517
0.023966616
0.023761908
0.02239496
0.022882335
0.023426732
0.022293478
0.021729574
0.022248529
0.021505231
0.021710789
0.021825755
0.021369472
0.021189556
0.021279745
0.021071516
0.020730207
0.020950198
0.020616494
0.02044185
0.02086092
0.020667793
0.02049912
0.020309199
0.020235876
0.020304909
0.020437876
0.02010528
0.020343259
0.020583898
0.020081105
0.020212285
0.02043635
0.020282125
0.019623639
0.020718938
0.021118209
0.020107957
0.019759944
0.019621963
0.019751657
0.019675873
0.01920929
0.018736266
0.019279113
0.019002886
0.018385628
0.018323788
0.01826383
0.018047694
0.018050857
0.017842464
0.017790483
0.01732096
0.017908735
0.017542368
0.016727587
0.016489044
0.016367897
0.01650251
0.015997432
0.015740586
0.015736992
0.015431297
0.015140765
0.014882793
0.014892541
0.014782917
0.0147820795
0.014516364
0.014617431
0.014583672
0.014171883
0.014614481
0.014767274
0.014289622
0.013942285
0.014319967
0.014205132
0.013824935
0.013715639
0.013824777
0.013649222
0.013710525
0.013700179
0.013742555
0.013413302
0.013548295
0.013506045
0.013282123
0.013098267
0.01323356
0.013204496
0.013074187
0.012816049
0.013055685
0.012973401
0.012862045
0.012564977
0.012605068
0.012598648
0.012705873
0.0123109175
0.012389421
0.012389545
0.012421752
0.012140423
0.011950693
0.011732328
0.012165521
0.012060024
0.011661966
0.011557624
0.011503848
0.011312716
0.0115537
0.011438114
0.011260421
0.011075881
0.0115199415
0.011540961
0.011016787
0.01111649
0.01099621
0.01084898
0.010896402
0.010770622
0.010895404
0.010698591
0.010966835
0.01075974
0.010662228
0.010638966
0.010645185
0.010609973
0.010574017
0.010526135
0.010422215
0.010368447
0.010444357
0.010324989
0.010483603
0.010389491
0.010291278
0.010179589
0.010450269
0.010392625
0.010116926
0.010081635
0.010222231
0.010130429
0.010128335
0.010045345
0.010083468
0.009989963
0.010097975
0.010040294
0.0099384105
0.009904227
0.009949975
0.009873445
0.009941814
0.009884056
0.009826212
0.00977968
0.009871834
0.009826009
0.009775985
0.0097294375
0.0097619435
0.009707246
0.00975789
0.0097161895
0.009736245
0.009680952
0.009758814
0.00971361
0.009636332
0.009639105
0.009604
0.009572876
0.009586516
0.009533718
0.009631459
0.009530117
0.009567109
0.009480464
0.009553417
0.0095033245
0.009511243
0.00945478
0.009566023
0.009514246
0.009422414
0.009381652
0.009427723
0.009361893
0.0093803
0.009369705
0.009380822
0.009355534
0.009296573
0.009302232
0.009224014
0.009235857
0.009175635
0.009222637
0.009094331
0.009194121
0.009039191
0.009394254
0.009049748
0.009623072
0.009715471
0.009427554
0.009372786
0.009252485
0.009402654
0.009195087
0.009026368
0.009054135
0.009070984
0.008921885
0.009406769
0.00940766
0.009092196
0.009103425
0.009186932
0.009014093
0.009011931
0.009016991
0.009017485
0.008948968
0.0091745285
0.009130426
0.008904606
0.008881411
0.008924724
0.008794381
0.009043184
0.008985855
0.0088678105
0.008925377
0.008760988
0.0087161185
0.009036969
0.00890875
0.008752208
0.008788024
0.008694425
0.0086367605
0.00876904
0.008680777
0.008699846
0.008653129
0.008722488
0.008661136
0.008678979
0.008598912
0.008633752
0.008556557
0.008629685
0.0085237585
0.008620111
0.008590664
0.008418088
0.008366673
0.0085327225
0.008405877
0.008272868
0.008229174
0.008205404
0.008083995
0.0083082495
0.008189395
0.00811152
0.008104967
0.008006906
0.0079661915
0.008072208
0.007891181
0.008146487
0.0079946155
0.007813196
0.007818499
0.007591816
0.007882033
0.0077028074
0.0077562705
0.0077936626
0.0074613164
0.0075914897
0.0073170797
0.00780084
0.007415494
0.007820128
0.007996314
0.0073804855
0.0074786968
0.007561629
0.007087499
0.007764758
0.007957773
0.0072005377
0.0075660697
0.008173291
0.0075435187
0.0071404106
0.0074617863
0.007104173
0.007368066
0.0074990666
0.0070049944
0.007139047
0.0070744343
0.0069029317
0.006931174
0.006720925
0.0067489184
0.0066505014
0.00675722
0.0068039913
0.006489709
0.0066136606
0.006808759
0.006576029
0.006855577
0.0070370897
0.006577159
0.0066222004
0.00644468
0.006553916
0.0063520833
0.0064130747
0.0063343104
0.0064418
0.006208727
0.0065753045
0.0066221855
0.006244106
0.006343492
0.0064404123
0.006162793
0.0063466723
0.0062224767
0.0060563753
0.0060697086
0.0061249807
0.006064091
0.006241724
0.006202647
0.006026313
0.0059124622
0.0060908417
0.0059584663
0.0060817027
0.0060637835
0.0058375397
0.0058055706
0.0060303663
0.0059345267
0.005832515
0.0057909866
0.005841622
0.0057332297
0.0058809477
0.0057916553
0.0057738586
0.0056620017
0.0058775954
0.0057884026
0.0057247714
0.0056804395
0.005735153
0.0056251227
0.0057766326
0.005627747
0.00570962
0.0055771857
0.0056898813
0.0054812413
0.0058742687
0.005711343
0.005524538
0.0053983293
0.0057688467
0.0056288107
0.0055262777
0.0054685385
0.0055746944
0.005472541
0.005512374
0.005464895
0.0054135513
0.005349642
