0.28945065
0.08207603
0.076696716
0.03549168
0.03257485
0.03267016
0.021805683
0.03532964
0.041640747
0.030159032
0.021468528
0.027342862
0.03180375
0.027133329
0.021404581
0.022985285
0.02577131
0.02470901
0.021837985
0.020767162
0.021845689
0.021889618
0.021098955
0.020541208
0.021511316
0.021336814
0.02186189
0.021567246
0.02078496
0.02123711
0.02111713
0.02096052
0.020905023
0.020947209
0.020806033
0.020475155
0.020981098
0.020588527
0.02136662
0.021570185
0.020445175
0.02057609
0.02070543
0.020208899
0.02019286
0.02056167
0.020470917
0.020404683
0.020816745
0.020312691
0.020987133
0.021098906
0.020718006
0.020572014
0.020583596
0.020491326
0.020289497
0.020262068
0.020364271
0.020225236
0.020203538
0.020360276
0.020136157
0.020682208
0.020685203
0.020611249
0.02034234
0.02042886
0.020467578
0.020172983
0.020065183
0.020629069
0.020397464
0.020143986
0.020137714
0.020165557
0.020047307
0.02030501
0.020246472
0.019986842
0.01991121
0.020344911
0.020277476
0.019831607
0.019781461
0.020080494
0.019937746
0.019842403
0.019747613
0.01982609
0.019709632
0.019807506
0.019759646
0.019545777
0.019439286
0.019814083
0.01973875
0.019352177
0.019313442
0.019569157
0.019453155
0.019221682
0.01914022
0.019323505
0.019218823
0.01904057
0.018939873
0.019156912
0.01901769
0.018829685
0.01868189
0.01879099
0.018729793
0.01847252
0.018521609
0.018297307
0.018200032
0.018196963
0.017837351
0.01772759
0.017379692
0.017464586
0.017304994
0.017103275
0.01708248
0.016808214
0.016754704
0.016887616
0.016520556
0.016576119
0.016523032
0.016643474
0.016425485
0.016436787
0.016190475
0.016615396
0.01649783
0.01633221
0.016211048
0.016544735
0.016072312
0.016490445
0.016296191
0.01586877
0.015792789
0.016027952
0.015928507
0.015683187
0.015754683
0.015538559
0.015695998
0.015476654
0.015816003
0.015756143
0.015429378
0.015268132
0.015533666
0.015411894
0.0153149525
0.015350779
0.01523904
0.014970374
0.015315081
0.0151930945
0.015012521
0.014897622
0.015337512
0.015250787
0.014664347
0.014689754
0.014845391
0.014717554
0.014924119
0.014914215
0.014688293
0.014620803
0.014526724
0.014411899
0.0146436365
0.014591209
0.0144902775
0.014409459
0.014544803
0.014338441
0.014517811
0.014305848
0.014358602
0.01424513
0.0142598
0.014161221
0.014218468
0.014071569
0.014201405
0.014033638
0.014115427
0.014056586
0.013947439
0.013944828
0.014009029
0.013974228
0.013843797
0.013771924
0.013872352
0.013783735
0.013708271
0.013625212
0.0136639895
0.013553725
0.013605709
0.013555229
0.013421729
0.0133474395
0.013505053
0.013398587
0.013122968
0.013078525
0.013098463
0.0128632365
0.013022825
0.012816757
0.012734023
0.012798502
0.012366588
0.012815242
0.012256622
0.013714866
0.013600511
0.012855117
0.013656867
0.0137357665
0.0136200385
0.012418744
0.012460645
0.012768485
0.0124323
0.011840991
0.012169193
0.012417589
0.011961084
0.011798538
0.011707723
0.011554028
0.011742788
0.011688906
0.011849448
0.011443522
0.0115777
0.011122733
0.011137322
0.011109228
0.011383716
0.011484613
0.01111003
0.010982178
0.011116269
0.010751712
0.010556447
0.010685802
0.010515291
0.01041032
0.010566968
0.010227931
0.011168151
0.011348733
0.010296055
0.010834682
0.011139489
0.01060038
0.010288165
0.010718826
0.010219307
0.010221708
0.010489929
0.010108977
0.010058726
0.010185533
0.009959873
0.010108058
0.010101311
0.010258427
0.010019549
0.010141068
0.010225779
0.00974113
0.009843509
0.009691873
0.009584222
0.009594665
0.009534042
0.009587013
0.009514949
0.009421428
0.009275569
0.00951854
0.009446503
0.009376396
0.009308758
0.009101472
0.008999952
0.009333898
0.009225096
0.008941487
0.009018699
0.009008646
0.008796655
0.009667863
0.009770489
0.008859792
0.010112983
0.0112596005
0.010217054
0.009986197
0.0115061
0.0110065965
0.0101312855
0.010215168
0.00972972
0.009505612
0.009341288
0.009723585
0.0097646685
0.009003657
0.009179304
0.009316144
0.009036742
0.008934823
0.009235237
0.009054079
0.0087707965
0.009374241
0.0092333965
0.009730742
0.009821841
0.009588026
0.009463492
0.008801784
0.0096409945
0.0091572115
0.009145514
0.009148934
0.009060432
0.008718461
0.008687919
0.008691075
0.008413189
0.0085479235
0.008483908
0.008584262
0.008510078
0.008760412
0.00893671
0.008829721
0.008584774
0.00848445
0.008434021
0.008235414
0.008262411
0.008506029
0.008245579
0.0090242885
0.009317775
0.008242495
0.0092690205
0.008782961
0.009503707
0.0100150155
0.008361942
0.008828982
0.009220493
0.008373435
0.008423985
0.008434401
0.008779485
0.008533806
0.008136368
0.008755715
0.008546045
0.008338369
0.008110576
0.008208436
0.008050182
0.008235482
0.008076946
0.008357204
0.00818058
0.008042283
0.007904726
0.0080157975
0.007961397
0.00809816
0.008055416
0.0077826963
0.007930703
0.0077443942
0.008122129
0.007518517
0.008926611
0.008749615
0.007625242
0.007869688
0.00754636
0.0077783763
