0.28828642
0.050581634
0.07065827
0.043257255
0.023297109
0.029343203
0.029091174
0.023273647
0.024754688
0.02638344
0.024360485
0.022593841
0.022496393
0.022988671
0.022496834
0.021293169
0.022114694
0.022761667
0.021268522
0.021121576
0.021800542
0.020900145
0.020758057
0.021256635
0.020479927
0.020717567
0.021107404
0.020321906
0.020424267
0.020766439
0.020126365
0.020259457
0.020465655
0.019977486
0.020017931
0.020035626
0.019899504
0.01975504
0.019596027
0.019607175
0.01930462
0.019792495
0.019781692
0.019084057
0.019694513
0.020160021
0.019244641
0.019187836
0.019665897
0.01915563
0.018931605
0.019104814
0.018720908
0.01951424
0.019794894
0.018998096
0.019167265
0.019500345
0.019153876
0.01865325
0.01897606
0.018571556
0.020219937
0.02061972
0.01890095
0.01981695
0.021054676
0.019621944
0.018913234
0.01936633
0.019540608
0.018715652
0.01890663
0.019198408
0.01862084
0.01844517
0.01888945
0.01846643
0.018672267
0.018791651
0.01857385
0.018295186
0.018442309
0.01834961
0.018185006
0.017952658
0.018336752
0.018182037
0.017565457
0.017406868
0.017729657
0.017341265
0.017789485
0.017605318
0.01661528
0.016336152
0.0171223
0.01668671
0.016538605
0.016600752
0.015990684
0.015654255
0.017800435
0.018373074
0.016449502
0.017514763
0.019078074
0.017690314
0.016727576
0.01687407
0.016259229
0.016070088
0.015962956
0.015809458
0.015628751
0.016038634
0.016147614
0.015786568
0.015866369
0.015613399
0.0153028825
0.015247981
0.015020467
0.015273549
0.015172395
0.015012684
0.01512114
0.014862444
0.014834538
0.014629856
0.014699514
0.014811595
0.014487411
0.014627512
0.0145359235
0.014280344
0.014269806
0.0141023835
0.014232245
0.013993342
0.014252536
0.014309791
0.013854783
0.013774693
0.013933617
0.013638589
0.013734401
0.013787488
0.01338727
0.013234715
0.013398799
0.013149041
0.013403737
0.0135769965
0.0130794905
0.012907059
0.013329861
0.012918808
0.012887917
0.013256597
0.013047102
0.012462605
0.013034756
0.0133941015
0.012786406
0.012232001
0.012855579
0.012927364
0.012408495
0.012193997
0.012546162
0.012518126
0.011972636
0.01188873
0.012105997
0.011829984
0.011976331
0.012052859
0.011833865
0.011614648
0.011518862
0.011447775
0.011399955
0.01135167
0.01139833
0.011266523
0.011264811
0.011131111
0.011010654
0.011053555
0.010829722
0.010772359
0.010803145
0.010629158
0.0107585685
0.010770857
0.010481265
0.0105367275
0.010386101
0.010323194
0.010364524
0.010200811
0.010413711
0.010348381
0.010125392
0.0101040825
0.01011935
0.00999674
0.010063105
0.0099842325
0.009971016
0.010045513
0.009749231
0.009790449
0.009670627
0.009689104
0.009565478
0.009631556
0.00941259
0.009859429
0.0097011505
0.009474772
0.009442919
0.009490046
0.009387621
0.009547361
0.009514832
0.009254313
0.009264189
0.009323406
0.009264561
0.009383602
0.00944127
0.009117053
0.009208789
0.009058146
0.009118513
0.00900573
0.008921684
0.008954475
0.008812989
0.009714286
0.0098201
0.008993562
0.009352737
0.009253558
0.008958485
0.009104514
0.00896247
0.008717404
0.008949943
0.0088874735
0.008604114
0.008845455
0.008817355
0.008618438
0.008522023
0.008625161
0.008559042
0.008265278
0.0083397655
0.008353599
0.008219957
0.008413733
0.008214842
0.008363594
0.008208221
0.008252633
0.008050983
0.008079211
0.007934633
0.007921014
0.007876196
0.007829434
0.0076815267
0.008043377
0.0078094117
0.008202265
0.008386375
0.007992447
0.007900171
0.0079248175
0.007582158
0.0076526213
0.007580228
0.007630767
0.0073736496
0.007435266
0.0073348493
0.007538827
0.0072717606
0.0077764858
0.007940161
0.007836161
0.007602692
0.0073649697
0.0073435823
0.007535687
0.0074024596
0.007197145
0.0074069984
0.00722673
0.0074643665
0.007428856
0.0075881495
0.007266749
0.0075100386
0.0074929297
0.007251618
0.0069758636
0.007423484
0.007403536
0.0069718403
0.00689118
0.007143432
0.0070228246
0.007070949
0.0070309415
0.006944896
0.006921422
0.00672343
0.0066678408
0.0067475303
0.006546799
0.0070808562
0.0069595166
0.006610714
0.0065438803
0.006712234
0.006466946
0.0070311236
0.006783735
0.0065415264
0.0063909604
0.006440038
0.0063134856
0.006233187
0.006166794
0.0062405113
0.0061781593
0.0064347386
0.0061487346
0.0071396637
0.006970322
0.0068540634
0.006714102
0.0063500865
0.0068806256
0.0061382563
0.0065487046
0.006263348
0.0061110263
0.006035149
0.0060374495
0.0058880844
0.0063153678
0.006279269
0.005794426
0.0058868616
0.0057526664
0.005625158
0.0060557784
0.0059526036
0.005676787
0.0056295544
0.0059147137
0.005650504
0.0059995963
0.0058874707
0.005580103
0.005676698
0.005487271
0.005447647
0.005651012
0.0053717173
0.0057385094
0.005583814
0.005449459
