0.287929
0.07149792
0.07073379
0.03312334
0.03674754
0.035900395
0.022492833
0.03285104
0.04016005
0.03047894
0.022837788
0.024259135
0.027096262
0.02579326
0.022106536
0.02166515
0.023125002
0.021970628
0.021257324
0.021386703
0.021734068
0.021439834
0.02051494
0.02366037
0.024218583
0.021690207
0.02317395
0.02296861
0.02117806
0.021860963
0.022363642
0.021999216
0.021002218
0.021696763
0.02189826
0.02063918
0.022407517
0.022632578
0.020707019
0.022721892
0.024398683
0.02254758
0.020825231
0.02183505
0.02250808
0.021232871
0.020883283
0.02144373
0.020753596
0.020949537
0.021361256
0.020466257
0.021834804
0.022926474
0.021724127
0.020556958
0.021444058
0.02177091
0.020648528
0.021186732
0.022054968
0.021048227
0.02052836
0.02092954
0.02052766
0.020713544
0.020870706
0.020324228
0.021783158
0.022969345
0.021783337
0.02032168
0.022290163
0.024164483
0.023312544
0.021172112
0.020670818
0.021760786
0.021704083
0.020525748
0.020825438
0.021382237
0.021123497
0.020549389
0.020450953
0.020640621
0.020330202
0.020370528
0.020493073
0.02022724
0.02073163
0.021025652
0.020863548
0.020295857
0.020668978
0.02101513
0.020833978
0.02052039
0.020165807
0.020283202
0.020196544
0.020144532
0.020239549
0.020184664
0.020031393
0.020146796
0.020292407
0.02010162
0.019914426
0.020362495
0.020234862
0.020621942
0.02057604
0.0198315
0.020402951
0.020525547
0.02061303
0.020393986
0.01987967
0.01986774
0.020011164
0.019881738
0.020193113
0.019946737
0.019929169
0.019932123
0.019770944
0.019739157
0.019797975
0.01961827
0.01990644
0.019977946
0.019555379
0.019487647
0.019606866
0.019507399
0.019784791
0.019689044
0.019366713
0.019312428
0.01939436
0.019327302
0.019461818
0.019276148
0.019168653
0.019102508
0.019317908
0.019046692
0.018990329
0.019019732
0.018800363
0.018634783
0.018669644
0.018519955
0.018139089
0.018032402
0.017968846
0.017653756
0.019313717
0.019503584
0.017350163
0.019254455
0.02093134
0.019834014
0.018323388
0.018586302
0.018340899
0.017519891
0.018716991
0.018825596
0.01722257
0.018761104
0.020763157
0.019081378
0.016988792
0.01846991
0.019773431
0.018646603
0.016976148
0.017344963
0.01786012
0.01747318
0.017662251
0.017237984
0.016417222
0.01710363
0.01667671
0.015989272
0.01598982
0.015880508
0.015733441
0.015855664
0.015792346
0.015583345
0.015726196
0.015271795
0.015356214
0.01530401
0.015079404
0.014999109
0.015122996
0.014874703
0.01458025
0.014783037
0.014621678
0.014516757
0.014664906
0.014599539
0.014240603
0.014338027
0.014688834
0.014193356
0.015252411
0.014857219
0.014407475
0.014301416
0.014827236
0.014775682
0.013906062
0.013810646
0.014861329
0.0146262115
0.014004439
0.014083993
0.013622363
0.0135150775
0.013544657
0.013822849
0.013618007
0.0134031875
0.013666526
0.0135320285
0.01331981
0.013735135
0.013682681
0.01426695
0.013834094
0.013584141
0.013686481
0.013313055
0.013259015
0.013216096
0.012984318
0.01429445
0.014262418
0.012960494
0.013907568
0.014203831
0.013599734
0.013497296
0.0135457525
0.01316743
0.013495785
0.01335828
0.013551681
0.013409537
0.013024545
0.013162061
0.013157132
0.012860201
0.013385884
0.013736527
0.012917551
0.012987058
0.013093409
0.012924068
0.01296783
0.012763039
0.013004822
0.01284632
0.012703161
0.012948428
0.012888056
0.013065531
0.013016302
0.012543003
0.012637146
0.012630359
0.012643429
0.012619663
0.012418275
0.013008642
0.012813348
0.012885519
0.013073165
0.012819159
0.012963519
0.013121012
0.012832497
0.0123727545
0.012537472
0.0124298325
0.012611396
0.012255418
0.0130768195
0.013546058
0.012493282
0.0127142975
0.013079919
0.012855656
0.012511154
0.012521024
0.012609026
0.012340487
0.012689789
0.0130003495
0.012520812
0.012520347
0.012437545
0.012455669
0.012498748
0.01238167
0.012603585
0.012418914
0.012157444
0.012599997
0.01235853
0.01215955
0.01211413
0.012035149
0.011990192
0.012277846
0.012276734
0.011926644
0.012721646
0.013004519
0.012335938
0.012249391
0.012633875
0.01224712
0.012013317
0.012053177
0.011925678
0.012243599
0.011914696
0.012225598
0.012835843
0.012382534
0.011858108
0.012576632
0.012719552
0.012059393
0.011946346
0.012234412
0.012103279
0.011816661
0.011838767
0.011943062
0.011786212
0.012206399
0.012059502
0.011662011
0.011660171
0.011897579
0.011800893
0.011856615
0.011822332
0.011557906
0.011502261
0.012048084
0.0119494805
0.011504903
0.011474859
0.0118081765
0.01167585
0.011646666
0.011613223
0.011479293
0.011381239
0.011942345
0.011961356
0.011305903
0.011422227
0.011452141
0.011356734
0.011755824
0.011825192
0.011387215
0.011451515
0.011501622
0.011307105
0.011521216
0.0113104135
0.01145494
0.011582337
0.011093572
0.011193871
0.01109837
0.011124284
0.0111026885
0.010932182
0.011248493
0.01097953
0.011419091
0.011573032
0.011107933
0.011000171
0.011041428
0.0108047575
0.011446034
0.011363848
0.011197832
0.011450164
0.011264595
0.011127402
0.010975664
0.011150743
0.011122053
0.010971454
0.010958221
0.010869577
0.010777998
0.010972719
0.010601495
0.011374042
0.011462409
0.010602723
0.010907684
0.010583479
0.011124544
0.010874006
0.010845889
0.011000104
0.01061831
0.010813531
0.0105552105
0.01078174
0.010633835
0.010608397
0.010840367
0.010350883
0.010598187
0.010591966
0.010558485
0.010374565
0.0105437385
0.010466747
0.010182549
0.010133047
0.010266874
0.010091178
0.010195277
0.010092545
0.010303616
0.0104014985
0.00992698
0.010032161
0.009831485
0.010427094
0.010043301
0.010225291
0.010270939
0.009720661
0.010158318
0.0099645145
0.009845201
0.010064148
0.009744909
0.00980368
0.009698346
0.009664766
0.009616142
0.00949825
0.009575706
0.00948405
0.009453467
0.009469085
0.009373738
0.009758829
0.009589141
0.009711389
0.009474377
0.009627183
0.00959287
0.00902286
0.009328847
0.0091419695
0.009331599
0.0091264965
0.009008769
0.009211029
0.00894569
0.009115187
0.009242683
0.008978548
0.009078336
0.008823366
0.009193174
0.009412732
0.009156366
0.008959432
0.009042439
0.008883628
0.009186652
0.009355984
0.00884365
0.009077395
0.008761751
0.008664375
0.008738477
0.0087666875
0.008702633
0.00849866
0.008815417
0.008468277
0.009576759
0.009373038
0.00991651
0.010036434
0.008620548
0.009137339
0.008977495
0.008843432
0.008359016
0.009188438
0.009346871
0.008295957
0.008337258
0.008218621
0.008059162
0.008633974
0.008399449
0.008874792
0.0086279595
0.008241019
0.008033838
0.008691206
0.0080350675
0.008812991
0.00908093
0.007842448
0.0082572615
0.0077955215
0.007988869
0.008197557
0.007926498
0.008105885
0.008163474
0.007675038
0.0077826977
0.0075859115
0.00805365
0.008057819
0.0075057712
0.007869503
0.007785196
0.007442197
0.007328058
0.0073715555
0.0074799904
0.007289843
0.0071549
0.007426152
0.0072809276
0.007431166
0.007345278
0.006977064
0.008094293
0.008308354
0.0074528903
0.00789795
0.008615459
0.008078297
0.0069327466
0.0068934187
0.0069874176
0.006888998
0.006650819
0.007210718
0.007059837
0.0075533255
0.007194534
0.0072949156
0.0075167664
0.0066087754
0.006657502
0.006729469
0.006395651
0.0075015523
0.007657262
0.006752266
0.007173618
0.0072155106
0.007049229
0.0070275366
0.0064830985
0.0063372958
0.006750008
0.0066811577
0.007025233
0.006909503
0.0063980855
0.0063754483
0.006468196
0.0061463043
0.0067063957
0.0067082047
0.0062230197
0.006134017
0.006043104
0.005954866
