0.28786772
0.09010321
0.05722324
0.031392403
0.030847423
0.028106919
0.023034237
0.028343761
0.02831246
0.021747818
0.028031593
0.033936203
0.029269809
0.022963135
0.023396885
0.026086504
0.025292287
0.02289725
0.022528896
0.022546386
0.022838546
0.022838427
0.021453626
0.021169016
0.021921625
0.021448543
0.020489994
0.021179035
0.020863593
0.020898605
0.020727323
0.021040166
0.020847753
0.020619635
0.020603022
0.020729216
0.020507855
0.020746388
0.020779425
0.020303348
0.020689478
0.020453973
0.020537222
0.020640021
0.02030317
0.020518718
0.020360714
0.020469904
0.02048348
0.020262446
0.020453745
0.020238558
0.02069352
0.020822542
0.020392304
0.020257998
0.020617213
0.020275759
0.020657493
0.020847438
0.020283965
0.020297736
0.02042757
0.020262321
0.020202845
0.020209624
0.020209953
0.020154497
0.02023668
0.020052424
0.020465035
0.020268125
0.020225124
0.02020326
0.02001691
0.019943735
0.020406058
0.020402193
0.019957116
0.019968018
0.020122403
0.019916924
0.019979114
0.020013697
0.019834831
0.019663949
0.019921117
0.019724095
0.019611994
0.019473575
0.019568237
0.019366063
0.019212786
0.019184092
0.019031258
0.01880001
0.01931022
0.019272467
0.018554786
0.0184586
0.018836007
0.018487466
0.018519724
0.018520864
0.018228445
0.018113628
0.018252317
0.018179804
0.018080145
0.017942896
0.018124605
0.017992033
0.017952248
0.017774792
0.018015102
0.01794067
0.017729709
0.017651403
0.017789098
0.017693486
0.017625304
0.017563118
0.01757375
0.017479777
0.017615141
0.017465545
0.017415626
0.017317705
0.017372467
0.01724687
0.01706738
0.016928922
0.017036041
0.016625542
0.016998127
0.016880115
0.016214171
0.017015636
0.016212488
0.01681573
0.01662928
0.016248727
0.015881045
0.015835376
0.015592081
0.015260354
0.015350637
0.014798109
0.016077412
0.015867006
0.014933373
0.014895224
0.014928269
0.014909722
0.01417153
0.015570258
0.016025135
0.01537701
0.014686097
0.014755611
0.015467341
0.014494074
0.014483489
0.014725838
0.014970106
0.01438342
0.014157125
0.013940855
0.013707002
0.013775922
0.013599724
0.013055668
0.013296761
0.013175406
0.012637901
0.013400517
0.01335708
0.012479451
0.012696408
0.012921627
0.012812366
0.0122417025
0.012404029
0.012532658
0.012839369
0.012412949
0.01273185
0.012437701
0.012102875
0.012230165
0.011875364
0.011623365
0.011796341
0.0117551135
0.012110884
0.011991751
0.011710511
0.011288096
0.012031872
0.012120531
0.011644575
0.011691764
0.011168174
0.011909266
0.012313784
0.011731423
0.011495908
0.011242532
0.011526619
0.011551622
0.011218893
0.011034598
0.010875142
0.011073993
0.010936458
0.010883982
0.010773306
0.010773479
0.0104823485
0.011376931
0.011754387
0.010815087
0.01109638
0.011695582
0.010481483
0.011247851
0.011874297
0.010623236
0.010482609
0.010938634
0.010335031
0.01057534
0.010970165
0.010135793
0.010592353
0.011029235
0.010234012
0.010007945
0.010428801
0.0099513205
0.009958627
0.010164001
0.009748328
0.01002048
0.010233876
0.010327704
0.009566882
0.010687783
0.011340036
0.010333526
0.010481455
0.010385858
0.01003711
0.010318709
0.0097886
0.009551118
0.009569067
0.009551049
0.009113344
0.009102941
0.009126573
0.008963703
0.009215221
0.009106134
0.008889203
0.009129579
0.008848132
0.008736548
0.009181268
0.009089225
0.009261976
0.008864853
0.00937147
0.009256721
0.008559009
0.008679551
0.008507744
0.008459005
0.008390444
0.008248535
0.008376638
0.008316804
0.008233549
0.008502546
0.008065396
0.008201288
0.00787625
0.008346089
0.008285896
0.007852654
0.00795385
0.007962205
0.007679604
0.007551482
0.007701967
0.0075217537
0.0074078017
0.007365603
0.00703395
0.0070865066
0.0069560134
0.0071608736
0.006957321
0.006937795
0.0067779105
0.006969198
0.0067788996
0.006975139
0.0069054198
0.006631777
0.0070092864
0.00640933
0.0067531266
0.0066720485
0.0065773204
0.0062855817
0.0066274353
0.0066447468
0.006385293
0.006403353
0.006140956
0.0072201174
0.006698147
0.0074644233
0.007274525
0.0068231025
0.006741859
0.006611997
0.0068410435
0.006103087
0.0073102973
0.008077624
0.006768962
0.007002114
0.007160427
0.00715738
0.0064326166
0.006397706
0.00656609
0.006359089
0.0060035954
0.006520054
0.0067628347
0.0058530234
0.0065104985
0.0069974423
0.0068541984
0.0059959646
0.0065716975
0.007488563
0.006593155
0.0062214583
0.0060858503
0.0063195243
0.0061162063
0.006115988
0.0057149814
0.0062866644
0.0063029653
0.0061629885
0.0058934856
0.0055932296
0.005649604
0.0056471825
0.0053366707
0.006200423
0.0058661564
0.005972749
0.005930254
0.00576584
0.00588528
0.005442456
0.0056004827
0.0056036185
0.0055210204
0.005588252
0.0056261905
0.005210933
0.005200378
0.00537233
0.0052447445
0.0053726104
0.005302271
0.005134488
0.0050545684
0.005280972
0.005185995
0.0051427414
0.0050304392
0.0051465053
0.0050239363
0.0051668994
0.0050238334
