0.28634608
0.04820754
0.07788057
0.052297574
0.02180613
0.03852493
0.04258501
0.02983073
0.021933004
0.027819604
0.03230296
0.026761204
0.021250857
0.02249209
0.024520477
0.0238067
0.02119553
0.020769412
0.021917477
0.021756085
0.020314509
0.021128478
0.021829747
0.021819538
0.021003118
0.019972363
0.020849755
0.020891955
0.020172833
0.019959789
0.020120626
0.02020192
0.019791564
0.019763937
0.02004545
0.019809006
0.019614348
0.019864189
0.019863343
0.019760229
0.019474713
0.019665169
0.019573482
0.01958516
0.019457994
0.019752836
0.019556126
0.019553976
0.019613102
0.019378807
0.0193816
0.01955163
0.019409068
0.019748343
0.019674081
0.019501224
0.019518903
0.01957371
0.019306729
0.019926546
0.019893758
0.019280093
0.01935122
0.019334715
0.019235859
0.019597374
0.019376134
0.01962323
0.019754713
0.01918529
0.01946328
0.01942293
0.019492015
0.019398546
0.01929336
0.01915512
0.019428961
0.019212365
0.019384721
0.019394979
0.018956283
0.018908082
0.019228267
0.019048566
0.019063862
0.019023621
0.018791081
0.018640209
0.01890472
0.01869619
0.018622562
0.018508764
0.018190525
0.017994141
0.018413935
0.018249204
0.017591508
0.017557574
0.017364008
0.017116884
0.016972514
0.016655916
0.016568007
0.016475538
0.016025973
0.016171038
0.015901389
0.015720563
0.01585936
0.015547157
0.015707009
0.015872657
0.015433389
0.015121784
0.015501115
0.01509501
0.015359692
0.0154412985
0.014946774
0.014933008
0.014741719
0.01459223
0.014589258
0.014502999
0.014499801
0.014367807
0.014399584
0.014288011
0.014398709
0.014665854
0.01403869
0.014674045
0.014786955
0.013995145
0.014176925
0.0145361
0.014160003
0.013792351
0.014318675
0.014753816
0.014244049
0.013734293
0.014487053
0.015308361
0.014788996
0.014594883
0.013752739
0.014361762
0.015031557
0.014261756
0.014486593
0.015131854
0.014188924
0.014084359
0.014516166
0.013726532
0.013782241
0.014279124
0.013644722
0.013976306
0.014200511
0.013534783
0.013888265
0.014186698
0.013433269
0.013958079
0.014410064
0.013540402
0.013565168
0.013855942
0.013150119
0.013975683
0.014401552
0.013267857
0.01352075
0.014086351
0.013259378
0.013202443
0.013656512
0.012960481
0.013276197
0.013893598
0.013054113
0.012808055
0.013189514
0.01256992
0.012992325
0.013545473
0.012707087
0.012550554
0.012931153
0.012313287
0.012447485
0.012863889
0.012114088
0.012193832
0.012587092
0.011908196
0.01194036
0.012248668
0.0115903495
0.011986827
0.012368548
0.011612031
0.011693637
0.011935659
0.011300195
0.011820043
0.012210713
0.011312496
0.011507269
0.011935763
0.011182171
0.01131304
0.011650818
0.011081074
0.011418559
0.011928084
0.011281789
0.011153736
0.011337605
0.0110219205
0.011205085
0.011506868
0.0110305725
0.01118623
0.011753124
0.011438076
0.010975346
0.011395526
0.0112669105
0.010782536
0.011015192
0.010920659
0.010817383
0.010728258
0.010770254
0.010697653
0.010624665
0.010725916
0.010569592
0.010832709
0.010991324
0.010841818
0.010546081
0.0111512365
0.011470708
0.010868567
0.011246649
0.011631017
0.01098831
0.011197262
0.011633451
0.010909465
0.0108751245
0.01135186
0.0108929835
0.010918631
0.011274643
0.010690925
0.010882527
0.01120457
0.010591795
0.010830149
0.01121172
0.010555145
0.010832672
0.011307237
0.010588993
0.010698594
0.011146155
0.010543701
0.01060095
0.010927625
0.010401965
0.010978154
0.011532591
0.010718196
0.010399965
0.010686216
0.010278675
0.010933467
0.011568184
0.010761846
0.010366081
0.010680134
0.010299434
0.010719138
0.011164598
0.010444865
0.010498465
0.010919736
0.0104510235
0.010615841
0.010980296
0.010414048
0.010551306
0.01093142
0.010399338
0.010522929
0.010882129
0.010335317
0.010460957
0.010871443
0.010334636
0.010371683
0.010769244
0.010301053
0.010347919
0.010615684
0.010136715
0.010650982
0.011342305
0.010721778
0.01023222
0.010529582
0.010423052
0.010343193
0.010585935
0.010399061
0.010253642
0.010618389
0.0104656
0.010054265
0.010410053
0.010288031
0.009925193
0.0102359215
0.010194308
0.010096674
0.009975507
0.010096754
0.010038686
0.009937615
0.009920275
0.01011849
0.010112827
0.0098626735
0.009895497
0.009891451
0.009797717
0.010045986
0.010050206
0.009892041
0.0099328365
0.009835745
0.00978825
0.009926122
0.009876426
0.009786238
0.00976809
0.009750088
0.009748152
0.0097269565
0.009708394
0.009694658
0.009645835
0.009680185
0.009663699
0.009652016
0.009617007
0.0095922435
0.009558764
0.009573405
0.009514895
0.00956223
0.009538026
0.009545468
