0.2871733
0.043288153
0.08890122
0.07576426
0.03442032
0.031007856
0.036146212
0.029658752
0.026112005
0.025389561
0.025632126
0.024293425
0.02326326
0.0222932
0.023794204
0.02256541
0.02081853
0.021687487
0.021349857
0.02018863
0.021278942
0.021249354
0.019991864
0.020304305
0.020477058
0.019309456
0.020970954
0.022167116
0.020497145
0.019086633
0.019903176
0.0202158
0.018756373
0.01898226
0.019529894
0.018719705
0.017567202
0.01938774
0.020558182
0.018667845
0.01764823
0.0174299
0.017528104
0.017278554
0.016222121
0.01729122
0.017764227
0.016155317
0.016520472
0.016957121
0.01622747
0.016147591
0.015818192
0.015675642
0.01576618
0.015179741
0.015529864
0.015643585
0.014998987
0.0149554685
0.0150400335
0.014856596
0.014701282
0.014671867
0.014539746
0.01450748
0.014353253
0.014540692
0.014548473
0.014365542
0.014224682
0.014229946
0.014122267
0.014147234
0.014166241
0.013950276
0.01406585
0.014091757
0.014018995
0.0141120935
0.013800394
0.014001829
0.014187199
0.013708265
0.014522533
0.015373479
0.015192284
0.014190012
0.013692829
0.014176228
0.014162392
0.013666895
0.013651303
0.013921589
0.013716307
0.013536472
0.013605386
0.0136272805
0.013481184
0.0134852575
0.013518982
0.013455269
0.013314337
0.013441679
0.013306744
0.013300057
0.0133387195
0.013285589
0.01320539
0.013150084
0.013218704
0.013193625
0.013026003
0.013428082
0.013712003
0.013369083
0.013094351
0.013174017
0.01320118
0.012994598
0.013007586
0.012994871
0.012870535
0.012976419
0.012932642
0.012774314
0.0129952505
0.012966295
0.012895174
0.012694861
0.012935766
0.012707288
0.013339425
0.013426398
0.012824629
0.012664917
0.01291392
0.012779191
0.012628489
0.012656797
0.012644845
0.012757595
0.012630994
0.012953472
0.012895868
0.012943794
0.012820835
0.012540191
0.012663764
0.012682803
0.0124681415
0.012548191
0.012507076
0.012721102
0.01253187
0.012465633
0.012522024
0.012279513
0.012244414
0.012211781
0.012076677
0.012286272
0.012136716
0.012067678
0.011972383
0.012143939
0.011818522
0.012125303
0.011808057
0.012192317
0.011916429
0.011915467
0.011694963
0.011792175
0.011510578
0.011740525
0.011531674
0.011636148
0.01143811
0.011472657
0.011402252
0.011322227
0.011239048
0.011202287
0.011149992
0.011184394
0.011060477
0.01110422
0.01103085
0.011007472
0.0109166205
0.010947148
0.010898188
0.010804407
0.010738206
0.010793966
0.010671526
0.01079835
0.010714434
0.010605197
0.010480086
0.010835815
0.010704995
0.010501173
0.010393795
0.010582566
0.010352876
0.010727857
0.01051971
0.010491043
0.010459722
0.010300894
0.010355442
0.010147928
0.010252961
0.010144263
0.009995092
0.010487759
0.010049432
0.011117987
0.011199447
0.0099994885
0.010570894
0.010555006
0.009975829
0.010568227
0.0103584705
0.010181158
0.010238169
0.010143054
0.009913134
0.0100295
0.0098393215
0.009904684
0.009869401
0.009886456
0.009723088
0.010594082
0.010628563
0.009980387
0.01001719
0.010263014
0.009701583
0.010764323
0.010790042
0.009855517
0.010075434
0.009943577
0.009922676
0.009855029
0.009762696
0.009778411
0.009653511
0.009652208
0.009793005
0.009726389
0.0096155135
0.009564527
0.009596553
0.009489685
0.009622048
0.009513038
0.009546982
0.009438609
0.009604064
0.009526032
0.0094452975
0.009430618
0.009439042
0.009256323
0.009698001
0.0095842155
0.009221779
0.009235386
0.009351562
0.009090976
0.009723444
0.009639814
0.009081805
0.009541512
0.009204374
0.01003811
0.010299118
0.0094587635
0.009490536
0.009830427
0.009457533
0.009163697
0.009334383
0.009069233
0.009129961
0.009002955
0.009127325
0.008882518
0.009055135
0.008802139
0.009369455
0.009203027
0.009347103
0.009425033
0.009166331
0.0090996185
0.009228553
0.009000546
0.008950912
0.008976132
0.008806172
0.008879139
0.008754224
0.009081903
0.009181385
0.008858205
0.008797821
0.008971029
0.00876164
0.008621719
0.008845343
0.00847415
0.009574808
0.009652595
0.008649076
0.008926579
0.009137689
0.008884359
0.008481928
0.00905026
0.008906263
0.008526078
0.008526911
0.008649028
0.008318139
0.008631842
0.008523096
0.008467215
0.008374249
0.008419326
0.0083376905
0.0081774
0.008567697
0.008426434
0.008220651
0.008169291
0.008288767
0.008156417
0.0082430495
0.00808803
0.00819429
0.00804754
0.008151033
0.008005583
0.00797887
0.0080394875
0.007851387
0.008198022
0.00781543
0.008677535
0.008607443
0.0078032278
0.008114063
0.00780466
0.007929231
0.0076496727
0.0080130985
0.0076707625
0.008405591
0.008692314
0.007671088
0.009072291
0.010127294
0.008991429
0.007929798
0.0084686205
0.008186354
0.0081779845
0.008188647
0.007740976
0.00791331
0.007630994
0.008022363
0.008151789
0.007749545
0.0075819083
0.0075761527
0.0075387973
0.0073901913
0.007524332
0.007451127
0.0072859316
0.0075282226
0.0073765516
0.007271295
0.0073281843
0.007068197
0.007711289
0.0074915253
0.007428469
0.007245883
0.007187946
0.0070488937
0.00721613
0.0069988617
0.007285113
0.0070910323
0.0069486736
0.0067634457
0.0070831426
0.007044994
0.0067110644
0.006678745
0.006771048
0.00663467
0.0067588594
0.006699717
0.0065721236
0.0065581365
0.0062524094
0.006205751
0.0063829743
0.0060946676
0.0068671
0.0069102068
0.0059453063
0.006464865
0.006387615
0.005961968
0.006126866
0.005788315
0.005913326
0.0059645264
0.0060184337
0.0054858425
0.006723656
0.0068348
0.006058771
0.006196756
0.005886013
0.006483858
0.006295245
0.0060964613
0.0057803974
0.00646715
0.006457174
0.005755622
0.006068848
0.00543551
0.0060969857
0.0062690913
0.0050228317
0.0053721643
0.004927688
0.0051792786
0.00507196
0.004992897
0.004832503
0.0046713403
0.0054636947
0.0049772435
0.004939593
0.0049752947
0.0050894204
0.004564088
0.005487364
0.005024852
0.004790654
0.004585706
0.0050799684
0.004882436
0.0045905258
0.00471142
0.0045199716
0.004874628
0.0040623285
0.0051243524
0.0047242516
0.0053041945
0.0052481717
0.004438413
0.004300936
0.004527969
0.0040310672
0.0049624243
0.004352955
0.0046378863
0.0048612165
0.004316944
0.004315451
0.0042112395
0.0038741725
0.004155596
0.0041085905
0.0040423726
0.003981046
0.0040000803
0.00403675
0.004085462
0.0037815848
0.0044867564
0.0047893426
0.0040907166
0.0039990996
0.0041456185
0.003917932
0.0040691947
0.0039835307
0.0038486265
0.0034929842
0.004241966
0.003799444
0.004738143
0.004482479
0.004366796
0.003848901
0.0049354737
0.0045073293
0.0039456156
0.003938128
0.0038851267
0.003738991
0.004257852
0.004139548
0.0036447598
0.0036539284
0.0036825587
0.0034415529
0.004203407
0.004003092
0.0034960043
0.0033208737
0.0044034915
0.004050538
0.0035826897
0.0036450913
0.003453836
0.0032271147
0.0040636673
0.0038803027
0.0033528612
0.0032722463
0.003736998
0.0034651177
0.003737387
0.0036995672
0.0032217905
0.003150475
0.003648499
0.0033280503
0.003868023
0.004030136
0.0029767258
0.0029738795
0.003617205
0.0032379723
0.0037788171
0.0039509716
0.0029697232
