0.28929746
0.043895423
0.08472543
0.10454484
0.06229655
0.02786746
0.027729228
0.0413842
0.040497657
0.028514983
0.021502981
0.023483401
0.027204677
0.025648221
0.02278871
0.020433448
0.025584755
0.028232818
0.02494064
0.02313838
0.023232033
0.021476304
0.021400055
0.022482552
0.021274023
0.020812443
0.021170348
0.021014506
0.021436935
0.02082813
0.020725759
0.021227496
0.02098381
0.02075947
0.020671032
0.020640904
0.020908087
0.020688586
0.020692829
0.02068311
0.020867705
0.020569544
0.020950994
0.020579608
0.021327274
0.021479415
0.020352386
0.021741116
0.022064857
0.02083393
0.021694122
0.022076348
0.020861397
0.021267146
0.021742845
0.021054463
0.021059224
0.021001952
0.020734489
0.02090118
0.020590337
0.020804472
0.020761829
0.020354455
0.020528616
0.020309014
0.020668933
0.020587428
0.020447114
0.020454654
0.020449473
0.020371495
0.02051557
0.020425068
0.020413654
0.020397881
0.020362033
0.0203202
0.020469068
0.020439705
0.020310754
0.020305565
0.020380704
0.020313146
0.020422475
0.020405067
0.020308727
0.020319926
0.020305937
0.020282349
0.02030338
0.020268152
0.02029711
0.020262755
0.020294638
0.020248631
0.020342622
0.02030803
0.020257378
0.020241253
0.020297563
0.02027316
0.020247202
0.020239634
0.020239811
0.02021063
0.020296365
0.020271905
0.020209566
0.020213895
0.020185282
0.02018817
0.020283313
0.020252066
0.020246977
0.020275084
0.020242872
0.020212306
0.020260155
0.020214478
0.020290479
0.020310327
0.02024617
0.020236356
0.02019099
0.020320041
0.020277746
0.020171741
0.020191835
0.020157477
0.020170787
0.020114025
0.020339346
0.020358652
0.020157116
0.020200005
0.020216353
0.020114819
0.020277016
0.020231895
0.020136133
0.020109536
0.020129478
0.020101741
0.020161724
0.020085527
0.020230882
0.020216018
0.020024257
0.02003864
0.020063672
0.019980295
0.020301046
0.02031814
0.019945953
0.020791316
0.021421038
0.020794647
0.020115113
0.02033563
0.020462211
0.020276474
0.020295488
0.020192368
0.019997781
0.020185705
0.020196436
0.01993564
0.020024162
0.020126062
0.019983722
0.01989083
0.01997362
0.019944444
0.019834386
0.01986043
0.019836983
0.01979097
0.019865066
0.019851347
0.01976491
0.01978221
0.019752294
0.019763717
0.019736597
0.019789794
0.019764667
0.01978364
0.019760339
0.019724585
0.019706957
0.01969082
0.019672047
0.019684238
0.019656586
0.01969582
0.019650878
0.019692445
0.019649653
0.019643465
0.019615809
0.019607918
0.019579945
0.01961308
0.019595765
0.01955073
0.019531455
0.019542983
0.019506982
0.019495605
0.019467236
0.019443778
0.019403966
0.019416943
0.019369002
0.019329792
0.019274719
0.019255
0.019172251
0.019155562
0.01906431
0.019030465
0.018924206
0.018860763
0.018735468
0.01869242
0.0185213
0.018460931
0.018244049
0.018202353
0.01801592
0.018165555
0.018080914
0.017723938
0.01776096
0.017629901
0.01733158
0.017197067
0.017135432
0.017064655
0.016874803
0.016968243
0.01683058
0.016615698
0.016778765
0.016785795
0.016765766
0.01646579
0.016697964
0.016799973
0.016327707
0.016172038
0.016074287
0.015940892
0.015698252
0.015776845
0.015614894
0.015549977
0.015468482
0.015322306
0.015322484
0.015376511
0.015138178
0.0152202295
0.01544667
0.015227944
0.014911584
0.0149882855
0.015017722
0.014969387
0.0148056
0.01487976
0.0149053475
0.014747016
0.014597503
0.014989279
0.01496169
0.014608669
0.0146161765
0.014386808
0.01493622
0.015030357
0.014346483
0.014827714
0.014915884
0.01455328
0.0145758055
0.014284271
0.01463753
0.014853157
0.014260616
0.0148682175
0.015465333
0.014515638
0.014305976
0.014672945
0.014050324
0.0141595835
0.014515936
0.013902579
0.014206263
0.01444801
0.013856555
0.014253934
0.01478419
0.0138542615
0.013898685
0.01430357
0.013757516
0.013799679
0.014200953
0.013543453
0.013840691
0.014122863
0.013648797
0.013721164
0.014043278
0.013602185
0.013477831
0.013524291
0.013599402
0.01317732
0.01345658
0.013416216
0.013085927
0.013215329
0.013090205
0.013086886
0.013143483
0.013090228
0.012961816
0.012847856
0.0129753575
0.012927699
0.012741764
0.012782693
0.012742028
0.0127019575
0.012668159
0.012640473
0.012601181
0.012527098
0.012490392
0.012402438
0.012369747
0.0124235125
0.012260564
0.012537892
0.012431428
0.012273233
0.012518157
0.012345935
0.012914836
0.012724876
0.012558731
0.012496394
0.012148571
0.012077493
0.012555349
0.0124226315
0.012331191
0.012342491
0.011980045
0.01198672
0.011921558
0.01212393
0.011938401
0.012530626
0.012471312
0.012330323
0.012428113
0.0119233085
0.012354975
0.012287765
0.012136619
0.012053333
0.012155904
0.012093662
0.012084227
0.01207298
0.0118434625
0.011793554
0.011820515
0.011708837
0.012080825
0.011946335
0.011821129
0.011728182
0.011965011
0.011782426
0.01197549
0.011963263
0.011671874
0.01163371
0.011864692
0.0117058875
0.0118928775
0.0118966475
0.011618842
0.011587641
0.011829824
0.011684242
0.011690564
0.01165802
0.011639397
0.011567595
0.0117854895
0.011733177
0.011525829
0.011479784
0.011661711
0.011541671
0.01165367
0.011602707
0.011568894
0.011455674
0.011742373
0.011562797
0.011565533
0.011491675
0.011561573
0.011489768
0.011544722
0.011502753
0.011499457
0.011484951
0.011503559
0.011452463
0.011457096
0.011397719
0.011519905
0.011501058
0.011348666
0.011332534
0.011439591
0.011344116
0.011465006
0.011433744
0.011293474
0.011208042
0.011654696
0.011622745
0.01117712
0.011188299
0.0114826085
0.011365314
0.011380677
0.011406332
0.011259009
0.01125081
0.01137004
0.011185646
0.011716351
0.011695657
0.011119616
0.011143285
0.011340231
0.011175101
0.01146822
0.011503652
0.011041573
0.011077672
0.011546063
0.011247431
0.012159158
0.01215182
0.01171378
0.012594253
0.0126048615
0.011588838
0.012127642
0.012488204
0.0114947455
0.011835967
0.012319957
0.01161473
0.011708404
0.012014617
0.011628062
0.011596327
0.01160308
0.011276253
0.011224117
0.011215951
0.011309102
0.011310627
0.011234992
0.01125241
0.0111495955
0.011251107
0.011191596
0.011195987
0.011089459
0.011062079
0.011147876
0.011033763
0.011272446
0.011119259
0.011527422
0.011554082
0.0112746535
0.011204559
0.011193305
0.011096821
0.011195964
0.011168969
0.011154227
0.011045352
0.011411163
0.011241868
0.0109173255
0.0109082535
0.011209488
0.011174332
0.010952705
0.010807094
0.011160473
0.011013739
0.010999694
0.011007071
