0.28811282
0.12028426
0.06440733
0.028709007
0.04154941
0.037278015
0.022157393
0.03871569
0.050092924
0.03842776
0.024057401
0.026827632
0.034346968
0.033086542
0.026437618
0.022556426
0.02386784
0.026159117
0.025721608
0.022835476
0.021216126
0.022309905
0.021429954
0.02081178
0.020931816
0.02074242
0.02025677
0.021344325
0.021255223
0.019999318
0.02065947
0.020792307
0.020111026
0.019807167
0.019323638
0.019703804
0.01897813
0.020151338
0.020657184
0.019360924
0.019456364
0.019746864
0.019063422
0.018829474
0.018883662
0.018127643
0.019372689
0.019370172
0.018710779
0.0179796
0.018859997
0.018640885
0.017791983
0.017786372
0.017937427
0.01771381
0.017848045
0.017512301
0.017830087
0.01778204
0.017378224
0.01737847
0.01727122
0.017065054
0.017614415
0.017580852
0.016930824
0.016882153
0.017030885
0.016811745
0.017124264
0.017180342
0.016922021
0.016813073
0.017028138
0.016642375
0.01744279
0.01736054
0.016711717
0.016668856
0.016487425
0.016465059
0.01650782
0.016268687
0.01698
0.016836556
0.01607108
0.016127104
0.016046142
0.015858779
0.015778173
0.015639
0.015555049
0.015576574
0.015381155
0.015218586
0.015559888
0.015098083
0.016146092
0.01641713
0.0149310725
0.017109038
0.018745422
0.016469851
0.016070917
0.016439723
0.0152448965
0.01579553
0.01628845
0.015036523
0.015690388
0.016606092
0.015540813
0.015408131
0.015649715
0.015089605
0.015331626
0.015250442
0.014838751
0.015018324
0.014784968
0.0149663985
0.014892322
0.014329807
0.014322951
0.014487852
0.01426362
0.014892493
0.01498384
0.014192763
0.014681038
0.014827325
0.014495994
0.0142221125
0.014360552
0.014369444
0.013948474
0.0139931245
0.013875659
0.0140261315
0.014040354
0.013832077
0.013885851
0.013752297
0.013841699
0.013872591
0.013582367
0.014115582
0.014073144
0.014197606
0.013699327
0.014225662
0.014245495
0.013566849
0.0134628145
0.013977778
0.013909899
0.013330531
0.013241619
0.0137973605
0.013402845
0.013772652
0.013920582
0.013161027
0.013161319
0.01335223
0.013183013
0.01345211
0.013271101
0.013625734
0.013498629
0.013028607
0.013034319
0.0131777
0.012987887
0.013512497
0.013375927
0.0128786
0.012837213
0.013343118
0.013254871
0.012754229
0.01269687
0.013186273
0.012993485
0.01282191
0.012710981
0.013035151
0.012976736
0.012676299
0.012647274
0.012781006
0.012708689
0.01264407
0.012530338
0.0128451735
0.012721409
0.012555544
0.012486297
0.012724642
0.012704693
0.012374078
0.012287074
0.012915358
0.01281866
0.012264484
0.012192675
0.012852742
0.012643208
0.012401819
0.012408718
0.012244276
0.0122569725
0.012338757
0.012289052
0.0121082375
0.012069303
0.012232982
0.012118284
0.012121428
0.012045018
0.0121318465
0.011998107
0.012153539
0.012024991
0.012084036
0.012017335
0.011945921
0.011883564
0.012033485
0.011979642
0.011819504
0.011746923
0.012046206
0.011962567
0.011754447
0.011697923
0.011932313
0.011874344
0.011686381
0.011669162
0.011754609
0.01169077
0.011634878
0.01155186
0.011764581
0.011712938
0.011485931
0.01145769
0.01159121
0.011496906
0.011534366
0.011442821
0.011407182
0.011291951
0.011578138
0.011369468
0.01140174
0.011340253
0.011270876
0.011170027
0.011411945
0.011376047
0.011086776
0.011092343
0.011303273
0.011313915
0.010989961
0.010988583
0.011190862
0.011113625
0.011002532
0.010967433
0.01094357
0.010911009
0.010968591
0.010848721
0.010913208
0.0108907595
0.010856059
0.010820205
0.010899541
0.010783273
0.010955575
0.0107881455
0.010638748
0.010553692
0.010971296
0.011106466
0.010616253
0.010635555
0.01068369
0.01034979
0.011543874
0.011451006
0.011046771
0.010882731
0.010586242
0.01046586
0.010635401
0.010446262
0.010412654
0.010305114
0.010354309
0.010121337
0.01043897
0.010580957
0.010429169
0.01041913
0.009923361
0.009934981
0.010018823
0.010033098
0.009830437
0.009630343
0.009968659
0.0098931445
0.009924857
0.009649966
0.009662061
0.009655282
0.0096995495
0.009639771
0.009822751
0.009513852
0.009736122
0.009638133
0.009769533
0.009542576
0.009598554
0.009433158
0.009489725
0.009489514
0.009211452
0.009565354
0.0093568005
0.009939005
0.009909795
0.008913669
0.009232134
0.008947215
0.010047459
0.009957839
0.00918264
0.008945026
0.009006427
0.00903581
0.008812101
0.009024208
0.009121583
0.008887877
0.009295001
0.00932097
0.009634319
0.009173914
0.009204895
0.009327089
0.0095325345
0.009306519
0.008994211
0.009398236
0.009132516
0.009070286
0.008897605
0.008394049
0.009562165
0.009710585
0.009678536
0.009361514
0.008778837
0.009011219
0.008716001
0.009075612
0.0083744535
0.00952194
0.009238035
0.008840707
0.009084216
0.008309397
0.008838765
0.008882721
0.008961382
0.008863825
0.008222933
0.008784509
0.008479311
0.008930062
0.009073534
0.008504258
0.008565757
0.008348462
0.0086586075
0.00830336
0.008341367
0.00815413
0.008166895
0.008131084
0.008022615
0.008024096
0.00782654
0.007814893
0.0076325373
0.0076379795
0.00762495
0.00785153
0.007590408
0.008029203
0.007875816
0.0077948235
0.007460637
0.0076837786
0.007482623
0.007628842
0.0074942396
0.007596323
0.007383648
0.007403379
0.0077874116
0.0072627948
0.0078055537
0.007302947
0.008142474
0.0073275547
0.007747289
0.007694485
0.007594995
0.0074668266
0.0074169096
0.007261634
0.007127645
0.007228952
0.007457284
0.007115429
0.007947052
0.008279134
0.007156966
0.0079105785
0.0082
0.0073687504
0.007867977
0.008351256
0.006729983
0.009064573
0.009935279
0.008174592
0.0076950304
0.008593444
0.008381079
0.0073021296
0.007537209
0.007680693
0.007308632
0.007194385
0.0077796057
0.0077017606
0.006538138
0.009211891
0.010294805
0.0076705534
0.008218706
0.009437337
0.007543652
0.0073956526
0.007424248
0.006704215
0.007214114
0.006532751
0.0074912533
0.0071199387
0.007041817
0.006429229
0.007116807
0.007075229
0.0070119896
0.0070289136
0.0065681315
0.006488703
0.006388465
0.006457098
0.0065582343
0.0061697676
0.006214004
0.006354965
0.006088111
0.007838673
0.010064709
0.008595838
0.009778026
0.012008962
0.010250735
0.00831822
0.009181817
0.010018119
0.009797937
0.009721811
0.009064559
0.009262793
0.008146092
0.0073544323
0.008003186
0.0071970797
0.007050296
0.007149763
0.007082179
0.006589616
0.006510146
0.006781249
0.00662805
0.0063091977
0.006162096
0.0060416176
0.0058527812
0.005992872
0.005756577
0.0061687925
0.005949881
0.006413199
0.0062020533
0.0058791623
0.0062319613
0.0057379976
0.0059406552
0.005947405
0.0058621713
0.0058612414
0.0056140185
0.0053308695
0.006192492
0.00578896
0.00598401
0.005882786
0.0059514344
0.0054588285
0.006081154
0.0055554505
0.0062070284
0.006013218
0.005727044
0.0058488664
0.005543608
