0.2903085
0.06630495
0.062373888
0.032475926
0.034607127
0.031244352
0.023712521
0.02901187
0.030753007
0.024763396
0.023121456
0.024531865
0.023107873
0.02279287
0.023558414
0.02307214
0.022317076
0.023107076
0.022999197
0.022346817
0.02209483
0.022501016
0.022151882
0.021423787
0.021732075
0.021676743
0.021429112
0.020933812
0.02153855
0.021492152
0.020473083
0.02105323
0.021350406
0.021035029
0.020586545
0.019992316
0.020920893
0.0212117
0.02009599
0.020423466
0.021086106
0.02025645
0.019852992
0.020073822
0.019586911
0.020057501
0.02046516
0.019642401
0.019773962
0.0202738
0.019565046
0.01958341
0.019934209
0.019393561
0.019631226
0.020016586
0.019449674
0.019375525
0.0196462
0.019246625
0.01948127
0.019798236
0.019285811
0.019273309
0.019537317
0.019122789
0.0192373
0.019477747
0.019035181
0.019131469
0.019401286
0.018952854
0.018900715
0.01904537
0.018658781
0.018848516
0.019068202
0.018568916
0.018326718
0.018453917
0.018110812
0.018125614
0.018007807
0.017877191
0.017317917
0.01772551
0.017145796
0.017020145
0.016532792
0.016530914
0.016543886
0.015749637
0.015639538
0.015487295
0.0153776705
0.015041229
0.015138107
0.015010227
0.014775622
0.014728148
0.014642358
0.014387406
0.014324296
0.014113441
0.014123052
0.014015
0.013973127
0.01385497
0.013970908
0.013895892
0.013416261
0.013496268
0.013277871
0.013321134
0.013239101
0.012947009
0.013085271
0.012916024
0.012815659
0.012728845
0.012517254
0.012442154
0.012231991
0.012310456
0.0120443
0.012222345
0.012135944
0.011844029
0.011656366
0.011621647
0.011533465
0.0113913715
0.011179209
0.011332616
0.011129033
0.01120925
0.01098905
0.011307378
0.010899227
0.011126786
0.011200911
0.010419202
0.010585054
0.010386007
0.010555328
0.010394882
0.010244823
0.010362416
0.010363105
0.010195616
0.009998459
0.009964042
0.0098393
0.009943663
0.009794087
0.009613474
0.009752941
0.009656222
0.0096960375
0.009585709
0.009442427
0.009479709
0.009599552
0.009360961
0.009301272
0.009150459
0.009418469
0.00922709
0.00903722
0.009119424
0.009094675
0.008787825
0.009982982
0.009905611
0.009588449
0.009925561
0.00875236
0.010362604
0.011729293
0.010073601
0.00990583
0.009459536
0.009034981
0.009169787
0.008708863
0.009360162
0.009431043
0.008981745
0.008938248
0.008405973
0.00887311
0.008621142
0.008815669
0.0083524035
0.008892884
0.008772407
0.008422899
0.00854407
0.007979036
0.008075678
0.008187731
0.007914656
0.008084076
0.008000392
0.008292561
0.00784307
0.008192687
0.008291883
0.007761629
0.0076293363
0.0077298875
0.007569552
0.007773973
0.007396323
0.007938414
0.007836002
0.0075011286
0.0073010325
0.0076060058
0.0076087243
0.007035498
0.006969931
0.0072543113
0.00693234
0.007719427
0.0074851136
0.0070754103
0.0072155595
0.006944521
0.006780828
0.007000968
0.0067367344
0.0070208763
0.0066727824
0.007295662
0.0072014057
0.0069492497
0.0068093264
0.006977603
0.0066789775
0.006776346
0.006767145
0.006540315
0.0065040407
0.0068968832
0.0066186674
0.006657583
0.006581109
0.0062857703
0.0062040812
0.0065021035
0.0063600442
0.006532883
0.006334681
0.0064456426
0.006240362
0.0062668263
0.0062213405
0.006301016
0.0062570367
0.006244915
0.006166754
0.006017883
0.005949049
0.006035214
0.0059359
0.0059934123
0.005811351
0.0061300495
0.00600413
0.0057232096
0.005700027
0.005889312
0.0057165925
0.0060009193
0.005941858
0.005573333
0.0057194526
0.0054322253
0.0053520557
0.0062040314
0.005935753
0.005646361
0.0057348623
0.005499961
0.0055523873
0.005496159
0.0053093764
0.0057407953
0.005665881
0.005235102
0.00515767
0.0057061943
0.005432027
0.0054594954
0.0054676537
0.0050583803
0.0050340225
0.005426075
0.005252888
0.0051637865
0.0051318365
0.0051271915
0.005045979
0.004942635
0.0048096757
0.006222419
0.006286349
0.005645579
0.005435782
0.005668798
0.0060375393
0.005215055
0.0051685567
0.0053948276
0.0050859954
0.004768671
0.005096961
0.004720056
0.005594879
0.0058325366
0.0054274146
0.00520053
0.0052695745
0.005098781
0.0047660205
0.0047742445
0.005177654
0.0049699643
0.005567644
0.005269094
0.0057805344
0.0056622266
0.0051398645
0.005232282
0.0051428117
0.0049999603
0.0053315037
0.005264526
0.0046814433
0.004741155
0.0048744734
0.0046766885
0.004917191
0.0046701822
0.005035369
0.004981429
0.0046717287
0.004929183
0.004707128
0.0049084886
0.004760862
0.004741091
0.004683292
0.004611935
0.00480987
0.0044935304
0.0048050447
0.004777989
0.0045189955
0.0045946683
0.0043995087
0.0050541773
0.0048643854
0.004549066
0.0044729747
0.0046941764
0.004464867
0.0048470143
0.004617654
0.0051119323
0.0050273803
0.0043408866
0.004805715
0.004356796
0.0048649167
0.0045350245
0.0049030804
0.004885042
0.0042269374
0.004418775
0.004231025
0.0045963754
0.004409635
0.005044257
0.0049582603
0.0042819194
0.0043116785
0.00447429
0.004139823
0.0046546
0.0046162265
0.0044850227
0.0044115116
0.0043799975
