0.28746945
0.044274285
0.06468797
0.05023025
0.02284824
0.036616024
0.0426129
0.030777097
0.021521816
0.027846023
0.033244167
0.029601367
0.02324077
0.021464005
0.023530418
0.02428954
0.022519931
0.02106885
0.021633089
0.022700176
0.02189864
0.020822918
0.021186993
0.021641433
0.02147507
0.02095364
0.020604515
0.020690111
0.020860383
0.020355625
0.020414185
0.020533564
0.020423675
0.020148218
0.020614749
0.02087476
0.020408543
0.020420723
0.020158103
0.020273037
0.020375656
0.01994487
0.020051708
0.019713035
0.020461239
0.020621298
0.019564802
0.019709153
0.019877909
0.019287715
0.019374343
0.018855898
0.018988332
0.018718643
0.018276244
0.01839122
0.018030941
0.017984733
0.017641949
0.0175547
0.017216483
0.016898295
0.016473643
0.016545145
0.016214324
0.015550934
0.015647404
0.015284483
0.014808182
0.014806886
0.0143574625
0.014117837
0.013881062
0.013637726
0.013331895
0.013444897
0.013055533
0.013121343
0.013000947
0.012338902
0.012561384
0.012067729
0.013078165
0.013071033
0.011703302
0.012582618
0.013201788
0.011890997
0.011677739
0.0126196155
0.0122239245
0.01114975
0.01126992
0.011669678
0.010868627
0.010700387
0.0109169455
0.010499069
0.010043898
0.009872208
0.009816005
0.010084714
0.009818024
0.009512174
0.009709619
0.00968155
0.00926317
0.009221897
0.0093203075
0.008973893
0.00938728
0.009049914
0.009878078
0.010270993
0.009117115
0.010059387
0.010359425
0.009059958
0.009594611
0.009960957
0.009301438
0.009066262
0.008897849
0.008783312
0.008703879
0.008510962
0.008650788
0.008472387
0.008122448
0.009052526
0.009266054
0.008074913
0.009622306
0.010710229
0.009454377
0.008574559
0.009060963
0.008821883
0.008845288
0.008604196
0.008006081
0.008284826
0.008258907
0.007943094
0.007857214
0.007863828
0.00770127
0.0075439066
0.007778036
0.007570445
0.008123753
0.008241799
0.007667292
0.0074655176
0.0076483674
0.0074750655
0.00757554
0.0075873598
0.007837299
0.0077180467
0.007131722
0.0070939045
0.0072853337
0.007101517
0.007564033
0.0075496174
0.007021275
0.0070193834
0.00699768
0.0068715704
0.007294202
0.0071978755
0.007022269
0.0070449575
0.0067250556
0.006770622
0.006805668
0.0066035558
0.00726956
0.0072029107
0.0068491637
0.0073254835
0.0068440083
0.006972657
0.0069389814
0.0067384406
0.006868982
0.006692799
0.0065726205
0.0067698597
0.006776447
0.0065920805
0.0066588274
0.00650111
0.006454507
0.0064656534
0.0063646077
0.006223742
0.006518318
0.006377109
0.006613089
0.006809285
0.006419813
0.006443842
0.006494131
0.006385191
0.0061789914
0.006339829
0.006091789
0.0064749396
0.006444962
0.0062277727
0.006176714
0.006210143
0.0061825565
0.0062137693
0.006272077
0.0060841516
0.006277601
0.0059836716
0.0061680055
0.00591263
0.0065701604
0.0067261066
0.0060391775
0.006272582
0.006121471
0.0062220558
0.0060886717
0.006248839
0.0062419795
0.0063259713
0.0060178526
0.006453115
0.006198935
0.00590072
0.005765071
0.0064693396
0.0064685442
0.0061744214
0.006254246
0.0059012696
0.005973702
0.005960787
0.0056853774
0.006137064
0.0059166937
0.0057711415
0.0059241294
0.005785454
0.005693747
0.0058775772
0.0056995377
0.0059489147
0.0057930998
0.0058282595
0.0056676343
0.005769624
0.0057348353
0.005558582
0.005523289
0.0057162815
0.0056408513
0.005634548
0.0056186
0.0055010486
0.0053636166
0.0058340617
0.005795104
0.005327688
0.0054486603
0.0053074453
0.0053401585
0.005388702
0.0052583567
0.0053555258
0.0052416357
0.005518446
0.005595923
0.005225047
0.005555144
0.0054501495
0.0055110655
0.0053948294
0.0055089523
0.005504397
0.0052949116
0.0053467588
0.0052248384
0.0052572247
0.0051093795
0.0053448714
0.0053093084
0.005224725
0.0053069033
0.0050920006
0.0053632283
0.0054008556
0.0052469056
0.0051613348
0.0053248224
0.0051698196
0.005468515
0.005426638
0.005260516
0.0051622284
0.0050488557
0.0049851895
0.005326789
0.0051144683
0.005123144
0.0051224013
0.004957266
0.0048647714
0.0052283932
0.0051304423
0.0048438404
0.0047667264
0.005172145
0.0050666886
0.0048547005
0.0047899224
0.004969099
0.0048260004
0.004947862
0.004873164
0.004827891
0.004708222
0.0050032493
0.004917837
0.0047606914
0.004699853
0.0048209503
0.0046866206
0.0048210477
0.004696798
0.004817387
0.004696622
0.004739989
0.004626595
0.004817366
0.0047066784
0.004649416
0.0045527196
0.004752167
0.0046012015
0.0046903477
0.004591733
0.0046259332
0.0045250156
0.004604273
0.004475783
0.004690384
0.0046090796
0.0044523375
0.0044249874
0.0044680983
0.004351646
0.0046726405
0.004544347
0.0044181286
0.004394325
0.0044215326
0.0043141604
0.0044997972
0.0043948386
0.0044080503
0.0043408233
0.0043698023
0.0042704074
0.004452926
0.004382425
0.0042372625
0.004172198
0.0043836217
0.0042414856
0.004333216
0.0043011284
0.004166514
0.0041584764
0.0042539253
0.004091896
0.00451419
0.0045216437
0.003997235
0.0045670574
0.004129842
0.0051565426
0.005528605
0.00419363
0.0055560097
0.006656377
0.00522768
0.0045900424
0.0050917706
0.0049236403
0.004532711
0.00446663
0.0045791394
0.0043367376
0.0043722913
0.0042066765
0.0043315724
0.0041634343
0.0042508845
0.0042135273
0.0039819735
0.0043359757
0.004095486
