0.5102041
0.46183243
0.42035586
0.38510886
0.3555088
0.3310221
0.3111646
0.2972625
0.2885802
0.28293183
0.27912438
0.27647933
0.27459356
0.27321976
0.27219936
0.2714266
0.27083087
0.27036342
0.2699908
0.26968867
0.26943967
0.2692314
0.26905403
0.26889986
0.26876312
0.26863974
0.26852638
0.2684203
0.26831907
0.2682205
0.2681228
0.2680303
0.26794183
0.2678537
0.26776293
0.2676678
0.26756775
0.2674632
0.2673582
0.26724875
0.26713634
0.2670154
0.26688978
0.26675868
0.26662216
0.2664859
0.26633385
0.26617822
0.2660114
0.26583698
0.26566708
0.2654903
0.2653037
0.2651114
0.26490936
0.26470473
0.26448232
0.2642406
0.26398122
0.2637056
0.26341668
0.26312163
0.26282772
0.26254663
0.26228848
0.26204762
0.26181316
0.26158357
0.2613583
0.26113296
0.26090342
0.26067206
0.26044935
0.26022965
0.26001155
0.259789
0.25956234
0.25932837
0.25908542
0.25883895
0.25859204
0.25833228
0.25806007
0.25778148
0.25749493
0.25720087
0.2569022
0.2566014
0.25630313
0.25600162
0.25569192
0.25537118
0.25504425
0.25471497
0.25438178
0.25404388
0.2536998
0.2533478
0.2529888
0.2526225
0.2522476
0.2518658
0.2515051
0.25116956
0.25081825
0.25044405
0.25005817
0.24966851
0.24927588
0.24888195
0.24848816
0.24809377
0.24769548
0.24728915
0.24686736
0.24643494
0.24599716
0.24556193
0.24513808
0.24473138
0.24434036
0.24394047
0.2435255
0.24309327
0.24265917
0.24222499
0.24179077
0.24135618
0.24091536
0.2404643
0.24000505
0.23953047
0.23903926
0.23853362
0.23801269
0.23748143
0.2369439
0.23639931
0.23585142
0.23530306
0.2347566
0.23420951
0.23366417
0.23311068
0.2325464
0.2319507
0.23128097
0.2304776
0.2295091
0.22838852
0.2271415
0.22581547
0.22445302
0.22308105
0.22170296
0.22030388
0.21888603
0.21747223
0.21610965
0.2148029
0.21353471
0.21228872
0.21103005
0.20975454
0.20848481
0.20723933
0.20602222
0.20481987
0.20361748
0.2024272
0.20124348
0.2000721
0.19891736
0.19777825
0.19664901
0.1955265
0.1943991
0.19326629
0.19213161
0.19100174
0.18988031
0.18876836
0.18766057
0.18655513
0.18545431
0.18437177
0.18330623
0.18225957
0.18120743
0.18016128
0.17912295
0.17811404
0.17712985
0.17618014
0.17525595
0.17435819
0.17348139
0.17264172
0.171832
0.17105311
0.17029978
0.16956556
0.1688502
0.16816202
0.16750853
0.16690335
0.16634478
0.16582616
0.16534601
0.16490415
0.16450076
0.16413224
0.16379632
0.1634882
0.16320378
0.16293992
0.16269271
0.16246359
0.16224842
0.16204232
0.16184211
0.16165029
0.16146412
0.16127798
0.1610929
0.16090529
0.16071358
0.16051401
0.16030598
0.16009289
0.15987405
0.1596478
0.1594107
0.15917102
0.1589304
0.15869024
0.15845159
0.15822376
0.15800248
0.1577877
0.15758273
0.15738587
0.15719372
0.15700033
0.15680297
0.15660216
0.15639782
0.1561895
0.1559757
0.15575665
0.15553133
0.15529661
0.15505178
0.15479726
0.15453376
0.1542622
0.15397383
0.1536737
0.15335794
0.15302724
0.15268561
0.15233302
0.1519704
0.15159793
0.15120912
0.15081267
0.15040657
0.14998852
0.14957191
0.14916892
0.14877616
0.14839154
0.14799973
0.14759964
0.14719045
0.14677866
0.14636312
0.14594549
0.14552869
0.14511147
0.14469287
0.14427668
0.14386584
0.14346083
0.14305952
0.14265537
0.14224881
0.14183539
0.14142923
0.14102739
0.14063407
0.14024858
0.13987258
0.13950486
0.13914381
0.1387907
0.13844575
0.1381086
0.13777487
0.13744223
0.13711266
0.1367977
0.13648476
0.136176
0.13587253
0.13557167
0.13527256
0.13497742
0.13468131
0.13438404
0.13408795
0.13379712
0.13351493
0.13323541
0.13295871
0.13268432
0.13241503
0.13213822
0.1318573
0.13157877
0.13130455
0.1310379
0.13077685
0.1305121
0.13024585
0.12997873
0.12971221
0.1294467
0.12918285
0.12891975
0.12866095
0.12840079
0.12814432
0.12788676
0.127627
0.12735857
0.12709251
0.12683491
0.12658766
0.1263315
0.12607369
0.12582995
0.12559669
0.12536559
0.12513839
0.12489555
0.12464758
0.12440082
0.124159016
0.123918064
0.12365532
0.123378
0.123094946
0.122808576
0.12251541
0.122225456
0.12193284
0.12163997
0.121349685
0.12105624
0.12075759
0.12044543
0.12012093
0.119787596
0.11944297
0.11909728
0.118753836
0.118408166
0.11805753
0.1176969
0.117317095
0.11692361
0.11651737
0.11611203
0.115707174
0.11530691
0.11490945
0.11451794
0.11412883
0.11374018
0.113348916
0.11295796
0.1125606
0.11215542
0.1117357
0.11129906
0.11083446
0.110348694
0.10984925
0.10933936
0.108836
0.10833045
0.107788466
0.10723272
0.10662889
0.10602708
0.1054638
0.10492306
0.104397066
0.103854515
0.10325118
0.10264926
0.10204782
0.101420246
0.10079801
0.10013256
0.09946436
0.09869806
0.09790662
0.09708053
0.09640333
0.09559423
0.09482008
0.0940303
0.09327389
0.09268115
0.091742754
0.09101405
0.09026319
0.089686185
0.08902266
0.08810869
0.08741797
0.08664557
0.086371444
0.08548875
0.08472325
0.08411409
0.08395173
0.08378164
0.082494915
0.08233821
0.08157691
0.0812582
0.08230219
0.081699684
0.0799166
0.08033314
0.07978883
0.07848033
0.079305194
0.079594105
0.0774456
0.07693915
0.07696302
0.076217376
0.07640497
0.076690316
0.07586794
0.076136164
0.075924
0.07473065
0.0745855
0.07545097
0.07516888
0.07387617
0.074262366
0.07465247
0.07406192
0.07330983
0.07303468
0.07252883
0.07191246
0.071505986
0.07070858
0.07022875
0.07024717
0.0696842
0.06819749
0.06723346
0.066972956
0.06594445
0.06485377
0.063986994
0.06316676
0.062337928
0.061702326
0.061089743
0.060636204
0.060233895
0.05970829
0.058900073
0.057897333
0.056844193
0.05576672
0.055029407
0.05441101
0.053889908
0.053410333
0.052681144
0.052093033
0.051634524
0.052121136
0.05288813
0.051338237
0.052484695
0.053683523
0.051716622
0.05436453
0.057873666
0.05627156
0.053753212
0.056531888
0.05947305
0.057123218
0.055739317
0.0582975
0.058224536
0.05572027
0.05575686
0.05636434
0.054006465
0.053668637
0.056061037
0.054814145
0.05197101
0.05262268
0.053320058
0.051017813
0.051485784
0.054806255
0.053727973
0.050441254
0.050652284
0.051360518
0.04936257
0.049646433
0.052536212
0.05129282
0.048114087
0.048683602
0.049455725
0.04725362
0.047498252
0.050784174
0.050036363
0.046823744
0.04549327
0.04518993
0.043607615
0.044464234
0.045740336
0.04365986
0.042205676
0.042693604
0.041627057
0.04214532
0.043093614
0.04153905
0.04132235
0.042035952
0.040984623
0.041359674
0.041208584
0.040339593
0.039991077
0.038946703
0.038662147
0.039105725
0.037803784
0.0378672
0.038308784
0.037387718
0.038144447
0.03788202
0.036669318
0.037220355
0.036863994
0.035678852
0.03621063
0.035597812
0.03521317
0.03548809
0.03503021
0.035254207
0.03469199
0.033716034
0.033767603
0.033291083
0.03302603
0.033836517
0.033225518
0.031904835
0.03215987
0.032209303
0.031053916
0.0321158
0.03235143
0.030955808
0.030741919
0.030646019
0.030085783
0.030314248
0.029773608
0.030057859
0.030196723
0.029669065
0.030159
0.029888822
0.02906441
0.02914682
0.028787619
0.028217474
0.028117614
0.027673183
0.027475243
0.027025066
0.02707615
0.026754875
0.02662096
0.026676148
0.02629885
0.026595544
0.026382163
0.025772704
0.025893698
0.025798025
0.025371391
0.025336063
0.025245598
0.025181105
0.025053706
0.024963975
0.02479021
0.024735343
0.024564458
0.024423322
0.024289913
0.024263654
0.0240644
0.024501389
0.024507126
0.02384293
0.024586521
0.025155667
0.024139872
0.02433598
0.025180833
0.02497603
0.024200296
0.024060065
0.024215296
0.023941122
0.02364103
0.02356633
0.02333481
0.02345264
0.023518218
0.0231899
0.023118125
0.023138773
0.022947028
0.022870421
0.022789951
0.022669952
0.02265644
0.02247315
0.022600306
0.0225286
0.022223389
0.022467962
0.022265676
0.022057602
0.022057746
0.021912409
0.022071427
0.02197892
0.021792673
0.021732097
0.021665651
0.021620963
0.021553874
0.021554288
0.021513304
0.021410903
0.021378452
0.021362662
0.021309493
0.021224832
0.0212375
0.021255165
0.021127407
0.021080725
0.021077795
0.021055074
0.020978378
0.021007512
0.02100386
0.020975396
0.02087594
0.020866489
0.020908408
0.020865321
0.020845994
0.020771634
0.02099335
0.021021849
0.020805158
0.02081474
0.02075236
0.020718016
0.020715106
0.020707581
0.020671213
0.020797122
0.020793805
0.020652335
0.020646777
0.020617547
0.020611566
0.02061114
0.020579195
0.020582793
0.020567264
0.020544782
0.020543702
0.020531636
0.02051895
0.020506151
0.020517142
0.020499304
0.020571075
0.020523211
0.020481188
0.020475566
0.020488217
0.020469058
0.020481218
0.020475047
0.020455902
0.020448579
0.020469056
0.020453846
0.020466156
0.020454625
0.02044283
0.020435194
0.020458108
0.020443391
0.02043256
0.020429065
0.020442542
0.020435048
0.020426467
0.020422816
0.020437546
0.020427108
0.020421373
0.020418426
0.020426234
0.02042129
0.020417804
0.020414978
0.020423533
0.020417538
0.020414757
0.020412363
0.020418163
0.020415427
0.020412186
0.02041032
0.02041866
0.020413756
0.020410106
0.020408925
0.020415692
0.02041356
0.020408722
0.020408273
0.020415565
0.02041186
0.020408241
0.020408167
0.020410394
0.020408738
0.020408163
0.020416154
0.020416994
0.020410012
0.020408347
0.020408386
0.020408763
0.020408172
0.020408273
0.020432675
0.020410273
0.020409767
0.020409772
0.020409279
0.020408345
0.02040826
0.02040821
0.02040818
0.020408345
0.020408163
0.020409979
0.020408163
0.020408163
0.020415476
0.020408163
0.020408459
0.020408163
0.020408163
0.020408262
0.020408241
0.020409236
0.020408237
0.020408314
0.020408163
0.020408163
0.020408163
0.020408163
0.020408163
0.020408163
0.020408163
0.020408163
0.020408163
0.020408163
0.020408163
0.020408163
0.020408163
0.020408163
0.020408163
0.020408163
0.020408163
0.020408163
0.020408163
0.020408163
0.020408163
0.020408163
0.020408163
0.020408163
0.020408163
0.020408163
0.020408163
0.020408163
0.020408163
0.020408163
0.020408163
0.020408163
0.020408163
0.020408163
0.020408163
0.020408163
0.020408163
0.020408163
0.020408163
0.020408163
0.020408163
0.020408163
0.020408163
0.020408163
0.020408163
0.020408163
0.020408163
0.020408163
0.020408163
0.020408163
0.020408163
0.020408163
0.020408163
0.020408163
0.020408163
0.020408163
0.020408163
0.020408163
0.020408163
0.020408163
0.020408163
0.020408163
0.020408163
0.020408163
0.020408163
0.020408163
0.020408163
0.020408163
0.020408163
0.020408163
0.020408163
0.020408163
0.020408163
0.020408163
0.020408163
0.020408163
0.020408163
0.020408163
0.020408163
0.020408163
0.020408163
0.020408163
0.020408163
0.020408163
0.020408163
0.020408163
0.020408163
0.020408163
0.020408163
0.020408163
0.020408163
0.020408163
0.020408163
0.020408163
0.020408163
0.020408163
0.020408163
0.020408163
0.020408163
0.020408163
0.020408163
0.020408163
0.020408163
0.020408163
0.020408163
0.020408163
0.020408163
0.020408163
0.020408163
0.020408163
0.020408163
0.020408163
0.020408163
0.020408163
0.020408163
0.020408163
0.020408163
0.020408163
0.020408163
0.020408163
0.020408163
0.020408163
0.020408163
0.020408163
0.020408163
0.020408163
0.020408163
0.020408163
0.020408163
0.020408163
0.020408163
0.020408163
0.020408163
0.020408163
0.020408163
0.020408163
0.020408163
0.020408163
0.020408163
0.020408163
0.020408163
0.020408163
0.020408163
0.020408163
0.020408163
0.020408163
0.020408163
0.020408163
0.020408163
0.020408163
0.020408163
0.020408163
0.020408163
0.020408163
0.020408163
0.020408163
0.020408163
0.020408163
0.020408163
0.020408163
0.020408163
0.020408163
0.020408163
0.020408163
0.020408163
0.020408163
0.020408163
0.020408163
0.020408163
0.020408163
0.020408163
0.020408163
0.020408163
0.020408163
0.020408163
0.020408163
0.020408163
0.020408163
0.020408163
0.020408163
0.020408163
0.020408163
0.020408163
0.020408163
0.020408163
0.020408163
0.020408163
0.020408163
0.020408163
0.020408163
0.020408163
0.020408163
0.020408163
0.020408163
0.020408163
0.020408163
0.020408163
0.020408163
0.020408163
0.020408163
0.020408163
0.020408163
0.020408163
0.020408163
0.020408163
0.020408163
