0.5102041
0.4676506
0.43034613
0.39785665
0.3698039
0.34583744
0.32562888
0.30888632
0.29679465
0.28895897
0.28370032
0.28005907
0.27746838
0.2755844
0.2741837
0.2731204
0.27229705
0.2716474
0.27112627
0.27069947
0.2703446
0.2700459
0.2697862
0.2695558
0.26935267
0.26917478
0.26901206
0.26885638
0.2687021
0.26855773
0.26841652
0.2682745
0.2681265
0.26797178
0.26781157
0.2676618
0.26751968
0.26738086
0.2672373
0.2670862
0.2669252
0.2667521
0.26657656
0.26639587
0.2662264
0.26606724
0.26590976
0.26574945
0.26558763
0.26541805
0.2652394
0.2650622
0.2648855
0.26471192
0.2645307
0.26434034
0.26413968
0.26392844
0.2637077
0.2634742
0.26322925
0.2629755
0.2627121
0.26243868
0.26215398
0.26186055
0.2615631
0.26126045
0.26095283
0.26062483
0.26026967
0.25988838
0.25948468
0.25906578
0.25863317
0.25818133
0.2577105
0.25722092
0.25671443
0.25619957
0.25567505
0.25513685
0.254584
0.25401533
0.25343433
0.25284296
0.25224724
0.25165197
0.25106126
0.2504761
0.24989682
0.24932721
0.248768
0.24821755
0.2476781
0.24714825
0.2466247
0.24610792
0.24559227
0.24508512
0.24458751
0.24409561
0.24360034
0.24309978
0.24259225
0.24207883
0.24156427
0.24104194
0.2405154
0.23998208
0.23943616
0.23887984
0.2383105
0.23772529
0.2371281
0.23652358
0.23590498
0.23527044
0.2346111
0.23394822
0.23329666
0.23265569
0.23201783
0.23137192
0.23069172
0.22993423
0.22903971
0.22798349
0.22679575
0.22552805
0.22422773
0.2229019
0.22154282
0.22016798
0.21878739
0.21740691
0.21604513
0.21470606
0.21338336
0.21209033
0.21082075
0.20957097
0.20831725
0.20705362
0.20578523
0.20451769
0.20325224
0.20199393
0.20075826
0.19953093
0.19830455
0.19707227
0.19586368
0.194683
0.19352321
0.19237691
0.19125126
0.19013748
0.18901497
0.1878726
0.18672076
0.18555646
0.18439062
0.18322724
0.1820661
0.18092361
0.1797895
0.1786864
0.17763275
0.17663726
0.17569762
0.17482512
0.17402674
0.1733151
0.17269883
0.17215762
0.17168434
0.17127223
0.17092226
0.17060648
0.17032227
0.17006558
0.16983058
0.16961241
0.16941024
0.1692199
0.16904043
0.16886689
0.16869971
0.16854116
0.16838887
0.16823764
0.16808107
0.16791892
0.16775316
0.16758402
0.16740724
0.16722316
0.1670282
0.16682367
0.1666079
0.16638221
0.16614535
0.16589653
0.16563936
0.16537066
0.1650911
0.16480294
0.16450639
0.1642053
0.16390067
0.16359124
0.16327852
0.16296257
0.16264144
0.16231588
0.16198903
0.16166331
0.16133581
0.16100252
0.16066414
0.16032414
0.15999287
0.15966682
0.15934275
0.15901671
0.15868725
0.15835539
0.15802285
0.15769508
0.15736522
0.15703212
0.15669559
0.15635352
0.15600389
0.15564767
0.1552875
0.15493064
0.15456945
0.154203
0.15382892
0.15344755
0.15305904
0.15266736
0.1522739
0.15187857
0.15148158
0.15108265
0.15067743
0.15026458
0.14984722
0.14942975
0.14901255
0.14859264
0.14817624
0.14775372
0.1473254
0.1469006
0.1464842
0.14606571
0.14565438
0.14523847
0.14483015
0.14442253
0.14399697
0.14357431
0.1431581
0.1427414
0.14234011
0.14194222
0.14153464
0.14114018
0.1407407
0.14034389
0.13996847
0.13958341
0.13918425
0.13880923
0.13842902
0.13805977
0.13773748
0.13739902
0.1370313
0.13669701
0.13637297
0.1360435
0.13574082
0.13545708
0.13514997
0.13483854
0.13455486
0.13427277
0.13398828
0.13375096
0.13351484
0.13323537
0.1329735
0.13273183
0.13247274
0.13224792
0.13202658
0.13175376
0.13146955
0.1312145
0.13095298
0.130698
0.13047217
0.13024683
0.12996624
0.12969902
0.12945946
0.12920411
0.12896125
0.12876056
0.12853912
0.12827288
0.12804294
0.1278268
0.1275828
0.1273716
0.12717979
0.12694882
0.12669204
0.12646209
0.12622954
0.12598585
0.1257656
0.125568
0.125339
0.12509009
0.12488103
0.12466886
0.124443926
0.1242547
0.12407473
0.12386841
0.1236534
0.12345552
0.12325782
0.12304761
0.122855894
0.12266995
0.12246419
0.1222418
0.12202401
0.12180566
0.12158618
0.121364
0.12116114
0.120956846
0.12072863
0.1204937
0.12026941
0.12004864
0.11983301
0.1196305
0.11943999
0.11924978
0.11905863
0.11887351
0.118697755
0.11853445
0.11838136
0.11822982
0.118083864
0.117938206
0.1177865
0.117640436
0.11749222
0.117333174
0.11716636
0.11700219
0.1168424
0.11668279
0.11652206
0.116367325
0.11621452
0.11606033
0.115911156
0.11576946
0.11563458
0.11550655
0.11537977
0.11525494
0.11513077
0.11500612
0.11488297
0.11476487
0.11464725
0.11452892
0.114405714
0.1142859
0.11416815
0.11404899
0.11392868
0.113805875
0.11368684
0.11356494
0.11344105
0.11331938
0.11319926
0.11308402
0.11296512
0.11284228
0.11271434
0.11257875
0.112434804
0.11229
0.112147056
0.11200592
0.111860655
0.11171238
0.11155681
0.11139863
0.1112585
0.11111789
0.11097343
0.11084226
0.11070134
0.11055771
0.11040799
0.11024683
0.11007327
0.10988787
0.109703794
0.1095149
0.10931816
0.10912302
0.10892697
0.10872013
0.10850239
0.10828412
0.10806482
0.10784488
0.107624635
0.10740386
0.10718379
0.106959276
0.10673476
0.10651152
0.106284365
0.106051356
0.10582143
0.10558364
0.10533575
0.10507924
0.10481998
0.10455967
0.104279794
0.10398243
0.10369062
0.10340806
0.10312293
0.10280772
0.10247682
0.10215725
0.101858266
0.10157077
0.10127593
0.10096783
0.10066597
0.100367874
0.10007406
0.099789254
0.099507615
0.09922417
0.09894409
0.09866107
0.09838657
0.09811027
0.09783831
0.09756674
0.09729535
0.0970244
0.09674971
0.09647441
0.09620182
0.09592959
0.09565922
0.09539016
0.09511789
0.09483694
0.09455011
0.09425491
0.09394433
0.09363594
0.09332268
0.09299984
0.09266524
0.092316724
0.091962755
0.0916099
0.09125571
0.09089628
0.090523146
0.09014002
0.089757144
0.0893831
0.08900799
0.08861698
0.08819571
0.08776973
0.08734254
0.08692378
0.0865015
0.0860533
0.085602544
0.08513817
0.084700644
0.08419721
0.0836962
0.08316866
0.08270976
0.08216877
0.081648745
0.08113668
0.08073296
0.0801164
0.07958797
0.079051934
0.078783244
0.07815996
0.07775975
0.077223964
0.07709434
0.076575354
0.075916864
0.07562741
0.074877664
0.075131044
0.07471253
0.07371318
0.073475406
0.072747305
0.07306074
0.0728763
0.07151009
0.071509354
0.070799954
0.07050896
0.07160471
0.0711402
0.0698128
0.069995
0.069305256
0.069324814
0.069740064
0.068598725
0.06881052
0.068602905
0.06797612
0.06852293
0.06805188
0.06742516
0.0676623
0.06683273
0.06765579
0.068176344
0.06645173
0.06670298
0.066994585
0.065716155
0.06696613
0.06773111
0.06580349
0.06603081
0.06797269
0.066291966
0.06441424
0.06556414
0.065377876
0.06389744
0.06454979
0.064373806
0.06316477
0.063759394
0.06328907
0.06292954
0.063367166
0.062424276
0.06350605
0.06426272
0.062773935
0.06421971
0.066905975
0.06508751
0.06210957
0.06405634
0.06568482
0.063408665
0.0613065
0.06255251
0.06199183
0.061072238
0.06140976
0.060539
0.060934808
0.060424358
0.05983884
0.060232706
0.05968781
0.06061397
0.060205616
0.059517693
0.059619702
0.058674138
0.05867387
0.058058318
0.058687173
0.058294315
0.058173712
0.058836192
0.05772483
0.05873662
0.05846364
0.05744663
0.058062397
0.057117175
0.058096923
0.05833218
0.05702046
0.058177583
0.057880037
0.05658404
0.057058524
0.0563138
0.057270337
0.05823633
0.056440912
0.057370327
0.05839261
0.05634354
0.057304572
0.05995529
0.05792782
0.05559445
0.056941155
0.056621157
0.054861218
0.05689381
0.057492632
0.05508602
0.056570176
0.058451127
0.056196474
0.055022627
0.056853507
0.055740207
0.05493495
0.05560544
0.054858226
0.056081273
0.056828286
0.05514195
0.05407401
0.054326456
0.053860135
0.054036554
0.053514216
0.053853244
0.05384381
0.05372215
0.053977203
0.053493343
0.05356999
0.053128432
0.05282027
0.052900296
0.05268453
0.052571673
0.05248465
0.052859858
0.052930746
0.05236266
0.05250972
0.052019272
0.051214598
0.05112641
0.0503822
0.050923925
0.050665516
0.049762733
0.049867876
0.049257737
0.05009574
0.04968312
0.048580565
0.048586033
0.047903832
0.04796579
0.047581576
0.04710033
0.047331356
0.046485305
0.047837045
0.04839581
0.046786964
0.047602557
0.048205823
0.047051787
0.045923647
0.047029708
0.04711805
0.044979636
0.045897704
0.04618169
0.044880245
0.045427907
0.04665488
0.04516521
0.044453397
0.044106197
0.044057056
0.0436087
0.043158375
0.04306286
0.04283738
0.042715613
0.042415783
0.041919444
0.04121875
0.040456805
0.039797373
0.039315168
0.03881893
0.03852315
0.03797095
0.037513647
0.03695501
0.03652357
0.03603496
0.035662517
0.035215504
0.034663294
0.034018036
0.03361127
0.03314664
0.032669015
0.03225549
0.03220524
0.032131664
0.031669118
0.03161079
0.031406317
0.031236421
0.030995375
0.030272938
0.029979719
0.029619249
0.029397305
0.029484551
0.029313818
0.028967047
0.028771764
0.028624933
0.028668137
0.02837
0.0284904
0.028386177
0.028106382
0.028456416
0.028397521
0.027764833
0.027328208
0.027042095
0.02663515
0.026281154
0.026042694
0.025868034
0.025616838
0.025326384
0.025093663
0.024901364
0.024730267
0.024472194
0.024130339
0.023815561
0.023680191
0.023511354
0.023214415
0.022891425
0.022643631
0.022540223
0.02235428
0.022129882
0.02187047
0.02155951
0.021354582
0.021142645
0.020927403
0.020738699
0.020514045
0.020288402
0.020072322
0.019871114
0.019579902
0.01957327
0.019885868
0.01929917
0.0188555
0.018836368
0.018989148
0.018941823
0.018613154
0.018577103
0.018572014
0.018172491
0.018678434
0.019417776
0.019779088
0.019880608
0.01976802
0.01924976
0.018434543
0.018135415
0.01824032
0.018085498
0.018067233
0.017931117
0.017706975
0.017490016
0.017288892
0.017116044
0.016939962
0.016730418
0.016371937
0.016011572
0.015708167
0.015498251
0.015295884
0.015152192
0.014996448
0.014809425
0.01469933
0.014812106
0.014884139
0.01459673
0.014352588
0.014194381
0.014587619
0.015920214
0.015918847
0.014758736
0.014204916
0.014270717
0.01418163
0.014395936
0.0146341715
0.014444627
0.013752382
0.014191675
0.014881346
0.014647814
0.013989307
0.01671789
0.028308773
0.037111703
0.032458115
0.023876943
0.018356783
0.016316181
0.015926598
0.016021308
0.016011156
0.016310237
0.01625275
0.015863212
0.015543671
0.015257199
0.014893184
0.014639043
0.014718896
0.014589504
0.014063245
0.014308824
0.014494435
0.014152042
0.014637739
0.016035588
0.017068267
0.017054264
0.016142119
0.015451825
0.015378051
0.0154811395
0.015399729
0.015497
0.015459152
0.01516637
0.015078556
0.0149032725
0.014516185
0.015120231
0.015895473
0.015808169
0.015184125
0.014516312
0.014484491
0.014742177
0.015153228
0.0155660715
0.015525708
0.015353732
0.015421738
0.015228934
0.015062971
0.014852213
0.014379521
0.014366353
0.014288574
0.014315181
0.014615249
0.014617316
0.014346711
0.013997328
0.014163674
0.014477579
0.014788715
0.015013808
0.015071536
0.015095818
0.015042642
0.014942169
0.014855765
0.014700756
0.014569717
0.014395613
0.014090742
0.013769458
0.014059722
0.014182308
0.013843984
0.0135489255
0.013642024
0.0139661515
0.014130778
0.014243008
0.014230107
0.014165126
0.014041459
0.013745376
0.013383596
0.013095124
0.013024327
0.013029146
0.013076108
0.012926851
0.012638174
0.012489781
0.012512354
0.012609724
0.012722284
0.012722757
0.012560032
0.012252083
0.011952617
0.011784341
0.011677169
0.011539438
0.011391255
0.0112331705
0.011053613
0.011053726
0.011095572
0.010767325
0.010608845
0.010465977
0.010425093
0.010377569
0.010182509
0.010029726
0.009995323
0.010031578
0.009881209
0.009607236
0.009591637
0.009310771
0.010418669
0.012674139
0.011667275
0.010448297
0.009994498
0.01016224
0.0100598615
0.009994197
0.009761708
0.009661802
0.009730707
0.009575982
0.00947157
0.009360644
0.00919169
0.009118135
0.008984494
0.00881004
0.0086379135
0.008494362
0.008332651
0.008134058
0.008019732
0.007932982
0.007793467
0.0077814506
0.007768362
0.00775519
0.007742589
0.00773088
0.0077204155
0.007710472
0.0077021797
0.0076931636
0.007682539
0.0076711914
0.0076604434
0.007650195
0.007640764
0.0076320125
0.007623689
0.007615751
0.0076081078
0.0076006125
0.007593134
0.0075856796
0.0075782253
0.0075709363
0.007563591
0.0075561954
0.0075487792
0.0075413403
0.0075339256
0.0075266003
0.007519417
0.007512215
0.007504951
0.007497698
0.0074904193
0.007483084
0.0074757547
0.007468438
0.0074610994
0.0074537257
0.0074463435
0.0074390066
0.0074316976
0.00742435
0.007417087
0.0074097957
0.00740245
0.0073951436
0.007387819
0.0073804855
0.0073731625
0.0073658926
0.0073586185
0.007351324
0.0073441695
0.007337006
0.007329746
0.0073224483
0.007315253
0.007308334
0.007301396
0.007294484
0.007287717
0.0072809206
0.007274105
0.0072673485
0.007260583
0.007253868
0.0072472324
0.007240581
0.007233998
0.007227387
0.0072207046
0.0072139706
0.0072071003
0.007198627
0.007189008
0.0071796575
0.0071705766
0.007161675
0.0071529523
0.007144298
0.0071339654
0.007122617
0.0071118195
0.0071013924
0.007091458
0.0070819263
0.007073326
0.00706548
0.007055886
0.0070458543
0.0070365528
0.0070270365
0.0070174974
0.007008407
0.007000259
0.0069906516
0.006980241
0.0069707795
0.0069616945
