0.5102041
0.4671838
0.42953086
0.39679587
0.36858824
0.34454638
0.32433334
0.3076521
0.29566276
0.28792402
0.28274143
0.2791582
0.27661002
0.2747511
0.27336246
0.2723014
0.27147344
0.27081835
0.27028823
0.26984748
0.2694728
0.2691478
0.26885945
0.2686013
0.26836774
0.26814923
0.26793885
0.26773393
0.26753727
0.26734582
0.2671544
0.26695967
0.26675928
0.2665524
0.26633692
0.26611298
0.26587984
0.265635
0.26538584
0.2651316
0.2648659
0.2645843
0.2642911
0.2639896
0.26367825
0.2633498
0.26299933
0.26264068
0.26227787
0.26187938
0.261443
0.2609782
0.26048693
0.25998172
0.25947326
0.25895688
0.25843138
0.25789285
0.25732845
0.2567507
0.25615716
0.25554132
0.2548954
0.25422376
0.25354826
0.25287482
0.25219688
0.25151435
0.25083044
0.25014862
0.2494683
0.24879004
0.24811487
0.24744499
0.24678047
0.2461257
0.24547906
0.24484266
0.24421793
0.24361077
0.24301866
0.24244098
0.2418812
0.24133459
0.24080361
0.24028914
0.23978803
0.23930304
0.23883389
0.23838058
0.2379378
0.23750441
0.23707563
0.23664933
0.23622918
0.23581731
0.23540622
0.23499747
0.23458715
0.23417136
0.23374501
0.23330615
0.23286113
0.23240802
0.23194961
0.23147303
0.23097254
0.23039803
0.22969136
0.22884138
0.22785524
0.22674939
0.2255479
0.22428285
0.22297686
0.22164494
0.2202937
0.21892236
0.21753962
0.21616037
0.21479444
0.2134448
0.21212357
0.21083008
0.20955022
0.20828985
0.20705554
0.20584722
0.20467472
0.20352328
0.20236348
0.20119067
0.20003219
0.1988954
0.19778277
0.19669558
0.1956116
0.19452855
0.19347173
0.19243307
0.1914347
0.19051939
0.18963291
0.18875642
0.18789531
0.18704428
0.1862036
0.18539341
0.18458487
0.18379252
0.1830117
0.18225051
0.1815038
0.18077219
0.18005632
0.17935434
0.17866772
0.17799427
0.17733757
0.17669262
0.17606078
0.17544399
0.17484699
0.17425962
0.17369008
0.17312631
0.17258109
0.172052
0.17153193
0.17101714
0.17050269
0.16999674
0.16950715
0.16904378
0.16861096
0.16819863
0.16779585
0.16740201
0.16702086
0.16665268
0.166289
0.16592734
0.1655694
0.16521281
0.16485651
0.16450103
0.16414326
0.16378058
0.16341832
0.16305797
0.16269568
0.16233113
0.16196682
0.16160439
0.16124357
0.16089194
0.16054289
0.16019516
0.15984762
0.15950526
0.15916514
0.15882695
0.15848617
0.15814409
0.15780233
0.15746428
0.15712844
0.15679514
0.1564657
0.15614073
0.15582478
0.15551901
0.15522008
0.15492633
0.15463349
0.15433958
0.15404297
0.15374269
0.1534363
0.15312369
0.15280639
0.15248045
0.1521425
0.15179321
0.15143026
0.15105405
0.15066272
0.15025464
0.14983253
0.14939603
0.1489299
0.14844367
0.1479311
0.14738737
0.14681746
0.14621915
0.14558794
0.14492732
0.14423716
0.14351219
0.14275272
0.14194763
0.14111882
0.14025989
0.1393518
0.13839984
0.13743351
0.13646983
0.13548404
0.13445795
0.13344629
0.13242294
0.13138299
0.130321
0.12925795
0.12818624
0.12709077
0.1260373
0.12498949
0.12395018
0.1229265
0.12202054
0.121149905
0.12028134
0.11950144
0.118712
0.11810291
0.11724786
0.11652276
0.115784355
0.11533646
0.11462833
0.11383865
0.1131158
0.11254138
0.1123665
0.111189224
0.110497065
0.109830834
0.10966615
0.10987439
0.10852828
0.10782455
0.10726362
0.10725636
0.1078111
0.106275715
0.10538479
0.10484388
0.1047104
0.10578857
0.104870446
0.10286276
0.103029296
0.10183081
0.10234267
0.105632976
0.10563678
0.10144654
0.10074549
0.10075373
0.10009349
0.101483725
0.101605095
0.09915326
0.09942652
0.098816626
0.098031476
0.10009092
0.100440204
0.09740506
0.097558275
0.09729734
0.09647236
0.09828181
0.098544285
0.09583847
0.096259564
0.09583877
0.09488665
0.09671293
0.096867085
0.09413091
0.09468605
0.09421925
0.09306229
0.094919495
0.095247194
0.0923566
0.09282446
0.09254044
0.0914465
0.093056306
0.09304982
0.09068746
0.09139349
0.090648144
0.08973259
0.091746956
0.09155705
0.08890187
0.089957915
0.08938672
0.087836556
0.08931765
0.08926866
0.08699651
0.087700896
0.08700276
0.086394586
0.08837429
0.087586544
0.085676655
0.08602041
0.08493587
0.08607422
0.08718475
0.084533095
0.084466845
0.08471895
0.08365533
0.08403906
0.08303479
0.08317533
0.082373895
0.08335054
0.08445452
0.0816363
0.0826079
0.08284761
0.08042137
0.08293818
0.084076054
0.07980178
0.080179594
0.08130712
0.07870811
0.08209958
0.08635673
0.08219378
0.077924185
0.079869755
0.07808149
0.07725624
0.07904485
0.07667037
0.07634005
0.07616716
0.07621943
0.07832559
0.076837845
0.075644515
0.075552166
0.07595759
0.07820155
0.07684269
0.07473854
0.07471446
0.07398033
0.0750586
0.075306065
0.07303681
0.073645875
0.07269046
0.073798075
0.07757504
0.07584313
0.07207285
0.0734646
0.07165199
0.071464814
0.07638407
0.07731848
0.07149769
0.07128344
0.07174384
0.070701286
0.07306908
0.0744525
0.072080545
0.070826106
0.07073421
0.07076101
0.072271794
0.07412437
0.07256752
0.0703975
0.07044527
0.07004418
0.07071014
0.07200012
0.07287756
0.07276839
0.07224373
0.072376825
0.072617635
0.07260212
0.073073804
0.07374078
0.073871516
0.073606476
0.07372562
0.07397715
0.07391819
0.07384681
0.07374329
0.07357971
0.07344143
0.07327223
0.0729985
0.07272001
0.07238933
0.07202849
0.07164517
0.07120754
0.07078397
0.07039414
0.07005781
0.0697385
0.06938656
0.06898271
0.06856367
0.068174556
0.06781849
0.0674514
0.06705567
0.066629365
0.06618255
0.06574193
0.06531454
0.064928584
0.06457256
0.06422254
0.06384256
0.06342885
0.0630286
0.06266766
0.062337436
0.06199912
0.06163071
0.06126128
0.060888693
0.06052362
0.06014975
0.05979946
0.059466064
0.059128113
0.058795325
0.058490667
0.05819348
0.057872493
0.057533693
0.057194974
0.056858193
0.056511793
0.056198087
0.055919964
0.055627454
0.05529688
0.054957554
0.054624725
0.054239005
0.053896103
0.053580057
0.053308163
0.053005222
0.052715357
0.052444883
0.052129257
0.051851567
0.051612865
0.05159555
0.051373575
0.051530775
0.051836286
0.05192371
0.052312497
0.052236468
0.05271747
0.05258152
0.052565224
0.052826006
0.052656062
0.053094484
0.05276992
0.053775758
0.05344119
0.054770023
0.056004647
0.05426644
0.053901535
0.054382134
0.05521856
0.055312708
0.055341247
0.055198807
0.055223886
0.054333147
0.054141056
0.05482607
0.057005797
0.057582524
0.057781927
0.057505608
0.057124652
0.058000304
0.05763342
0.058443587
0.06150713
0.06578248
0.069903545
0.0713956
0.06943136
0.059667394
0.054757904
0.05483785
0.053992003
0.054464955
0.05476744
0.05458436
0.05539328
0.05695518
0.056375515
0.0570325
0.06273511
0.070833676
0.07894979
0.074655294
0.06386743
0.058285005
0.056049652
0.056123
0.056232855
0.05664128
0.0565805
0.056005303
0.055796184
0.05749768
0.06015208
0.06273955
0.06465775
0.065867305
0.06640604
0.064770855
0.06023714
0.057470288
0.056937367
0.05649863
0.055967137
0.056953397
0.057315048
0.056547254
0.055432633
0.055104937
0.055454552
0.055158194
0.05507143
0.0546232
0.053908013
0.054619245
0.054351047
0.055307798
0.05547497
0.05529149
0.055335633
0.055242818
0.055577967
0.05538511
0.05496574
0.054911796
0.054460384
0.05422783
0.05369356
0.053741362
0.054002505
0.054372206
0.054339446
0.054089557
0.054133587
0.054418612
0.054644357
0.054664347
0.054517057
0.05428498
0.05403909
0.053555835
0.05282276
0.054556366
0.054702427
0.056382064
0.057655606
0.05769827
0.057894845
0.057992876
0.057924908
0.057666298
0.057206765
0.056612026
0.0559175
0.055212904
0.054443166
0.053593468
0.052728273
0.0519302
0.050250407
0.049037967
0.048547037
0.048224483
0.049705405
0.050718218
0.049977265
0.05013846
0.050755516
0.051128123
0.05106924
0.050933015
0.050898336
0.050888836
0.050772198
0.050510578
0.050151248
0.049744774
0.04935376
0.048962485
0.04856956
0.048165563
0.0475681
0.047644295
0.04846554
0.048662204
0.049922563
0.050276756
0.05062578
0.050762188
0.051607583
0.05272523
0.05368651
0.054252077
0.054411743
0.054286137
0.054077342
0.0539122
0.05383486
0.05335904
0.05080621
0.051326808
0.05078911
0.053066716
0.05861045
0.06263188
0.06575231
0.067846425
0.06912888
0.06996174
0.070366144
0.06883264
0.059074875
0.05394577
0.05296701
0.053965572
0.062059086
0.07320028
0.06974037
0.057421423
0.050786305
0.04840822
0.048264064
0.048247643
0.048320934
0.04826265
0.048420046
0.048751034
0.048722886
0.04854883
0.048305348
0.047863305
0.047350395
0.04671131
0.046447407
0.04638906
0.046617687
0.04686064
0.048267476
0.049486525
0.047792643
0.04830454
0.049042623
0.054527245
0.06164395
0.06874527
0.07502071
0.06342625
0.050078053
0.049017318
0.04852025
0.05186384
0.06523265
0.08187013
0.07684452
0.049997542
0.049259994
0.049784206
0.04655082
0.050645
0.0549252
0.059246074
0.06299414
0.06539387
0.065634236
0.06463774
0.06375513
0.063224606
0.062878355
0.062388375
0.061425526
0.06021255
0.05922413
0.058588352
0.05816616
0.057883516
0.057531103
0.056853477
0.055836014
0.05465185
0.05360803
0.05293338
0.052486654
0.051491298
0.050593376
0.049863555
0.0512067
0.052846897
0.054039054
0.054764066
0.055111054
0.055172123
0.054379772
0.05275681
0.051799335
0.051407475
0.05101583
0.05059276
0.050291162
0.05012014
0.04982455
0.049256142
0.048206363
0.04771854
0.048061054
0.048242126
0.048141647
0.04848923
0.048753
0.048792772
0.04872044
0.048637953
0.048540153
0.04845628
0.04837357
0.048179455
0.047899686
0.047625277
0.047385577
0.047155846
0.046970956
0.046800125
0.046611723
0.046431098
0.04626483
0.046138596
0.04596039
0.045736384
0.045474693
0.04535983
0.04545906
0.045487065
0.04570247
0.046574153
0.04710714
0.04748452
0.04771599
0.0478532
0.047930323
0.047969945
0.047952514
0.047748
0.047622215
0.04760727
0.047455836
0.047276724
0.047126595
0.04699224
0.04685097
0.04668638
0.046513926
0.046434116
0.04638365
0.046242334
0.046059895
0.045861315
0.045760013
0.045679502
0.045548104
0.04525136
0.04512326
0.04502051
0.044592768
0.044511955
0.044609163
0.04428671
0.04395099
0.04585852
0.046807002
0.045190994
0.04473154
0.044431467
0.0440423
0.043606836
0.043274984
0.043427207
0.04341677
0.043485984
0.04592985
0.053196017
0.05423942
0.051607143
0.050083976
0.04917394
0.04853717
0.047930457
0.04724781
0.046405915
0.045363847
0.04400031
0.043165606
0.042406876
0.042256214
0.041916918
0.04289139
0.04435788
0.04602472
0.047637556
0.04911168
0.050374527
0.051297903
0.05194708
0.052268866
0.052251965
0.051984962
0.051687278
0.05146245
0.051171523
0.050488435
0.049942367
0.048854012
0.048862256
0.04943953
0.04976999
0.04997505
0.049994778
0.04916803
0.047861386
0.047276795
0.047779415
0.048639685
0.048118886
0.0470862
0.047129907
0.04854268
0.0490002
0.048727717
0.048265584
0.04828149
0.048209354
0.047548562
0.046929847
0.046575204
0.04637717
0.046230603
0.046032984
0.0452436
0.043757673
0.04422816
0.044305816
0.047462504
0.051302195
0.052533213
0.05333872
0.05374484
0.05376131
0.053400334
0.05273881
0.051864184
0.050559986
0.048483264
0.048290573
0.04778316
0.046325848
0.045738257
0.04509123
0.04557808
0.044058423
0.043017026
0.042164456
0.041370153
0.040707912
0.04021618
0.03993601
0.03970156
0.03934982
0.040182043
0.03949051
0.038734213
0.03899649
0.04001469
0.039008707
0.039381176
0.039277464
0.040629618
0.039414734
0.039611027
0.04121911
0.044934224
0.043522935
0.042189687
0.04204111
0.041753486
0.041353174
0.04119598
0.040933397
0.039810702
0.038567938
0.03807711
0.037150383
0.0366732
0.036188163
0.03637779
0.03710505
0.038120758
0.03930536
0.040541727
0.040479396
0.039606888
0.03916466
0.038718868
0.038128782
0.037388045
0.036552805
0.035246383
0.03504876
0.034383114
0.03542418
0.0345982
0.034701034
0.034773674
0.034806315
0.03480227
0.03489248
0.034981113
0.03499795
0.03495268
0.033777952
0.033648916
0.03343222
0.03328337
0.033232592
0.033193137
0.033113927
0.033041626
0.03298201
0.032909486
0.032854356
0.032850936
0.032835197
0.03279963
0.03278673
0.032783512
0.03276637
0.03274851
0.032724794
0.032695387
0.032675516
0.032668512
0.032664277
0.032657128
0.032649122
0.032638907
0.03262574
0.032610387
0.032595646
0.032585364
0.03257796
0.032569297
