0.5102041
0.4624594
0.42143542
0.3864879
0.3570512
0.33260676
0.31267977
0.29837102
0.28922725
0.28330433
0.27932805
0.2765768
0.27462354
0.27320546
0.27215546
0.27136418
0.27075806
0.27028617
0.26991418
0.26961803
0.26937875
0.26918092
0.26901335
0.26886922
0.26874474
0.2686342
0.26853213
0.26843905
0.26835713
0.2682877
0.26822355
0.26815823
0.26808813
0.26801616
0.26794463
0.26787165
0.26779506
0.26771417
0.2676286
0.26753786
0.2674426
0.2673519
0.26726544
0.26718014
0.2670888
0.2669953
0.2668952
0.26679984
0.26670635
0.2666092
0.26651332
0.26640922
0.26630217
0.26618615
0.26606295
0.26592603
0.26578778
0.26565647
0.26553062
0.26540643
0.26528254
0.26515502
0.26502457
0.26488322
0.2647319
0.26457012
0.26439717
0.26421413
0.2640303
0.2638454
0.26365995
0.26347315
0.26328146
0.26308155
0.26287192
0.26265237
0.26242417
0.26218745
0.26194847
0.2617153
0.26148432
0.2612588
0.2610312
0.2608077
0.2605768
0.26034373
0.26010194
0.259838
0.2595566
0.2592542
0.25893012
0.25859714
0.25825727
0.2579126
0.2575648
0.25721386
0.25685966
0.25650114
0.25613776
0.25576803
0.25539044
0.2550051
0.25461328
0.2542165
0.25381497
0.2534083
0.25299358
0.25256735
0.25212905
0.25167856
0.25121498
0.25073376
0.25024685
0.24978015
0.24933676
0.24887148
0.24837925
0.24787717
0.24738917
0.2469333
0.24649625
0.24605148
0.24557932
0.2450867
0.24459502
0.24410154
0.24358536
0.24304706
0.24247643
0.24187994
0.24127764
0.24067083
0.24007128
0.23947175
0.23889576
0.23834534
0.23780948
0.23728299
0.23674668
0.23619486
0.23562035
0.235022
0.23441125
0.23379138
0.2331654
0.23253946
0.23189901
0.23124065
0.23055996
0.22985889
0.22912884
0.22835726
0.22752282
0.22660832
0.22560675
0.22450788
0.22331223
0.22202532
0.22064133
0.2191807
0.21767232
0.21611615
0.21453904
0.21295352
0.21132001
0.20966364
0.20798376
0.20628574
0.20458838
0.20288754
0.20118947
0.19949502
0.19779655
0.19613521
0.1945379
0.19304062
0.19168785
0.19046827
0.18939725
0.18848428
0.18771006
0.18704453
0.18647006
0.1859785
0.18554898
0.1851696
0.18482105
0.18449497
0.18417864
0.18386313
0.18354213
0.18321012
0.18286401
0.18250404
0.18213055
0.18174286
0.18134727
0.18095133
0.1805504
0.1801438
0.17972796
0.17930181
0.17887218
0.1784412
0.17801517
0.17759399
0.17717709
0.1767697
0.17638023
0.17600596
0.17564204
0.17528762
0.17494819
0.17462733
0.17431495
0.17401868
0.17373769
0.17347184
0.1732209
0.17298555
0.1727626
0.17254771
0.17233843
0.17212927
0.17191912
0.17170642
0.1714938
0.17128628
0.17108168
0.17087816
0.17067382
0.1704644
0.17025113
0.17004244
0.16982318
0.16958459
0.16932274
0.16904022
0.16874209
0.1684282
0.16809696
0.16775514
0.16740352
0.16705057
0.16668832
0.16631058
0.16593054
0.16552866
0.16512142
0.16471003
0.1642838
0.16386652
0.16345297
0.16304143
0.16263977
0.16223545
0.16183539
0.16143516
0.16103375
0.16064079
0.16024613
0.15984656
0.15944591
0.15904325
0.15863952
0.15823622
0.15783179
0.15745625
0.1570947
0.1566999
0.15628646
0.15588854
0.1554822
0.15507199
0.15465422
0.15422915
0.15379961
0.15335402
0.15290096
0.15243867
0.15196449
0.15147877
0.15098532
0.15047237
0.14994779
0.1494128
0.14887024
0.14831957
0.14776716
0.14721212
0.14666288
0.146118
0.1455692
0.1450199
0.144465
0.14390475
0.14333148
0.14274319
0.14214148
0.14154053
0.14093542
0.14030881
0.13967048
0.13904278
0.1384079
0.1377584
0.13709314
0.13642508
0.1357307
0.13501082
0.13427816
0.13354939
0.13282572
0.13207795
0.1313197
0.13055803
0.12980062
0.12906495
0.12835486
0.12765124
0.12694182
0.12625554
0.12557854
0.12491405
0.1242532
0.12357294
0.12288872
0.122223794
0.121560335
0.12088286
0.12017424
0.119500086
0.11881251
0.11817958
0.11752748
0.11693167
0.116332866
0.11571691
0.11515615
0.114525124
0.114071555
0.113712735
0.11328644
0.11288059
0.11246192
0.11217644
0.11173787
0.11140886
0.11122823
0.11074997
0.11067644
0.11017955
0.110623
0.11005463
0.11078282
0.11191786
0.10929554
0.11114559
0.11314417
0.1094864
0.11184516
0.118962176
0.11568085
0.10841195
0.11184713
0.117519096
0.11335427
0.10766625
0.11208496
0.1166722
0.11325297
0.10743756
0.10926149
0.11237353
0.10864517
0.10845441
0.11367183
0.1122639
0.108588964
0.110831335
0.11355475
0.11104384
0.114130214
0.12478871
0.12747443
0.11662485
0.107961476
0.1113539
0.11593628
0.11121531
0.10589977
0.10933421
0.10994355
0.106360346
0.106686525
0.10819782
0.10614885
0.10909961
0.118695885
0.121647075
0.11063555
0.10227484
0.103339374
0.10500774
0.1011446
0.10105071
0.10222046
0.101229794
0.10176473
0.102401845
0.103475794
0.10677947
0.10836522
0.10691685
0.103472084
0.100609146
0.1026751
0.10372547
0.10019801
0.10118914
0.102540754
0.10109652
0.101824805
0.10203057
0.10244802
0.105442785
0.10791822
0.10778685
0.10460787
0.09993133
0.09802463
0.10059692
0.10120229
0.098253414
0.10056984
0.10297697
0.102781765
0.10205232
0.10121126
0.10048262
0.10014307
0.099850945
0.099502236
0.09908813
0.09869704
0.098475836
0.098129444
0.09744505
0.09682272
0.096267514
0.095637254
0.094938084
0.09427983
0.093634225
0.092952415
0.092305996
0.09168289
0.091003545
0.090388104
0.08987662
0.08942166
0.08898998
0.08860089
0.08818588
0.08768791
0.08725305
0.08688609
0.0864867
0.08614504
0.08588578
0.08559944
0.08504714
0.084500656
0.084145755
0.08372528
0.08346919
0.08370552
0.08383402
0.082788944
0.08254559
0.08200111
0.08176855
0.081447504
0.081661984
0.08134577
0.082071036
0.083041124
0.08281435
0.08062086
0.081050955
0.07997927
0.07993485
0.08064949
0.079466805
0.08111154
0.08058701
0.08406392
0.0936242
0.09942826
0.09350337
0.0825616
0.07723857
0.07886164
0.0806761
0.079451434
0.07723294
0.08010852
0.086362645
0.08985985
0.08674834
0.0819843
0.07936684
0.07876013
0.07845213
0.0781253
0.0777639
0.07754325
0.07756257
0.077553496
0.07775768
0.0772297
0.076700754
0.07678901
0.07607579
0.07663667
0.07672862
0.07744065
0.08283742
0.08843083
0.090607576
0.08792441
0.08334748
0.0786014
0.076815784
0.07851142
0.07871828
0.07806075
0.07961848
0.082106665
0.08345373
0.08272967
0.08036332
0.07895527
0.077942856
0.07694436
0.076437354
0.07610351
0.075630814
0.075289786
0.0750085
0.074823186
0.07467276
0.074476905
0.07418148
0.07378208
0.073282465
0.07280994
0.07243499
0.07230706
0.07225754
0.07263967
0.07235436
0.07391371
0.07474892
0.0733784
0.07192507
0.07225577
0.071782045
0.07168417
0.07274831
0.072480485
0.07394628
0.077860184
0.08105996
0.08152307
0.07928605
0.07618917
0.07318655
0.07561651
0.07595402
0.0739494
0.07573841
0.07629293
0.076683
0.0768938
0.07691301
0.07679396
0.07659424
0.07635962
0.07609911
0.07578907
0.07546258
0.07523011
0.07513414
0.07503801
0.07513902
0.07532342
0.07544718
0.07540397
0.07523438
0.0751288
0.07554993
0.07560976
0.07629693
0.075656906
0.07685088
0.07679694
0.077521145
0.08181067
0.08310757
0.082662255
0.08144314
0.07907364
0.07937564
0.07906513
0.0812996
0.08688977
0.09273472
0.09563333
0.093649335
0.08941274
0.08449722
0.08040338
0.081441656
0.080926485
0.08425774
0.092548795
0.09798324
0.09620811
0.090224475
0.085387215
0.08267963
0.081576675
0.08116158
0.08087968
0.08097421
0.08075311
0.08054295
0.080387756
0.080212794
0.079952255
0.079595864
0.079185314
0.078731656
0.07833042
0.07803427
0.07781414
0.077611774
0.07739619
0.077204995
0.07703188
0.07687548
0.07660559
0.07618775
0.07534244
0.07473198
0.07450277
0.074475564
0.07434921
0.0741703
0.07395812
0.07373401
0.07346181
0.073216155
0.07338672
0.07347827
0.073637635
0.07301366
0.07279676
0.07274841
0.073231205
0.07357724
0.07382526
0.07397644
0.074032605
0.07401925
0.073903695
0.07375206
0.07365451
0.073605806
0.07353212
0.073189236
0.07253731
0.07189217
0.07142297
0.071032025
0.07064869
0.07017672
0.06965379
0.068982884
0.068296365
0.06776237
0.067363344
0.06692464
0.06650038
0.065796666
0.06490131
0.06421965
0.063599214
0.0631604
0.06269528
0.06222437
0.061605662
0.060901254
0.060304992
0.059962176
0.059494887
0.059118297
0.05878815
0.058559522
0.05826642
0.057778925
0.057338048
0.056778844
0.056368593
0.055888563
0.05566114
0.05608038
0.055476226
0.05767237
0.06490544
0.06674188
0.061394796
0.05717042
0.055397682
0.055561807
0.055505414
0.05643384
0.0578056
0.059106372
0.060171913
0.06085126
0.06118281
0.061171006
0.06088439
0.060446694
0.060038846
0.059738178
0.059503198
0.05939516
0.059518542
0.060008775
0.05980866
0.060099434
0.058866385
0.058990944
0.05810676
0.060424566
0.06611863
0.068524286
0.06570043
0.06295355
0.06152097
0.0607761
0.060286984
0.059780303
0.059103902
0.05830936
0.057523202
0.05673476
0.055937756
0.055321187
0.054775484
0.05437106
0.054076776
0.05380141
0.053561807
0.053340927
0.053123545
0.052904222
0.05269491
0.05256402
0.05246878
0.052319687
0.052102502
0.051765054
0.05188172
0.051766995
0.051859118
0.05184562
0.051778756
0.052291915
0.051841363
0.054366026
0.059229493
0.062410504
0.06272384
0.06109075
0.06000412
0.059380013
0.059043176
0.05882096
0.058631957
0.05843056
0.058162663
0.05783144
0.057438694
0.057015937
0.05659717
0.056157663
0.05555934
0.054788653
0.053966142
0.052832987
0.05213321
0.05163427
0.05121576
0.050974686
0.050737865
0.050487295
0.05022371
0.049927298
0.04968436
0.049252037
0.048815504
0.048535813
0.04842273
0.0483451
0.048408024
0.04810147
0.047760483
0.04739634
0.04698516
0.046596434
0.04643515
0.04573335
0.045553923
0.044798423
0.04536047
0.044768974
0.046792116
0.050387286
0.0541559
0.052416034
0.048635267
0.047128152
0.04663623
0.046143293
0.045346275
0.044563722
0.043901294
0.043338135
0.04287605
0.042530958
0.04224117
0.04193752
0.041738562
0.041373983
0.04138787
0.041029025
0.040881485
0.041311238
0.04086179
0.041610498
0.041307196
0.040965818
0.04062623
0.040685855
0.04050961
0.04222371
0.04378498
0.04220238
0.04119555
0.040441837
0.04047617
0.040648855
0.040350646
0.04047793
0.04035109
0.040649876
0.040134553
0.039807644
0.039652806
0.038664147
0.039385185
0.03861068
0.04107097
0.046956375
0.0459414
0.043379806
0.042004548
0.041230988
0.040772934
0.04078079
0.040199887
0.041603554
0.0415131
0.039003108
0.03919914
0.039268896
0.041038852
0.049971677
0.053893678
0.050393768
0.047839656
0.04614212
0.0449256
0.04395467
0.043103185
0.04226676
0.041484203
0.041388046
0.04075272
0.041427065
0.042674962
