0.5102041
0.46950427
0.4335837
0.4020667
0.3746281
0.35096473
0.33079234
0.31385034
0.30047053
0.29111293
0.28494453
0.28074804
0.27781373
0.27571344
0.27417848
0.27303502
0.27216956
0.2715054
0.27098656
0.2705749
0.27024367
0.26997313
0.2697488
0.26955965
0.26939693
0.26925665
0.26913333
0.26902184
0.26892108
0.26882944
0.26874462
0.26866332
0.26858267
0.26849976
0.26841587
0.26833242
0.26825175
0.26817092
0.26808727
0.26799846
0.26790333
0.26780155
0.26769277
0.2675762
0.26745066
0.2673238
0.26720566
0.26709235
0.26697555
0.26684827
0.26671588
0.26658133
0.26644757
0.26631603
0.26618376
0.2660469
0.26590598
0.26575434
0.26560265
0.2654495
0.26529008
0.2651245
0.26495716
0.26478875
0.26460835
0.26441795
0.26421672
0.26401043
0.2637918
0.26355755
0.26331455
0.26305553
0.26277754
0.2624856
0.26217926
0.2618608
0.2615331
0.26120162
0.26086205
0.26052043
0.26016662
0.25980902
0.2594528
0.2590966
0.2587387
0.25837076
0.2580031
0.25764015
0.25727594
0.25689378
0.25649914
0.25609323
0.2556763
0.25524938
0.25481176
0.25436646
0.25391456
0.2534577
0.25299862
0.25253788
0.25207877
0.2516181
0.2511555
0.25069135
0.25022694
0.24976406
0.24930362
0.2488418
0.24837945
0.24791855
0.24746007
0.24700424
0.24655081
0.24609943
0.24565148
0.2452072
0.24476469
0.24432456
0.24388242
0.24344228
0.2429992
0.24255455
0.24210674
0.24165207
0.24119817
0.24074487
0.2402902
0.23984206
0.2393965
0.23894441
0.23849389
0.23803847
0.23757924
0.23711151
0.23663408
0.23614442
0.23564267
0.23513207
0.23460907
0.23407958
0.23353468
0.23296605
0.23237932
0.23177172
0.23114423
0.23049244
0.2298235
0.2291243
0.22836415
0.22751054
0.22655635
0.22549509
0.22432849
0.22308038
0.22177397
0.22042665
0.21904454
0.21763054
0.21620783
0.21478905
0.21339178
0.21200924
0.21061747
0.20923609
0.20787586
0.20653667
0.20523784
0.2039552
0.20266357
0.20136859
0.20007586
0.19879904
0.19754684
0.19633864
0.19518842
0.19409682
0.19306968
0.1920979
0.1911744
0.19030909
0.18948112
0.18867934
0.18791106
0.18717906
0.18648887
0.18584022
0.18523802
0.18467496
0.18414956
0.183654
0.18318146
0.18273348
0.18231085
0.18191299
0.18153413
0.1811752
0.1808342
0.18050997
0.18019773
0.17989571
0.17960478
0.17932492
0.17905276
0.17878707
0.17852603
0.17826828
0.17801252
0.17775676
0.17750113
0.17724438
0.17698568
0.17672433
0.17646132
0.17619127
0.17591697
0.17563868
0.17535788
0.17506976
0.17477891
0.17447938
0.17416517
0.17383258
0.17348583
0.17312446
0.17275025
0.17235889
0.17195372
0.1715363
0.17110805
0.17066626
0.1702138
0.16975106
0.16927718
0.16879188
0.16829562
0.16779213
0.16728052
0.16675945
0.16622499
0.16567814
0.16512768
0.16456544
0.16399224
0.16340657
0.16281733
0.16221616
0.16159675
0.16095914
0.16030572
0.15963776
0.15896669
0.158287
0.15761963
0.15694599
0.15626852
0.1555846
0.1549008
0.15421924
0.15354306
0.15286992
0.15220304
0.15153961
0.15088473
0.1502364
0.14958487
0.14894776
0.14830852
0.14766376
0.14701365
0.14634289
0.14565982
0.14497752
0.1442924
0.14360914
0.14292799
0.14225464
0.14159967
0.14095992
0.14033575
0.13971916
0.1391028
0.13848305
0.13785349
0.13721144
0.13654424
0.13585836
0.13515033
0.13445216
0.13377929
0.13313238
0.13251169
0.13191167
0.13131514
0.13071519
0.13010833
0.12948714
0.12885742
0.12820771
0.12753941
0.12685688
0.12616548
0.12546915
0.12477084
0.12406969
0.123373926
0.12268322
0.122006044
0.121338554
0.12066313
0.119974524
0.1192712
0.1185682
0.11786925
0.11716311
0.11643417
0.11567719
0.1148834
0.11405425
0.11318842
0.11228981
0.1113336
0.11031649
0.10925262
0.10812503
0.10697435
0.1057991
0.10464666
0.103457846
0.10233285
0.10100536
0.09972032
0.098375395
0.09732756
0.0964699
0.095160864
0.094371326
0.0933879
0.09287261
0.0920624
0.090442024
0.08961173
0.0882392
0.08811573
0.08865111
0.087182276
0.085915565
0.08604928
0.08491228
0.08557046
0.085994594
0.08387594
0.08385124
0.083842225
0.08266867
0.08360505
0.08392966
0.0817561
0.08183552
0.08165934
0.08060359
0.08121255
0.081905216
0.080355294
0.080239095
0.07988467
0.07917442
0.07938787
0.07948523
0.07849883
0.07828751
0.07767545
0.07685924
0.0766141
0.07686707
0.07603271
0.07545413
0.075081445
0.07446573
0.07362062
0.0727007
0.071819104
0.07121045
0.070680454
0.07011845
0.06950579
0.06879072
0.06810682
0.06714203
0.06642547
0.065569
0.0648765
0.06438525
0.06374295
0.063095696
0.062356204
0.06154148
0.06130965
0.061054494
0.05997207
0.059618995
0.05893017
0.058063585
0.057758644
0.057311155
0.056914717
0.056790695
0.056280974
0.05557105
0.055306293
0.0549236
0.054418497
0.054166354
0.05375045
0.05321265
0.052597936
0.05203315
0.051537946
0.0510662
0.050577905
0.050022334
0.0494436
0.04893996
0.048528094
0.048143465
0.04775742
0.047301643
0.04684729
0.046418946
0.04598582
0.045536373
0.045108583
0.044694174
0.04423041
0.043744434
0.04328802
0.042859722
0.042414173
0.04195059
0.041538328
0.041157752
0.04076196
0.04035835
0.039993
0.039655965
0.039299164
0.038872764
0.038465034
0.03807962
0.037713557
0.03732108
0.03693418
0.03659062
0.036232535
0.035859965
0.03550218
0.035152975
0.034793045
0.03444058
0.034115583
0.033801496
0.033476926
0.033183508
0.032874234
0.032578383
0.03227483
0.03203036
0.0317346
0.031466298
0.031155292
0.030837517
0.03051662
0.030184194
0.029898657
0.029613677
0.029296404
0.029007317
0.028787285
0.02867892
0.028504018
0.028448865
0.028305456
0.028146712
0.027931266
0.027706925
0.027477426
0.027213216
0.026914282
0.026641827
0.026402
0.02618998
0.025984934
0.025791062
0.025585057
0.025430214
0.025406305
0.02530872
0.025367972
0.025456013
0.025589483
0.025895854
0.025507236
0.025350003
0.025148759
0.024786178
0.024628166
0.02444625
0.024261534
0.024088306
0.023923064
0.023782812
0.0236581
0.02353758
0.023435557
0.023288557
0.023283102
0.023074927
0.023123698
0.023022281
0.022896571
0.022865562
0.022744922
0.022639796
0.022555633
0.022421554
0.02242354
0.022252478
0.02218918
0.022115555
0.022015452
0.02202204
0.021913327
0.021800509
0.021738788
0.021761399
0.021657426
0.021661459
0.02156401
0.021611834
0.021608116
0.021472756
0.02151959
0.02141052
0.021420475
0.021401249
0.021307165
0.021268683
0.021261925
0.021195391
0.021245837
0.021214278
0.021095464
0.021059796
0.021098705
0.021019898
0.021030562
0.021008449
0.020937253
0.02091186
0.020962777
0.020911789
0.020886911
0.020864772
0.020854743
0.02082858
0.020864451
0.02083647
0.020800099
0.020781688
0.02080553
0.020762865
0.02083917
0.020837616
0.02073627
0.021082273
0.021074653
0.02072297
0.020874245
0.02102149
0.020814283
0.020724546
0.02079067
0.020709606
0.020755496
0.020771837
0.020679483
0.020766666
0.020845806
0.020686796
0.02067095
0.020694237
0.02063407
0.020728666
0.02079982
0.020646028
0.020635374
0.020663625
0.02059675
0.02068149
0.020750474
0.02060955
0.020606974
0.020636445
0.0205675
0.020647293
0.020718042
0.020582298
0.02058153
0.020610463
0.02054386
0.020622218
0.02069258
0.020561205
0.020557936
0.020584766
0.020525008
0.0206015
0.020669982
0.020541
0.020539725
0.020566972
0.020507962
0.020579457
0.02064752
0.020523421
0.020520782
0.020545833
0.020492744
0.02056312
0.020629223
0.020507766
0.020504378
0.0205286
0.020478658
0.020545598
0.020608375
0.020492585
0.0204911
0.020514356
0.02046716
0.02052938
0.020589095
0.020480227
0.020478066
0.02049928
0.020456865
0.020515509
0.02057212
0.020468682
0.02046741
0.020488054
0.020447712
0.020501614
0.020553667
0.020457884
0.020458695
0.020478232
0.020440295
0.020488298
0.020534089
0.020448266
0.02045113
0.02046895
0.020434354
0.020476393
0.02051816
0.020440059
0.020444442
0.020461388
0.020429056
0.02046541
0.02050268
0.020432726
0.020439243
0.020455254
0.02042519
0.020454315
0.020485997
0.02042607
0.020435
0.020449871
0.020422246
0.020443903
0.020471111
0.020420482
0.0204316
0.020446265
0.020419694
0.02043371
0.020456074
0.020415511
0.020429697
0.020444209
0.020417927
0.020424522
0.02044266
0.020412179
0.020426841
0.02044031
0.020415677
0.020418819
0.020433921
0.020410115
0.020422926
0.020434694
0.020412847
0.020416588
0.020432018
0.020408997
0.020417392
0.020426506
0.02041108
0.020414121
0.020426368
0.020408297
0.020416318
0.02042613
0.020410176
0.020410324
0.020417515
0.020408163
0.020408273
0.020408342
0.020408163
0.020408163
0.020408172
0.020409789
0.020408163
0.020408163
0.020408163
0.020408163
0.020408167
0.020413836
0.020408418
0.020408664
0.020408932
0.020408163
0.020410012
0.020408163
0.020408163
0.020408163
0.02040825
0.020408163
0.020409018
0.020408163
0.020408163
0.020408373
0.020408163
0.020408181
0.020408163
0.020408174
0.020408163
0.020408163
0.02040985
0.020408163
0.020408163
0.020408167
0.020408163
0.020408163
0.020408163
0.020409273
0.020408178
0.020408163
0.020408163
0.020408163
0.020408163
0.020408217
0.020408163
0.020413522
0.020408524
0.020408174
0.020408988
0.020408163
0.020408254
0.020408163
0.020408163
0.020408202
0.020409716
0.020408163
0.020408163
0.020408174
0.02040886
0.020408163
0.020408163
0.020408163
0.020408163
0.020408163
0.020408163
0.02040821
0.020408163
0.020408297
0.020408163
0.020408163
0.020408163
0.020408163
0.020408163
0.020408254
0.020408163
0.020408163
0.020418514
0.020408163
0.020408163
0.020408163
0.020408163
0.020408185
0.020408163
0.020408163
0.020408163
0.020408163
0.020408163
0.020408163
0.020408163
0.020408176
0.020408163
0.020408163
0.020408796
0.020408163
0.020408163
0.020408414
0.020408163
0.020408163
0.020408222
0.020408163
0.020408163
0.020410318
0.020408163
0.020408163
0.020408163
0.020408163
0.020408165
0.020408163
0.020408167
0.020408163
0.020408163
0.020408163
0.020408219
0.020408163
0.020408163
0.020408599
0.020408163
0.020408163
0.020408163
0.020408163
0.020408163
0.020408167
0.020408163
0.020408163
0.02040843
0.020408163
0.020408163
0.020408163
0.020408163
0.02040824
0.020408163
0.020408163
0.020408487
0.020408163
0.020408163
0.020408163
0.020408163
0.020408163
0.020408163
0.020408208
0.020408163
0.020408211
0.020408163
0.020408163
0.020408163
0.020408163
0.020408163
0.020408163
0.020408163
0.020408163
0.020408163
0.020408163
0.020409817
0.020408163
0.020408163
0.020408163
0.020408163
0.020408163
0.020408163
0.020408163
0.020408163
0.020408163
0.020408163
0.020408163
0.02040818
0.020408163
0.020408163
0.020409457
0.020408163
0.020408163
0.020408163
0.020408163
0.020408163
0.020408163
0.020408163
0.020408163
0.020408163
0.020408163
0.020408163
0.020408163
0.020408163
0.020408163
0.020408163
0.020408163
0.020408163
0.020408163
0.020408163
0.020408163
0.020408163
0.020408163
0.020408163
0.020408163
0.020410648
0.020408163
0.020408163
0.020408163
0.020408163
0.020408163
0.020408163
0.020408163
0.020408163
0.020408163
0.020408163
0.020408163
0.020408163
0.020408165
0.020408163
0.020408325
0.020408163
0.020408163
0.02040817
0.020408163
0.020439722
0.020411536
0.020408163
0.020413805
0.020409057
0.020408163
0.020408574
0.020408163
0.020408163
0.020408163
0.020408163
0.020408163
0.020408163
0.020408163
0.020408163
0.020408163
0.020408163
0.020408163
0.020408163
0.020420257
0.020408291
0.020408167
0.020408163
0.020408163
0.020408163
0.02040825
0.020408163
0.020408163
0.020408163
0.02041032
0.020408163
0.020408163
0.020408163
0.020410024
0.020408163
0.020408163
0.020408167
0.020408163
0.020408163
0.020408163
0.020408416
0.020408163
0.020408163
0.020408163
0.02040826
0.020408163
0.020408163
0.020408163
0.020408511
0.020408163
0.020408163
0.020408163
0.020408565
0.020408163
0.020408163
0.020408163
0.020408163
0.02040825
0.020408163
0.020408163
0.020408163
0.020408172
0.020408163
0.020408163
0.020408163
0.020409523
0.020408163
0.020408163
0.020408163
0.020408163
0.020408163
0.020408163
0.020408163
0.020408163
0.020408163
0.020408163
0.020408163
0.020408163
0.020408163
0.020408163
0.020408163
0.020408163
0.020408163
0.020408163
0.020408163
0.020408163
0.020408163
0.020408163
0.020408163
0.020408163
0.020408163
0.020408163
0.020408163
0.020408163
0.020408163
0.020408163
0.020408163
0.020408163
0.020408163
0.020408163
0.020408163
0.020408163
0.020408163
0.020408163
0.020408163
0.020408163
0.020408163
0.020408163
0.020408163
0.020408163
0.020408163
0.020408163
0.020408163
0.020408163
0.020408163
0.020408163
0.020408163
0.020408163
0.020408163
0.020408163
0.020408163
0.020408163
0.020408163
0.020408163
0.020408163
0.020408163
0.020408163
0.020408163
0.020408163
0.020408163
0.020408163
0.020408163
0.020408163
0.020408163
0.020408163
0.020408163
0.020408163
0.020408163
0.020408163
0.020408163
0.020408163
0.020408163
0.020408163
0.020408163
0.020408163
0.020408163
0.020408163
0.020408163
0.020408163
0.020408163
0.020408163
0.020408163
0.020408163
0.020408163
0.020408163
0.020408163
0.020408163
0.020408163
0.020408163
0.020408163
0.020408163
0.020408163
0.020408163
0.020408163
0.020408163
0.020408163
