0.5102041
0.44570678
0.39210293
0.34875277
0.31505984
0.29366162
0.28194535
0.27515253
0.2710281
0.26841515
0.26668543
0.26548406
0.26460424
0.26392096
0.26336038
0.26287416
0.26242945
0.26200753
0.2615947
0.26118338
0.26077312
0.2603653
0.2599665
0.259578
0.25919926
0.25882956
0.25847065
0.25811684
0.2577674
0.25742263
0.25708315
0.2567427
0.25640115
0.25605872
0.25571504
0.25536582
0.25501865
0.25467175
0.25432485
0.253967
0.25356576
0.25313318
0.25267678
0.2522058
0.25172234
0.2512325
0.25073192
0.25022876
0.24971467
0.24919072
0.24865481
0.24810876
0.24755912
0.24699555
0.24642228
0.24584219
0.24524912
0.24464375
0.2440328
0.24341267
0.24278693
0.2421505
0.24150869
0.2408521
0.24017861
0.23948914
0.23879488
0.23809727
0.23739378
0.23669319
0.23600702
0.23532823
0.23466206
0.23401095
0.23337576
0.23274311
0.23211047
0.23147912
0.23085918
0.23025191
0.2296666
0.22910719
0.22859049
0.22810917
0.22765999
0.2272221
0.22678365
0.22635391
0.22588393
0.2254204
0.22494017
0.22445378
0.22395577
0.22344021
0.22293234
0.22245555
0.22200526
0.22157876
0.2211716
0.22078551
0.2204104
0.22003192
0.21964578
0.21924326
0.21882696
0.21839489
0.2179487
0.2174869
0.21700147
0.2164778
0.21590774
0.21528128
0.21461675
0.2139156
0.21318538
0.21238476
0.21149974
0.21056862
0.2097913
0.20893432
0.20788887
0.20669857
0.20556852
0.20443223
0.20321104
0.20189145
0.20049363
0.19899392
0.19741608
0.1957679
0.1940733
0.19235653
0.1906921
0.18900247
0.18726476
0.18553612
0.18377884
0.1819462
0.18003134
0.178038
0.17601317
0.17390396
0.1717105
0.16945109
0.16715187
0.16482617
0.16247424
0.16010854
0.15776187
0.15554267
0.15340784
0.15135951
0.14933692
0.14732078
0.14531924
0.14334781
0.14140405
0.13950662
0.13763383
0.13576141
0.13387997
0.13198404
0.13007674
0.12817067
0.1262626
0.12434132
0.122416034
0.12048534
0.11847514
0.11661241
0.11448157
0.11203694
0.10877626
0.10649586
0.104370974
0.10217373
0.099998005
0.09746826
0.09413562
0.091353975
0.09093113
0.08983351
0.08575883
0.08311957
0.08118441
0.07902316
0.07764304
0.075005956
0.07170466
0.069329984
0.06648638
0.06527437
0.06357426
0.059981935
0.058569375
0.05608172
0.05570465
0.05807943
0.05814667
0.054212857
0.049438078
0.04843344
0.047134414
0.04583539
0.046967223
0.04669026
0.043863963
0.041458104
0.04054316
0.03906539
0.038252003
0.036568925
0.035687026
0.03410057
0.03416267
0.035256412
0.033504687
0.030514572
0.030877158
0.030619388
0.028085144
0.028917395
0.02871502
0.02644387
0.025192903
0.02498474
0.02363117
0.023736455
0.023364505
0.021746648
0.021821778
0.02188967
0.019881984
0.02089786
0.021969533
0.020379022
0.018015634
0.019184295
0.020718504
0.018008113
0.01655229
0.017082922
0.016133199
0.015476413
0.015259679
0.014504585
0.014068453
0.013231135
0.013008222
0.012228467
0.011316698
0.010737038
0.010445584
0.009776275
0.009354507
0.008850395
0.008502619
0.008062524
0.0077860192
0.007358135
0.0072692493
0.00693583
0.006478114
0.0061546895
0.006304776
0.0059219454
0.0054101236
0.005132866
0.0053078076
0.00496958
0.0045246435
0.0042996285
0.0044695428
0.0041758968
0.0038217865
0.0036248942
0.0037582763
0.003510187
0.0032033478
0.0030254824
0.0031609866
0.0029453821
0.0026303388
0.0024707706
0.002620588
0.0024092814
0.002097417
0.0019512485
0.0020621307
0.0018596614
0.0016092932
0.0014760841
0.0015589149
0.0014027139
0.001188906
0.0010748305
0.0011644748
0.0010230561
0.00082836446
0.0007319819
0.0008291464
0.0007133649
0.00053528335
0.0004604696
0.0005600203
0.0004624533
0.0003193558
0.00025972363
0.00034613587
0.00027546566
0.00018756093
0.00014901212
0.00020549644
0.00015549884
0.00016540432
0.00011556636
9.698137e-05
6.862325e-05
0.0001324894
0.00010373145
4.8525664e-05
3.451079e-05
9.2040624e-05
5.5297543e-05
2.7302916e-05
1.7773955e-05
4.4255765e-05
2.5790914e-05
1.5692778e-05
9.051984e-06
1.8526942e-05
1.02423055e-05
7.569459e-06
2.9669368e-06
