0.5102041
0.44404665
0.38924438
0.34519392
0.3113765
0.29035676
0.27920565
0.2730027
0.26943073
0.2673131
0.2660195
0.26520166
0.26465923
0.26427424
0.26397327
0.26370907
0.26345453
0.26320612
0.2629769
0.26276693
0.26257378
0.26238772
0.26220268
0.26201966
0.26183227
0.26164114
0.26144347
0.26124093
0.2610322
0.26081693
0.2605957
0.2603665
0.26010564
0.25996202
0.25966573
0.25936285
0.25915036
0.25889134
0.2586073
0.25826386
0.25795344
0.2576553
0.25725344
0.25690654
0.25650874
0.25620183
0.25580034
0.25545263
0.25510132
0.25475734
0.254382
0.25400302
0.25360814
0.25321877
0.25274295
0.25231582
0.25186133
0.251369
0.2508904
0.2503701
0.24983327
0.24925113
0.24862884
0.24795868
0.24723014
0.24639294
0.2455074
0.24451989
0.24327126
0.24226657
0.24088918
0.23938274
0.23775308
0.2361348
0.23459747
0.23271729
0.23095195
0.2291116
0.22715214
0.22490329
0.22205259
0.21865526
0.21477184
0.21037278
0.20550011
0.20040908
0.19559848
0.19104172
0.18647131
0.18162404
0.17642306
0.17100559
0.1654424
0.15984474
0.15434204
0.14902821
0.14404298
0.13933563
0.1349281
0.13081694
0.12700593
0.12345702
0.12018066
0.11708431
0.11412274
0.11124966
0.10846154
0.10574479
0.10305984
0.100364864
0.09769087
0.09498272
0.09224352
0.08955105
0.086878516
0.0842176
0.08156195
0.07891632
0.07630178
0.07368865
0.07114001
0.068610534
0.066146314
0.06374195
0.061374523
0.05904127
0.056737687
0.054506678
0.05234209
0.050247382
0.048209105
0.046237484
0.04428909
0.042416528
0.040618744
0.03890932
0.03727664
0.035668276
0.034067538
0.03250417
0.031012597
0.029576678
0.028170533
0.026796157
0.025465498
0.024192814
0.023333767
0.02238274
0.021125633
0.020168742
0.02018765
0.020029385
0.017875565
0.018598313
0.017387683
0.01719954
0.019966904
0.018167866
0.014502156
0.019166226
0.019740902
0.013200343
0.016186466
0.016855162
0.01316973
0.012634196
0.0124629205
0.011876068
0.013526278
0.011495802
0.011589256
0.012287595
0.010192237
0.012830726
0.013293006
0.009960922
0.0110791875
0.01161161
0.008821559
0.012260301
0.013621726
0.010114826
0.008801754
0.009827059
0.007729761
0.010742989
0.011567884
0.008181274
0.008987389
0.010959826
0.007382659
0.008398546
0.009295958
0.0067104776
0.009669693
0.012121071
0.006579664
0.0100136595
0.013408273
0.01085662
0.0060393135
0.014184475
0.019003252
0.007524316
0.010183601
0.015762907
0.01456059
0.008563376
0.006886574
0.009992343
0.0069749216
0.006351407
0.006715478
0.0052275583
0.0049168575
0.005300144
0.0041849674
0.0081288535
0.008812298
0.0039239773
0.0065074717
0.008246965
0.005083142
0.0037869515
0.00474058
0.0027891097
0.006158215
0.0066704764
0.0032559044
0.005456349
0.0071403794
0.002702041
0.0052339328
0.0069945753
0.0041084248
0.0029564567
0.0038670816
0.002173473
0.0054074363
0.0060470323
0.002846411
0.0041154274
0.0063410886
0.002804117
0.0029609494
0.003684652
0.0017654235
0.0058453437
0.008508516
0.00359447
0.0021051427
0.0027261523
0.0013994642
0.0066262246
0.009240783
0.0037271765
0.0016920032
0.0023026303
0.0011107755
0.006242074
0.008516914
0.00312619
0.001517507
0.0022116865
0.000848488
0.0054237843
0.007839632
0.0028571652
0.0012138867
0.0018087289
0.0006503088
0.005392386
0.00770781
0.0021873605
0.0017520256
0.0032089844
0.001430831
0.0015442744
0.0022432252
0.0006765745
0.0033360403
0.0044372687
0.0018318511
0.001147374
0.002032988
0.00055603345
0.0027493872
0.0036810369
0.0013173666
0.001349059
0.0024792685
0.0005632637
0.0020483022
0.002880221
0.0008692103
0.0016859062
0.0030220277
0.00068672164
0.0014735304
0.002205498
0.00056386954
0.0020445378
0.0035287775
0.0008451996
0.001046389
0.00168482
0.00036949984
0.0023512524
0.0039309217
0.0009875067
0.0007448818
0.0013114711
0.0002393699
0.0025327718
0.00411793
0.0010277248
0.00057135575
0.0011103316
0.00014062533
0.0025296167
0.0041067307
0.0010038301
0.00044847396
0.0009545704
7.359419e-05
0.0024748123
0.0040326044
0.00095184654
0.00034147652
0.0008023515
3.1905627e-05
0.00229978
0.0037146735
0.0007823543
0.00031694552
0.00078998803
1.1752492e-05
0.002039601
0.0035123394
0.00074252585
0.0001549569
0.00048568612
6.9535777e-06
3.626347e-05
6.924786e-05
3.9366773e-06
