0.5102041
0.45120868
0.40111712
0.35949367
0.32599413
0.30338934
0.2901849
0.28222093
0.27719513
0.27389842
0.27165958
0.27008826
0.2689469
0.26808915
0.2674204
0.2668794
0.2664238
0.26602584
0.26566735
0.26533422
0.26501814
0.26471213
0.26441023
0.26411086
0.26381013
0.2635062
0.26319876
0.26288486
0.26256534
0.2622378
0.2619017
0.26155788
0.2612034
0.2608359
0.2604596
0.26008272
0.25970438
0.2593201
0.2589362
0.2585524
0.25816023
0.2577587
0.25735316
0.25693586
0.25650424
0.25600824
0.2554741
0.2549209
0.25435147
0.25376537
0.25316206
0.2525401
0.25190118
0.25125313
0.2506139
0.24995996
0.24929485
0.24862245
0.24793248
0.24721804
0.24649395
0.24576062
0.24502122
0.24427351
0.24349833
0.24269125
0.24184021
0.24096794
0.24007297
0.23917404
0.2382793
0.23740125
0.23656037
0.23573999
0.23495577
0.23419015
0.23343651
0.23267126
0.23189369
0.23111694
0.23033369
0.22954695
0.22876719
0.22798482
0.22718796
0.22639038
0.22559255
0.22478478
0.22398348
0.22317736
0.22234163
0.22146411
0.22053714
0.21958181
0.21860218
0.21760382
0.21658766
0.21555021
0.21448334
0.21340118
0.21234193
0.21122432
0.21000697
0.20869964
0.20730108
0.20580846
0.20424873
0.2025863
0.20085494
0.19910315
0.19730262
0.19546053
0.19367579
0.19167815
0.1895253
0.18723749
0.18487228
0.1824672
0.180016
0.17750232
0.17490733
0.17222545
0.1694588
0.16657397
0.16352917
0.16027188
0.15682894
0.15327936
0.14972284
0.14620404
0.14276154
0.1393643
0.13594946
0.13247374
0.1289342
0.12533163
0.12170562
0.118071936
0.11448074
0.11100508
0.10765795
0.104484715
0.101504475
0.0986527
0.095926985
0.09333796
0.09089977
0.0886477
0.086561196
0.084625065
0.082832836
0.08116406
0.07959584
0.07812423
0.07669253
0.07532828
0.074029066
0.07276146
0.071493596
0.07023615
0.06898343
0.06776212
0.066537745
0.06532859
0.06411008
0.062943675
0.061806615
0.060690425
0.059577093
0.05844999
0.057351787
0.056251545
0.055167023
0.05409757
0.05301347
0.051898986
0.050761394
0.04964303
0.04839342
0.047149807
0.045834363
0.04446291
0.043033164
0.041581023
0.040122464
0.038764603
0.0374176
0.03609758
0.034882076
0.03372293
0.032768976
0.031913795
0.030768966
0.02976096
0.028849633
0.027896637
0.026957463
0.025980074
0.02507889
0.02415004
0.023250265
0.022275036
0.021338504
0.020421186
0.019566631
0.018661702
0.01786703
0.017136091
0.016469436
0.015775837
0.015068455
0.01437916
0.013695638
0.013017249
0.012317901
0.011645277
0.010988039
0.010361035
0.009737757
0.009135467
0.008569342
0.007985459
0.007407109
0.0068373163
0.006297947
0.0058307103
0.005362239
0.004875659
0.0044081546
0.0039836816
0.003598252
0.0032033406
0.0028244236
0.0024965007
0.0021937327
0.0019000716
0.0016359567
0.0013808646
0.0011476751
0.000961358
0.0007916255
0.0006481645
0.000518449
0.00040581712
0.00032418643
0.00024663092
0.00018589232
0.00013983868
9.947487e-05
6.7200155e-05
4.3604803e-05
2.3232684e-05
1.0532717e-05
6.1302867e-06
