0.5102041
0.4532958
0.40467826
0.36387625
0.33055204
0.30451885
0.2875999
0.27800483
0.27234936
0.2689051
0.26673496
0.2653093
0.26431915
0.2635799
0.26298326
0.26247036
0.26199841
0.2615361
0.26107627
0.2606208
0.2601779
0.25976622
0.25937358
0.25899842
0.2586401
0.2582871
0.2579465
0.25761494
0.25727248
0.25683916
0.25648722
0.25610098
0.25566417
0.2551988
0.25498992
0.25458005
0.25403145
0.25347725
0.2530287
0.2525545
0.25204623
0.25156558
0.25105253
0.2504528
0.24975568
0.24913822
0.24848431
0.24783935
0.24709466
0.24629492
0.2454695
0.24460353
0.24369669
0.24270403
0.24164511
0.24054687
0.23939595
0.23816723
0.23685053
0.23543909
0.23393005
0.2323412
0.23071845
0.22894692
0.22701624
0.22494753
0.22277609
0.22053777
0.21815784
0.21552736
0.21259359
0.20942786
0.20607802
0.20249943
0.19861737
0.19421685
0.18950565
0.18474765
0.17992157
0.17527689
0.17072201
0.16795388
0.16278625
0.1578622
0.1544193
0.1509186
0.14728692
0.14448057
0.14182508
0.1388945
0.13598761
0.13349202
0.1311933
0.12884106
0.12654105
0.124435544
0.12252173
0.12050286
0.11853696
0.11673285
0.11492837
0.11306481
0.11121307
0.10932735
0.10740366
0.10547957
0.103551894
0.10163867
0.09975035
0.09790466
0.09609906
0.094286725
0.092482895
0.09068404
0.08891022
0.08720209
0.08554518
0.08392795
0.08236378
0.080841444
0.079374194
0.077952646
0.07655139
0.07515347
0.0737625
0.07240255
0.071065955
0.069737956
0.06842948
0.06714362
0.06588655
0.06464183
0.06342151
0.062228236
0.0610243
0.059822828
0.05861522
0.05740182
0.05618545
0.05496769
0.05375368
0.0525231
0.051260687
0.04997456
0.04868747
0.047445912
0.046196643
0.044926357
0.043648124
0.042376146
0.041137107
0.039936136
0.03876764
0.037575386
0.036514685
0.03576405
0.03501436
0.033199187
0.032456763
0.030955622
0.029969478
0.029227318
0.027966404
0.027963119
0.026740286
0.025909623
0.025038952
0.025725167
0.02621016
0.024009662
0.025071079
0.024509866
0.023174103
0.024126718
0.022579001
0.023450214
0.023962015
0.021453781
0.022120407
0.021047443
0.02064788
0.020303583
0.019669663
0.019174082
0.019816497
0.018715186
0.019714024
0.020181881
0.01793612
0.020405846
0.0207982
0.017161539
0.017989911
0.016967682
0.017666787
0.017682869
0.015937367
0.0155941015
0.015501611
0.0146778375
0.016109467
0.015631506
0.013509773
0.014267874
0.012949948
0.013188135
0.012929238
0.011590685
0.011186728
0.010845202
0.010484343
0.009866513
0.0093135685
0.008674492
0.008591531
0.0074744145
0.008543666
0.007471117
0.0063470094
0.005985998
0.006131509
0.005803513
0.005362669
0.005013436
0.006379219
0.005824439
0.0046413294
0.004429912
0.00555353
0.0050162957
0.0043259664
0.0041009896
0.004780681
0.0043509337
0.0041005313
0.0038487676
0.004218038
0.0038778526
0.003923761
0.0036700652
0.0038003675
0.003494056
0.0038068944
0.0035328204
0.00344328
0.0031806934
0.0036709625
0.003365345
0.0031774668
0.0029317336
0.0035089198
0.0032032707
0.0029306754
0.0027000378
0.0033619835
0.0030540095
0.002701853
0.0024866255
0.0032021205
0.0028890441
0.0024941945
0.0022874991
0.003053165
0.0027415007
0.0022888528
0.0020948786
0.002902314
0.0025854472
0.0021071488
0.0019237506
0.0027373848
0.0024246369
0.0019357997
0.001755994
0.00259756
0.0022889406
0.0017640775
0.0015946951
0.0024631259
0.0021563396
0.0015994944
0.0014407953
0.0023228938
0.0020174137
0.0014439467
0.0012918825
0.0022018277
0.001903064
0.0012878465
0.0012459232
0.0015613242
0.0012364133
0.002123577
0.002012753
0.0011205088
0.0010285418
0.002242809
0.0017658937
0.0010617026
0.0009595621
0.0015949337
0.0012480656
0.001106806
0.0009551527
0.0012162253
0.0009713911
0.0011074592
0.00093792734
0.0010062892
0.0008134268
0.0010984973
0.0009235294
0.00085291325
0.0006834955
0.0010928266
0.00091437064
0.00071498525
0.0005681564
0.0011024831
0.0009141932
0.0005952021
0.0004722703
0.0010981782
0.00090237916
0.00049486506
0.00039091118
0.0010865692
0.0008834092
0.00041111163
0.00032168056
0.0010551861
0.00085211307
0.00033515965
0.00025782973
0.0010309359
0.0008263515
0.00026557437
0.00020155571
0.0009915918
0.00078731886
0.0002066384
0.0001526969
0.0009352048
0.0007372267
0.0001547784
0.000109239794
0.00088111206
0.0006916165
0.0001070131
7.1298404e-05
0.0008186772
0.00063179806
6.943695e-05
4.1143296e-05
0.000738485
0.0005627591
4.244949e-05
1.9581474e-05
0.0006206075
0.0004523283
3.243517e-05
1.1124658e-05
0.0004973148
0.00036148212
0.00016016411
0.000108165375
0.00021822157
8.8149136e-05
0.00034832317
0.00027187885
5.7974958e-05
2.3423287e-05
0.00040512823
0.00024600798
3.3291744e-05
1.1758218e-05
0.0003470925
0.00022409644
1.7595032e-05
3.6418933e-06
