0.5102041
0.45094812
0.4001018
0.3574769
0.323013
0.30012462
0.28700253
0.27905756
0.2740226
0.27069288
0.2683887
0.2667136
0.26542714
0.2643907
0.2635161
0.26273394
0.26200676
0.2613179
0.26066303
0.2600246
0.25939927
0.2587922
0.25820318
0.25763652
0.25708187
0.256528
0.2559777
0.25543073
0.25490192
0.2543882
0.2538861
0.2533887
0.25289398
0.25240225
0.25184795
0.25112864
0.25068408
0.25031126
0.24973342
0.24913144
0.24860057
0.24808352
0.24755979
0.24704356
0.24651814
0.2458326
0.24517767
0.2445305
0.24389397
0.24327484
0.2425575
0.24172026
0.2406172
0.23972537
0.23854849
0.23777376
0.23626432
0.2349076
0.23339598
0.23154896
0.22962856
0.22750616
0.22509804
0.22275592
0.220012
0.21664694
0.21291126
0.20900355
0.20501211
0.20063168
0.19580317
0.1907214
0.18544762
0.18003225
0.17449234
0.16861586
0.16231343
0.15593684
0.14985307
0.14408274
0.13873976
0.13374224
0.1291353
0.12477063
0.11957583
0.11524495
0.11123286
0.1076561
0.10423698
0.100752644
0.09747043
0.09441086
0.09144871
0.088596225
0.08573486
0.08288858
0.07999516
0.07715986
0.074384615
0.0716368
0.06891726
0.066227905
0.06361149
0.061077222
0.05862207
0.05626744
0.054031044
0.051917844
0.049882714
0.04792471
0.046026602
0.044197127
0.042485442
0.04087016
0.039316442
0.037809018
0.036348205
0.03491916
0.033547454
0.0322039
0.030887105
0.029574456
0.028235378
0.026909035
0.025596727
0.024276882
0.023001615
0.02182279
0.020649007
0.019553894
0.018477557
0.017428944
0.016442684
0.015463481
0.014508179
0.013600846
0.012794811
0.012034654
0.011271887
0.011206749
0.010001487
0.011028276
0.01147594
0.009240352
0.008577227
0.008201445
0.008197793
0.009305985
0.007876433
0.0071771387
0.0072963755
0.006503706
0.006429605
0.0056736055
0.0065291035
0.0057076868
0.005185917
0.005339056
0.0043399674
0.0053291945
0.004627794
0.0036722908
0.0036140587
0.0032962714
0.0030018617
0.0034595411
0.0029625664
0.0026219066
0.0024428875
0.0023818605
0.0020934893
0.0023862869
0.002172842
0.0017306717
0.0015547156
0.0021497898
0.001900546
0.0012984428
0.0011648145
0.0018137489
0.0015201388
0.00095007836
0.0008306658
0.001405001
0.0011542875
0.0006869623
0.00058007997
0.0011314331
0.00092652615
0.0004768692
0.00038984662
0.0009943518
0.000818085
0.00030836556
0.00024670307
0.0009005962
0.0007204623
0.00017888505
0.00013498253
0.00074178516
0.00055705424
8.483949e-05
5.4175973e-05
0.0005258099
0.000369664
4.5199347e-05
1.8906916e-05
0.0003477372
0.00024496653
2.522489e-05
8.786785e-06
0.00023795545
0.00015331479
2.6274283e-05
6.7987853e-06
