0.5102041
0.43960375
0.3813523
0.33518663
0.30130374
0.2816501
0.27219632
0.26768264
0.2656366
0.26480576
0.2644869
0.26409227
0.26385057
0.2639011
0.26409534
0.2643381
0.26458013
0.26477826
0.26492074
0.26500544
0.26503897
0.2650286
0.26496938
0.2648717
0.26474178
0.26457843
0.26439157
0.26417783
0.2639426
0.26368862
0.2634152
0.2631226
0.26281652
0.26249778
0.26217374
0.26184243
0.2615015
0.26114848
0.26077595
0.26040757
0.26005563
0.25967696
0.259282
0.2588685
0.25844797
0.25807628
0.25771886
0.25733107
0.25693223
0.25652304
0.25609088
0.25565583
0.25525373
0.25487825
0.25451395
0.25413328
0.25373283
0.25330538
0.25286672
0.25242206
0.25197223
0.2515247
0.25107306
0.2506196
0.25016505
0.24970627
0.24923514
0.24875244
0.24825987
0.24776623
0.24727522
0.24678186
0.24628417
0.24578004
0.24527188
0.244755
0.24422732
0.24368513
0.24312371
0.24254191
0.24195616
0.24137305
0.24080178
0.2402343
0.23967728
0.23912573
0.23857568
0.23802938
0.23748502
0.23694055
0.2363935
0.23584996
0.2352673
0.23467864
0.23420246
0.23386583
0.23363435
0.23339333
0.23312801
0.23282722
0.23248683
0.23210414
0.23166953
0.23119813
0.2307116
0.2302204
0.22972555
0.22922295
0.22870317
0.22817482
0.22763036
0.2270729
0.22650255
0.22592387
0.22533116
0.22471774
0.22409232
0.22346723
0.22284299
0.22221042
0.22157021
0.22092523
0.2202684
0.21958812
0.21888936
0.21817878
0.21745904
0.21672344
0.21597575
0.21521693
0.2144458
0.21366346
0.2128695
0.21206042
0.21124466
0.21041915
0.2095759
0.20870945
0.20780785
0.20686652
0.20587046
0.20481698
0.20371547
0.20259105
0.20145552
0.20030202
0.19912907
0.1979459
0.19675714
0.19556342
0.19435884
0.19313979
0.19192305
0.19072093
0.18953389
0.18835479
0.18717727
0.18602341
0.18489115
0.18375939
0.18262072
0.18147127
0.18031237
0.17914188
0.1775896
0.1758354
0.173962
0.1720586
0.17019358
0.16836408
0.16654389
0.16472453
0.1629054
0.16107881
0.15923351
0.15737383
0.15550253
0.15360978
0.15169068
0.1497485
0.14778268
0.1457971
0.14379197
0.14177114
0.13973036
0.13765883
0.13554892
0.13338843
0.13117199
0.12891242
0.1266103
0.12426026
0.12185389
0.119358554
0.116746515
0.114031464
0.11133271
0.108664244
0.106004804
0.10334959
0.10072934
0.098143235
0.09557354
0.09293715
0.090208665
0.08744565
0.08458024
0.08168816
0.07886732
0.076228164
0.073830105
0.07170409
0.06988376
0.0682827
0.0668169
0.065513685
0.06437804
0.06336911
0.061582558
0.05956439
0.058007754
0.056409948
0.05477808
0.05337464
0.05220372
0.051216494
0.05007775
0.048740838
0.047396384
0.0462076
0.045139436
0.04392952
0.042873945
0.041684326
0.040473673
0.039393224
0.038252868
0.037318263
0.03630204
0.035120837
0.034152463
0.033070855
0.031999648
0.03087204
0.029798275
0.02884156
0.02781323
0.026725953
0.025594793
0.024408298
0.02331966
0.022352908
0.02134118
0.020172236
0.019184722
0.018209474
0.0173786
0.016671225
0.01584505
0.014971818
0.014143149
0.013425121
0.012673341
0.011996392
0.011388873
0.010746224
0.010075883
0.009446773
0.008855831
0.0082775615
0.0076893843
0.0070686033
0.006484378
0.0059405076
0.005442591
0.0049476353
0.0044888943
0.004040801
0.0036229114
0.0032275117
0.002890335
0.0025482173
0.0022283874
0.0019431566
0.0016848249
0.0014439302
0.0012315883
0.0010312902
0.0008478203
0.0006867235
0.0005455658
0.00043126318
0.00032703378
0.00024441152
0.00017805603
0.00011924397
7.555336e-05
4.8809332e-05
2.5078567e-05
1.3021274e-05
6.762798e-06
