0.5102041
0.44469976
0.3900012
0.34566045
0.3113629
0.28992584
0.2785043
0.27213538
0.26843613
0.2661999
0.26478466
0.26383454
0.2631483
0.2626043
0.26212662
0.26166716
0.2612064
0.26075876
0.26033247
0.25992534
0.25952733
0.25913274
0.25872535
0.25831422
0.25789332
0.2574555
0.25705308
0.25667965
0.25631446
0.25598493
0.2556363
0.25525627
0.25484848
0.25445226
0.2540488
0.2536334
0.25321385
0.25277779
0.25230658
0.25181037
0.2512963
0.25076845
0.2502236
0.24967249
0.24904196
0.24834473
0.24762002
0.24687462
0.24607262
0.24525063
0.24430203
0.24323504
0.2421223
0.24094135
0.23968412
0.2384218
0.23715496
0.23582059
0.23439734
0.23294453
0.23144142
0.22986527
0.22824271
0.22662221
0.2249638
0.22317855
0.22127175
0.2193003
0.21734028
0.21539795
0.2133742
0.2110569
0.20837544
0.20553587
0.20265181
0.19965076
0.19627409
0.19251835
0.18872872
0.18495777
0.18119475
0.1773871
0.17346664
0.1695585
0.1655276
0.16136132
0.15727086
0.15282322
0.14837162
0.14386033
0.13990769
0.13580161
0.13120325
0.12703864
0.12298306
0.119251795
0.11579351
0.112427935
0.109189816
0.10609811
0.10334019
0.100649886
0.097991414
0.09535343
0.09279256
0.090387546
0.08814522
0.08593153
0.083783
0.08167693
0.079546005
0.077383086
0.07525095
0.0732326
0.07121896
0.0692299
0.06726284
0.06531008
0.06337905
0.061610274
0.06009451
0.058576766
0.057049446
0.055602755
0.05420462
0.052858077
0.051534913
0.050238058
0.0489232
0.047670465
0.046475388
0.04532029
0.04426427
0.043200444
0.04218241
0.041181743
0.040178962
0.039167173
0.038164556
0.03715659
0.0361593
0.03517873
0.034201015
0.033233095
0.03239879
0.03153223
0.030694554
0.030511428
0.030254351
0.029462596
0.029102018
0.029199207
0.029541122
0.029127559
0.028966457
0.02933234
0.029626396
0.029370742
0.029567637
0.030099982
0.029540444
0.029881394
0.02907886
0.027230263
0.028286029
0.02649217
0.026038274
0.025090149
0.027249819
0.028409926
0.025490783
0.024833541
0.024644496
0.02429266
0.025365243
0.023560273
0.024529168
0.023924824
0.023483498
0.02520238
0.023517735
0.02330744
0.023594322
0.02217565
0.021954944
0.021479994
0.020897169
0.021042116
0.020001657
0.0207517
0.020369478
0.018682746
0.018254923
0.018822676
0.017768543
0.017945468
0.017566537
0.016465077
0.016021352
0.016333193
0.015656307
0.015377301
0.014945251
0.0149640385
0.0144959595
0.014409409
0.0139936805
0.013868457
0.01340832
0.013535758
0.013141236
0.012833772
0.012453845
0.012679316
0.012249647
0.012000648
0.011647452
0.0117681
0.011371014
0.011242038
0.01088876
0.011081965
0.010783054
0.010506921
0.010190879
0.010518674
0.01011259
0.009710529
0.009395276
0.009730687
0.009312097
0.008954557
0.008642531
0.008923397
0.008525788
0.008265548
0.007964461
0.008159804
0.007790676
0.0075994553
0.0074151186
0.007261038
0.006948574
0.0076484405
0.00731632
0.0065507437
0.006315267
0.0069547445
0.0064727953
0.0060363547
0.0057907067
0.0059721917
0.005587148
0.005704229
0.005427011
0.005220225
0.004932497
0.005361561
0.005053785
0.004675188
0.004426177
0.0050241016
0.004704172
0.0041896426
0.0039683273
0.0046657803
0.0043267068
0.00377357
0.0036056326
0.004165458
0.00382695
0.0036832679
0.003499205
0.0036983227
0.0034120716
0.0034531266
0.003218007
0.0033584244
0.003107636
0.0031101517
0.0028703492
0.0031295565
0.0028811507
0.0027620408
0.0025468017
0.0029296407
0.002669132
0.0024582492
0.002341068
0.0025077509
0.0022565688
0.002699735
0.0025228774
0.0021378295
0.0019668334
0.0025377565
0.0022576312
0.0018995451
0.0017407313
0.0021768138
0.0019230936
0.0017694935
0.0016021836
0.0018455837
0.0016187099
0.001695196
0.0015166615
0.0015413766
0.0013578475
0.0016647609
0.0014678624
0.0013007213
0.0011447209
0.0016466712
0.0014302507
0.0010998183
0.0009701692
0.0016027418
0.0013650605
0.0009375625
0.0008225964
0.0015590973
0.0013219708
0.0007880769
0.00069028494
0.0014917725
0.0012357614
0.00067918515
0.0005886802
0.0013874818
0.0011474207
0.0005677466
0.00048637876
0.0013059094
0.0010712607
0.0004716298
0.00040550475
0.0012047915
0.0010038373
0.00048230132
0.00041598998
0.0010104587
0.000768405
0.0004744002
0.00039756924
0.0007539112
0.00056514854
0.0004311962
0.00034622016
0.00060214737
0.00046484638
0.00039905886
0.00030568935
0.00052295276
0.00040440663
0.0003527491
0.00026321836
0.00047427314
0.00036897714
0.00029571986
0.00021225914
0.00044845024
0.00035093667
0.00023823658
0.00016270079
0.00043785936
0.00034346254
0.00018116698
0.00011638456
0.0004398367
0.00034834965
0.00012257975
7.374297e-05
0.00044869052
0.00034973485
7.9028e-05
4.4550365e-05
0.00043771532
0.00033822944
4.5692734e-05
2.5203472e-05
0.00040472194
0.00029992257
3.381699e-05
1.3920667e-05
0.00024762406
0.00013054413
0.00019605705
0.00018343132
7.374151e-05
3.4209545e-05
0.00037686247
0.00029305994
2.0530968e-05
6.323372e-06
