0.5102041
0.44301116
0.38727376
0.34253833
0.30844676
0.28753504
0.27665168
0.27077004
0.26750255
0.2656297
0.26449996
0.26375914
0.26321006
0.2627425
0.26227224
0.26182964
0.26143625
0.26108602
0.26076517
0.26046333
0.26016855
0.25987422
0.2595763
0.25927758
0.2589758
0.2586311
0.25829142
0.25793937
0.2575607
0.25716126
0.25675443
0.2563385
0.25590962
0.2554632
0.25499555
0.25450596
0.25397646
0.2533748
0.25269747
0.25192952
0.25108758
0.25018853
0.24924308
0.24822456
0.24714604
0.2460098
0.24484271
0.24366215
0.24249727
0.24135335
0.24008505
0.23883523
0.23764993
0.23646164
0.23530714
0.2341059
0.2328165
0.23153481
0.230256
0.22898875
0.22774036
0.22647256
0.22517489
0.22388232
0.22259672
0.22131127
0.21995446
0.21854065
0.2171133
0.21573001
0.21420002
0.21236154
0.21058752
0.20891987
0.20754685
0.2053272
0.20287088
0.20080699
0.19870962
0.19711605
0.19569063
0.19293858
0.19044423
0.18847309
0.18630236
0.18429063
0.18297958
0.18089606
0.17808765
0.17601907
0.17390005
0.17166212
0.16990107
0.16806737
0.16517502
0.16269551
0.16041742
0.15773618
0.15543441
0.15291214
0.14954193
0.14724776
0.14422984
0.14047593
0.1397812
0.13478646
0.13307877
0.13313137
0.13133582
0.12671794
0.121018104
0.118809044
0.115388155
0.11475701
0.11605044
0.11571385
0.11234703
0.107986175
0.10533258
0.10283901
0.1005424
0.0991922
0.09756325
0.095314935
0.092854515
0.090622574
0.08816003
0.085908614
0.0838104
0.08163836
0.07927447
0.07704608
0.074966304
0.0729153
0.07066358
0.06827641
0.065790355
0.06323415
0.060625277
0.058032054
0.055586074
0.053235643
0.050940756
0.048630074
0.046364304
0.044273023
0.042228498
0.040266503
0.038392015
0.03665542
0.03504255
0.03347108
0.031959556
0.03049143
0.02903334
0.027619304
0.02622848
0.024909396
0.0236477
0.022410205
0.021273375
0.020144148
0.019064933
0.01857985
0.017971013
0.01664344
0.01651428
0.016388647
0.016551051
0.015253174
0.014605522
0.013820256
0.013367179
0.012370884
0.01190272
0.011310399
0.010826489
0.01014065
0.010185935
0.009103817
0.008636478
0.009844998
0.008087867
0.009576582
0.010269266
0.0074457573
0.00957961
0.011713039
0.006657692
0.010877946
0.014778296
0.012068657
0.0066211615
0.011124864
0.015771901
0.007056649
0.009001272
0.013091531
0.011119132
0.0063182083
0.01098258
0.017958464
0.009405113
0.0064950893
0.008562648
0.0067919954
0.005816705
0.006056131
0.0051697884
0.004879791
0.0045727263
0.005043998
0.004137149
0.0053375973
0.0052160113
0.0033816765
0.003573779
0.0027912157
0.0028120766
0.0023660772
0.0022291213
0.0020322339
0.0018587438
0.001734105
0.0015804992
0.0014815353
0.0013937709
0.0012647349
0.0012674506
0.0010835443
0.0011713285
0.00092537684
0.0010977256
0.00078900554
0.0010335641
0.0006721506
0.0009542801
0.00056990486
0.00088279485
0.0004745888
0.00082117505
0.0003860001
0.000736409
0.0002996491
0.0006045029
0.00022172538
0.00047343696
0.00015820439
0.00037574378
0.00010759631
0.000308292
6.816343e-05
0.00025061402
3.596515e-05
0.0001838895
1.3327614e-05
0.000121817575
3.5301239e-06
