0.5102041
0.4376979
0.3782687
0.33161694
0.30146283
0.28517306
0.27636725
0.27138743
0.2684787
0.26673326
0.26565367
0.26495492
0.26446706
0.2640819
0.26372984
0.26336926
0.26298866
0.26259813
0.2622144
0.26184112
0.26148483
0.26114157
0.26080316
0.26045868
0.26010895
0.2597506
0.25938484
0.25901335
0.25863355
0.25824133
0.25779474
0.2573041
0.2568325
0.25635034
0.2557965
0.25541058
0.25480056
0.25411335
0.25345433
0.25277084
0.25201887
0.25114244
0.2500103
0.24893402
0.24776812
0.24643803
0.24497773
0.24338807
0.2417661
0.24018192
0.23843229
0.23674011
0.23497264
0.23316097
0.23142341
0.22970252
0.22794227
0.22631244
0.22464947
0.22291103
0.22122711
0.21952645
0.21774769
0.21591032
0.21396439
0.21177459
0.20908293
0.20606849
0.20293379
0.1997175
0.19611092
0.19186145
0.18744574
0.18304797
0.17911743
0.17472938
0.17036718
0.16618083
0.16210946
0.15750587
0.15240502
0.14791739
0.14311387
0.13880502
0.13380928
0.1295166
0.12549843
0.121437706
0.11752543
0.11390569
0.11019817
0.106698215
0.10325831
0.10011862
0.09698685
0.09406269
0.09103337
0.08803105
0.08503475
0.08198016
0.07893822
0.07589748
0.07286244
0.06971119
0.06621506
0.06297017
0.05963925
0.05630389
0.053077474
0.049902983
0.046960667
0.044057086
0.04129716
0.038592245
0.0360023
0.033569843
0.03125474
0.029097933
0.027081683
0.025175694
0.023318296
0.021552965
0.019896919
0.018349336
0.016893834
0.015511594
0.014238637
0.013003183
0.011796035
0.010543779
0.009297867
0.008091773
0.006884614
0.005720924
0.0046040784
0.0040886477
0.003249687
0.00256237
0.0019285762
0.0024508648
0.0022133957
0.0009936233
0.0021098342
0.0024364237
0.0010876684
0.00052790163
0.00063376746
0.00030551373
0.0002691282
0.00018723591
0.00012242209
0.00016456637
5.8268386e-05
7.569354e-05
3.5127454e-05
2.1935593e-05
3.374324e-05
3.0627639e-06
