0.5102041
0.44592658
0.39162943
0.34714922
0.31247455
0.290653
0.27896887
0.27244255
0.26867294
0.26641795
0.26500064
0.26404116
0.26332733
0.26273814
0.26219994
0.2616735
0.2611593
0.26067653
0.2602323
0.2597863
0.25931647
0.25884497
0.25838575
0.2579184
0.25744483
0.2569718
0.25648463
0.2559785
0.25546497
0.2549332
0.25437507
0.25379562
0.25319123
0.25256422
0.25190923
0.25119936
0.2503163
0.24930243
0.24820971
0.24708469
0.24608588
0.24489978
0.2435939
0.24228433
0.24102052
0.23973668
0.2383249
0.23690544
0.23534149
0.23363142
0.23191226
0.23030798
0.22846618
0.22666042
0.22480816
0.22278833
0.22030741
0.21744958
0.2144158
0.21103151
0.20732097
0.20314227
0.19816138
0.19240816
0.18699163
0.18108442
0.17515707
0.1694166
0.16339596
0.15767322
0.1519969
0.14613919
0.14065607
0.13532464
0.13012594
0.12529844
0.12072084
0.116315424
0.11208987
0.10797681
0.103959784
0.10004215
0.096200496
0.09249993
0.088931434
0.0854145
0.08196753
0.07855268
0.07514509
0.07180816
0.06849719
0.06526848
0.06209544
0.05906436
0.056171156
0.053389803
0.05074131
0.04821246
0.045818366
0.04352826
0.041331187
0.03927193
0.037336238
0.035483506
0.033748575
0.03208162
0.030553253
0.029066449
0.027612105
0.026221719
0.024878344
0.023584738
0.022299742
0.020982847
0.019718017
0.018497787
0.017264502
0.016041199
0.014838329
0.013697351
0.012642114
0.011602826
0.010563834
0.009565277
0.008637664
0.0077891327
0.0069832737
0.006255177
0.0055485857
0.004902812
0.0042650374
0.003701956
0.0034217774
0.003214278
0.002704321
0.002450795
0.0022120841
0.0019196136
0.0016944598
0.0012921008
0.0012932401
0.0010273012
0.00074398186
0.0006235772
0.0006168572
0.00043620108
0.00048525876
0.0004006746
0.00019579694
0.00013457066
0.00018388317
6.0848095e-05
0.00015612168
8.251627e-05
0.00011979468
7.9023506e-05
2.7457278e-05
1.1428998e-05
3.4793477e-05
1.0162701e-05
1.0239188e-05
4.0277087e-06
