0.5102041
0.4417177
0.38437563
0.33818847
0.303445
0.28285322
0.27281076
0.26795712
0.2657255
0.2647975
0.26444456
0.26399153
0.26370093
0.26374328
0.26395813
0.2642321
0.26449612
0.2647133
0.2648681
0.2649538
0.26497126
0.26492673
0.2648276
0.26468378
0.26450264
0.26428825
0.2640453
0.26377636
0.2634815
0.26315948
0.26281208
0.26243967
0.26204324
0.26162484
0.2611856
0.2607262
0.2602478
0.2597541
0.2592425
0.25871477
0.25816405
0.25759757
0.25702834
0.2564629
0.25587562
0.25521192
0.25459275
0.25405705
0.25344658
0.25278863
0.25208706
0.25134486
0.2505983
0.24988857
0.2491482
0.24840465
0.24768189
0.24692942
0.24615073
0.24537614
0.24461074
0.24381642
0.24301736
0.24226156
0.24153064
0.24080938
0.24007468
0.23934044
0.23860697
0.23787087
0.2371439
0.23641713
0.2356873
0.23494767
0.23419687
0.23342296
0.23263697
0.2318791
0.23116408
0.23049143
0.22983043
0.22927675
0.22902946
0.22881132
0.22858696
0.22837472
0.22817269
0.22798483
0.22778536
0.22755909
0.22728916
0.22695373
0.2264967
0.22592638
0.22530848
0.22485593
0.2244236
0.22376265
0.22288409
0.22196394
0.22096203
0.219728
0.218217
0.21642314
0.21441384
0.21216075
0.2094745
0.2062766
0.20274015
0.19923589
0.19598113
0.19298095
0.19023243
0.18766809
0.18524995
0.18293506
0.18070431
0.17856736
0.1765071
0.17451787
0.17251769
0.17051482
0.16857944
0.16666919
0.16463427
0.16245592
0.16016254
0.15779561
0.15562654
0.15385057
0.1520385
0.14963448
0.14210042
0.135857
0.1307494
0.12576336
0.12202963
0.11722724
0.111430176
0.10816898
0.10355502
0.09903502
0.09396348
0.09065397
0.086283326
0.08214248
0.078955494
0.07462547
0.069211245
0.0654675
0.06310516
0.06023139
0.05739046
0.055153303
0.052844632
0.050279666
0.04786844
0.04546996
0.04315421
0.041257653
0.039445475
0.037439905
0.03552519
0.033240285
0.030971063
0.028921045
0.02706167
0.025361381
0.023674099
0.021901337
0.02017799
0.01851171
0.017153483
0.01636314
0.01579708
0.01397335
0.014366523
0.01263429
0.012711337
0.016135737
0.015284276
0.0112420395
0.010098818
0.011312143
0.009175914
0.00994652
0.011078022
0.009114758
0.007847878
0.007982564
0.0070541115
0.0075121876
0.0070703644
0.0058470652
0.005484101
0.0052751815
0.0050283642
0.0044946717
0.0041694334
0.0040240097
0.0034375507
0.004078527
0.0032813319
0.0036556239
0.005222294
0.0039589615
0.0023556848
0.0024846564
0.0018760213
0.0027748507
0.002675976
0.001427292
0.002896836
0.002365636
0.0012568217
0.0011763903
0.0014633816
0.0015691409
0.0008489597
0.0019997617
0.0019814535
0.00067405234
0.001921702
0.0028702351
0.0015520465
0.00042978086
0.0004421664
0.00034438792
0.000256132
0.00024358409
0.00019690729
0.00013105635
0.00016717009
7.38737e-05
7.229047e-05
5.56871e-05
2.8694702e-05
5.7269837e-05
3.409992e-05
2.1250122e-05
0.00020488749
0.00016132211
1.4087066e-05
3.0144959e-06
