0.5102041
0.43340933
0.37123615
0.32348654
0.29491264
0.28062472
0.27297848
0.26867056
0.26610735
0.26446995
0.2633238
0.2624319
0.2616618
0.2609436
0.26023674
0.25953442
0.2588514
0.25820684
0.25759974
0.25702727
0.25648177
0.2559562
0.25544342
0.25493267
0.25442004
0.25390705
0.25341654
0.25294566
0.2524713
0.25197965
0.25147447
0.25096032
0.25043148
0.24988753
0.249325
0.24876925
0.24825588
0.24774094
0.24719697
0.24662395
0.2459834
0.24532406
0.24464934
0.24397047
0.24327965
0.24258433
0.24187434
0.24113719
0.24039043
0.23963217
0.23890074
0.2381813
0.23747022
0.23676422
0.23604731
0.23531404
0.2345636
0.23380023
0.23302957
0.23224637
0.23146439
0.2307171
0.22999752
0.22927584
0.22854394
0.22780305
0.2270596
0.22635804
0.22575179
0.22517265
0.22456212
0.22392122
0.2232729
0.22263207
0.2219885
0.22132409
0.22061612
0.21982221
0.21892571
0.21791212
0.2168264
0.21576762
0.21470033
0.21361591
0.21246995
0.21124734
0.20991586
0.20847277
0.20690219
0.20525882
0.20359957
0.20191519
0.20018275
0.19839266
0.19654417
0.1947558
0.19313285
0.19157046
0.18995151
0.18823619
0.18643762
0.1845789
0.18267606
0.1808052
0.17892043
0.17699789
0.17502724
0.17299223
0.17088088
0.16870649
0.16647851
0.16419742
0.16197543
0.15993814
0.15795122
0.15602069
0.15410991
0.15209727
0.15000315
0.14787713
0.14574386
0.14362466
0.1415567
0.13956271
0.13761683
0.13567859
0.1337378
0.13179947
0.1298666
0.12793384
0.1259787
0.12398795
0.121977486
0.119959034
0.117909655
0.115837075
0.11370825
0.11152082
0.10924364
0.10689023
0.10447314
0.10202894
0.09951299
0.09700064
0.09462341
0.09230194
0.09004143
0.087698035
0.08532942
0.08299694
0.08061714
0.07845072
0.0763563
0.07418838
0.072123185
0.070419155
0.06911316
0.068078615
0.067226134
0.06642809
0.06558352
0.06475426
0.063979395
0.06327601
0.062310535
0.06124422
0.06029863
0.059461076
0.058683097
0.05794392
0.05723458
0.056626633
0.055930376
0.054926917
0.05371464
0.05238082
0.05121431
0.050067287
0.049000774
0.048032187
0.047052708
0.045996554
0.04492735
0.043750096
0.042535417
0.041227486
0.039777685
0.03848361
0.037226815
0.03600261
0.034820117
0.03392205
0.033161093
0.032101344
0.031003965
0.02994938
0.029316254
0.028797422
0.027871955
0.02686174
0.025963094
0.025345366
0.024883656
0.023954382
0.023173146
0.022502474
0.021750225
0.020977736
0.020225031
0.019513562
0.018799363
0.018052815
0.017307471
0.016695887
0.015994847
0.015189748
0.014602687
0.013985806
0.013333118
0.0127118
0.012258869
0.01164087
0.011118911
0.010507781
0.010200992
0.009763335
0.009220143
0.008779442
0.008495968
0.008014466
0.0075913393
0.007281292
0.007104273
0.0069161076
0.006580208
0.006134416
0.005777156
0.0054765893
0.005105399
0.004757094
0.0044250903
0.004112207
0.0038020571
0.0035283067
0.0032157318
0.0029408447
0.0026800886
0.00243378
0.0022155452
0.0020187208
0.0018046479
0.0016071806
0.0014602632
0.0012833345
0.0011740921
0.0010179318
0.00091926067
0.00080407795
0.0007104953
0.00060551905
0.0005192389
0.00045965542
0.00037321702
0.00033197453
0.00027592698
0.00021125979
0.00019004424
0.000150734
0.000116581505
9.470465e-05
6.563827e-05
5.339833e-05
4.2109426e-05
3.255675e-05
1.7641907e-05
1.4118101e-05
1.1278595e-05
6.1878113e-06
