0.5102041
0.42207646
0.35346353
0.3043768
0.27868962
0.26851478
0.2649154
0.26420236
0.26380467
0.2634513
0.26372972
0.26429603
0.26493734
0.26554617
0.26607218
0.26649085
0.26680094
0.26700374
0.26711023
0.2671264
0.26705706
0.266906
0.26668307
0.26639044
0.2660451
0.26565903
0.26523855
0.26478076
0.26429397
0.26375046
0.26313916
0.2624489
0.26170623
0.26100773
0.2603214
0.25960922
0.2588686
0.25808847
0.2572693
0.25641978
0.25557238
0.25472027
0.25385857
0.25296476
0.2520122
0.25103185
0.2500058
0.24895804
0.24791966
0.24685162
0.2457496
0.24461775
0.24344786
0.24221234
0.2408695
0.2394159
0.23783223
0.23615398
0.23451015
0.23294407
0.23137309
0.22962077
0.22782125
0.22612664
0.22448082
0.2228775
0.22106518
0.2189962
0.21689449
0.21491547
0.21309455
0.21134996
0.20940408
0.20714444
0.20474108
0.20244813
0.20025052
0.19803664
0.19575043
0.19328709
0.1906559
0.18831067
0.18609814
0.18378815
0.18133087
0.17865154
0.1757055
0.1726035
0.16953717
0.1667132
0.16407706
0.16122063
0.1582897
0.155888
0.1522598
0.15125452
0.14777885
0.14539
0.14239772
0.13993669
0.13916019
0.1340802
0.1322252
0.12982656
0.12758714
0.12823184
0.124852665
0.121172495
0.119197585
0.11869699
0.118277475
0.113932334
0.111059874
0.10879622
0.1081203
0.10944599
0.10669835
0.10151093
0.0988056
0.09639479
0.09387286
0.09248047
0.09135318
0.08991138
0.088373005
0.08699091
0.08580111
0.08470362
0.083536655
0.08237601
0.08129707
0.08028517
0.07934645
0.078413606
0.07747771
0.07654905
0.07560238
0.07463367
0.07359881
0.07249226
0.071326785
0.07011798
0.068859175
0.06756404
0.06623233
0.06491102
0.063589774
0.062324926
0.061006993
0.059755463
0.05852179
0.05730112
0.056102395
0.054938246
0.05384665
0.05279409
0.0518633
0.050996732
0.050086617
0.049162265
0.048250806
0.04732995
0.046407137
0.045477297
0.044563122
0.04368621
0.042838905
0.041991606
0.041117243
0.040246975
0.039384153
0.038523275
0.037668034
0.036775827
0.03590317
0.035050333
0.03412414
0.03309391
0.03204421
0.031233463
0.030125424
0.029475773
0.028894441
0.028559133
0.027497668
0.026758347
0.02588007
0.026019024
0.024681738
0.026406942
0.026538832
0.023557808
0.023195945
0.022586377
0.02307348
0.026097428
0.024650441
0.021121496
0.024172164
0.024706803
0.020044701
0.022121381
0.022149788
0.019506386
0.021018982
0.020775648
0.019178119
0.021604056
0.020462515
0.018133285
0.018760702
0.017493868
0.018160261
0.017618423
0.017229164
0.016612861
0.018211776
0.017929925
0.015764495
0.019096492
0.017869761
0.01581545
0.019161334
0.018069759
0.014866644
0.019766275
0.020151054
0.014207762
0.016184347
0.015604003
0.013638044
0.0136055425
0.0129531985
0.012623362
0.012434141
0.011929193
0.011726219
0.011366473
0.011390603
0.011023233
0.0112551525
0.010783721
0.010722681
0.0103279585
0.010531351
0.010111057
0.009943844
0.00956552
0.010005658
0.009613874
0.00919481
0.0088586155
0.009626774
0.0091984
0.008536623
0.008240823
0.009231631
0.00806753
0.010637008
0.012255526
0.009220711
0.008214528
0.008955319
0.00740133
0.0073817335
0.007256062
0.006829415
0.00661321
0.0067837466
0.006279028
0.0072487583
0.0066116005
0.0057066567
0.00544978
0.0060728583
0.005591699
0.0053578406
0.0051086037
0.005246575
0.0049019647
0.005219337
0.004941295
0.0046438766
0.0043708007
0.005131072
0.004268703
0.006383899
0.007714828
0.0048966864
0.0049388176
0.0058564525
0.0039584497
0.0060767033
0.007275287
0.004447866
0.004690953
0.005733125
0.0036873298
0.005393846
0.0064675836
0.0039606653
0.0045968127
0.0057231057
0.0031682092
0.009186465
0.014684494
0.011738662
0.0048346054
0.0045757364
0.007661264
0.00407118
0.004856421
0.007459681
0.005153392
0.003050785
0.003172367
0.002986583
0.0026846724
0.003365659
0.002629296
0.0037214893
0.0037908182
0.0022088622
0.0040705903
0.0038531362
0.0019765284
0.004519037
0.0057137925
0.0028879524
0.0020872387
0.0026738204
0.0015744085
0.0035411825
0.004336349
0.0019582817
0.0023283064
0.0033118362
0.0015887733
0.0024416342
0.0031912217
0.0014863316
0.002495674
0.003504698
0.0011956852
0.005636866
0.010815128
0.008181181
0.0021441884
0.0024833367
0.005018651
0.0029647416
0.0010523484
0.0011121726
0.0010516852
0.00088445895
0.0009597852
0.0008507148
0.00076145976
0.0007707627
0.00063166907
0.00061167584
0.0005743108
0.00050446216
0.0005163177
0.00042864727
0.0004546102
0.00036970514
0.00037878015
0.00032819915
0.00031857294
0.00029682543
0.0002656944
0.00027031454
0.00022311347
0.0002482527
0.00018744665
0.00022935974
0.0001553406
0.00021038909
0.00013054475
0.00019157986
0.00010742324
0.00017363181
8.759472e-05
0.00015402655
7.143266e-05
0.00013507355
5.6235916e-05
0.00011891188
4.354955e-05
0.000103544124
3.2547494e-05
9.005137e-05
2.3111466e-05
7.6223885e-05
1.7538207e-05
5.923926e-05
1.975789e-05
3.4270884e-05
3.4131368e-05
1.6212187e-05
5.3245643e-05
7.3685183e-06
6.33398e-05
3.3342972e-06
