0.5102041
0.4319511
0.36874482
0.32045886
0.29191643
0.2779843
0.2708254
0.2670488
0.26503235
0.26394087
0.26333556
0.26294264
0.26255205
0.26229182
0.26212955
0.2620124
0.26190224
0.26177487
0.26162207
0.26143417
0.2612146
0.26096115
0.26067644
0.26036498
0.2600281
0.25966975
0.2592937
0.25890508
0.25850308
0.25808558
0.2576536
0.2572073
0.25674462
0.25626892
0.25577247
0.2552575
0.25472268
0.25416803
0.25359997
0.25301746
0.2524009
0.25175124
0.2511163
0.25048015
0.24980514
0.24910544
0.24836282
0.24755198
0.24667898
0.24574627
0.24476585
0.2437726
0.24275212
0.24167931
0.24055034
0.23932892
0.23801295
0.2366958
0.23543252
0.23423404
0.23300086
0.23179483
0.23069714
0.22956204
0.22840576
0.22731616
0.22621983
0.2250881
0.22399303
0.2229736
0.22198865
0.221048
0.22015513
0.21926774
0.21834001
0.21736255
0.21635272
0.21533608
0.21413788
0.21291615
0.21185479
0.21108137
0.20966257
0.20778891
0.20634729
0.20566577
0.20512812
0.20325851
0.2004953
0.19855092
0.19713177
0.19651368
0.19626424
0.19438456
0.19112054
0.1882731
0.18634132
0.18445702
0.18320492
0.18280806
0.18215576
0.18025279
0.17768726
0.17518848
0.17313029
0.17137474
0.17084405
0.1710178
0.17051841
0.16877636
0.16627115
0.16382764
0.16174008
0.16005147
0.15896015
0.15808728
0.15656295
0.15398589
0.15078309
0.14754762
0.14467508
0.14223436
0.14024988
0.13880867
0.13671558
0.13353562
0.13004994
0.12717834
0.12452931
0.122351184
0.12044231
0.1176957
0.11534204
0.11328883
0.11116567
0.10924332
0.106559075
0.10482093
0.101997085
0.100080855
0.09737092
0.095321484
0.09317488
0.090316996
0.08825217
0.085113764
0.083421014
0.08065594
0.07812162
0.07663047
0.0732048
0.07242024
0.07186801
0.06785245
0.06537643
0.0637663
0.061595522
0.060777567
0.060050353
0.057626314
0.055303983
0.053788137
0.051743552
0.050375894
0.04923832
0.04774848
0.045735843
0.044040732
0.042768095
0.041748814
0.04129667
0.03899788
0.03846838
0.036829766
0.038697712
0.04048101
0.035753924
0.03529718
0.03684346
0.03269468
0.036664512
0.041288875
0.03652536
0.03068848
0.033854097
0.031705797
0.029780544
0.031727247
0.029530972
0.027654853
0.027544985
0.027658368
0.028669352
0.027170112
0.026403395
0.025802165
0.02660954
0.028177358
0.025581697
0.024966566
0.025125511
0.023354234
0.023720685
0.02281048
0.023899145
0.022777041
0.022069445
0.022139864
0.02080889
0.02275403
0.021704435
0.019636674
0.019496238
0.018685643
0.018134259
0.017484087
0.016859032
0.016127797
0.0155251045
0.015085575
0.014366955
0.013811514
0.0131580215
0.012735055
0.011922116
0.012394081
0.01100346
0.011998651
0.012684119
0.010531778
0.010082082
0.0099649215
0.009218616
0.009029925
0.009075713
0.008592859
0.008846635
0.008501859
0.007952187
0.0076946663
0.008033597
0.0076043312
0.0074400716
0.0072125117
0.0070487056
0.00672973
0.0072376793
0.006567137
0.00737783
0.007826213
0.006277917
0.007877799
0.0077683884
0.0059908046
0.0070877187
0.0062179165
0.0062841177
0.005874099
0.00673778
0.0071550747
0.0055845194
0.007386115
0.008749102
0.0055711935
0.007460917
0.009859182
0.008193289
0.005182757
0.009123253
0.010953663
0.0052800737
0.008522281
0.013228325
0.01250732
0.0078811515
0.0048625013
0.0058241524
0.0048434664
0.005120832
0.0051718443
0.004188158
0.0039902925
0.0044311425
0.0037827764
0.004564754
0.0045400118
0.0032089713
0.0030418152
0.003375614
0.0028792187
0.003647171
0.0034933598
0.0024651277
0.0022985148
0.002906307
0.0024168547
0.0027251577
0.0026641132
0.0020320422
0.0018445767
0.0028954274
0.0024977913
0.0017477513
0.0016476434
0.0024218687
0.002063368
0.0015971267
0.0014680724
0.0021015436
0.0018533452
0.0014271999
0.001296281
0.0020274525
0.0017879414
0.0012332594
0.0011236133
0.002029414
0.0017909067
0.0010475601
0.0009620522
0.0020755206
0.0018199335
0.00085206947
0.00078765536
0.00087802956
0.00062936207
0.00062994356
0.00053445017
0.00048827907
0.00046167412
0.00040788986
0.00040007656
0.00035889947
0.0003430458
0.00032736463
0.00029045815
0.00030845738
0.00024399688
0.00029949885
0.00038720891
0.0003943565
0.00043713022
0.0003336007
0.0007257905
0.0005709099
0.00032467235
0.0002441204
0.00067783426
0.00051142013
0.00026909134
0.000202459
0.0006114723
0.0004634808
0.0002421912
0.00018714898
0.0005392037
0.00039069512
0.0002508931
0.00019549082
0.0004235547
0.0002917661
0.0002759155
0.00021811879
0.00031132755
0.00020506376
0.00030493183
0.00024345983
0.00022136327
0.00013600849
0.000338217
0.00027383745
0.00014400124
8.224706e-05
0.00037775387
0.0003081605
8.512006e-05
4.7021458e-05
0.0004156574
0.00034089628
4.6049183e-05
2.807301e-05
0.000417585
0.00032255906
3.587491e-05
1.6228134e-05
0.00034423918
0.00025017362
4.2801486e-05
2.1081307e-05
0.00023226546
0.00015396542
6.7502995e-05
3.712449e-05
0.00015635078
0.0001025077
7.967804e-05
3.884411e-05
0.00011693035
7.409595e-05
9.140221e-05
4.1910014e-05
9.380593e-05
6.1068306e-05
7.20994e-05
3.121532e-05
8.859988e-05
1.2976845e-05
0.0014121888
0.002557449
0.00072425394
5.4984663e-05
0.0001342879
3.9226434e-06
