0.5102041
0.40655494
0.33188972
0.29309767
0.2770822
0.26991606
0.2666638
0.2652421
0.2646782
0.26442286
0.26430827
0.264629
0.26512533
0.2656473
0.26611727
0.26649934
0.26678368
0.2669705
0.26706728
0.26708502
0.26703614
0.26693374
0.26678693
0.26660147
0.26638523
0.2661407
0.26586947
0.26557446
0.2652559
0.26491997
0.26456475
0.26418954
0.2638003
0.26339585
0.26297176
0.2625279
0.2620769
0.26161715
0.26113933
0.2606483
0.2601383
0.2596052
0.25904366
0.25846988
0.25790396
0.257348
0.25678945
0.25622022
0.25563675
0.25504494
0.25444964
0.25384876
0.2532401
0.2526224
0.25200456
0.251387
0.2506855
0.24987993
0.24890612
0.24833938
0.24736781
0.24633846
0.24525294
0.24431267
0.242996
0.24163164
0.24044694
0.23930845
0.23843859
0.23759276
0.23676023
0.23550636
0.23506486
0.23337758
0.23236144
0.2309786
0.2300553
0.22936843
0.226882
0.22550866
0.22372675
0.22391622
0.22282174
0.21893066
0.21699604
0.21510094
0.21374516
0.21424007
0.21278508
0.20894557
0.20628837
0.20458908
0.20271562
0.20263858
0.20261331
0.19989263
0.1959228
0.193516
0.19143176
0.18960053
0.18917508
0.18797578
0.18375188
0.17986453
0.17729253
0.17464961
0.17340185
0.17135282
0.1663824
0.16337684
0.16021612
0.15740201
0.15538354
0.15073228
0.148296
0.14505717
0.1433858
0.1421175
0.13684319
0.13492222
0.13204318
0.12915057
0.12801263
0.12397794
0.1220231
0.12111615
0.116602086
0.11568708
0.1156353
0.11042234
0.10813978
0.1087602
0.10478395
0.100795954
0.10084021
0.097138844
0.09711876
0.097420275
0.09256339
0.089064755
0.087087706
0.08514532
0.084866196
0.0830028
0.079210654
0.07760313
0.07541152
0.07472897
0.0757267
0.072607964
0.06830801
0.067572884
0.06489673
0.065273836
0.06693457
0.06244012
0.058996227
0.057788543
0.055984408
0.05577357
0.055917293
0.053652447
0.051901303
0.050764047
0.049838293
0.04932913
0.0467032
0.04702253
0.04498334
0.045949396
0.048283186
0.043585725
0.041727815
0.04070156
0.042173762
0.04710535
0.046077695
0.03890566
0.042567268
0.043399613
0.03733029
0.043668937
0.05200979
0.04659008
0.035955347
0.04069166
0.044392675
0.036150344
0.037310842
0.044548184
0.041664395
0.033906456
0.03928918
0.04139939
0.03401745
0.039191913
0.04744442
0.042492125
0.032385763
0.03949269
0.044815764
0.034662053
0.033234574
0.039846003
0.03702903
0.030488377
0.03690566
0.037730154
0.030113466
0.03780277
0.046339024
0.0407795
0.029709686
0.036440592
0.04331181
0.03242218
0.02874616
0.03167681
0.032188836
0.028611742
0.029521942
0.033487152
0.029018747
0.027175589
0.028300194
0.026553135
0.02664862
0.026895143
0.024942456
0.026777653
0.027938379
0.025929525
0.02365844
0.024569869
0.023649225
0.022709701
0.022333762
0.022046998
0.021232096
0.021720454
0.021106625
0.019994438
0.019524233
0.019409398
0.018570373
0.019403763
0.018131908
0.01861992
0.018451555
0.017002715
0.01650102
0.01639274
0.015699392
0.016478715
0.0150988195
0.017295
0.017859044
0.01529355
0.016846491
0.017407762
0.01435879
0.016389277
0.016734967
0.01393921
0.015474751
0.017420055
0.013981972
0.0139230965
0.014501419
0.012685434
0.015372871
0.016984498
0.012962627
0.012987336
0.013743197
0.011890687
0.014181555
0.01581719
0.011527195
0.014983693
0.018378926
0.01607711
0.011602345
0.015936067
0.01920771
0.011707045
0.014225103
0.01814927
0.01658529
0.012173572
0.014390851
0.016179802
0.010750172
0.0162359
0.020837352
0.016605534
0.010601837
0.02024175
0.02616563
0.0127964355
0.011771996
0.015675137
0.014658177
0.010842756
0.013762347
0.018245272
0.013381809
0.009537953
0.009656787
0.008959781
0.0086660385
0.00899981
0.008190801
0.0095251575
0.009212723
0.007332965
0.012238676
0.0113654295
0.0066154934
0.009908733
0.0112499315
0.008400227
0.0059934035
0.0063355546
0.00555131
0.0053860825
0.005429288
0.0049506905
0.004636024
0.004616789
0.004112243
0.003876401
0.003768307
0.0033247871
0.0031892606
0.0035583803
0.0031067368
0.0040081316
0.003871026
0.0026378327
0.0024241277
0.0032744189
0.0026218733
0.0028809533
0.002848746
0.0022208437
0.0019747731
0.0025952028
0.0020987277
0.0022038962
0.0021838483
0.0018087259
0.001619593
0.002499048
0.0021149728
0.0014526352
0.0013277174
0.0022374988
0.0015219562
0.0021797465
0.002590106
0.0013838814
0.0038335088
0.0058486257
0.0016138124
0.0032151544
0.0055311495
0.004032517
0.0013618803
0.0056902375
0.0081236055
0.0011824791
0.005490887
0.010718289
0.01008662
0.0052963835
0.0016160526
0.014614936
0.025554651
0.0059118853
0.0019647998
0.004043695
0.0033367032
0.0011642389
0.0059895366
0.012195109
0.0033168627
0.001749285
0.0035622283
0.0024071366
0.0008044025
0.0008307429
0.0009934874
0.0006885154
0.0021605561
0.0021654372
0.00054431247
0.0031919922
0.0046307994
0.0022704871
0.00043807083
0.0005822999
0.0004285416
0.00033735493
0.00050177414
0.0002641814
0.0005161297
0.0001694127
0.0015655675
0.0014646127
0.00012544532
0.0022132949
0.0044234963
0.00067453913
0.0008582868
0.002337477
0.0012026314
0.00011389885
0.0030505236
0.0048657754
0.00122019
7.3905714e-05
0.00024319993
3.7536112e-05
3.407226e-05
8.0114354e-05
6.097185e-06
