0.5102041
0.43137112
0.36782652
0.31943464
0.2909191
0.27698472
0.2697344
0.26576126
0.26345852
0.26201737
0.26100904
0.26024386
0.25952017
0.25880823
0.2581503
0.25753975
0.25696984
0.2564241
0.25588787
0.25533658
0.25476623
0.2541713
0.25354585
0.25288984
0.25221768
0.25152108
0.25079936
0.25007638
0.24931605
0.24850433
0.24774237
0.24702166
0.24635448
0.24561082
0.24482542
0.24389277
0.24286929
0.24177144
0.24068637
0.23956078
0.23826557
0.23676471
0.23535462
0.23383398
0.23208076
0.2305238
0.22867644
0.22646433
0.22456188
0.22247986
0.22032431
0.21822113
0.21567269
0.21303985
0.2103537
0.2079103
0.20501521
0.20194948
0.19876362
0.19530502
0.19161819
0.18759786
0.1838876
0.17985597
0.17607073
0.1718046
0.16785362
0.16341874
0.15991908
0.15544535
0.15124427
0.14702772
0.14281052
0.14076865
0.13743074
0.13163361
0.12785937
0.124139175
0.121820554
0.12126253
0.12023497
0.116264366
0.11127848
0.1080332
0.10525404
0.102519706
0.10031823
0.09813433
0.095722176
0.093227826
0.09075003
0.08838072
0.08610237
0.08377807
0.081482716
0.079258785
0.07707819
0.07486048
0.07251091
0.070094734
0.067662075
0.06520853
0.06276394
0.06050204
0.058334254
0.056377787
0.054472126
0.052709673
0.050935782
0.0492321
0.047614444
0.046036974
0.04444788
0.04289913
0.041366685
0.039899345
0.03845025
0.037013996
0.035591267
0.034127895
0.03271024
0.031278588
0.029891578
0.028561145
0.02723907
0.025982315
0.024799703
0.02368851
0.02264152
0.02159273
0.020547872
0.019480005
0.0184597
0.017609946
0.01662567
0.016298162
0.014987976
0.014260973
0.013626937
0.012699479
0.011982143
0.011616229
0.010421063
0.01014123
0.008862651
0.01084417
0.008967896
0.008766098
0.011062381
0.009146242
0.0066536763
0.0066676913
0.0060733645
0.005671681
0.0056318594
0.005068514
0.0049233213
0.0045896373
0.0042632013
0.004166978
0.0037249692
0.0036792748
0.003252843
0.0031708626
0.0028463975
0.0027359077
0.002505661
0.0023654024
0.002204554
0.0020556422
0.0019302622
0.0017982443
0.0016815172
0.0015778095
0.0014605582
0.001388223
0.0012673971
0.0012234161
0.0011016665
0.0010796295
0.0009544642
0.0009549558
0.0008232912
0.0008440921
0.00071121386
0.00074318267
0.0006152212
0.0006515099
0.00053244154
0.00056966813
0.00046071614
0.0004978467
0.00039994335
0.0004350943
0.00034821505
0.00038197514
0.00030179732
0.00034135833
0.00025813212
0.00031014875
0.00021853195
0.00028419524
0.00018365048
0.00026212583
0.00015365804
0.00024142182
0.00012806975
0.00022203106
0.00010545164
0.00020635575
8.505988e-05
0.00019308762
6.729964e-05
0.00018150413
5.160957e-05
0.00017163999
3.7798767e-05
0.00016234377
2.6240803e-05
0.00015104582
1.702198e-05
0.00013656853
9.938873e-06
0.0001163178
4.9069795e-06
