0.5102041
0.41246316
0.33949882
0.2936868
0.27303362
0.26613128
0.26465818
0.2643791
0.26412734
0.2645593
0.26529697
0.26611805
0.26690954
0.26761854
0.2682235
0.26872113
0.2691181
0.26942277
0.26964524
0.269796
0.26988325
0.26991802
0.26990497
0.26984957
0.26975784
0.26963603
0.2694873
0.26931444
0.2691156
0.26884833
0.26862952
0.26852554
0.2682811
0.26793665
0.2675504
0.26716766
0.26681125
0.2664408
0.26606017
0.2657209
0.26536855
0.26499888
0.2646178
0.2642252
0.26382622
0.26342005
0.26298666
0.2624813
0.26189825
0.26119438
0.26035184
0.25939587
0.2583062
0.25702927
0.25559825
0.25414553
0.25272432
0.2513537
0.24982274
0.24854544
0.24725111
0.24617796
0.24520542
0.24369612
0.2418665
0.24004917
0.23802349
0.23561516
0.23213091
0.2266452
0.22196177
0.21759991
0.21524194
0.21068774
0.20700748
0.20427425
0.1981805
0.19324471
0.18900058
0.18134522
0.1776491
0.17228141
0.16758762
0.16242266
0.15749112
0.15339653
0.14863014
0.14291008
0.13923599
0.13383618
0.13150743
0.12805682
0.12018227
0.11547307
0.11017951
0.105561785
0.104880854
0.10370553
0.100564554
0.09633473
0.092402436
0.08898859
0.086028785
0.08339266
0.08074764
0.07795339
0.074819475
0.07161931
0.06854691
0.06554121
0.062021658
0.058854617
0.055639703
0.052754804
0.050152477
0.046839956
0.044402037
0.04277589
0.04263255
0.04159012
0.039645966
0.037842892
0.035918668
0.033601858
0.032596022
0.030986052
0.028881764
0.027590193
0.02696868
0.026031591
0.022803057
0.025224179
0.023878664
0.019814465
0.022585098
0.02212317
0.018734524
0.01947578
0.019614862
0.016407987
0.016396675
0.01486269
0.016345188
0.01521782
0.013156727
0.013477783
0.011691046
0.013450311
0.011305765
0.011166059
0.011925293
0.009278439
0.010977128
0.01054575
0.007634892
0.0071291057
0.0074377516
0.0065202946
0.006196447
0.005412883
0.0054772208
0.005004596
0.004119912
0.0035868161
0.0050567687
0.0045993663
0.0026631476
0.0021783025
0.002008722
0.0016007829
0.0011632019
0.0013076753
0.0006906454
0.0016697085
0.0010109121
0.00052877143
0.00045021993
0.00049221504
0.0002239347
0.00066477864
0.00054818386
7.61491e-05
2.7085027e-05
0.00014151195
4.735265e-05
2.7699114e-05
7.463824e-05
1.2170204e-06
