0.2899
0.09807142
0.071740724
0.03583089
0.030555984
0.028835004
0.023677811
0.027292624
0.025043847
0.023977133
0.02441872
0.024340851
0.023163954
0.023258395
0.02335912
0.0224075
0.022584036
0.022824116
0.021832464
0.023567533
0.023845708
0.022572204
0.021873832
0.021985985
0.02229994
0.02119442
0.021444755
0.021720702
0.020992173
0.021047102
0.021202931
0.020631006
0.020782629
0.020885313
0.020466816
0.020345755
0.020783952
0.020226931
0.020456867
0.020551778
0.020531157
0.020019926
0.020264449
0.020335643
0.020210467
0.019864121
0.019420631
0.01979208
0.019282522
0.019262852
0.019640574
0.019354556
0.019173065
0.019577054
0.019239206
0.020191198
0.020048277
0.019004585
0.019419914
0.019583335
0.01901908
0.019605538
0.019860687
0.018741291
0.019853383
0.020378126
0.019167783
0.019400109
0.020098167
0.018949931
0.019271126
0.019878848
0.019025251
0.01871541
0.018956395
0.018535273
0.019177364
0.0193271
0.019048989
0.0189591
0.018773815
0.018506616
0.018898768
0.018596867
0.018788012
0.019145498
0.018773107
0.018850034
0.018979717
0.018674092
0.018493505
0.018503366
0.018376581
0.018309504
0.018765783
0.01859911
0.019271532
0.019217879
0.018298125
0.018269455
0.018728798
0.018486524
0.019164486
0.019310705
0.018308157
0.018450731
0.018426562
0.018191274
0.01875159
0.018923158
0.01879437
0.01821627
0.019000111
0.019288288
0.018527532
0.018497488
0.01849932
0.018526116
0.018060157
0.018211514
0.018345334
0.018172503
0.018097764
0.01818534
0.018183568
0.017976703
0.018424124
0.01858794
0.018636147
0.018058505
0.018667867
0.01888094
0.018216979
0.018192852
0.017925395
0.017848324
0.0180272
0.017928742
0.018050425
0.017679913
0.019043518
0.01950929
0.017852368
0.019703375
0.021369686
0.019727245
0.017783409
0.018930372
0.019088583
0.018049235
0.018840961
0.01898717
0.017830474
0.01946965
0.020849602
0.018705288
0.01744541
0.017714983
0.017396554
0.017986676
0.018393207
0.017868074
0.01851385
0.018902266
0.017696673
0.018424058
0.019827088
0.018449157
0.017168058
0.01735802
0.016973691
0.01793415
0.018347628
0.016924819
0.017787555
0.018804574
0.017670847
0.016794788
0.017051416
0.016499205
0.017253758
0.017459117
0.01636989
0.017764691
0.018983567
0.017315464
0.016418181
0.016830305
0.016301975
0.017989935
0.01753684
0.016483009
0.016841365
0.017417561
0.01645314
0.01624594
0.016593734
0.015875591
0.016473912
0.017040873
0.016227098
0.016177082
0.01706495
0.016087936
0.01575956
0.016012667
0.015576116
0.015840229
0.016330348
0.015584528
0.015980827
0.016463025
0.015708119
0.015548304
0.016044373
0.015405378
0.015694378
0.01587758
0.015192603
0.015672201
0.016235229
0.015152212
0.015186079
0.015536916
0.014758517
0.015429256
0.016177597
0.014909252
0.014668442
0.01516272
0.014427352
0.014881763
0.015688302
0.014635046
0.014431767
0.014966362
0.014190819
0.014610383
0.015463404
0.014442958
0.014162771
0.014844636
0.014152885
0.014377125
0.015491654
0.014560926
0.014021449
0.015251088
0.014450912
0.014027007
0.015755357
0.015203676
0.013569492
0.014675288
0.014581408
0.013697103
0.014362365
0.013945031
0.013564362
0.013459536
0.013327788
0.013188485
0.0134013705
0.013465998
0.012881274
0.013705228
0.01446484
0.014256555
0.013285262
0.013261572
0.013209631
0.012960379
0.012398355
0.012786654
0.01263244
0.012447189
0.01252896
0.012945533
0.012771006
0.012058082
0.012361276
0.012538348
0.012410897
0.012164779
0.011896193
0.012155529
0.012327761
0.012196012
0.011624232
0.012341462
0.013080928
0.0126072345
0.011974838
0.012022898
0.012098904
0.011510178
0.0117846355
0.011666439
0.011814776
0.011581334
0.011730499
0.012175664
0.011298287
0.011599
0.011047964
0.012103982
0.011799444
0.0119031025
0.01200327
0.011349343
0.011582047
0.012084269
0.011296108
0.011552248
0.012181026
0.011225305
0.011525527
0.01175834
0.011622713
0.011581584
0.011689581
0.01140428
0.011068185
0.011450986
0.01133656
0.010851008
0.010947068
0.010853368
0.010865015
0.010975734
0.010812516
0.010762093
0.0107679805
0.01063853
0.0105544
0.010445752
0.010475852
0.0103444895
0.010351544
0.010461693
0.010258647
0.010220963
0.0101425685
0.010248264
0.010142087
0.010174325
0.010092031
0.010036334
0.010083403
0.010281925
0.010110841
0.010652545
0.010911976
0.009938951
0.011454913
0.011897358
0.010442662
0.010799182
0.010889001
0.010468572
0.010452966
0.009863394
0.010300357
0.010058843
0.010086159
0.010246418
0.010011865
0.009841447
0.010244482
0.010013877
0.0097606545
0.0097448295
0.009828573
0.00969038
0.009927815
0.009940647
0.009468551
0.009466843
0.009989813
0.00983353
0.009746179
0.009783636
0.00962529
0.009609026
0.009629822
0.009645668
0.009603702
0.009563382
