0.28828642
0.043826517
0.09312341
0.11207959
0.079533406
0.07643802
0.08290068
0.079271935
0.072713934
0.075166516
0.07957787
0.07732596
0.073706314
0.07158386
0.07459109
0.07443494
0.071777575
0.07238999
0.07280877
0.07288959
0.071874954
0.071045704
0.07126718
0.07084531
0.070818305
0.07076015
0.07056793
0.070912875
0.070590235
0.07126013
0.07134513
0.070665546
0.07080881
0.0706859
0.07090991
0.07054784
0.07105429
0.071300246
0.07048705
0.07141388
0.07211038
0.071313016
0.07093381
0.070997976
0.07083619
0.071086116
0.07080789
0.07044852
0.07059162
0.07033065
0.07110691
0.07119996
0.070395894
0.07132392
0.07221925
0.071381144
0.070500664
0.07087976
0.070983686
0.07078326
0.07067413
0.07043208
0.07075198
0.070830315
0.07026585
0.07120171
0.07210303
0.071373455
0.070373796
0.07081025
0.071270436
0.070987344
0.07066388
0.07043312
0.070464194
0.070738114
0.070291996
0.07029299
0.070501894
0.070220254
0.07023067
0.070300534
0.07025231
0.07003913
0.0708276
0.07043904
0.06998552
0.07041222
0.0707086
0.070397034
0.0701195
0.07010766
0.07031639
0.07007205
0.069975235
0.07006443
0.069985546
0.06989114
0.07013232
0.07006699
0.06987819
0.06987985
0.06999525
0.06991435
0.069999374
0.0700241
0.069830306
0.06982268
0.06989828
0.06986534
0.06983218
0.06993822
0.069837
0.07004721
0.0701241
0.06989471
0.06992403
0.069931574
0.06994953
0.06979839
0.070159465
0.070299156
0.06984533
0.07022654
0.070655614
0.07022733
0.06993427
0.070052974
0.069915265
0.07003868
0.070036955
0.069757424
0.07021602
0.07040288
0.06988665
0.07002559
0.07037942
0.06998835
0.069809765
0.06993809
0.06972603
0.07023826
0.07059154
0.07007927
0.06974775
0.06987953
0.06971549
0.07002225
0.07017499
0.069804035
0.06993833
0.070179336
0.06986175
0.0698221
0.06994157
0.06972175
0.06991894
0.07005825
0.06972379
0.069901235
0.07014794
0.06980758
0.06971326
0.069845535
0.069628306
0.06991137
0.07014849
0.06977248
0.06964475
0.06978608
0.06957292
0.069811545
0.07003083
0.069677114
0.06956897
0.06969706
0.06946533
0.06965675
0.06977988
0.06940318
0.06956125
0.06975087
0.069390945
0.06933155
0.06944228
0.06922806
0.06916108
0.06874324
0.03830747
0.026447041
0.039923683
0.03799981
0.026300857
0.021347448
0.02361358
0.022005012
0.019300466
0.020841533
0.022053605
0.019652352
0.018511977
0.019080238
0.018404365
0.0181622
0.018437734
0.017976498
0.017603802
0.01785645
0.017714461
0.017258642
0.017340254
0.017142707
0.017061828
0.016968021
0.01682193
0.016683266
0.016581321
0.016471831
0.016288778
0.016184844
0.016099675
0.01617984
0.015996853
0.016160237
0.01619841
0.015854776
0.015836686
0.015817145
0.015566554
0.015631167
0.015405136
0.015399147
0.015452192
0.015085894
0.015339267
0.015834192
0.015442965
0.015082322
0.0151989935
0.015070747
0.014660743
0.015009935
0.015284571
0.0150722815
0.014672544
0.014459882
0.014389853
0.014155786
0.013941652
0.014470895
0.014440785
0.014013864
0.013629635
0.013819642
0.0135583775
0.013661902
0.0137346275
0.013878987
0.013533755
0.013458728
0.013449115
0.013407948
0.01297024
0.013875797
0.014090887
0.013379417
0.013005984
0.0130881565
0.012968029
0.012751359
0.012936167
0.012675963
0.012529094
0.012624522
0.012463324
0.01245403
0.01234836
0.012375
0.01247048
0.012104648
0.01245406
0.012492376
0.012750742
0.012451594
0.012073102
0.012055896
0.0121235
0.012015198
0.0118821785
0.01166717
0.012376505
0.011950352
0.011830047
0.011826131
0.011630506
0.011544506
0.011806615
0.011714774
0.011454977
0.011294191
0.011813113
0.011671879
0.01135156
0.011217706
0.011629746
0.01150345
0.01128281
0.011221015
0.011267484
0.011159502
0.011257443
0.011203627
0.011049985
0.010908775
0.011394014
0.011288744
0.010863173
0.010755134
0.011288383
0.011171271
0.010771022
0.010660343
0.011161443
0.011019871
0.010736428
0.010643031
0.01084087
0.010640375
0.010828999
0.010709192
0.010656033
0.010509054
0.010750099
0.010658051
0.010482815
0.01037748
0.0106740175
0.010508445
0.010405523
0.010331171
0.010456101
0.010367817
0.010282575
0.010262298
0.010237497
0.010220484
0.010169457
0.010142018
0.010145758
0.010132145
0.009933044
0.00987294
0.010098655
0.01002516
0.009779661
0.009683341
0.010082436
0.009966439
0.009652766
0.009556684
0.009923658
0.009772149
0.009595346
0.009498761
0.0096671255
0.009497683
0.0096301725
0.009498271
0.009476756
0.009338663
0.009539795
0.009391393
0.009376311
0.009277968
0.0093888
