0.28828642
0.073616646
0.054089095
0.032024186
0.02673328
0.026397856
0.022953218
0.025190175
0.023365682
0.02292967
0.023266444
0.02161518
0.022863084
0.022843176
0.021212822
0.023147278
0.024253713
0.022414858
0.020992339
0.022660257
0.022438258
0.021090323
0.021135552
0.021599501
0.020609515
0.022067733
0.023065412
0.021719858
0.020728678
0.021204641
0.02158442
0.02060528
0.020912737
0.021222902
0.020864265
0.020564629
0.020572022
0.020664258
0.020513352
0.020186162
0.020686548
0.02038738
0.02027952
0.020431861
0.02014649
0.020279408
0.02020838
0.020158699
0.020144528
0.020170163
0.020010484
0.020302601
0.020168396
0.020064121
0.02008414
0.019967927
0.019977756
0.019906553
0.019927455
0.019829655
0.020047905
0.019972889
0.019850614
0.01979624
0.019861782
0.019772343
0.0197665
0.01975868
0.019615581
0.019673832
0.019530864
0.019592145
0.019505575
0.019458538
0.019416338
0.019384725
0.019336483
0.01914193
0.01921998
0.019006906
0.018910086
0.01881822
0.01867687
0.018484248
0.018415114
0.018092135
0.018208252
0.01782495
0.017840927
0.017853523
0.017093739
0.017637892
0.018062642
0.017522471
0.016965142
0.015746905
0.016342396
0.017005319
0.016135622
0.015071263
0.01555714
0.015923519
0.015223031
0.015158909
0.014871326
0.014995654
0.014728278
0.014854225
0.014771703
0.014440987
0.014393429
0.013637956
0.013938484
0.014526111
0.013878849
0.013268921
0.013399225
0.013347338
0.013257213
0.012780212
0.012699301
0.01278882
0.012362748
0.012783259
0.012909575
0.012328897
0.012125785
0.01235832
0.012068187
0.011511971
0.011790427
0.011356975
0.011737522
0.011589845
0.011680935
0.011311087
0.0113503
0.01146917
0.011037047
0.010938886
0.011264826
0.011001063
0.010616522
0.010733656
0.01067567
0.010491098
0.010903962
0.0106512755
0.010774453
0.010740676
0.010307797
0.010475735
0.010282745
0.010131851
0.010196219
0.010007032
0.010248189
0.01018554
0.010115133
0.009946532
0.010096063
0.010022038
0.009858603
0.009889818
0.009700656
0.0096017495
0.009626566
0.009532303
0.009557084
0.009439982
0.009538104
0.009389958
0.009279596
0.009192628
0.009231227
0.009140099
0.0092052845
0.009106063
0.009018993
0.008919678
0.0089526735
0.008856584
0.008838509
0.008755576
0.008724649
0.008591841
0.008768325
0.008691154
0.008416309
0.008341832
0.008753117
0.008500663
0.008330549
0.0087829605
0.008111848
0.010816756
0.011262007
0.009561966
0.009451102
0.010164064
0.009723623
0.009760651
0.00894049
0.009147256
0.009667541
0.008416821
0.009270144
0.010233128
0.009068673
0.009471179
0.009473272
0.008372539
0.009020086
0.008998155
0.007965482
0.008464813
0.008615088
0.007921698
0.008481765
0.008715867
0.008018412
0.008321197
0.008448991
0.007916275
0.00803753
0.0077496096
0.007551234
0.0075578787
0.007318588
0.0071875863
0.0072733057
0.0070685563
0.0073463973
0.0073005673
0.006996116
0.006809629
0.006958522
0.006780165
0.006780123
0.006709904
0.006503752
0.0064932792
0.0063560144
0.0063304803
0.0062846392
0.006124399
0.006397625
0.0063975328
0.0060909768
0.006148095
0.006108713
0.00591014
0.006318795
0.0061265514
0.0060937456
0.005907363
0.005863581
0.005683089
0.005945522
0.005786255
0.0058273007
0.0057990216
0.0055678505
0.005567835
0.005590906
0.0055183736
0.0056853187
0.005466915
0.005664713
0.005593414
0.0052945637
0.0052365474
0.0054773837
0.0053352173
0.0054157623
0.0055054575
0.005075658
0.0056157
0.0050639343
0.0069943084
0.007540371
0.005522507
0.0060431226
0.0066301934
0.0060287365
0.005333261
0.0062537678
0.006802878
0.0053513963
0.006037718
0.0074760257
0.00625987
0.005469261
0.0057318714
0.0060619307
0.005217675
0.005472787
0.0055836192
0.004911551
0.005552029
0.005414428
0.0049347696
0.005194386
0.0050259377
0.005095533
0.0051541626
0.0048329798
0.005035829
0.00500696
0.0047292192
0.005147793
0.0048438907
0.0051004402
0.005152533
0.0051075947
0.0049190507
0.0052831224
0.005130881
0.005247038
0.0053476817
0.00477076
0.004818838
0.004870075
0.004706789
0.004704029
0.0046713348
0.004862714
0.004591368
0.0048290603
0.004889291
0.004470249
0.0045341216
0.004520675
0.0044853697
0.004300272
0.004589945
0.004387763
0.004450107
0.004262001
0.0047020963
0.004681718
0.0043460918
0.0050028446
0.0043862457
0.00452844
0.0044736792
0.004310867
0.004674627
0.0042799637
0.0044498686
0.004320117
0.004484406
0.004489369
0.004400671
0.004219714
0.0047270223
0.00455334
0.004173038
0.004122607
0.0044741556
0.0044554523
0.004215089
0.004153554
0.0041510384
0.0040663914
0.0043869354
0.004299792
0.004007989
0.004025241
0.0041728653
0.004015323
0.004228893
0.0041803266
0.00392181
0.003832427
0.0043446864
0.004228651
0.0038553935
0.0038247555
0.004064705
0.0038741666
0.004136229
0.0040984717
0.0037916389
0.0037262465
0.004100119
0.0039683315
0.0038964525
0.0038977966
0.003807475
0.0037050953
0.0040478273
0.0039906777
0.0037074387
0.0036546902
