0.2903085
0.05442011
0.069835715
0.043885127
0.025531305
0.029926846
0.027755857
0.024124386
0.02546185
0.025445396
0.023810528
0.023166353
0.023484094
0.023033038
0.02214665
0.022531921
0.022438822
0.02129891
0.021156138
0.02094006
0.020334294
0.02191095
0.021784037
0.021861086
0.021109253
0.019964425
0.020044893
0.020543871
0.019921653
0.021576306
0.022136817
0.020075014
0.022068983
0.023402585
0.021138364
0.020159341
0.020969937
0.019779272
0.020899057
0.02175285
0.020200644
0.02077009
0.021720076
0.019971378
0.020115312
0.020934498
0.019847492
0.020134306
0.020833949
0.019678826
0.020116866
0.02085792
0.019839311
0.01986706
0.020512348
0.019712048
0.019793088
0.020274848
0.019512169
0.019763993
0.020344883
0.019533142
0.019550733
0.019913035
0.019306503
0.019775445
0.020159572
0.01938628
0.019682018
0.019851753
0.019194113
0.019623408
0.01976299
0.019221066
0.01951036
0.019604301
0.019106688
0.01930017
0.01928584
0.019005766
0.018973758
0.018802384
0.018877385
0.01857542
0.01847159
0.018384255
0.018065503
0.018026294
0.017659185
0.017755741
0.017640457
0.017299652
0.017164158
0.016765328
0.016502997
0.016281974
0.016050672
0.015823359
0.015847772
0.015380901
0.015430494
0.014979814
0.015854435
0.015792597
0.014399548
0.014927469
0.014867368
0.014736039
0.01433034
0.014541817
0.014521905
0.013846784
0.014202923
0.013668053
0.01395549
0.014202207
0.013967832
0.013461593
0.013459108
0.013110798
0.012682923
0.012600946
0.012358968
0.012112836
0.011945424
0.011751975
0.011762049
0.011880065
0.0115450295
0.011829228
0.012039994
0.011847896
0.01140827
0.011692877
0.011258802
0.011748105
0.011153606
0.0116043305
0.011280063
0.011172269
0.011181538
0.010920812
0.010852437
0.0111036
0.01110094
0.010469065
0.010862012
0.010450568
0.01047378
0.010236352
0.010384817
0.010095003
0.010473922
0.010236002
0.0103375595
0.0103455195
0.0099964505
0.010068246
0.009825301
0.010046943
0.009848513
0.009757463
0.009761372
0.009667582
0.009535449
0.009410324
0.009570887
0.009457033
0.009324777
0.009236536
0.009356913
0.009376518
0.00903533
0.009570048
0.009214124
0.009708148
0.0096739875
0.008947066
0.008899493
0.009305335
0.009088335
0.009095911
0.009042271
0.008902184
0.008944536
0.00873182
0.008967016
0.008863736
0.008850618
0.008730982
0.00885143
0.008735304
0.008701712
0.008734579
0.008488772
0.008532279
0.008355658
0.008401203
0.008510958
0.008228045
0.008445817
0.008255162
0.008815149
0.008943783
0.00849285
0.008295536
0.008718592
0.008536048
0.008674577
0.0085272575
0.008446514
0.008288314
0.00814945
0.008052508
0.008193573
0.007795905
0.009563829
0.009598882
0.007861833
0.008717089
0.008975525
0.008512269
0.008328586
0.008268875
0.008065117
0.007925413
0.007924064
0.007853989
0.0077969693
0.0076487213
0.0076778107
0.007529872
0.007617084
0.0075627337
0.0075566215
0.0075100944
0.00753222
0.0074851424
0.0075069084
0.0073143546
0.007355023
0.007152138
0.007760921
0.007662233
0.0072503355
0.0074757193
0.007181293
0.0074854963
0.0075232484
0.0069897366
0.0070175934
0.006930376
0.0068211034
0.006848488
0.007056
0.00685887
0.0067744046
0.0067131794
0.0068379375
0.006973664
0.0065699387
0.008257263
0.008371952
0.006833819
0.0082861185
0.009167272
0.0077781095
0.0080956025
0.008173816
0.007009888
0.008070198
0.00806151
0.00682517
0.008567257
0.0091358535
0.0075199935
0.0073138736
0.007612001
0.007293111
0.0072124857
0.0068566888
0.0067900294
0.0068522445
0.0065621566
0.0066237464
0.006517477
0.0066913306
0.0065486417
0.0065700985
0.0065762512
0.006468138
0.0063318782
0.0064716325
0.00621611
0.0068242815
0.0066011623
0.006548509
0.0067038774
0.0061417394
0.00690849
0.007018514
0.0061918027
0.006313561
0.006137745
0.006189985
0.0061481097
0.0060941554
0.006069973
0.0061534257
0.0060710926
0.0061593205
0.0060733887
0.005914996
0.006081534
0.00587201
0.0063482854
0.0065598954
0.006049724
0.005841894
0.006059091
0.00583165
0.005820221
0.0059766173
0.0056778267
0.006089711
0.0061824988
0.0058830525
0.0056497282
0.0061097494
0.005681506
0.006226778
0.0064404574
0.0056573707
0.005666297
0.005641116
0.0054257954
0.0059312023
0.0059394073
0.0056428374
0.0054483707
0.0058088847
0.0054710433
0.006053642
0.0061529526
0.005467543
0.005387792
0.0056111477
0.005457509
0.005498757
0.0055032666
0.005566182
0.0053081084
0.0056462907
0.005535105
0.005307307
0.0052874354
0.005477501
0.0052826894
0.0055981674
0.005654914
0.0052426904
0.005175846
0.0053489283
0.0051741493
0.005327052
0.005436878
0.0055746078
0.0052251946
0.005452335
0.0054415637
0.0051535084
0.0050640716
0.0053101494
0.005214495
0.0053110416
0.0052946764
0.005013605
0.0049204556
0.005355763
0.0053135525
0.0049909274
0.004945981
0.005171058
0.0050168713
0.0051520565
0.005059152
0.0049977503
0.0048877294
0.0050393413
0.0049489792
0.0050114873
0.004920043
0.0049175783
0.004888417
0.0048341234
0.0047454694
0.0049577067
0.0048341807
0.0048552733
0.0048643383
0.0046470435
0.0046620765
0.004732785
0.0045310576
0.0052408013
0.005161838
0.004879416
