0.28748986
0.067149594
0.057877243
0.029602548
0.031574093
0.027977169
0.021556063
0.022116607
0.02151753
0.020963388
0.023310354
0.023286685
0.021243937
0.022068718
0.022823548
0.021104863
0.021844918
0.022850966
0.021634921
0.020928971
0.02141091
0.021618428
0.02052007
0.021959221
0.023082182
0.022241676
0.021003991
0.020452904
0.02161008
0.021582594
0.020602243
0.020459574
0.020400664
0.0209552
0.020474672
0.020277394
0.020331765
0.020299299
0.02038388
0.019894442
0.020611027
0.020706752
0.020094344
0.020325363
0.019994214
0.01968374
0.01996539
0.019630415
0.020218043
0.019887118
0.019865535
0.019950489
0.019343315
0.019234532
0.019905493
0.019691693
0.019531809
0.01952244
0.019206757
0.01917308
0.019391427
0.01920846
0.019290814
0.019102389
0.01933477
0.01931026
0.018910863
0.018809678
0.01906704
0.018908901
0.018863387
0.018783271
0.01862799
0.01849697
0.01851072
0.01839119
0.018066986
0.01818375
0.01765181
0.017466774
0.01809432
0.017939575
0.018118318
0.016677821
0.018674903
0.018277995
0.01796389
0.017249988
0.016445698
0.01585748
0.015880967
0.015683608
0.01658459
0.016843656
0.015107228
0.015099458
0.015132573
0.01668804
0.017657105
0.015941631
0.016486173
0.017013116
0.015154251
0.014835508
0.015396235
0.014168316
0.015446849
0.016203485
0.0145967705
0.014828805
0.015931977
0.014523841
0.014583245
0.014847056
0.013611748
0.014358003
0.015206444
0.013954488
0.013930495
0.0143394135
0.01338948
0.01366666
0.014095196
0.01312663
0.01366026
0.014528994
0.013191258
0.012940436
0.01339899
0.012652915
0.012950488
0.0133347055
0.01218384
0.01290913
0.013432982
0.012099878
0.012026693
0.012575603
0.011739459
0.01202149
0.012260529
0.011648131
0.011337121
0.011340052
0.011114675
0.010901563
0.0108219115
0.010574362
0.01073633
0.010632348
0.010096785
0.010285952
0.009964558
0.010478918
0.010559333
0.009660562
0.009975458
0.009714328
0.009733427
0.01010462
0.009106242
0.009877858
0.010525233
0.010044925
0.008731769
0.009463031
0.009599289
0.008950352
0.009276538
0.009388426
0.009317673
0.008600331
0.010083671
0.010233821
0.008359284
0.008826454
0.009087272
0.008962938
0.007863148
0.008882382
0.008653477
0.008719887
0.008862329
0.008281008
0.008125835
0.007814292
0.0077595324
0.0077582896
0.0074951015
0.008171812
0.008138612
0.008419223
0.008551359
0.0072922166
0.009690229
0.011743613
0.009373681
0.007778823
0.008121851
0.007384595
0.008194442
0.008653882
0.007243308
0.008556245
0.009779283
0.008459234
0.00842156
0.009548669
0.008398635
0.0074181105
0.008316433
0.008277905
0.007122934
0.007687606
0.0082529485
0.0073926337
0.007334985
0.0076598306
0.0072437767
0.007033646
0.007025325
0.0070284954
0.0068622422
0.006780434
0.006829106
0.0066059977
0.0066556246
0.006410266
0.006851714
0.0067223324
0.0064346436
0.0065984563
0.0063538477
0.0066524968
0.006734679
0.006212324
0.0063506407
0.0063195997
0.0063165016
0.0061811283
0.006395094
0.0062228106
0.006162239
0.0064540706
0.0060548256
0.0061552073
0.006183893
0.006120406
0.0060149743
0.0059073977
0.0059941155
0.0057187155
0.006457213
0.0065933955
0.006230563
0.0061251842
0.006134569
0.0059227063
0.0057620197
0.005585061
0.0057632443
0.0056281337
0.005961587
0.0060740695
0.0057907715
0.0056016822
0.00601987
0.00577608
0.005485101
0.0053653196
0.0059182714
0.0056983395
0.005572941
0.0056902766
0.005405148
0.005334525
0.0054781605
0.0054054973
0.0053191967
0.0052267886
0.0055664373
0.0054000146
0.0053859972
0.005276361
0.005380623
0.0052713198
0.0053655203
0.005328253
0.0051651387
0.0051138937
0.005387962
0.005304012
0.005154727
0.0050844923
0.005255277
0.005133528
0.00520494
0.005199705
0.0050217942
0.0049550217
0.005280228
0.0051834467
0.004979477
0.0048744194
0.0053340965
0.0052149496
0.004889367
0.0048261858
0.0052690194
0.0051892796
0.0048348103
0.00480331
0.0050873347
0.005023439
0.004827578
0.0047836094
0.0050071315
0.0048863995
0.0048607145
0.0047941785
0.004887452
0.0048183766
0.004777005
0.004711542
0.0048453812
0.004790655
0.0046845614
0.0046227886
0.004823169
0.0047690147
0.004609095
0.004570196
0.0047534364
0.0046949466
0.004616389
0.0045809634
0.0046736836
0.004719237
0.0045090187
0.004512504
0.0045550466
0.0046101995
0.004469703
0.004587069
0.004330834
0.005214023
0.005102485
0.0045158714
0.0046854317
0.0045910776
0.0044906964
0.004597137
0.004641316
0.004435022
0.0043095127
0.004732452
0.0045454516
0.0046299305
0.0045979437
0.0043865982
0.0042746025
0.004444775
0.004286596
0.004926664
0.0050187134
0.0042702775
0.0045605632
0.00460933
0.004321396
0.0044879415
0.0044459472
0.00418332
0.0042088535
0.0041981377
0.0041944147
0.0040458147
0.004145906
0.0039961636
0.004303425
0.0041465
0.00424635
0.0044792793
0.004038837
0.0043652877
0.0042288355
0.0042980635
0.0043998086
0.004122361
0.004243277
0.0043938085
0.004010545
0.0040237405
0.0042217053
0.003952759
0.0042585805
0.0045728795
0.004001821
0.004308263
0.0044204276
0.0039440338
0.004409889
0.0048480243
0.0043570474
0.004090437
0.004230182
0.0042125564
0.004018795
0.00406041
0.004056727
0.004021843
0.004055844
0.0039331885
0.0041261707
0.0039168727
0.0039938716
0.004228799
0.0040394585
0.0038085126
0.0039166464
0.0037428197
0.0042877696
0.004513319
0.004338771
