0.28748986
0.04278709
0.076009385
0.06720186
0.030040577
0.027520187
0.030563602
0.025925403
0.0233823
0.023577476
0.024785126
0.022835642
0.021311395
0.023284608
0.022957211
0.02068075
0.023091773
0.02485075
0.023185061
0.020700233
0.023040181
0.026689207
0.026104072
0.02240029
0.020520838
0.021427378
0.021065643
0.020541886
0.021268785
0.021105006
0.02058082
0.02100414
0.02087193
0.020481415
0.020867802
0.02052782
0.020903224
0.021147797
0.020821141
0.020359116
0.020385372
0.020385938
0.020447517
0.020366788
0.020376243
0.020277165
0.020467969
0.020236801
0.02041642
0.020337855
0.020235447
0.020394357
0.020155637
0.020386823
0.020195156
0.020215534
0.020111753
0.020571144
0.020618828
0.020220788
0.020564437
0.02064716
0.020472825
0.020095995
0.021281397
0.021275073
0.019995801
0.021167433
0.021546775
0.021167561
0.020648554
0.020004934
0.020624774
0.020153085
0.020877406
0.021116653
0.020295924
0.020686746
0.020233082
0.020630129
0.021022195
0.020021906
0.02094532
0.021398805
0.020463228
0.020956298
0.02088485
0.019813113
0.021503575
0.022460843
0.020554518
0.020203618
0.021193182
0.0200816
0.020260422
0.02090557
0.019917745
0.020412564
0.021239743
0.020124914
0.01997312
0.020460645
0.01970203
0.02043491
0.021222098
0.020030776
0.019837536
0.02033393
0.019650018
0.020172251
0.020737875
0.019804368
0.019913735
0.02030767
0.019705279
0.019823216
0.020027151
0.019572249
0.019666567
0.019650942
0.019553794
0.019417906
0.019271696
0.019302683
0.019135974
0.01932217
0.019213898
0.0190171
0.018897073
0.018784884
0.018502036
0.01895032
0.01851843
0.021173054
0.018360058
0.018843897
0.019211158
0.018407559
0.018405095
0.018387767
0.018163748
0.017737558
0.01739547
0.017289976
0.017225942
0.017025234
0.01672997
0.016560873
0.015968164
0.015773388
0.015638003
0.015182448
0.015902529
0.016066374
0.01480336
0.015385506
0.015524912
0.014922413
0.014483291
0.014912882
0.014468752
0.014435579
0.0146916695
0.014137267
0.01411163
0.0139121935
0.013894014
0.013843057
0.013828325
0.013940014
0.013566655
0.013680003
0.0136846965
0.013398021
0.013750594
0.013621774
0.013455856
0.013291297
0.013562329
0.013524026
0.013531174
0.013347908
0.01353046
0.0134468
0.013424855
0.013378538
0.013107095
0.013010919
0.013485546
0.013347602
0.013234514
0.013037763
0.013404884
0.013346736
0.013172225
0.013068888
0.012866755
0.012902436
0.012865926
0.012704734
0.014483847
0.014473435
0.012726058
0.013283867
0.01346155
0.013207483
0.01323199
0.013097357
0.013092174
0.012925145
0.012570483
0.012928552
0.012976837
0.013013429
0.012806657
0.013013455
0.012772616
0.012715408
0.012821603
0.012688778
0.012539181
0.012590026
0.012641982
0.012533195
0.012407318
0.012643315
0.012433226
0.012645785
0.012509301
0.012396715
0.012372372
0.012466814
0.012451659
0.012142609
0.012096435
0.0122950785
0.012150377
0.012336582
0.012257263
0.0122066885
0.012147497
0.011975302
0.011921418
0.012209973
0.012139563
0.011946271
0.011819678
0.012212302
0.012199105
0.01179678
0.01177043
0.012006842
0.011882062
0.011793084
0.011707892
0.011966745
0.011902847
0.011736224
0.011664038
0.011687696
0.011592834
0.011760693
0.011646588
0.011866942
0.011756092
0.0114813335
0.011434108
0.011739634
0.0118039595
0.011427443
0.011296109
0.011615335
0.011532844
0.011441872
0.011284292
0.012068932
0.0120454505
0.011166769
0.011398095
0.011481178
0.011315589
0.011061259
0.011276674
0.011129425
0.011053957
0.010959723
0.01109805
0.010882664
0.010951606
0.010935468
0.0108215185
0.010644418
0.010569568
0.010703392
0.010518796
0.010336414
0.01070144
0.010610935
0.0105303
0.010500428
0.0102941105
0.010495032
0.010317397
0.010568862
0.010333952
0.0107899355
0.010341156
0.010312151
0.010424334
0.01027587
0.010095638
0.009976202
0.009842315
0.0102344155
0.010034875
0.010273268
0.010137533
0.009727374
0.009603026
0.010055113
0.009825631
0.009815362
0.009908895
0.009444808
0.009319715
0.0098148575
0.00966338
0.009821344
0.009559538
0.009567001
0.009544919
0.009474011
0.009435755
0.00928218
0.009219641
0.009418341
0.009315607
0.009190739
0.009123981
0.009170379
0.009072476
0.009292104
0.009070803
0.009067339
0.00889134
0.009444304
0.009332872
0.008787851
0.008700271
0.009375702
0.009161677
0.008709711
0.008674532
0.009007961
0.008989349
0.008657095
0.0085812295
0.0089053875
0.008761688
0.008661122
0.008552028
0.008788436
0.008613202
0.008703166
0.008692197
0.008493745
0.008504539
0.008421294
0.008291271
0.00870216
0.008606368
0.008326284
0.008195055
0.008603588
0.008280869
0.008551097
0.008518134
0.008241824
0.00827941
0.008455097
0.008236454
0.008316832
0.008106758
0.008334233
0.008115047
0.008533935
0.008452521
0.008282676
0.0081710275
0.0083935205
0.008258932
0.008061336
0.008131512
0.008081927
0.008032582
0.0080093825
0.007952365
0.007943782
0.007834108
0.00801848
0.00791107
0.007946988
0.007815622
0.0080046905
0.00782083
0.007944592
0.00774513
0.007884827
0.007664636
0.008042887
0.007903031
0.0077550462
0.0077412426
0.007740511
0.0076432475
0.0076754964
0.007613802
0.007682768
0.007621042
0.0076299743
0.0075524277
0.007702594
0.007544884
0.0076050586
0.007514868
0.007538279
0.007406713
0.007616488
0.007545373
0.007452831
0.007365577
0.007834242
0.0075966124
0.007566719
0.0075435624
0.0074020945
0.0073609613
0.007486984
0.007312326
0.007592485
0.0075648637
0.007260751
0.0072612376
0.007404814
0.0071941786
0.0077150664
0.007706038
0.007005468
0.0071358904
0.007054899
0.006993726
0.0072137252
0.0070658997
0.00716402
0.007087853
0.0071802535
0.0069673248
0.0076266504
0.007655365
0.007080523
0.0075727645
0.007833053
0.0070143356
0.007636233
0.008073257
0.007196514
0.007220796
0.0075195506
0.0070685013
0.007154511
0.007258424
0.006977176
0.007031659
0.0071232743
0.0068380483
0.00683732
0.0068152263
0.0067628603
0.0070766094
0.0069011725
0.006820909
0.006730277
0.007001844
0.0068058274
0.007462692
0.0071769115
0.007063324
0.0071531385
0.0076356675
0.007238207
0.0073236525
0.007244526
0.0067415633
0.007086109
0.006982041
0.006982314
0.0067321737
0.007428646
0.007273428
0.007060831
0.007334374
0.006588178
0.007635704
0.0074700364
0.006665444
0.00698108
0.0066669937
0.007016745
0.0069284705
0.006810482
0.006897438
0.0067663365
0.006462837
0.007027829
0.0068817735
0.0065120906
0.0067579667
0.0063661616
0.0067958967
0.0067629125
0.0064080344
0.0065788566
0.0065868855
0.006465442
0.0069423043
0.00666517
0.006775336
0.006740215
0.006451095
0.0064284815
0.006655603
0.0065200427
0.0067990893
0.0065509803
0.0067219003
0.0067191995
0.006422548
0.0067910557
0.006598911
0.00652687
0.0066423635
0.006248916
0.006756214
0.0064377985
0.0067726723
0.007132066
0.00655883
0.006291906
0.0067305528
0.006423872
0.006836375
0.0070340056
0.0060808933
0.006771864
0.0067442707
0.006663848
0.00724935
0.007364889
0.006086651
0.008160216
0.009858153
0.008438278
0.0071718693
0.0075523867
0.0074058864
0.0067162574
0.0070743016
0.007144163
0.006503289
0.0066959634
0.006877648
0.0064230687
0.00679275
0.006768428
0.0063528195
0.0062755235
0.0061654416
0.006317476
0.0061064954
0.006098122
0.006532243
0.006246799
0.0062691136
0.0062304274
0.006474351
0.0063719586
0.0064644353
0.0062708072
0.0059889127
0.0058786958
0.006245319
0.006164881
0.0063317674
0.0062308707
0.006253309
