0.28754094
0.064648435
0.06653898
0.038492437
0.024139037
0.024360964
0.02279053
0.023974085
0.02219898
0.024203038
0.02468432
0.0218507
0.022520846
0.022946721
0.022079317
0.0214587
0.021873409
0.021054491
0.023073291
0.023185061
0.021139873
0.024166316
0.027057692
0.02439875
0.021159707
0.02360087
0.026517838
0.024890736
0.021892747
0.021872917
0.023317559
0.023040162
0.021729147
0.021216072
0.021706065
0.021873191
0.021094397
0.020883864
0.02140526
0.020803265
0.020778833
0.021370182
0.020904621
0.020775031
0.020883888
0.0209642
0.020331042
0.02054659
0.020721257
0.020315954
0.020394832
0.020531049
0.020196384
0.020681715
0.020813191
0.020546878
0.020160122
0.020336477
0.020341551
0.01998361
0.021248931
0.021651074
0.021306941
0.020845301
0.019924214
0.021128625
0.021697024
0.021092301
0.020711774
0.020160595
0.020521382
0.020437105
0.020536171
0.020326026
0.019942528
0.020007143
0.02031445
0.019918619
0.020221857
0.020322124
0.019955857
0.019930067
0.01974538
0.019574786
0.01975445
0.01974004
0.019552847
0.019395597
0.019596571
0.01937447
0.019615358
0.019360164
0.019590488
0.01922669
0.01930893
0.019097446
0.018538967
0.018378465
0.018656278
0.018324371
0.018017663
0.017801724
0.017491689
0.017152203
0.01701987
0.016693696
0.016576562
0.016460652
0.016220372
0.016007267
0.016093677
0.015745739
0.016058182
0.01576131
0.015886059
0.015628504
0.015818296
0.015634758
0.015198033
0.015027486
0.015340053
0.015180091
0.014936827
0.014884889
0.014890798
0.014621985
0.0150529025
0.015069506
0.01437607
0.0143487295
0.014551226
0.014262252
0.014952143
0.014975061
0.013975818
0.014156342
0.014055919
0.013905046
0.013883442
0.013915214
0.013863754
0.013662249
0.013927993
0.013763625
0.013876521
0.01379022
0.013640585
0.013714802
0.013563511
0.013398933
0.013594985
0.013495278
0.013462916
0.013424045
0.013284222
0.014131413
0.013994652
0.013147804
0.012961489
0.013488516
0.0131842615
0.01335279
0.0133091705
0.013018179
0.012840777
0.0134299835
0.013363662
0.012654747
0.012496843
0.013448584
0.013278138
0.012842939
0.012736916
0.012634187
0.012349759
0.01332228
0.013093181
0.012251653
0.012104709
0.013031691
0.012924984
0.012176193
0.012165599
0.012421588
0.012221421
0.013044044
0.013347625
0.011948862
0.013496466
0.01257616
0.013006357
0.01279736
0.012141091
0.012546778
0.012191083
0.012458942
0.012724087
0.0119591495
0.0129929995
0.012702681
0.012371444
0.012669645
0.012913239
0.012617958
0.011896868
0.01190085
0.011700697
0.011999848
0.011891555
0.011734299
0.011756644
0.011658393
0.011669253
0.011427515
0.011694278
0.0116699785
0.011443873
0.011565089
0.011188097
0.011151254
0.011251922
0.011247019
0.010837342
0.011290661
0.011411071
0.011881429
0.011576712
0.011326046
0.0113040395
0.010744095
0.010473513
0.011306818
0.011133213
0.010711465
0.010638338
0.010652791
0.010364181
0.010879812
0.010921626
0.009993996
0.00995775
0.010200066
0.010092964
0.01018749
0.009892131
0.010950285
0.010752807
0.009891089
0.009788465
0.00999432
0.009864903
0.010092709
0.009883388
0.009726562
0.009433791
0.01003274
0.010341682
0.009839959
0.010108705
0.010183428
0.009505451
0.010053647
0.009924487
0.009211417
0.009135024
0.009683131
0.00966248
0.009655684
0.009734732
0.00944436
0.009230212
0.009265058
0.008797534
0.010021386
0.01036165
0.009204327
0.009565813
0.010049301
0.009228223
0.009411619
0.009847928
0.009089313
0.009421337
0.009396722
0.008637483
0.008597605
0.009187623
0.008950972
0.009057605
0.00931853
0.008852956
0.009241442
0.008965779
0.0086624315
0.008583903
0.008554966
0.008346293
0.008782108
0.0084317485
0.008726831
0.008455832
0.0088194655
0.008753085
0.008329767
0.008216291
0.008634697
0.008644237
0.008382023
0.008753697
0.008486322
0.008188613
0.008583364
0.0080836145
0.0088133225
0.00892608
0.007835991
0.008023523
0.008277149
0.008044552
0.008427363
0.008458019
0.008185302
0.007888387
0.008029429
0.008080047
0.008367184
0.00818311
0.0076219602
0.0075959577
0.007894226
0.007591177
0.0081704715
0.0082714325
0.007456248
0.007954134
0.0076925424
0.008105564
0.008401018
0.007564699
0.007946533
0.007566321
0.008229184
0.007988124
0.0075164377
0.007837503
0.007346662
0.007737331
0.0075655044
0.0078049437
0.007518145
0.007415878
0.007318404
0.0075972727
0.00762895
0.0070912465
0.007237813
0.0070931073
0.006994616
0.0070874006
0.0069017983
0.007022614
0.0070157466
0.006788034
0.007028502
0.0071067265
0.0070499578
0.0070136674
0.00700447
0.006986993
0.0069175325
0.006934285
0.006978348
0.006683054
0.007250725
0.007282689
0.0066174525
0.006964004
0.006673118
0.006606529
0.0067392043
0.006694807
0.006998185
0.006739523
0.0068600387
0.0067510232
0.0067827366
0.006619839
0.006558793
0.0066716503
0.0064352416
0.006372716
0.0070482683
0.0067483955
0.0066142534
0.0066037276
0.0065742247
0.006318739
0.006891592
0.0067083747
0.006645966
0.0064734532
0.0062795132
0.0069020246
0.006485786
0.0066882204
0.0068421313
0.006280025
0.0064131604
0.006206747
0.0067103556
0.0068313177
0.0060398416
0.006030075
0.0061714067
0.0058959476
0.0066979364
0.0066565108
0.006861951
0.0065637077
0.006784296
0.006562274
0.006341821
0.006364154
0.0064758374
0.0063617206
0.006225111
0.0063538547
0.0064997375
0.006300355
0.006181465
0.005955018
0.005951889
0.0060284417
0.0057872445
0.0065605976
0.0064692907
0.006327253
0.0060707885
0.0061325473
0.0060229
0.006102333
0.005740315
0.005716136
0.006486165
0.0060260464
0.0065442026
0.0064293467
0.00570119
0.0057818014
0.0055539333
0.005622063
0.005969193
0.0056048855
0.007401288
0.0077957255
0.006123139
0.008254529
0.009620846
0.007331139
0.0072118803
0.007866402
0.0068792305
0.00651866
0.00767987
0.0063015497
0.006794443
0.0073893224
0.006271731
0.0067238845
0.0074654236
0.00621367
0.0069126175
0.0072786375
0.005952542
0.008001854
0.008750672
0.0063712993
0.0068468736
0.007871752
0.006499453
0.006397625
0.006925521
0.0057292203
0.007148309
0.008263421
0.006818446
0.006434278
0.0075416043
0.00643595
0.0063213534
0.006806116
0.0059352196
0.007008025
0.007647436
0.0061696838
0.0063887816
0.0069186464
0.0061349743
0.0067585907
0.006817129
0.005909757
0.006596118
0.0065652765
0.005980512
0.0060102926
0.0059012654
0.0060849213
0.0060823746
0.0056100585
0.0060041477
0.006275973
0.006201618
0.0057438617
0.0056694355
0.0057688938
0.005711866
0.005612541
0.005636727
0.005544834
0.005701622
0.0053241104
0.005939141
0.005971387
0.005473893
0.005476532
0.0055245007
0.0054960116
0.005266214
0.005619385
0.005288296
0.005849888
0.0059513226
0.005931298
