0.28827623
0.04980829
0.062066764
0.04276068
0.024286434
0.029620603
0.029808536
0.023729825
0.02468218
0.026793225
0.02435639
0.021566732
0.023622679
0.024627194
0.022684222
0.021431178
0.022213949
0.023297885
0.021946857
0.021001646
0.021575026
0.021998657
0.020919228
0.021290185
0.021874348
0.021469437
0.020807136
0.02135007
0.021524712
0.021227727
0.020851513
0.020801267
0.020997524
0.020643383
0.020542497
0.020562293
0.020377744
0.02046375
0.020297768
0.020357708
0.020335289
0.02015601
0.020152466
0.020115469
0.019948266
0.020142386
0.019974066
0.020115599
0.02011491
0.020128096
0.019919422
0.020287087
0.020247443
0.01982808
0.019839652
0.01992098
0.019796513
0.019712215
0.01966673
0.019768601
0.019590726
0.019932346
0.019923888
0.01946416
0.019866979
0.019705882
0.019581558
0.01952547
0.019459095
0.019387536
0.019517034
0.019453915
0.019353785
0.019301832
0.019284189
0.019231612
0.019233711
0.019184908
0.019108608
0.019143144
0.019193524
0.019066071
0.019168716
0.019044055
0.019190548
0.018934978
0.01939304
0.01940481
0.018614978
0.019687777
0.01986283
0.01850447
0.019998504
0.020702183
0.018430162
0.018290872
0.019340986
0.018164428
0.01746764
0.017368259
0.017040113
0.016935982
0.01679872
0.016642792
0.016288772
0.016443593
0.016248489
0.016003931
0.0158861
0.015822599
0.015680354
0.015744632
0.0155668445
0.015331811
0.015149343
0.015425962
0.015391546
0.01503951
0.014945072
0.015023508
0.0149032725
0.01500835
0.01496404
0.014671358
0.014588654
0.014834712
0.014770642
0.014411333
0.014398399
0.014616847
0.014563926
0.0144180255
0.014661814
0.0141976215
0.014390479
0.0141942995
0.014028815
0.013833544
0.013981194
0.013811849
0.014085852
0.014162574
0.014045524
0.01378278
0.013763436
0.013852696
0.013590485
0.013435054
0.0139135765
0.013816322
0.013348803
0.013323851
0.013398557
0.013250527
0.013360605
0.013343379
0.013256922
0.013154331
0.013128221
0.013013292
0.01297756
0.012797952
0.013317713
0.013269271
0.012771946
0.012888305
0.0128457965
0.012685469
0.012731406
0.012743999
0.012704299
0.012720589
0.012441992
0.012758315
0.012653671
0.01242276
0.012676616
0.0124834655
0.012198421
0.01277716
0.01290879
0.012023996
0.0135421725
0.015029256
0.01404531
0.0122674415
0.012858982
0.013754949
0.0137767615
0.01330024
0.01237142
0.012750766
0.013325182
0.0128075825
0.012526046
0.012324706
0.012229894
0.012390585
0.011967566
0.011972442
0.011948075
0.01212592
0.01225901
0.011575033
0.011773896
0.012135376
0.011522427
0.011422855
0.01142126
0.011170943
0.011181965
0.011099014
0.011154391
0.011101567
0.011000249
0.011105214
0.011008874
0.010794294
0.011029925
0.010715787
0.010870072
0.010866713
0.010632098
0.01079566
0.010786843
0.010581888
0.010778981
0.010638882
0.0106862625
0.010875057
0.010894865
0.010584851
0.010667481
0.01068151
0.010549589
0.010378361
0.010887888
0.011012949
0.010580775
0.010486029
0.010417
0.010269048
0.010691597
0.010451194
0.010522355
0.010633496
0.010368825
0.010280251
0.010350998
0.010174875
0.0104875555
0.010453266
0.010444518
0.010381779
0.010172742
0.010144141
0.010211247
0.010122094
0.010297358
0.010239279
0.010099715
0.010054485
0.010135674
0.010072547
0.010198055
0.0101434775
0.010002767
0.009948953
0.010108606
0.010032817
0.010033866
0.009975514
0.010057483
0.010034952
0.0099262865
0.009909493
0.009967446
0.0098994775
0.009983349
0.009941496
0.0098847
0.009834503
0.009918769
0.009877919
0.009865547
0.009790673
0.009932619
0.009877178
0.009818094
0.009772372
0.009834505
0.009762306
0.009853483
0.00975896
0.009814416
0.009756108
0.009788685
0.00974209
0.009721615
0.009660128
0.009790596
0.009716503
0.009706524
0.009661115
0.009720977
0.009698386
0.009625394
0.009603708
0.009678289
0.00964797
0.009592294
0.009571475
0.009622053
0.009583914
0.009572797
0.00954824
0.009531903
0.009466339
0.009621109
0.009566034
0.009456894
0.009396266
0.009632335
0.00954776
0.009417111
0.009369719
0.009529441
0.009442258
0.009420008
0.009367001
0.009426237
0.00936007
0.009401842
0.009360012
0.009322745
0.009259757
0.00936538
0.0092993295
0.009270158
0.009222109
0.009285553
0.009229998
0.009249923
0.009189814
0.009234884
0.009185084
0.009177005
0.009094296
0.009264936
0.009170989
0.009080071
0.0090126535
0.009149688
0.009094444
0.0089532295
0.008925677
0.009027912
0.008943537
0.009033833
0.009024718
0.008922678
0.008965602
0.009052899
0.008855439
0.009126244
0.009385102
0.008740596
0.009217684
0.009330313
0.009250867
0.009061149
0.009101621
0.009228188
0.009071534
0.008932487
0.008857198
0.0089905895
0.008899119
0.008684415
0.008787527
0.008734178
0.009007845
0.008549186
0.0091512455
0.00915618
0.008750467
0.008703902
