0.2894915
0.055670325
0.05714767
0.038624804
0.025345998
0.029139146
0.028057335
0.024660172
0.024830135
0.024760015
0.024375712
0.023545967
0.023123085
0.023484826
0.022974795
0.022390196
0.023109114
0.022888824
0.022094175
0.02247941
0.022384578
0.02152189
0.022110676
0.022170216
0.02132321
0.021108419
0.021264091
0.02100046
0.020561002
0.02154924
0.021512054
0.020607417
0.020800333
0.021036161
0.020383265
0.020852735
0.020769596
0.020707926
0.020594902
0.020216854
0.0204211
0.020536669
0.02002087
0.020286426
0.020487396
0.020432679
0.019887842
0.020240469
0.02054427
0.02039183
0.020083888
0.01966201
0.020455863
0.020668166
0.019927617
0.019938514
0.019681266
0.01946225
0.019734947
0.01920384
0.01988271
0.020277388
0.019241452
0.019885434
0.02045087
0.019599892
0.018924944
0.018933853
0.01935482
0.018926965
0.01819727
0.018102862
0.018047119
0.01783692
0.017402103
0.018554574
0.017066242
0.020490134
0.01938566
0.017024923
0.01728569
0.016842106
0.016447635
0.016642092
0.016279254
0.016572813
0.015980402
0.017845536
0.017880352
0.015724286
0.017977457
0.01965347
0.017599145
0.0162794
0.016684202
0.016106544
0.016291322
0.01582723
0.015411352
0.015493092
0.014936179
0.015470684
0.015288613
0.014740209
0.014652864
0.014700059
0.0144582195
0.014881909
0.014890734
0.014290732
0.01415353
0.014467999
0.014046547
0.014340333
0.014497846
0.013881144
0.013885781
0.014002651
0.013852589
0.01357907
0.013393835
0.01330379
0.013008978
0.01331085
0.013089914
0.0126068555
0.012907934
0.012727499
0.012704656
0.012693028
0.01280415
0.012589894
0.012343466
0.012424808
0.012045878
0.011930465
0.011864975
0.012068804
0.011850767
0.011805269
0.011954882
0.011657066
0.0127352225
0.013135441
0.011833839
0.012859337
0.013940119
0.012873754
0.012048152
0.012059434
0.011747781
0.011842136
0.011685555
0.011697743
0.011651698
0.011099766
0.011441995
0.011224794
0.011556973
0.011607461
0.011367622
0.011255764
0.011053716
0.011105548
0.010797891
0.010840096
0.010665968
0.01095516
0.0106792115
0.01120663
0.0112758055
0.01064061
0.012089349
0.013119389
0.011633436
0.011201146
0.011555366
0.011076748
0.010883224
0.011085662
0.010865189
0.010620908
0.010658444
0.010501149
0.010632842
0.010482264
0.010423985
0.010316496
0.010690083
0.01081609
0.010281775
0.010403157
0.010461037
0.010456987
0.010516073
0.010273608
0.010173145
0.010206802
0.009967747
0.0101292515
0.00997793
0.010121719
0.009977209
0.010012778
0.010054642
0.009724212
0.010437976
0.010759684
0.009863321
0.010141922
0.010607456
0.01033791
0.009743753
0.009905064
0.009981814
0.009422575
0.0097333165
0.009827748
0.009499952
0.009379801
0.009499285
0.009231076
0.009414791
0.009455985
0.009120616
0.009207534
0.009334173
0.009083246
0.0088765
0.0089693265
0.00875803
0.008840609
0.008810856
0.008553659
0.008937684
0.00885482
0.008782002
0.0088097835
0.009405477
0.009202118
0.008422978
0.008867927
0.008709982
0.008990132
0.008998365
0.008336182
0.008857223
0.008724286
0.008299063
0.008490727
0.008522991
0.008280744
0.008198806
0.008138998
0.008222792
0.00808286
0.008155326
0.007943961
0.008469848
0.008432195
0.008066472
0.008581
0.008280709
0.007933279
0.008134439
0.00790025
0.007873824
0.007838705
0.0077522094
0.0077018836
0.0075873346
0.007645536
0.007636215
0.0076039582
0.0075722695
0.0075382795
0.007439559
0.0076075844
0.0073227026
0.00784642
0.00791683
0.0074848235
0.007427942
0.0077004894
0.0072004455
0.007986013
0.0080895135
0.0073497766
0.0074489624
0.007742669
0.0074669407
0.0072928914
0.0073526897
0.007187
0.007038442
0.0072799833
0.0071203546
0.0075383834
0.007448655
0.0074918945
0.0073308866
0.007097186
0.007008309
0.007083953
0.007037504
0.0072151837
0.007032515
0.007505985
0.0076153115
0.006884471
0.007285219
0.0070326147
0.0070335804
0.0070126094
0.0068655033
0.006947396
0.0067678927
0.006926762
0.006732239
0.0070695095
0.0069498695
0.0068423003
0.0068210126
0.0067200027
0.006738346
0.006595751
0.007243646
0.0071518123
0.006716007
0.006899224
0.006788192
0.0067045656
0.0067681684
0.0067655332
0.0065934863
0.006497581
0.006611725
0.006384065
0.0067822696
0.006759523
0.0065306216
0.0064306404
0.0065360013
0.006416039
0.0063976846
0.0063444437
0.0064197644
0.0064799055
0.006203424
0.006843073
0.0070290887
0.0064490917
0.0063549546
0.006707125
0.0064802878
0.0062564514
0.0062518516
0.006241322
0.0060942397
0.006138915
0.006053543
0.006193943
0.0060918094
0.0061310045
0.0061465926
0.006230285
0.00602713
0.0060567944
0.006119317
0.0058133095
0.0060797282
0.005909407
0.0060289637
0.0058821887
0.005903983
0.005793235
0.0057213553
0.005785799
