0.28888896
0.045376956
0.059731245
0.047080398
0.024431178
0.030697115
0.03413614
0.02618192
0.022661045
0.025434365
0.024994
0.022032017
0.023974553
0.025373481
0.023931727
0.022259893
0.022295495
0.023330182
0.022191597
0.021396508
0.02172185
0.02178063
0.020910831
0.020813694
0.02108805
0.020481609
0.02032996
0.02054155
0.020240294
0.019726994
0.019811602
0.019664517
0.019272331
0.019310616
0.019179069
0.018657995
0.01861786
0.018539988
0.018030448
0.018162552
0.018153146
0.017956106
0.017299676
0.018436527
0.018851383
0.017524628
0.017456332
0.0174912
0.017019503
0.017142294
0.016985388
0.016280288
0.016792806
0.017088918
0.015969299
0.016420895
0.017078979
0.016151385
0.0155510595
0.015905717
0.015501391
0.015468836
0.01548986
0.014985442
0.015217493
0.015350548
0.014685553
0.015269364
0.015736446
0.0151538225
0.014523409
0.015140976
0.014915793
0.014715231
0.014541383
0.014481326
0.014115655
0.014550955
0.014227177
0.014200072
0.01428179
0.01380683
0.013761218
0.013897993
0.013428733
0.01432728
0.01434422
0.013946827
0.013915154
0.013389911
0.013475694
0.013459525
0.013269785
0.012858264
0.0133800795
0.013231006
0.01273186
0.012696705
0.012564936
0.012366012
0.012396071
0.012063858
0.012406384
0.012211462
0.012271434
0.012085703
0.012220215
0.01194689
0.011774817
0.011751078
0.011938612
0.011843971
0.011650336
0.011781056
0.011350316
0.011538386
0.011353399
0.01153053
0.011258627
0.01134887
0.011568711
0.011275218
0.011074539
0.011233926
0.011064538
0.010927993
0.01069367
0.011016297
0.010670709
0.010957129
0.011134372
0.010621966
0.010540965
0.010580379
0.010449826
0.010420884
0.010189065
0.010385527
0.010015342
0.010593305
0.010590166
0.010050566
0.009969156
0.009965949
0.009829246
0.009822744
0.009772182
0.009916535
0.009575061
0.00985836
0.009712331
0.009411325
0.009426159
0.0092552975
0.009192801
0.00927342
0.009071432
0.009318956
0.009195656
0.008950744
0.008795929
0.009103018
0.008985437
0.008730286
0.008580326
0.008972283
0.008713963
0.008888326
0.009127311
0.0083001265
0.009362702
0.009739087
0.008494747
0.010038608
0.011745161
0.0100981975
0.009524149
0.009783648
0.009490532
0.009250076
0.009244622
0.0082854135
0.009246888
0.009857398
0.008477089
0.008490681
0.0093235355
0.008431888
0.008611556
0.00910059
0.008489829
0.008371934
0.008945552
0.008227377
0.008033561
0.00830407
0.007912109
0.007907314
0.007825082
0.007623732
0.007615373
0.007440804
0.0075122975
0.00797503
0.0072870688
0.008695577
0.008845006
0.0075443652
0.0076884106
0.007767297
0.008018197
0.007289365
0.0077540646
0.0077652014
0.0074468576
0.007534196
0.007205373
0.007199069
0.0071160044
0.006872577
0.0070799184
0.007266642
0.006847354
0.006949521
0.007073682
0.006547252
0.006744785
0.006716749
0.0065095853
0.0064773685
0.006285094
0.006661547
0.006318316
0.006586204
0.006718232
0.006177085
0.0063435375
0.00636735
0.006114559
0.006220234
0.00617851
0.0059900675
0.006096942
0.0058563952
0.005964046
0.005836595
0.005728654
0.0056712837
0.0058941054
0.005673135
0.005657164
0.005898043
0.0054441565
0.00610532
0.005977174
0.00566035
0.005649343
0.0057510897
0.0053506284
0.005760198
0.005875924
0.005419541
0.0054802434
0.0053772232
0.0056597106
0.0052700513
0.0056345626
0.005765941
0.005330682
0.0052454993
0.005203406
0.005134333
0.0048585013
0.0056160167
0.0053628255
0.0054831966
0.0054970845
0.0051499116
0.005183719
0.005131887
0.004925305
0.0052431882
0.0049925256
0.005089021
0.005075539
0.0048087877
0.0046603917
0.005091349
0.005030388
0.004864817
0.004858667
0.004763839
0.0046505434
0.004620656
0.0046219644
0.0045915614
0.004647287
0.0044915774
0.0049467837
0.0046450975
0.0050362754
0.0049780277
0.0044741523
0.0044356617
0.004823363
0.0045501995
0.004763961
0.0046402193
0.004448241
0.0043579205
0.0047201584
0.0045636133
0.0046143807
0.0045628245
0.0042812903
0.004787849
0.0041412185
0.0071188384
0.007425411
0.004575258
0.0074878386
0.009363436
0.006479601
0.005365953
0.0064602136
0.0055998266
0.0052259006
0.00543117
0.0051084603
0.0050256453
0.0049455655
0.004973331
0.004601072
0.004593389
0.0045969924
0.0044797766
0.004301207
0.004616937
0.0043669133
0.0047728913
0.0047580586
0.0044243587
0.0044455044
0.004470429
0.0042085745
0.0044971015
0.004413774
0.0043555745
0.00425454
0.0043339967
0.004311809
0.0042868773
0.0041182316
0.004480248
0.004347723
0.0043039992
0.004139565
0.00418402
0.0040869727
0.0044024847
0.0044040773
0.00400776
0.0039620157
0.004152009
0.004000986
0.0041933437
0.004136235
0.0039654416
0.0038952425
0.004188066
0.0039798287
0.004178957
0.0042059314
0.003770627
0.0039752657
0.0037639253
0.0037821776
0.0039349794
0.0037175075
0.0040273885
0.004030664
0.0038293626
0.0037615064
0.0043316423
0.0042200405
0.0039520185
0.004226912
0.0040090443
0.00418278
0.0040500094
0.0040986286
0.004114116
0.0038889626
0.0039615836
0.0037863262
0.0039473255
0.003998303
0.003740376
0.0042290185
0.0039569275
0.0042836242
0.004368223
0.0040939995
0.0037414294
0.004542841
0.004493886
0.0040596197
0.0038583444
0.004129159
0.0040218984
0.0044617206
0.004543964
0.0041009192
0.0041868715
0.003754136
0.0040315934
0.0039334833
0.0038393855
0.0039446563
0.0037302803
0.0038838263
0.00377152
0.0042597414
0.004184755
0.0037441284
0.0037858433
0.003646483
0.003547907
0.0039663543
0.0037882251
0.0038518235
0.0038204489
0.0037036126
0.0035626215
0.0038744472
0.0037660925
0.003604389
0.003526902
0.003842295
