0.2870201
0.06715932
0.056052953
0.028736874
0.029930996
0.027562037
0.021988586
0.024556927
0.022210786
0.022759348
0.02325418
0.021440193
0.021692244
0.022243759
0.02093319
0.021919088
0.02236768
0.020551907
0.021531394
0.022300119
0.020799296
0.020474728
0.02106634
0.020170389
0.02029528
0.020736262
0.019820184
0.020213002
0.020651197
0.01965539
0.019494066
0.01972226
0.019005122
0.01971748
0.020149106
0.01915463
0.018353706
0.018780297
0.018208822
0.018386662
0.018406393
0.017722176
0.017620595
0.017865488
0.01721401
0.017341882
0.01760745
0.016894467
0.017231815
0.017226549
0.016890498
0.016619451
0.01670144
0.016184015
0.017232986
0.016837347
0.016174769
0.016260542
0.01618843
0.015823683
0.016121252
0.01617879
0.015615419
0.01552539
0.015633686
0.015398894
0.015391204
0.015484609
0.015220168
0.015553479
0.015565914
0.015186307
0.015052833
0.015173816
0.0149420155
0.015000876
0.014883018
0.015104321
0.01513984
0.014925224
0.014953069
0.014764175
0.015017589
0.014780655
0.01524692
0.0152560845
0.014871414
0.014926585
0.014922996
0.014579128
0.015188401
0.014938842
0.014795152
0.014654
0.0146909505
0.014574066
0.014788729
0.014641061
0.014747185
0.01469063
0.014289762
0.01422518
0.014689234
0.014483909
0.0145111205
0.014204581
0.014577304
0.014432882
0.014087106
0.014216293
0.014002457
0.013847952
0.014173243
0.014079084
0.013640524
0.013520609
0.013754682
0.013526708
0.013605884
0.013512008
0.013264685
0.013395944
0.013051611
0.013309661
0.012902859
0.013035945
0.012752856
0.013794196
0.013882351
0.012840421
0.01332505
0.013484349
0.012774195
0.012690482
0.012749893
0.012478379
0.012231119
0.012361158
0.012239163
0.01180965
0.012585446
0.012544218
0.011746327
0.011765742
0.011847737
0.011385456
0.012347214
0.012426929
0.011471033
0.011244661
0.011477056
0.011323788
0.011057566
0.011264938
0.011072601
0.011234361
0.0111751
0.010884393
0.010902182
0.010616058
0.010774292
0.0107975
0.0103065865
0.011428139
0.011401904
0.010877043
0.010377358
0.0110911345
0.011384274
0.009957501
0.010323138
0.010648392
0.010022049
0.010215402
0.010524039
0.010412843
0.009504189
0.011162549
0.01164117
0.010659297
0.009560861
0.010048125
0.010502798
0.009728275
0.009083237
0.009935276
0.0100276405
0.009302073
0.009289108
0.009207667
0.008882683
0.009427089
0.009537774
0.009388224
0.00874892
0.009130891
0.009004784
0.0088244565
0.008797643
0.009054463
0.008853473
0.00907682
0.008794028
0.009424658
0.009275666
0.008398816
0.008223894
0.0086931465
0.008543514
0.008572933
0.008441635
0.008431668
0.0083066
0.008192069
0.008090596
0.008105962
0.007897962
0.00815693
0.008052916
0.007946334
0.007832172
0.0078062713
0.0076352195
0.008104841
0.0080529
0.007401896
0.007328883
0.007880746
0.0076756687
0.0073478348
0.007217763
0.007857035
0.007833519
0.0071333037
0.007067206
0.007365471
0.007210253
0.007291892
0.007209635
0.0071646064
0.007602991
0.0074396543
0.007501448
0.0070345574
0.008330133
0.009222387
0.0078066364
0.007445416
0.0077629103
0.0071285926
0.00702456
0.0073131747
0.006673619
0.006643457
0.0066574835
0.0064288024
0.0064619067
0.006561596
0.006255968
0.0066061155
0.0066577294
0.0061188885
0.0065285577
0.0066327043
0.0061425474
0.0061341473
0.006122447
0.006066634
0.005901743
0.005841907
0.0060481247
0.005482899
0.005950093
0.005937997
0.005445771
0.0058661005
0.006007249
0.005780174
0.0053834557
0.0056501306
0.005497755
0.005573455
0.005289802
0.0054765916
0.0054500983
0.0053916536
0.0056944476
0.005285124
0.005565642
0.005151226
0.0051373006
0.0050597363
0.005130776
0.0049803825
0.004883331
0.0051667895
0.00469789
0.0054557784
0.0056254254
0.004755214
0.004852874
0.004890878
0.005274963
0.0049611195
0.004953835
0.004814523
0.005101098
0.0046965987
0.0051020184
0.00512542
0.0046469187
0.0046595056
0.0043369243
0.0044960785
0.004395833
0.004565356
0.0042555225
0.004493296
0.0044056936
0.0040852097
0.004197082
0.0043033487
0.0044238134
0.004147235
0.0041608247
0.0050315047
0.004859274
0.0042944695
0.0046797316
0.00481072
0.00446436
0.004040053
0.0044794856
0.004117388
0.004439157
0.0046176948
0.0042555663
0.004125587
0.0044324882
0.00422247
0.004246112
0.0039322283
0.0041674157
0.00398012
0.004257874
0.0041367807
0.0037682217
0.0037815887
0.004097681
0.003935915
0.003978541
0.0040719695
0.003698933
0.0036147526
0.00369387
0.003491912
0.0038675733
0.0037704848
0.0037319653
0.0036961455
0.00369924
0.003647657
0.00400711
0.0035739264
0.00371602
0.0034256484
0.0033984387
0.0034529828
0.0034156276
0.0033155608
0.0035503956
0.0033545922
0.004190101
0.004246723
0.0035605151
0.0036583943
0.003910391
0.0035670802
0.0032283987
0.0034618545
0.0031609342
0.0033652934
0.0033855445
0.0030566554
0.0032632165
0.0030775534
0.0031679347
0.0033311995
0.0030333411
0.0031189434
0.0032435402
0.0031781683
0.0030103456
0.0030453468
0.003443175
0.0032932681
0.0033818258
0.0032352954
0.0034625826
0.0035456556
0.003155431
0.0033058727
0.0029898072
0.0033159833
0.0027314108
0.0038693547
0.0035756736
0.0031213723
0.0032199093
0.0031874527
0.0032250143
0.0027954585
0.0032096307
0.002877894
0.0033335488
0.003179811
0.002955622
0.00300997
0.0027806193
0.0028682034
0.0029553606
0.0027992455
0.003243681
0.0033955446
0.0033668026
0.003157818
0.0031994407
0.0030209513
0.0030030888
0.0028160934
0.0033159936
0.0033428771
0.002665906
0.0030858358
0.0027754956
0.0028294257
0.0026077766
0.0030717633
0.0029009578
0.0026341043
0.0027416812
0.0028000183
0.0027523644
0.002609858
0.0027675692
0.0032915685
0.0028942476
0.0031147022
0.0033961001
0.0032098957
0.0031891174
0.0032303268
0.0028989017
0.0029521743
0.0025945378
0.002989662
0.0025950728
0.0034501571
0.0035986118
0.0024337785
0.003286615
0.0030382555
