0.28753072
0.062039107
0.059499968
0.034186214
0.028186828
0.027380308
0.023009568
0.026331043
0.02545765
0.02151878
0.025475873
0.027022565
0.023188243
0.022251965
0.023615545
0.023378342
0.021708446
0.021958048
0.022448882
0.021531077
0.021168357
0.021752656
0.021507718
0.020878186
0.021137476
0.021049956
0.020609478
0.020701632
0.020611566
0.02055154
0.020534486
0.020490978
0.020491997
0.02040896
0.020412818
0.020390943
0.020346591
0.020341128
0.020299824
0.020346249
0.020237893
0.020305553
0.020199664
0.020230161
0.020137448
0.020153923
0.020099273
0.019921402
0.019871129
0.01977714
0.01962862
0.019474834
0.019298887
0.018977068
0.018754734
0.018430179
0.018165441
0.018103667
0.017690511
0.017612107
0.017220948
0.017101442
0.01688149
0.016559886
0.016313193
0.016244529
0.015947768
0.015866218
0.015799316
0.015603468
0.015719218
0.015615084
0.015286349
0.014963835
0.015935292
0.015689742
0.015155922
0.014911947
0.01500452
0.014844336
0.01523924
0.015291491
0.0143030835
0.015179641
0.015507867
0.014943969
0.014596123
0.014486127
0.014322203
0.014529463
0.014326188
0.014195743
0.01393371
0.014041257
0.014025967
0.014133409
0.013962724
0.013774827
0.013672818
0.013922635
0.013603966
0.013635923
0.0136429155
0.013445087
0.013207286
0.0140810115
0.0139515
0.014024702
0.013806279
0.0136507
0.01354554
0.013261709
0.013337091
0.012861546
0.013947766
0.013977897
0.01280968
0.013576272
0.013986823
0.013721448
0.013543983
0.012861386
0.013605424
0.014867492
0.013122703
0.014134782
0.014751998
0.013207923
0.013489773
0.014579669
0.013795537
0.012698564
0.012630127
0.012894131
0.01287558
0.012612344
0.0126010785
0.012138781
0.012772228
0.013142116
0.012449327
0.012739765
0.012708436
0.012158498
0.012307382
0.012150854
0.012041773
0.012001063
0.01167301
0.011794091
0.011667632
0.011679694
0.011672586
0.011583969
0.011559069
0.011537455
0.011287004
0.011398018
0.0110510485
0.011130001
0.010931333
0.011091479
0.010947364
0.010821576
0.010798338
0.010636096
0.010491513
0.010954219
0.010844779
0.0105500715
0.010573915
0.010507177
0.010464609
0.0105974125
0.010541699
0.010434355
0.010343033
0.010623218
0.010500859
0.010226878
0.010137738
0.010354939
0.010215226
0.01031755
0.010360421
0.010068681
0.010363066
0.009910077
0.01038695
0.010232903
0.010040685
0.010146675
0.010142789
0.009925651
0.010144926
0.010032192
0.009939179
0.009948107
0.009868999
0.009781779
0.010028203
0.009764775
0.010243184
0.010303927
0.009682886
0.010232181
0.0103185475
0.009745554
0.00991267
0.009911192
0.0098354
0.009581624
0.010036722
0.010032532
0.009495761
0.009799913
0.0097798705
0.009543999
0.009617411
0.009632237
0.009374554
0.010454617
0.010689825
0.009954549
0.009857754
0.009660771
0.009836488
0.009662135
0.009406584
0.009611193
0.009645775
0.009438328
0.009279482
0.009358442
0.009458779
0.00918316
0.009165048
0.009782437
0.009505081
0.009622411
0.009871832
0.009459706
0.009266111
0.009541777
0.00953259
0.009129347
0.009074326
0.0091146
0.00904081
0.009138795
0.009099399
0.009127173
0.009095673
0.008900906
0.009181292
0.0088250255
0.009180619
0.00922701
0.009092114
0.00909948
0.009122953
0.009085731
0.008919925
0.009476482
0.009255362
0.008831895
0.008784563
0.0088543035
0.008652441
0.009488563
0.00933955
0.008584817
0.008544964
0.008908534
0.00859394
0.008962405
0.009058955
0.008466659
0.008701258
0.008591405
0.008446236
0.008434207
0.008313696
0.008276423
0.008194939
0.008294806
0.00818435
0.008146887
0.008031805
0.007918103
0.007894725
0.007661587
0.007926681
0.007508838
0.007858167
0.007715568
0.0074056103
0.0074573294
0.0071892417
0.0074446336
0.007364961
0.0073548094
0.006702503
0.007950873
0.0075829164
0.0068625137
0.0068092844
0.0066731796
0.0065134154
0.0069926903
0.0067073964
0.006666347
0.0065525747
0.006307082
0.006054187
0.006977314
0.0066907518
0.006098669
0.006021364
0.006343731
0.0061934427
0.0060405065
0.005917423
0.0061005927
0.0058033853
0.006272655
0.006153042
0.0056853797
0.0055847033
0.006142041
0.005957602
0.005496645
0.0053683803
0.0061347256
0.0058663413
0.0054514017
0.0053517297
0.0057222135
0.005522081
0.0055535105
0.005520794
0.005239093
0.005103027
0.0056691603
0.0054810033
0.0052054417
0.0050488003
0.005552456
0.0054139905
0.0050393185
0.0049522114
0.0053725503
0.005221445
0.0049861134
0.0048648263
0.0052668825
0.0051033325
0.0049303886
0.0048125796
0.0051044733
0.0049484456
0.004875855
0.0047557093
0.0049634264
0.004815562
0.004836097
0.0047084675
0.004856356
0.0047391006
0.004742145
0.004645558
0.0047127935
0.004568204
0.0048411083
0.0047626733
0.0044759517
0.004351934
0.0050058854
0.0048944713
0.0043135183
0.0042357
0.0049763336
0.004823695
0.0042244415
0.004147764
0.0049555874
0.0047671883
0.0042011263
0.004118225
0.0047745816
0.004591989
0.0042001368
0.0041094795
0.004672213
0.0045272703
0.0041494123
0.0040850067
0.004489983
0.0043343515
0.004233831
0.004133022
0.0043520983
0.004238652
0.004191195
0.0040918286
0.004291249
0.00418398
0.0041497913
0.0040558553
0.0042461585
0.0041388776
0.004104885
0.004016461
0.004184874
0.004073734
0.0040782215
0.003986249
0.004120399
0.0040117744
0.00406223
0.003964647
0.004064089
0.0039509446
0.0040665655
0.0039622425
0.0039907913
0.0038962418
0.0040251496
0.003923349
0.003961038
0.0038545693
0.0040143225
0.003915371
0.0039099897
0.0038369086
0.003920246
0.003822495
0.003931822
0.003839927
0.0038507122
0.0037649863
0.0039069173
0.0038188817
0.003799965
0.0037118054
0.0039015133
0.0038059547
0.0037547313
0.0036579266
0.003915636
0.003813423
0.0036940712
0.0036025618
0.0038894394
0.0037647581
0.0036980417
0.0036089951
0.0038016706
0.003713988
0.0036756091
0.0035685839
0.003853074
0.0037530756
0.003593266
0.0035447397
0.0037389908
0.0036190993
0.0036684673
0.0035842091
0.0036289154
0.003518613
0.0037152518
0.0036353178
0.003532171
0.0034855048
0.003628508
0.003529298
0.0036895694
0.0035926907
0.0035267894
0.00341875
0.0036762815
0.0035583687
0.003447301
0.0033549897
0.0036944177
0.00362568
0.0033373404
0.0032925166
0.003706443
0.003634297
0.0033603776
0.0033528553
0.003537126
0.0033473645
0.00369208
0.0036660421
0.0032026914
0.00318983
0.0036619247
0.003517786
0.0033983367
0.0034511404
0.003426702
0.0032401187
0.0036893208
0.0034826698
0.003228783
0.0031371054
0.0036368847
0.0036125605
0.0031436011
0.0031064537
0.0035010346
0.0032863442
0.00344181
0.0034210067
0.0031317472
0.003051062
0.0035663608
0.003472985
0.0032475255
0.0032158184
0.0034825208
0.0032579396
0.0032027687
0.0031373852
0.0032471474
0.0031711103
0.003295502
0.0033496898
0.0033180825
0.0032021191
0.0032776883
0.0031849078
0.0030429978
0.0029277352
0.0033697032
0.0032882632
0.00300024
0.0029742948
0.003257972
0.003155452
0.002982312
0.0028411916
0.0033625811
0.0031253966
0.0032322456
0.0031624113
0.0029772485
0.0029059788
0.0031574585
0.0030615751
0.0030241471
0.0029556255
0.0030054394
0.0029128182
0.0029647544
0.002882858
0.0029859033
0.0028617207
0.0030395428
0.0029105367
0.0029436222
0.0028143555
0.0030255627
0.0029004372
0.0028765725
0.0028251426
0.0029253245
