0.288266
0.059457242
0.06472757
0.03709601
0.025705153
0.02772873
0.025082847
0.02463536
0.02466751
0.021788647
0.024871917
0.025388459
0.022497894
0.022481164
0.023700573
0.022496512
0.02168729
0.022238383
0.021842726
0.021618405
0.021773614
0.02145349
0.021481143
0.021471262
0.021230726
0.02119788
0.021086037
0.02112183
0.02100317
0.021068217
0.02084511
0.021157308
0.02103982
0.02089416
0.020953603
0.020816375
0.020795703
0.020709591
0.02079957
0.020681612
0.020867765
0.020855134
0.020564673
0.020651495
0.020519687
0.020811392
0.020780725
0.020526461
0.02056078
0.020543767
0.020464405
0.020519003
0.020467142
0.020415766
0.020469615
0.020361118
0.020614872
0.02064731
0.020464377
0.020347655
0.020509796
0.020498844
0.02034918
0.020207541
0.020398756
0.02034721
0.020094626
0.020004503
0.02006448
0.019945921
0.019791443
0.019652115
0.019755997
0.019652901
0.019361654
0.019241327
0.019441584
0.019246534
0.018921835
0.018779412
0.018672556
0.0184075
0.018650344
0.018567128
0.018154891
0.01801447
0.018085921
0.017957699
0.018038316
0.017920373
0.017861973
0.01786319
0.017669672
0.018035779
0.01794642
0.017649448
0.01760464
0.01765514
0.017407695
0.017835654
0.01782348
0.017259018
0.017295366
0.017269662
0.017071841
0.017791769
0.01759321
0.017031722
0.01698233
0.017041648
0.016954148
0.017068474
0.017098593
0.016859429
0.017138345
0.016720919
0.017235158
0.017126434
0.016943034
0.016736835
0.01692041
0.01680793
0.016514333
0.016642457
0.01652365
0.01660412
0.016478598
0.016664272
0.016475162
0.016296111
0.016312892
0.016016265
0.015854262
0.016028663
0.016020378
0.016026214
0.015681757
0.016086109
0.016051106
0.015628496
0.015502889
0.015430548
0.015273433
0.0154717015
0.0152818225
0.015619581
0.015240371
0.015382613
0.015262273
0.015131689
0.015163049
0.014852427
0.01481708
0.014780651
0.014579152
0.015146534
0.014999366
0.014306295
0.01415242
0.014538017
0.014254863
0.013963421
0.013737609
0.013716976
0.01340621
0.0133836465
0.013179746
0.013200678
0.012957774
0.012769396
0.012695593
0.012561918
0.012470759
0.012200098
0.012183466
0.01266284
0.012289591
0.012617876
0.01256569
0.012015033
0.01209041
0.011703283
0.01199771
0.011547481
0.011869326
0.011635617
0.011541764
0.011967552
0.011578526
0.011519988
0.011488304
0.011211507
0.011322697
0.010967284
0.011170986
0.010938559
0.010876049
0.011043572
0.010773934
0.011304709
0.011170223
0.012035266
0.012290098
0.010612659
0.011598417
0.011724469
0.010663748
0.011064026
0.010875071
0.011077416
0.0102905035
0.011316854
0.010787352
0.011147119
0.0112333
0.010407877
0.010704152
0.010594797
0.0103966845
0.010265552
0.010231513
0.010267562
0.0100414
0.010103106
0.009856901
0.010113434
0.009800232
0.009909665
0.009947624
0.009740967
0.009703438
0.00951993
0.0096999
0.009449038
0.009956717
0.009879996
0.009399327
0.009715668
0.009555201
0.009071088
0.009695123
0.00908237
0.0097657675
0.009994301
0.009468023
0.008961921
0.010380794
0.010525107
0.009059539
0.00969394
0.010082468
0.009505431
0.009125021
0.009387665
0.009293836
0.008928942
0.008849037
0.009080649
0.00887185
0.008772746
0.008721336
0.008877135
0.008342844
0.009460954
0.0091587445
0.0084113525
0.008421931
0.008522133
0.008193024
0.009146559
0.009045393
0.00815109
0.008064431
0.008156116
0.008123504
0.007949695
0.007975013
0.008264889
0.007940882
0.009205422
0.009182385
0.008012994
0.008134261
0.00826662
0.007988832
0.008595445
0.008850279
0.008155369
0.007830528
0.008028124
0.007881437
0.007920781
0.008072775
0.008170568
0.0075011156
0.009231311
0.009704761
0.007797155
0.008878049
0.00995567
0.009228051
0.008615385
0.0081065325
0.008450205
0.008556534
0.008109844
0.0074728467
0.008409284
0.009073381
0.008061453
0.007596199
0.00775704
0.007892154
0.0076154326
0.0075047
0.007647051
0.007465498
0.007253623
0.0070558363
0.0072829095
0.00699052
0.0070879967
0.0068922006
0.0070215487
0.0069754794
0.006825402
0.0071074455
0.006636973
0.0069586188
0.0070874705
0.006565003
0.0072032153
0.00685586
0.0070590316
0.006978831
0.007202342
0.006739907
0.00759162
0.008087555
0.0065747835
0.008302436
0.009433859
0.0077246004
0.0077876165
0.007899114
0.006377585
0.007975553
0.0083268555
0.0064355345
0.00873167
0.011037325
0.008986507
0.006326642
0.00803195
0.008986902
0.0076223426
0.007367376
0.007871067
0.007267673
0.0074126977
0.0075209755
0.0063956087
0.006905239
0.0075427573
0.0063873823
0.006612646
0.0071037547
0.0065273196
0.006348489
0.006436661
0.0064163166
0.006174506
0.005956977
0.0059350706
0.0060970546
0.0056150905
0.006116396
0.0061476305
0.005773878
0.005818821
0.0056538284
0.0058071385
0.005573904
0.0057102707
0.0056530475
0.0057478864
0.005349066
0.0055517214
0.005393099
0.0056778565
0.0054265787
0.0056764483
0.005803795
0.0051178797
0.0052673616
0.0050831097
0.005180144
0.005006505
0.0051634456
0.0049467594
0.005057288
0.0048652925
0.005036309
0.004807843
0.004827803
0.004845667
0.0047302246
0.0046774945
0.0047186236
0.0044948305
0.004633455
0.0046295654
0.004493701
0.0045700897
0.0044078664
0.0045926753
0.0043707644
0.004343243
0.0041764965
0.0049627423
0.005139276
0.0046045864
0.004406109
0.0048188656
0.004720907
0.004586225
0.0043490874
0.0049321395
0.0047592022
0.0045584315
0.0045019803
0.0041867443
0.0041897227
0.004268057
0.0041119712
0.004432446
0.004306414
0.004169192
0.0039329636
0.0042926897
0.0042727534
0.003940524
0.0038210098
0.004232597
0.00422658
0.0038109338
0.00370316
0.0039773346
0.0038168244
0.004073325
0.0038634546
0.0037737952
0.0036804816
0.003837229
0.0037634044
0.0037262386
0.0036127178
0.003675531
0.0035630495
0.003839312
0.0037657854
0.003498925
0.0035760151
0.003541068
0.003490582
0.0035447392
0.0034554258
0.0036210173
0.0034326504
0.0036764138
0.0035795278
0.0034749396
0.0033358026
0.0036465211
0.0034562787
0.0034597914
0.003301556
0.0033798013
0.0032955704
0.0033846062
0.0033487212
0.003217776
0.0032704861
0.0034128686
0.0032701052
0.0034321651
0.0032357704
0.0033551685
0.0032094333
0.0032895152
0.003196833
0.0031945587
0.003292666
0.0030735831
0.0031641747
0.0032119844
0.003121997
0.003043008
0.0031392549
0.0030560356
0.0030844596
0.0029534053
0.0034309544
0.002870012
0.004471299
0.0049334834
0.004280136
0.0037320815
0.0044088312
0.0042223115
0.0030770062
0.0039039955
0.003834537
0.0041854917
0.003712651
0.0037489801
0.003558563
0.003265343
0.003420457
0.003297473
0.0032584711
0.0033131046
0.003070067
0.003675554
0.0036167838
0.0032501954
0.0033503931
0.0032229216
0.003142902
0.0031008672
0.00312315
0.0032397571
0.003032554
0.0030710213
0.0029861375
0.0029246788
0.0036853643
0.0034079216
0.003435894
0.0034715205
