0.28898087
0.07550846
0.05543081
0.03359196
0.030035362
0.028992504
0.023529435
0.027270555
0.027755214
0.022670126
0.02489324
0.027534472
0.024286682
0.021782337
0.022639772
0.022125237
0.02180362
0.021957047
0.021640688
0.021977937
0.02146764
0.022341626
0.02217786
0.021976506
0.021396695
0.022027256
0.022035798
0.021081181
0.021101438
0.021057963
0.020868614
0.020645296
0.020694906
0.020432249
0.021069838
0.020988977
0.020628916
0.020488052
0.020793939
0.020768652
0.020260038
0.020370947
0.020339752
0.020194931
0.02036108
0.020141045
0.020687904
0.020804906
0.020376762
0.020253627
0.020197956
0.020306544
0.01994727
0.020756269
0.021165745
0.020325715
0.020378789
0.020594144
0.020186948
0.020402348
0.020235578
0.019730683
0.020099571
0.019850867
0.01956355
0.019460753
0.019315908
0.019112667
0.01888634
0.018648237
0.01887928
0.018573092
0.01853861
0.018446906
0.018127576
0.018880397
0.018598696
0.018197624
0.017860906
0.018521016
0.018723326
0.017399883
0.018450188
0.019396765
0.018321594
0.017752362
0.017400384
0.017681293
0.0174568
0.016633991
0.018656945
0.020652646
0.019267954
0.017356806
0.01706998
0.01681271
0.01734574
0.01763921
0.016169554
0.016019417
0.016704446
0.016401181
0.015885731
0.01537542
0.01592539
0.015783295
0.015125741
0.015060567
0.015036293
0.014887077
0.014581795
0.014483079
0.014915914
0.014119722
0.014433886
0.014112864
0.014209487
0.014156337
0.013436419
0.014500305
0.013794646
0.013367905
0.01336313
0.013090727
0.012922689
0.012989856
0.012872967
0.012620886
0.012719137
0.012435441
0.012694287
0.012930167
0.012548712
0.012187213
0.012499679
0.0122973
0.012330157
0.012169923
0.0120935915
0.011777445
0.012123172
0.012284708
0.011867419
0.011742874
0.01156916
0.011567139
0.0113507835
0.011265037
0.011343093
0.011221868
0.0113750575
0.011332278
0.011147487
0.011223383
0.010966073
0.011147969
0.010944272
0.01143684
0.011521275
0.010650496
0.011475302
0.012324304
0.011385195
0.010940272
0.011534137
0.011211261
0.0102309035
0.011381373
0.011281711
0.010380771
0.010503613
0.010346808
0.010010128
0.010527715
0.010469274
0.009868243
0.010000685
0.010059668
0.009815197
0.010030785
0.009731927
0.010315836
0.010242569
0.010059166
0.010012034
0.009841609
0.009837181
0.009504348
0.010077469
0.009994625
0.009841272
0.009761953
0.009464187
0.009504587
0.009364503
0.009292189
0.009449568
0.009304764
0.009516102
0.00936168
0.009324891
0.009279832
0.009073679
0.008959317
0.009402488
0.009198391
0.009092121
0.00898752
0.009016373
0.008822879
0.0091347685
0.009026136
0.008928493
0.008958045
0.008871284
0.008712848
0.009117097
0.009033867
0.008613559
0.008755202
0.008673334
0.008623034
0.008464237
0.008869293
0.00852643
0.00973508
0.010198774
0.00855841
0.0096970005
0.010514705
0.009350126
0.0085495645
0.009505854
0.009297957
0.008383847
0.0088696405
0.008915156
0.008500683
0.008637466
0.008714969
0.008383808
0.008625704
0.008704413
0.00838855
0.008373721
0.008521379
0.008453558
0.008100168
0.008199236
0.008062374
0.008203088
0.00817848
0.007983861
0.008220163
0.00808744
0.007988525
0.007993315
0.0078065973
0.007913689
0.007735182
0.0077913827
0.0076874555
0.007891028
0.007797724
0.007590182
0.00795533
0.007827706
0.007955379
0.007838774
0.008015747
0.007842871
0.007931281
0.007775843
0.00809779
0.007881554
0.0075559304
0.007518115
0.007986803
0.007831904
0.007605307
0.007783676
0.007475378
0.007477548
0.007542733
0.0074183545
0.007733155
0.007692069
0.007545632
0.007468472
0.0075824447
0.007566003
0.007396508
0.007357241
0.007441599
0.0073900507
0.007469417
0.0073887478
0.007411311
0.0073967245
0.007503507
0.0074246456
0.007307337
0.007284746
0.007574927
0.007459605
0.0074764215
0.0075397096
0.007303005
0.0075257607
0.007214753
0.0074544046
0.0072104014
0.007635644
0.0077527515
0.0071333065
0.0073615946
0.007098583
0.0077214516
0.007479021
0.007260505
0.007362859
0.0071021523
0.00721152
0.0069834203
0.0072987354
0.0070439153
0.007507404
0.0075530303
0.007055864
0.007052902
0.007128412
0.0068287873
0.0073751006
0.00723342
0.0070796455
0.0070550614
0.007163974
0.0070577785
0.0068644
0.0068688435
0.0068597705
0.0067940014
0.0070519634
0.006815329
0.00716331
0.0070601334
0.006762179
0.006714104
0.0069627687
0.006839135
0.006817618
0.006812399
0.006735043
0.0068632946
0.006622556
0.006770389
0.0066448394
0.0069241263
0.00664372
0.006769043
0.006640371
0.006806658
0.00673159
0.006746169
0.006711833
0.0066154827
0.006713946
0.0066692443
0.0065303906
0.0066034235
0.0066985744
0.0064956346
0.006745951
0.006675123
0.006622985
0.006558536
0.0066445344
0.0064409976
0.006897243
0.0070453123
0.0066065206
0.0067703403
0.0065888576
0.0067340843
0.006679514
0.006485243
0.0067550354
0.0065884483
0.0067156497
0.0067648557
0.0066150264
0.006657455
0.006480714
0.0066883974
0.006912312
0.0065900707
0.0065067634
0.006420298
0.0067314343
0.006717256
0.0064080716
0.006823221
0.0068391724
0.006505744
0.0065454803
0.006459867
0.006496752
0.0064686076
0.006415367
0.0064518773
0.006351462
0.006366083
0.0063047367
0.006232304
0.00622939
0.006442847
0.0063021816
0.0063534644
0.0064231306
0.0062599964
0.0067946613
0.006635564
0.0067366646
0.0065371427
0.0064492202
