0.28879705
0.056930047
0.082243375
0.050520945
0.022403657
0.038530823
0.03806739
0.024915578
0.027469873
0.030908233
0.028326934
0.02710217
0.02447269
0.023197135
0.02544745
0.024089145
0.021672321
0.0258188
0.027398156
0.024669208
0.021802926
0.0256963
0.02836045
0.024987826
0.023335263
0.02278568
0.022896776
0.023373598
0.02191559
0.022097014
0.02215688
0.021330224
0.021576623
0.020933906
0.021135205
0.021163851
0.020838486
0.020540284
0.0209165
0.020819534
0.020085737
0.020064285
0.020129379
0.019992178
0.019854696
0.019973047
0.019697769
0.019871466
0.01968039
0.019538322
0.019321134
0.019467218
0.019386576
0.019041369
0.01917761
0.018875318
0.018781403
0.01859464
0.018236453
0.0185807
0.018049225
0.017507544
0.017426444
0.017109396
0.016572399
0.016797723
0.016496625
0.016620345
0.01640687
0.016680531
0.016435659
0.016191788
0.016438542
0.016199999
0.01636382
0.016291754
0.016288431
0.016020754
0.016408483
0.016425395
0.01608066
0.016102584
0.016309984
0.015881909
0.016506085
0.016875062
0.01591123
0.015717532
0.016131707
0.016145758
0.015918478
0.015566501
0.01603056
0.0162064
0.015618865
0.015449308
0.015776545
0.015735654
0.015509161
0.01542608
0.015885228
0.015785255
0.015365449
0.015332882
0.015633514
0.015481385
0.015376311
0.015319628
0.015367206
0.015306678
0.015376371
0.015312396
0.015230133
0.01517719
0.0152670005
0.0152067905
0.015228619
0.015140056
0.015202836
0.015168066
0.015150577
0.015094322
0.015114372
0.015052917
0.015087138
0.015023506
0.015129365
0.0150676975
0.015007536
0.014951183
0.015063706
0.015010594
0.014975081
0.014917933
0.015003533
0.014955205
0.014904753
0.01484989
0.014979917
0.014914849
0.014860044
0.014808803
0.014904176
0.014843569
0.014814623
0.014763416
0.014833142
0.0147807
0.014734038
0.014676604
0.014764677
0.0146892825
0.014675354
0.014621173
0.014646213
0.014578544
0.014599003
0.014529175
0.014554541
0.014486451
0.0145036355
0.014439021
0.014449502
0.014382814
0.014387515
0.014311485
0.014352526
0.014285338
0.014246684
0.014176046
0.014272049
0.014193538
0.014131767
0.01409289
0.01418917
0.014099195
0.014026225
0.013941062
0.014235329
0.01409936
0.013941191
0.0138771245
0.013956462
0.013857524
0.013961159
0.013941978
0.013740498
0.013740947
0.01385574
0.013783614
0.013941292
0.014003041
0.014044185
0.0138166845
0.014182594
0.014124415
0.013675577
0.013726239
0.013699103
0.013572839
0.013507396
0.013454153
0.013424109
0.013321586
0.013429575
0.013281007
0.0135822
0.013660458
0.0132022565
0.014538518
0.014847715
0.014526531
0.014028616
0.013869497
0.01378538
0.013806898
0.013770892
0.013522941
0.013439487
0.013424024
0.0129926605
0.013122021
0.013109836
0.012792154
0.012490119
0.012725118
0.012812227
0.012652598
0.012515494
0.012109653
0.012071879
0.012382969
0.0124520175
0.01218417
0.012310296
0.011803436
0.012704748
0.01246389
0.011714141
0.012133594
0.012127869
0.011551815
0.012253225
0.012360096
0.011436496
0.013046126
0.014120512
0.012258488
0.0120277
0.01152993
0.011832707
0.012085452
0.011182465
0.01156349
0.011716629
0.0116172815
0.011553503
0.011151458
0.011057674
0.010883376
0.010677638
0.011044215
0.011093159
0.010479805
0.0105989175
0.011040375
0.010645863
0.010198108
0.0106002875
0.010629155
0.010596019
0.010160855
0.010691561
0.009987727
0.010338591
0.010500076
0.010014254
0.009764865
0.0094845025
0.0094168065
0.009570151
0.009277242
0.009509905
0.009428379
0.009473264
0.009246522
0.009385709
0.009129382
0.009257741
0.0092569105
0.008860532
0.008795817
0.008750964
0.008656274
0.008681972
0.008535531
0.008714311
0.008533566
0.008499902
0.008403325
0.008453767
0.008382232
0.008296717
0.008193728
0.00837069
0.008263423
0.008126036
0.0080448305
0.00823502
0.008140617
0.007963211
0.0078742355
0.008130382
0.0079349475
0.008000471
0.007912765
0.007909729
0.007788843
0.007926349
0.007769341
0.00783451
0.0076381178
0.007939522
0.007784365
0.007703807
0.0075708553
0.007831856
0.0076790317
0.0076619796
0.00762233
0.007584427
0.0074990094
0.007724371
0.0076625105
0.007435153
0.007480496
0.0075669424
0.00755295
0.007476074
0.0074842884
0.007394375
0.007269557
0.0074932794
0.0073279887
0.007332735
0.0071694558
0.007424921
0.0073777046
0.007171488
0.007301049
0.007250979
0.0071047153
0.007439608
0.0072758757
0.0072699524
0.007016048
0.007881804
0.007439731
0.0072032665
0.007212674
0.006976129
0.0069404156
0.0073154722
0.0072577484
0.00750196
0.0077918633
0.007073827
0.007236835
0.007233647
0.0070559555
0.007296546
0.007126937
0.0068355463
0.0069850013
0.006774523
0.007025584
0.0069166836
0.006672459
0.006924307
0.006644303
0.0069504413
0.00688854
0.0072637945
0.006732998
0.007156363
0.0071449154
0.0066525694
0.0068513006
0.0065876483
0.006433595
0.0064058383
0.0063544735
0.0063396264
0.006179826
0.006162396
0.006336856
0.0060846596
0.006110435
0.006667075
0.0063946913
0.006601333
0.0062803184
0.006624663
0.006195257
0.0068051233
0.00711208
0.0059906296
0.005917031
0.0060969326
0.0060049724
0.0060380423
0.005747834
0.006938476
0.0064880303
0.005834387
0.0058103814
