0.28929746
0.10199368
0.04611051
0.03404647
0.031149229
0.025048176
0.027412377
0.02584987
0.021127537
0.02766619
0.028779069
0.02224066
0.023784518
0.027656203
0.024767712
0.02200854
0.021933183
0.022893243
0.022705056
0.021000138
0.021808118
0.022980956
0.02158408
0.02130611
0.021997163
0.021379128
0.021528497
0.021400511
0.020626241
0.021918632
0.0223706
0.020821057
0.021190837
0.022111723
0.02109342
0.020601079
0.021102479
0.020471212
0.021181362
0.021475708
0.020529108
0.021599442
0.022441337
0.02120846
0.020409832
0.020607555
0.020312004
0.021780677
0.02095446
0.021439642
0.021743486
0.020766875
0.021059087
0.020619284
0.021130813
0.02078894
0.02094759
0.021173323
0.020320235
0.02132362
0.021266611
0.020527327
0.02078248
0.0207446
0.020504115
0.020547451
0.020535616
0.020295
0.020425504
0.020294592
0.020372339
0.020338984
0.02026454
0.020362454
0.020270407
0.020319076
0.020329705
0.020217007
0.020305952
0.020287616
0.020185454
0.020524243
0.02038756
0.020485355
0.020446522
0.020389566
0.020324254
0.0203359
0.020293584
0.020279473
0.020261005
0.020272598
0.020209664
0.020357212
0.0202581
0.020211281
0.020170959
0.02021201
0.020164445
0.020191899
0.020156369
0.020079084
0.020016182
0.02013784
0.020065332
0.0200107
0.019927753
0.020069849
0.019945197
0.019988298
0.019921578
0.019908063
0.019874841
0.019755807
0.019916752
0.019647751
0.020072533
0.01980667
0.02032107
0.020493913
0.019853214
0.020275293
0.020744277
0.020345949
0.019934038
0.020180428
0.020024873
0.019791128
0.01973912
0.019588463
0.019693987
0.01957252
0.019373424
0.019322095
0.019233903
0.019129872
0.019547641
0.01924816
0.01954904
0.018897302
0.020220025
0.020626932
0.019298697
0.01961737
0.020518998
0.019132165
0.01959013
0.021242477
0.020028412
0.01837741
0.019047892
0.019265434
0.018556653
0.018509077
0.018581286
0.018450774
0.018096115
0.01750616
0.018067757
0.018054673
0.017310932
0.017756587
0.018189082
0.0176761
0.017608931
0.017290885
0.01739206
0.017200867
0.017361136
0.017307116
0.01736576
0.017355556
0.016486317
0.017180024
0.01732645
0.017469885
0.016954849
0.016408227
0.017527258
0.017677357
0.016699275
0.017205784
0.016865373
0.016517865
0.016983679
0.016315045
0.016653925
0.016427374
0.016433602
0.016624061
0.016094143
0.015928164
0.015784642
0.015806392
0.015731988
0.015425462
0.016038353
0.016192235
0.016123584
0.01590249
0.015528635
0.015625054
0.015661497
0.015367311
0.015362392
0.015438504
0.015481227
0.015299692
0.01523574
0.01523674
0.014955603
0.014737245
0.014783842
0.014681497
0.014777244
0.014534933
0.014780174
0.014758411
0.014438562
0.014430721
0.014282652
0.01412915
0.014342015
0.014335666
0.014206953
0.014016894
0.014253589
0.0140943425
0.013909406
0.013866016
0.013845778
0.013707757
0.013851362
0.01379457
0.013571806
0.013463789
0.0137001155
0.013551288
0.013452289
0.013362362
0.0135270655
0.013492185
0.013139914
0.013106674
0.013532121
0.013136369
0.014262751
0.013614465
0.013583233
0.013328263
0.014034814
0.013315541
0.013525833
0.01383372
0.012862747
0.016718032
0.01688541
0.013331627
0.014122122
0.014468148
0.013689887
0.0136841545
0.013565309
0.013111739
0.013162955
0.01331339
0.012765296
0.013108533
0.0129056005
0.012942307
0.0129393535
0.013038992
0.012880194
0.012564058
0.012357566
0.013067876
0.013047007
0.012512647
0.012277543
0.012407501
0.0122201545
0.012661544
0.012664312
0.012397605
0.012042458
0.01205897
0.012222712
0.0121268155
0.012049072
0.012496059
0.012775041
0.012125115
0.0120672835
0.012135881
0.01213786
0.012187826
0.011982556
0.011767431
0.012186542
0.0124728875
0.011982676
0.011946625
0.011806518
0.012089777
0.012163036
0.012015664
0.012021214
0.011426928
0.013253978
0.013582888
0.011734106
0.012809478
0.013423228
0.0126515
0.0115888575
0.0126351565
0.012363692
0.0119400965
0.011973835
0.011836566
0.0116732465
0.011556186
0.011424969
0.011431352
0.011249386
0.011170206
0.01111199
0.011026402
0.011222924
0.01121702
0.011282004
0.0111723915
0.011244965
0.011311161
0.011087577
0.0111028375
0.010922059
0.011006962
0.010843928
0.010979999
0.011192672
0.010733838
0.010908606
0.011103627
0.010723759
0.011091259
0.011236097
0.010644791
0.010774692
0.010760009
0.010560957
0.010812432
0.010540079
0.01039857
0.010492046
0.0104358
0.010392024
0.010271333
0.010382134
0.010321635
0.010230239
0.010243547
0.010349003
0.010131913
0.010450415
0.010175434
0.010264602
0.010302723
0.010024951
0.0099443225
0.010234277
0.010078162
0.010037719
0.0099445535
0.009973779
0.009898649
0.009951241
0.009930381
0.009881089
0.009895255
0.009810199
0.009975895
0.009569273
0.011312443
0.011579919
0.010222112
0.010202144
0.010951936
0.010619265
0.009667515
0.010516749
0.011009981
0.01019111
0.009825115
0.010466091
0.00999654
0.009962016
0.010327716
0.010452057
0.010508529
0.010176445
0.009708601
0.010520968
0.010677391
0.010172379
0.009518801
0.010721554
0.011429916
0.010245251
0.010041982
0.010477829
0.010418671
0.009951552
0.009960175
0.009709998
0.009968232
0.009697334
0.009675182
0.009646581
0.009506601
0.009481226
0.009554188
0.0093740495
0.0094717145
0.009100406
0.009712245
0.009952343
0.0098591475
0.009234699
0.009850023
0.010115795
0.009551902
0.009252573
0.009366536
0.009628061
0.009178407
0.009256541
0.0095981015
0.009410386
0.009809741
0.009312271
0.009793035
0.010094877
0.009743546
0.009320847
0.009267026
0.009354176
0.00935367
0.009003533
0.009110876
0.008992233
0.009150832
0.009212355
0.008857434
0.009165182
0.009053956
0.008951983
0.009253637
0.009148957
0.00892718
0.009064543
0.009384015
0.008837673
0.009040736
0.009411291
0.009287838
0.009017348
0.0088201435
0.009636956
0.0092579825
0.0103005925
0.010726805
0.009329654
0.009980799
0.010228042
0.009694903
0.009668734
0.009354043
0.009246408
0.008967261
0.010401285
0.011274781
0.0095160855
0.01206665
0.011686347
0.0106894225
0.010483995
0.010275778
0.009390867
0.00975446
0.009765471
