0.2877554
0.06381465
0.058383364
0.030023506
0.032598466
0.030521637
0.02254095
0.028472783
0.030908784
0.023973525
0.021821618
0.023148924
0.021517107
0.021439632
0.021852234
0.020712977
0.021634229
0.022357376
0.02115793
0.020298013
0.020769158
0.020559222
0.019992655
0.020860106
0.020554647
0.020866454
0.02050542
0.019982854
0.020014776
0.020082852
0.019753695
0.02008472
0.020098373
0.019599903
0.019443696
0.019536873
0.019283675
0.019702898
0.01960255
0.018778088
0.018866798
0.018849213
0.01836201
0.018443922
0.018535607
0.018191464
0.017446933
0.017534783
0.017474685
0.017026993
0.016371278
0.01648111
0.01623957
0.015723705
0.016257994
0.01537083
0.015167542
0.0154024465
0.015801845
0.015596676
0.015033562
0.015184528
0.014994609
0.014725525
0.014808901
0.014483213
0.015094507
0.015278193
0.014644064
0.014897744
0.015258928
0.01497408
0.014414691
0.014713231
0.0147379385
0.014858052
0.014259611
0.015790807
0.015745783
0.014668036
0.014509853
0.014197405
0.014125253
0.014134151
0.014043517
0.014010874
0.013957814
0.0137921395
0.013693131
0.01380844
0.013835303
0.013596244
0.013712446
0.013816391
0.013601529
0.0137032615
0.013509739
0.013902285
0.013821592
0.013895772
0.0137073025
0.013191444
0.013171644
0.013375505
0.013058002
0.014148491
0.014605592
0.013390448
0.014242768
0.0152694555
0.014029083
0.013356437
0.013860953
0.013439663
0.013214068
0.013258766
0.012921353
0.013125894
0.0129794
0.0129214525
0.0129342945
0.01255275
0.012556482
0.012554828
0.012435251
0.012631659
0.0124405995
0.012735178
0.012550611
0.012422155
0.012410041
0.012352052
0.012332968
0.01215886
0.012084062
0.012169131
0.01202643
0.012145702
0.012026486
0.011902887
0.011780865
0.012024969
0.011936207
0.011618201
0.01156557
0.011570069
0.011421916
0.011495792
0.011374469
0.011237163
0.011104446
0.011269762
0.011098466
0.011064951
0.011266347
0.010688563
0.01274287
0.013191581
0.010686033
0.012580096
0.0136937415
0.0119982995
0.011009708
0.011487067
0.011277867
0.010758736
0.010744023
0.010894285
0.010539599
0.010270626
0.010240682
0.010192103
0.009815913
0.010222256
0.010092207
0.009683996
0.010187927
0.009831224
0.010031698
0.009779096
0.010096438
0.009382418
0.010908331
0.01107832
0.00937109
0.009263814
0.009706895
0.00912417
0.010109787
0.010445434
0.009996303
0.009404386
0.009374426
0.00954359
0.009083818
0.008814081
0.00914375
0.0091946935
0.008970906
0.00853974
0.00912718
0.009075686
0.008724445
0.0083613545
0.008756507
0.0086779855
0.008953423
0.008793924
0.008435297
0.008412067
0.008002666
0.008038831
0.007913009
0.007966074
0.008101244
0.007842255
0.00781608
0.008307375
0.007984494
0.008333155
0.008043244
0.008398112
0.008254842
0.007862057
0.0077854325
0.007808438
0.0076629273
0.007842042
0.007551778
0.007927939
0.007890869
0.007373266
0.0073097027
0.0074897273
0.0073719746
0.0074644648
0.007232792
0.00753039
0.007383781
0.0072465413
0.0071455278
0.0072167735
0.0070565515
0.007180462
0.0069770566
0.0072252215
0.0069903303
0.007076265
0.006999951
0.0068805567
0.0068223625
0.0068358253
0.0067172237
0.006861556
0.0067135007
0.0068082865
0.006685568
0.0067147203
0.006652385
0.006582389
0.006488838
0.0065950006
0.006461808
0.0065846588
0.0064662397
0.0064371154
0.0063511184
0.006431908
0.006331367
0.006363912
0.0062927133
0.006286425
0.0061965077
0.0063316952
0.0062649944
0.006124794
0.0060326443
0.0063387323
0.00626454
0.0059433267
0.0059051034
0.0060823285
0.0059478288
0.0060700956
0.006027857
0.0057876743
0.0057067894
0.006072555
0.005926414
0.005706078
0.0056327996
0.0058194473
0.0056722728
0.005712727
0.005712278
0.005467462
0.0053926627
0.0057892217
0.0056946888
0.0053457245
0.005406396
0.0053454363
0.005297395
0.005425407
0.005232615
0.0055588596
0.005435724
0.0051962263
0.005146626
0.005043523
0.00489685
0.0052822195
0.005126042
0.005012563
0.0050184964
0.0048642266
0.004822805
0.004978277
0.004815636
0.005059688
0.005040691
0.004683467
0.004729421
0.004605362
0.0045809015
0.004568026
0.0043718647
0.0048581953
0.0045707435
0.0047447695
0.004731148
0.0044291117
0.004669106
0.0043457053
0.0046395627
0.0044913027
0.0042324015
0.0045459266
0.0042568925
0.004357357
0.0042555514
0.0042168014
0.004114521
0.0045183543
0.0042890203
0.0043833856
0.0043386538
0.004221529
0.0041759084
0.004209548
0.004080337
0.0042309803
0.004059372
0.004282482
0.0041845534
0.003993701
0.0039583645
0.0039795027
0.0038303921
0.0042870366
0.004290225
0.0037159931
0.0038278832
0.0037220155
0.0036936689
0.0038030138
0.003522235
0.004741803
0.0045726798
0.0041970233
0.0040660803
0.0037254998
0.0037834176
0.0038014806
0.0035772708
0.003999654
0.0038834626
0.004036302
0.00412935
0.0035452612
0.0038712642
0.003611266
0.003818189
0.0036080622
0.0036298614
0.0036810327
0.0035124095
0.0035179101
0.0033763368
0.0033881005
0.0034890876
0.0033867974
0.0035567414
0.0033654447
0.003635523
0.0037366543
0.003195261
0.0038201876
0.003698866
0.0034308033
0.0037068364
0.0033150546
0.0033678047
0.003215321
0.0034113594
0.0033613227
0.0033338957
0.0035166815
0.0031446535
0.003590218
0.0034851606
0.0032148852
0.003491516
0.0033539787
0.0030484938
0.0038783727
0.0036680766
0.0031001053
0.0032833416
0.002977113
0.003394184
0.003047647
0.003084951
0.0031463534
0.0029649504
0.0031813846
0.0029944412
0.0035239577
0.003375699
0.0030028976
0.002959044
0.003048082
0.002939069
0.0033287613
0.0032805342
0.0031774126
0.0031625724
0.0030127119
0.002899032
0.0030022413
0.0028411688
0.00306839
0.0027715086
0.003729163
0.00381478
0.002728217
0.0035202291
0.0037645225
0.0035501576
0.0031771164
0.003113141
0.0031788265
0.003300381
0.003137145
0.0030997314
0.0030200377
0.0030057274
0.00294147
0.0028914697
0.0027639847
0.0030588896
0.0030590745
0.0029646307
0.0029797228
0.002945253
0.0027918888
0.0029571864
0.002862482
0.0028968032
0.0031750028
0.00286641
0.0028485432
0.003043433
0.0026802944
0.0030785613
0.0032280597
0.0028638116
0.0030197052
0.0031862399
0.0028794017
0.003019688
0.0031660397
0.0026886102
0.0032683027
0.0036767542
0.003415794
0.0029261045
0.0038107194
0.0040267226
0.0030903686
0.0027527816
0.003231258
0.0033271387
0.0030180577
0.0027577307
0.0034840459
0.0036641962
0.0027006424
0.0025608644
0.0031570457
0.0030521692
0.0028921154
0.002871409
0.0029205054
0.002817455
0.002685147
0.0026333996
0.0030384555
0.0029809102
0.0024893854
0.0026995454
0.0027191972
0.0025019739
0.0028566003
0.0028584886
0.0027695552
0.0027800854
0.002521344
0.0026781547
0.0025683779
0.0025407635
0.0026787901
0.002705437
0.0025924288
0.0027158146
0.002706007
0.0025977448
0.0027147199
0.0025595136
0.0027316036
0.002566166
0.002577672
0.002488779
0.0024734808
0.0023477054
0.0027456395
0.002571884
0.0024553896
0.0024331608
0.0024586183
0.0023427615
0.0026008703
0.0025436087
0.002309072
0.0022979903
0.0024220448
0.002294787
0.002589739
0.002531836
0.0023066148
0.002329047
0.0023936825
0.0023299213
0.0024674467
0.0024143846
0.0024153714
0.0024601035
0.002285822
0.0023551953
0.0022396238
0.0023935798
0.002059585
0.0033686839
0.0032891121
0.0023170616
0.0027510084
0.0025994445
0.0022695037
0.0025794113
0.0024019103
0.0022953642
0.002282359
0.0022888381
0.0022705735
0.002414331
0.002439629
0.002334191
0.0023258736
