0.28770432
0.04851748
0.048611954
0.068893515
0.04941879
0.028858975
0.023491874
0.034022804
0.03270568
0.023493389
0.022439465
0.024891218
0.025870293
0.023017898
0.020589447
0.021883095
0.022061924
0.020668216
0.021380885
0.022163277
0.02171583
0.020426065
0.023020053
0.02500692
0.023938261
0.022850828
0.021274298
0.020915562
0.021771237
0.021192575
0.02055811
0.020855285
0.021230148
0.020872092
0.020309737
0.022128902
0.022587558
0.020958036
0.021921173
0.022855962
0.021246957
0.0209566
0.021381134
0.020453252
0.021274885
0.022144109
0.021060219
0.020721158
0.021048954
0.020497322
0.021161726
0.021412397
0.020430785
0.021120297
0.02190735
0.020933231
0.020391902
0.020788696
0.02038023
0.020849133
0.021153644
0.020533964
0.020635203
0.020969117
0.02047555
0.020532811
0.020770598
0.020298233
0.020783775
0.021278948
0.020664701
0.020274363
0.020428404
0.02021812
0.02080311
0.0208152
0.020575972
0.020314418
0.02091183
0.020938775
0.020332994
0.02033825
0.020635044
0.020477833
0.02041188
0.020382429
0.020599525
0.02042039
0.0204707
0.02048818
0.020313097
0.02025026
0.020618344
0.020551674
0.020201204
0.020174483
0.020569028
0.020445317
0.020292832
0.020263696
0.020344168
0.020271007
0.020352
0.020316944
0.020269195
0.020219507
0.020328667
0.020287653
0.020213703
0.02016727
0.020331584
0.020270336
0.020192234
0.020146415
0.020299248
0.020237556
0.020166425
0.020130062
0.020251645
0.020208059
0.02013921
0.020107385
0.020202415
0.020157052
0.020114882
0.020076774
0.02017817
0.020130927
0.020085812
0.020048542
0.020144166
0.020102179
0.020052815
0.02001963
0.020111464
0.020071395
0.020022525
0.019991565
0.020072808
0.020033205
0.019996025
0.019963289
0.020039888
0.019996857
0.019969318
0.019935226
0.020002505
0.019966127
0.019935632
0.019904042
0.019964328
0.019927232
0.01990073
0.019868618
0.01992155
0.019886425
0.019857781
0.019826319
0.019873472
0.019839501
0.019809537
0.019776039
0.019818543
0.019776098
0.01975496
0.01971352
0.019751413
0.01970947
0.019673621
0.019629477
0.019694658
0.01962726
0.019646956
0.019587288
0.019609692
0.019567147
0.019525543
0.019482903
0.019566132
0.019538688
0.019421175
0.019398414
0.019536903
0.01952173
0.019418329
0.019351559
0.019479869
0.01937033
0.019357143
0.019320412
0.019333381
0.019295355
0.01926933
0.019242631
0.01925194
0.019202152
0.01924214
0.019168697
0.019195085
0.019157832
0.019123573
0.019086182
0.019078491
0.019036973
0.019028319
0.018969456
0.019021807
0.018959103
0.01888523
0.018834628
0.018875703
0.018816533
0.018710682
0.018640228
0.01867657
0.018572291
0.01845771
0.018313674
0.018206602
0.01803854
0.017956184
0.017735558
0.017215172
0.016929137
0.016872102
0.016709087
0.016545014
0.016437529
0.016876135
0.0165435
0.017086623
0.017092181
0.016194815
0.01601865
0.016299866
0.01592463
0.016421752
0.016677393
0.015974764
0.016326109
0.01625708
0.016188793
0.015873654
0.015709715
0.015814764
0.015762262
0.015492976
0.015296969
0.015286264
0.015509222
0.015168324
0.01564678
0.015673647
0.014945698
0.015284509
0.015270268
0.015246637
0.014933647
0.015325741
0.015347395
0.015133728
0.014914771
0.014797191
0.014865794
0.014773008
0.014572404
0.014967152
0.014783014
0.014749996
0.014699131
0.014557277
0.014445287
0.014632779
0.014559741
0.014458787
0.014400299
0.014468419
0.014373493
0.014409232
0.0143871335
0.014258469
0.01418643
0.014446828
0.014351877
0.014156845
0.01411707
0.014255439
0.014169025
0.014157427
0.014103218
0.014085407
0.014034603
0.014080471
0.014019788
0.014054625
0.013998198
0.013962555
0.013897818
0.01403344
0.013989318
0.013861113
0.013816193
0.013978991
0.013916857
0.013782139
0.013738458
0.013934757
0.013874487
0.013717157
0.013662809
0.01392474
0.01385447
0.013645872
0.0136001045
0.013871071
0.013806636
0.013587906
0.013550696
0.013802198
0.013742101
0.013540062
0.013502094
0.013738838
0.013683159
0.01348908
0.013443802
0.0137152225
0.0136517165
0.013437174
0.013388138
0.0136742825
0.013594736
0.013391654
0.0133413775
0.013590691
0.013535303
0.0133044915
0.013271938
0.013489065
0.013425739
0.013265948
0.013213395
0.0134382965
0.013364606
0.013211788
0.013165615
0.013369798
0.013293013
0.013182628
0.013127205
0.013266425
0.013194551
0.013168086
0.013118084
0.013193374
0.013145231
0.013114276
0.013082109
0.013130273
0.01308392
0.013085268
0.013046965
0.013086255
0.013046886
0.013035503
0.012992674
0.013056773
0.013018701
0.012968086
0.012926442
0.013046197
0.012996007
0.012926787
0.012888945
0.013016899
0.012968205
0.012897264
0.012860958
0.012972091
0.012930791
0.012863484
0.012823388
0.012954996
0.012906854
0.012829449
0.012788239
0.012942538
0.012907162
0.012787159
0.012757007
0.012909704
0.012863956
0.012775685
0.012736008
0.012888394
0.012839985
0.012767809
0.0127364285
0.012818902
0.012761337
0.01279267
0.012738162
0.012776521
0.012709177
0.012802598
0.012752786
0.012707487
0.012665031
0.012786794
0.0127516715
0.012672377
0.012656114
0.012749667
0.012750913
0.012621649
0.012608163
0.012729597
0.012705225
0.0126207685
0.012596078
0.0127111925
0.012688871
0.012601773
0.012570453
0.012698233
0.012651687
0.012589878
0.012547226
0.012698566
0.012620255
0.012583167
0.0125360675
0.012630806
0.012539018
0.012596689
0.012542264
0.012568824
0.012537415
0.012547415
0.0125252195
0.012553933
0.012550662
0.012514166
0.012511189
0.012517328
0.012505294
0.012525302
0.012450918
0.012584667
0.012521687
0.012471612
0.012439124
0.012523885
0.012484305
0.012486226
0.012468734
0.0124839945
0.012404181
0.012573619
0.012505901
0.012389765
0.012346472
0.012548695
0.012486237
0.012379759
0.012360194
0.012479122
0.012433112
0.012418889
0.012376872
0.012430075
0.012392968
0.012392667
0.012379953
0.012370641
0.012342103
0.012419656
0.012402646
0.012326152
0.012304433
0.012410882
0.012374878
0.0123200705
0.012288357
0.012382361
0.012346427
0.0123158945
0.012289752
0.012354843
0.012317307
0.0123225795
0.012298152
0.012305133
0.012259312
0.012341194
0.012293648
0.012294474
0.0122546395
0.012328379
0.012303981
0.012253717
0.012235053
0.01230276
0.012265072
0.012253893
0.012219627
0.012278993
0.012240079
0.012238097
0.012204696
0.012263979
0.012224421
0.01222679
0.012194906
0.012246192
0.012217358
0.0122027425
0.012166786
0.012246627
0.012209237
0.012170203
0.012127598
0.012263495
0.012214611
0.012148898
0.012111166
0.0122583555
0.012220748
0.012119108
0.012090436
0.012252749
0.012218364
0.012090847
0.012069036
0.0122419
0.01219821
0.012085614
0.012063575
0.012208268
0.012154986
0.012102994
0.012073855
0.0121580735
0.012099463
0.012137223
0.012106705
0.012096833
0.012063931
0.012140155
0.012113837
0.0120554445
0.012020583
0.012154877
0.012108057
0.012040936
0.012000777
0.0121542895
0.0121066235
0.01202697
0.012011564
0.012106329
0.012076773
0.012027393
0.011998153
0.012072622
0.012022004
0.01203658
0.011995112
0.012052748
0.012005727
0.012056247
0.0120173665
0.012024589
0.011994302
0.012034421
0.011998241
0.012003834
0.011981912
0.012015291
0.011996195
0.011963659
0.011947113
0.011978927
0.011950545
0.011971536
0.011940704
0.011966459
0.011914618
0.012010555
0.011947201
0.0119502945
0.011911231
0.0119866915
0.011938541
0.011942469
0.011935204
0.011929904
0.0119157145
0.011959459
