0.2863665
0.053390663
0.06700157
0.043403592
0.023435568
0.028137987
0.026608013
0.02281786
0.023172282
0.023399869
0.02243764
0.021274276
0.021670504
0.021881318
0.020808047
0.02138707
0.021749556
0.021385595
0.020425178
0.021573478
0.021219345
0.02122435
0.020732695
0.020385206
0.020524802
0.020536928
0.020101078
0.0205956
0.020812513
0.020079749
0.02017133
0.0202442
0.020156544
0.020032022
0.019842463
0.02023949
0.019874038
0.02016815
0.020303942
0.019826822
0.020018166
0.0199776
0.019674119
0.019755162
0.019661829
0.019605884
0.01946372
0.019836968
0.019670153
0.019955797
0.019417373
0.019549726
0.019607535
0.019352268
0.019190514
0.01939483
0.019209644
0.01936303
0.019328447
0.018875657
0.01871228
0.019138902
0.019047856
0.01868975
0.018489793
0.018587852
0.018418552
0.018495291
0.018379467
0.017991183
0.01775048
0.01853238
0.018339558
0.017523149
0.017344112
0.017246632
0.016953254
0.017726801
0.01772765
0.016358148
0.019434497
0.021793371
0.019401478
0.016581729
0.018000023
0.01907028
0.018183554
0.018053377
0.017133674
0.016722979
0.016446153
0.016242418
0.016285365
0.016107159
0.015573703
0.015567268
0.01578405
0.015395298
0.015136898
0.015025072
0.015139277
0.014869402
0.0149986455
0.014808548
0.0145766735
0.014389095
0.014162183
0.013980024
0.014049086
0.013715342
0.013715659
0.013549288
0.013243258
0.01303056
0.013166825
0.012831382
0.012929921
0.012764524
0.0124765625
0.012390503
0.012223706
0.012022254
0.012527746
0.012424115
0.011766846
0.01167843
0.012195576
0.011938025
0.011936671
0.011926192
0.011506594
0.011438453
0.011823271
0.011698847
0.011674083
0.011567733
0.011497485
0.01116167
0.011664583
0.011448714
0.011229861
0.011143505
0.01145923
0.01137576
0.011039252
0.011034
0.011095896
0.01111187
0.010790747
0.010759038
0.010834794
0.010729178
0.010741931
0.010615704
0.010775205
0.010604757
0.01072022
0.010549557
0.010636912
0.010484078
0.01054021
0.0104212165
0.01055326
0.010490122
0.010288834
0.010159123
0.010434206
0.010267039
0.010176088
0.010018661
0.010416736
0.010272835
0.009971674
0.009859121
0.01027888
0.010172595
0.009756572
0.009693033
0.009989383
0.009895422
0.00964745
0.0096368445
0.009576501
0.009440869
0.009556611
0.009434919
0.009364538
0.009291456
0.009344537
0.009206977
0.009352091
0.009222527
0.009104119
0.009014976
0.0090503525
0.008964338
0.008957507
0.008957096
0.008780464
0.008792322
0.008768019
0.008666675
0.008750746
0.008683668
0.008549731
0.008482416
0.008482556
0.008370523
0.0084624
0.008390292
0.008231466
0.008150135
0.008321974
0.008234738
0.008133926
0.008088303
0.008135372
0.007956072
0.008318863
0.008063675
0.008134025
0.0081209615
0.007879515
0.0078584505
0.007813051
0.007677611
0.008006089
0.0079466365
0.007703498
0.007708456
0.007695732
0.0074950703
0.0076614316
0.007539687
0.007599236
0.0076772743
0.0074681924
0.0075950944
0.0071935863
0.008791272
0.008778931
0.0075348555
0.0077303587
0.0075214454
0.007456105
0.007592279
0.007412838
0.007545827
0.0076286183
0.00740808
0.0074044256
0.007272107
0.0070849154
0.007109815
0.0070918053
0.007172355
0.00709842
0.007193021
0.0071808076
0.006838575
0.006753169
0.0070304894
0.006975629
0.006765486
0.006697343
0.006904381
0.0067345616
0.0069580735
0.006916184
0.0065555684
0.0065308954
0.0068717175
0.0067946166
0.0066611147
0.006703052
0.00658836
0.006463246
0.006617684
0.0064940755
0.006560097
0.006483333
0.006497273
0.006304484
0.00662335
0.0063764905
0.00651769
0.006382032
0.0062914095
0.006119956
0.006566757
0.006336844
0.006228961
0.006100187
0.006394586
0.0063071772
0.006070724
0.006023325
0.006328638
0.006313551
0.0059519014
0.0059693903
0.0061642453
0.0061161057
0.0060082395
0.0059745833
0.0059808395
0.0059707672
0.0059043784
0.0059143375
0.0058713607
0.0058829114
0.005827363
0.0058430075
0.005743336
0.0057592243
0.005853047
0.0058088494
0.0057507907
0.005879663
0.005556634
0.005649989
0.0056490973
0.0056597344
0.0055524334
0.0055532358
0.0054404805
0.005395141
0.005496861
0.005391753
0.005515708
0.00549962
0.0053644017
0.005265623
0.0055343364
0.0053544505
0.005404461
0.005257033
0.005418708
0.0052384376
0.0054014497
0.005298101
0.0052795857
0.0051815514
0.005340978
0.005201378
0.00531051
0.005142218
0.0053002317
0.00514142
0.0052119344
0.005121821
0.0051738326
0.005122215
0.0050933086
0.005038139
0.0051097726
0.0050732316
0.004980536
0.0049418746
0.0051033236
0.0050492
0.004938752
0.0049255197
0.005063196
0.0049594236
0.0050427476
0.0050428035
0.004886893
0.004937513
0.0050153066
0.0050276252
0.004914886
0.0050730486
0.0048260842
0.0048566074
0.004916696
0.0048965043
0.004822504
0.004770246
0.004888911
0.004790053
0.004827902
0.004805605
0.0047568055
0.0046929982
0.0048939534
0.004851925
0.0046589295
0.004644248
0.0048337975
0.0046689757
0.004699835
0.004642186
0.004632391
0.00456378
0.0047222585
0.004665559
0.0046120663
0.0045368983
0.004691819
0.004549902
0.004677979
0.0045397575
0.0046344935
0.004559018
0.0046214503
0.004615404
0.0045109005
0.004536753
0.0045637707
0.0045705116
0.0045056753
0.004479633
0.004591478
0.0044480786
0.004681095
