0.28634608
0.05735722
0.0613374
0.035028275
0.025061347
0.026637202
0.021951566
0.026182026
0.02624529
0.020658275
0.026341429
0.031063886
0.026259726
0.021091038
0.022427976
0.024187654
0.023094416
0.021415299
0.020681629
0.021221027
0.021819472
0.020644382
0.019822268
0.020291083
0.019838061
0.020148879
0.02032542
0.02014633
0.019775134
0.019782959
0.019732453
0.019591393
0.01982036
0.019753635
0.01947367
0.020165868
0.020179873
0.020283977
0.019685863
0.020199217
0.020313432
0.02005672
0.020013066
0.019368092
0.019696623
0.019842656
0.01958966
0.019543784
0.019450536
0.019837549
0.019517535
0.01969816
0.01985326
0.01962054
0.019524788
0.019565597
0.019494591
0.01943378
0.019358581
0.01936178
0.019342361
0.019370893
0.019398129
0.019133905
0.019708896
0.019422164
0.019426083
0.019450936
0.019274123
0.019222151
0.019258715
0.019193321
0.01908979
0.019035175
0.019162195
0.019088287
0.01905492
0.018998401
0.01905444
0.018928679
0.019061567
0.018944392
0.0189112
0.018754726
0.018989412
0.018833892
0.018746922
0.018580036
0.018837055
0.01878164
0.01831257
0.018132446
0.018536115
0.018256234
0.01761361
0.017280547
0.017176861
0.016884664
0.016440025
0.017239155
0.016910873
0.017302861
0.017227704
0.016431253
0.016681552
0.016450616
0.015904961
0.016351307
0.015897986
0.01628482
0.016121129
0.01564061
0.015086338
0.014865133
0.014885782
0.014634196
0.014436948
0.014371724
0.014016867
0.014328282
0.014497696
0.01384979
0.013733829
0.013555504
0.0130946115
0.013073136
0.012616064
0.013672943
0.014170308
0.013107526
0.012291447
0.013014868
0.012933902
0.012539029
0.012677747
0.012674508
0.012192841
0.01191551
0.012292069
0.012057185
0.011634345
0.011832885
0.011775844
0.011537317
0.011605256
0.0113885375
0.011525537
0.011618246
0.011310059
0.011404592
0.011434719
0.011277278
0.01123467
0.011114755
0.011112829
0.0112029435
0.01095494
0.011175438
0.011330194
0.011072386
0.011075683
0.010922607
0.011038162
0.011043378
0.0108578615
0.0117297
0.011862206
0.0110489875
0.011083464
0.011066
0.011058872
0.0106348945
0.010692892
0.010846511
0.010690079
0.010542601
0.010769185
0.010769539
0.010538228
0.0105836475
0.010843535
0.010673205
0.010535686
0.010547462
0.010692139
0.010553253
0.010407058
0.010656512
0.010624505
0.010416669
0.010944498
0.01080139
0.010818413
0.010832436
0.01071578
0.010412692
0.010866858
0.010748289
0.010985437
0.011054953
0.010672673
0.010401756
0.010570255
0.01062838
0.010406972
0.010433346
0.010414904
0.010213313
0.010435094
0.010460697
0.01055143
0.010380462
0.010434009
0.01018337
0.010558772
0.010683405
0.010240402
0.010238017
0.010223209
0.01004459
0.010105322
0.0100934645
0.010069673
0.010087811
0.0100535
0.009845701
0.010193377
0.010071069
0.010005756
0.009974082
0.0098891435
0.009783135
0.009976155
0.009822239
0.0100445
0.01004497
0.009688962
0.009763167
0.00968272
0.009714317
0.009628503
0.009636541
0.009605123
0.009526901
0.009553974
0.009512341
0.009424565
0.009467189
0.009391063
0.009473474
0.009299221
0.009577037
0.009467623
0.009308786
0.009365494
0.009227186
0.009274279
0.0092581
0.009179354
0.00920209
0.009131795
0.009043996
0.009116484
0.009028061
0.009063748
0.0090348
0.008925869
0.009061799
0.008835646
0.008860156
0.008796646
0.008693829
0.008717288
0.008719117
0.008591742
0.008610041
0.008558852
0.008462625
0.008564153
0.008330718
0.008714982
0.008788862
0.008653295
0.008299691
0.008849421
0.008827761
0.008252238
0.008144786
0.008305699
0.0082039
0.008141314
0.007985904
0.008227144
0.008035113
0.008002925
0.007907643
0.007864338
0.00780309
0.0077880807
0.007701023
0.0075702765
0.007387567
0.007912335
0.007736811
0.007291522
0.0072466917
0.007371305
0.007116586
0.0074614882
0.0074094236
0.006920714
0.006835243
0.007306233
0.007157812
0.006849952
0.0069176294
0.00670269
0.006563971
0.006698054
0.0064896415
0.0068215616
0.006676374
0.006433101
0.006286602
0.0065673604
0.006322228
0.006394276
0.0062846937
0.006479297
0.0062930807
0.0060201883
0.0060720886
0.0059847473
0.006165912
0.0059249415
0.0058510117
0.0060335365
0.005842984
0.005921385
0.0055681146
0.0055442527
0.005465802
0.0055309683
0.0051769414
0.0059126676
0.0058566206
0.005222796
0.0051518427
0.0053609274
0.0051912265
0.005405847
0.0053535537
0.005180652
0.005287752
0.004837913
0.004979087
0.0049737957
0.0050816047
0.0047467942
0.0049956017
0.0050149723
0.0051351306
0.005306214
0.005003485
0.0053471513
0.005164154
0.005111609
0.0049966904
0.0050004586
0.005117317
