0.2876124
0.046643328
0.071092464
0.10051861
0.06343093
0.027127415
0.02830346
0.04180759
0.04153256
0.029647937
0.021708583
0.024994105
0.030070508
0.028656289
0.02360935
0.020735815
0.02346035
0.024748392
0.023023203
0.020648384
0.021730235
0.023239829
0.022518858
0.020721717
0.020820504
0.021911817
0.021484012
0.020268625
0.020828364
0.021466864
0.021249214
0.020069567
0.020661492
0.021619758
0.021392196
0.020176245
0.020116976
0.02061032
0.020386752
0.019698283
0.020673769
0.020906633
0.020234795
0.019868322
0.01955557
0.020050677
0.019469945
0.01918192
0.018980684
0.018780187
0.018844878
0.018695235
0.018571068
0.018315032
0.018215569
0.017895771
0.017949553
0.01748858
0.017548047
0.017151035
0.01717432
0.016990332
0.016786166
0.016592829
0.016533663
0.016408088
0.0160837
0.01633065
0.0159047
0.016496731
0.016757213
0.016266935
0.015852377
0.016462015
0.016565053
0.015516791
0.016335236
0.017268166
0.016033614
0.015438583
0.0163169
0.016353287
0.015719155
0.0154904025
0.015952034
0.016093655
0.015194687
0.016307661
0.017405907
0.016692301
0.01570622
0.0152568715
0.016049871
0.015665611
0.015226077
0.015161439
0.01542038
0.015348342
0.015428242
0.015203901
0.015215765
0.015274078
0.014981781
0.014826897
0.015511806
0.015383218
0.014790647
0.014791474
0.015112542
0.014937796
0.014927253
0.014914668
0.014871282
0.014760956
0.015021607
0.014945626
0.014739399
0.014694833
0.014917138
0.014861028
0.014722199
0.014683447
0.014765997
0.014688976
0.014697622
0.014650047
0.014679775
0.014617029
0.0146525875
0.01459442
0.014605049
0.014519784
0.014655609
0.014590223
0.014487952
0.0144515745
0.014586321
0.014546044
0.014451866
0.014442193
0.014468171
0.014419101
0.014450048
0.014411266
0.014377172
0.014332629
0.0144031
0.014354761
0.014314101
0.014269928
0.014355761
0.014313773
0.0142423
0.0142023945
0.014322154
0.014289092
0.014156602
0.014129427
0.014272309
0.014222314
0.014107232
0.014072508
0.014224519
0.014182952
0.01404103
0.01400324
0.014191027
0.0141407
0.013983122
0.013939828
0.01417316
0.014134963
0.013909265
0.013897612
0.014065653
0.014007668
0.013917283
0.0139046395
0.013947365
0.013903991
0.013930902
0.013920903
0.013846707
0.013826224
0.013886589
0.013834544
0.013861078
0.013831732
0.013799544
0.013761607
0.013850256
0.0138189
0.013732713
0.013703708
0.013819131
0.013780666
0.013690229
0.013661429
0.013786892
0.013744769
0.013650209
0.013628043
0.013727688
0.01368859
0.013614524
0.013603543
0.013661217
0.013594721
0.0136559345
0.013620757
0.013544393
0.0135600045
0.0135847805
0.013476842
0.013758059
0.013734154
0.013456933
0.014086232
0.014149551
0.013445524
0.014106122
0.01447064
0.013813555
0.013681297
0.013934049
0.0137414485
0.013638376
0.0136538865
0.013504474
0.013577771
0.013543323
0.013419167
0.013438496
0.013387925
0.013330512
0.013462949
0.013414157
0.013272329
0.013262328
0.013329222
0.013310939
0.0133048175
0.013303076
0.013266367
0.013236013
0.01327005
0.013222836
0.013288069
0.013265048
0.013184011
0.013165895
0.013257153
0.013212882
0.013206504
0.013196793
0.013148504
0.013116863
0.013206796
0.013166997
0.013120095
0.013082239
0.013166738
0.0131164985
0.01310297
0.013081291
0.013106703
0.013088702
0.013074331
0.013066188
0.013052977
0.013026004
0.013078851
0.013041422
0.013025284
0.012980838
0.013073351
0.013033579
0.012971547
0.012939103
0.01305718
0.013034295
0.012916006
0.01290789
0.013034448
0.012978606
0.012933013
0.012906094
0.012922316
0.01287432
0.012957019
0.012948112
0.01284005
0.012836176
0.012950403
0.012852293
0.012900849
0.012850482
0.01284138
0.01279739
0.012910358
0.012917793
0.012750805
0.012819882
0.012761186
0.012698258
0.012913231
0.012858157
0.012758958
0.012836508
0.012699482
0.012801121
0.012619858
0.013052176
0.012888319
0.012842166
0.0129850255
0.012615646
0.012801054
0.0126599325
0.012810386
0.012714353
0.012749371
0.012654346
0.012803788
0.0128596565
0.01259238
0.012605023
0.012663168
0.01255317
0.012819606
0.012804993
0.012560542
0.012542337
0.012633407
0.012558217
0.012672995
0.01264672
0.012853891
0.012861591
0.012488495
0.012856312
0.013105168
0.012758913
0.012642059
0.012695081
0.012581716
0.012579318
0.012486902
0.012487762
0.0124236485
0.01231613
0.01235785
0.012263699
0.0124756945
0.012338555
0.012452361
0.012622754
0.012260978
0.012403448
0.012405083
0.012356639
0.012216461
0.012413527
0.012263435
0.012155163
0.012330093
0.011966333
0.012225025
0.01218724
0.011923018
0.011883247
0.011868731
0.0118045295
0.011786365
0.011765338
0.011657417
0.011570974
0.011754297
0.011597845
0.011505161
0.0114315525
0.011354736
0.011243452
0.011395437
0.011333092
0.01109149
0.011131596
0.0109904455
0.010926376
0.010870141
0.010901091
0.010649835
0.010901825
0.010799553
0.0105820745
0.0106502175
0.010441989
0.010463518
0.010266852
0.010616968
0.0104142325
0.010281991
0.010192134
0.010180195
0.010068351
0.010037399
0.009998938
0.009931381
0.009908994
0.009787738
0.009834078
0.009700042
0.009837541
0.009673948
0.009894042
0.009818088
0.009492629
0.009526613
0.009416225
0.009462061
0.009292966
0.009590652
0.009357899
0.009538858
0.009410123
0.009400456
0.009313497
0.009233673
0.009144585
0.009173057
0.009057025
0.009290203
0.009332717
0.009018466
0.009234176
0.0089745335
0.0089903865
0.008990471
0.008887279
0.009069398
0.009024871
0.008744582
0.0086780405
0.0088419095
0.008664347
0.008701895
0.008679446
0.008706006
0.008488504
0.008891658
0.008789301
0.0083872825
0.008719669
0.008631796
0.008430923
0.008221439
0.0083581535
0.0087084705
0.008232682
0.008737298
0.008353203
0.009269896
0.009494058
0.008253583
0.009593698
0.010183138
0.009127693
0.00898841
0.009196658
0.009055921
0.008629725
0.008758866
0.008934683
0.00820028
0.008810869
0.009309345
0.008730412
0.008376607
0.008952343
0.00842689
0.008530587
0.008410561
0.008391362
0.008238345
0.008327755
0.008193371
0.008490358
0.008350439
0.008344316
0.008121653
0.00800933
0.008471985
0.008058425
0.008462226
0.008205325
0.008222322
0.00815447
0.0081423195
0.00813954
0.008115792
0.008384303
0.008204647
0.008170278
0.008275793
0.0082911765
0.008489336
0.007955947
0.008164548
0.007815621
0.008321166
0.007803676
0.008491275
0.008523997
0.007939073
0.008114291
0.007887418
0.007957013
0.007826231
0.00815812
0.008124275
0.008009636
0.008367415
0.00794911
