0.28935874
0.06074797
0.03590491
0.05488288
0.040062204
0.023537844
0.029293334
0.03647506
0.033308543
0.025121152
0.022530252
0.025407778
0.026104607
0.023122737
0.022051098
0.023051722
0.02313506
0.021863937
0.02180854
0.022446482
0.021773314
0.020878494
0.021149328
0.020752227
0.02039962
0.020392373
0.019994823
0.020153848
0.020177903
0.019677296
0.020245923
0.020377973
0.020017058
0.019759933
0.020553896
0.020281155
0.019464865
0.019681579
0.019444214
0.019483974
0.019516353
0.019331507
0.019262075
0.019338291
0.019203864
0.019161116
0.019115718
0.018966535
0.018866248
0.018979589
0.018775806
0.018959293
0.018769505
0.018723616
0.018626723
0.018564602
0.018433206
0.018559908
0.018417882
0.018323965
0.018236302
0.018229112
0.018114952
0.018114649
0.018008549
0.017951285
0.017875908
0.017870301
0.017805122
0.017746286
0.017660225
0.017643658
0.017539391
0.017535325
0.017420543
0.017419646
0.017324036
0.017224014
0.017132083
0.017260974
0.017188752
0.016985523
0.017041646
0.016944276
0.016790152
0.016924316
0.016789643
0.016972037
0.016914718
0.016630962
0.016821226
0.01683346
0.016570644
0.016721463
0.01710421
0.016592367
0.017212262
0.017491607
0.017424174
0.016614294
0.01715449
0.017439252
0.017307838
0.01695009
0.016430823
0.016427038
0.016367897
0.016611684
0.016507164
0.01643903
0.016417941
0.016261132
0.016422197
0.016356112
0.016572205
0.01610495
0.017208608
0.017625615
0.016229138
0.01804128
0.01924684
0.016963342
0.016628554
0.017771529
0.016357427
0.017319063
0.018058935
0.016226986
0.016408011
0.017122945
0.01607574
0.017025826
0.01801287
0.016516909
0.016269187
0.016961688
0.016006077
0.016289333
0.01666115
0.015585855
0.017225208
0.01846875
0.016641198
0.016962862
0.017436001
0.015768576
0.016148852
0.016386425
0.015904514
0.015915256
0.015931332
0.015740188
0.0155467475
0.015399073
0.015359339
0.0152559625
0.015267787
0.015122711
0.0152290175
0.015063204
0.015255134
0.015208063
0.014896281
0.014776024
0.014722188
0.014515534
0.015328643
0.015194734
0.0144361975
0.014601777
0.014449249
0.014278988
0.014421401
0.01415297
0.014493042
0.014466298
0.013847962
0.0140769845
0.013739753
0.014122248
0.013899144
0.013882135
0.0138038555
0.013559711
0.013592914
0.013336975
0.013644855
0.013283362
0.013529114
0.013637063
0.01305005
0.013150893
0.013015139
0.013006325
0.012763239
0.012920237
0.012664664
0.013208121
0.013227726
0.012766098
0.012590754
0.012779129
0.012560246
0.012753162
0.012504692
0.012588034
0.01251644
0.012254103
0.012182086
0.012285954
0.012113591
0.012370683
0.012325406
0.012125443
0.01207425
0.012036085
0.0118392175
0.012130233
0.0118099945
0.012184764
0.01218028
0.011573183
0.011578076
0.011734559
0.011468727
0.012345274
0.012267061
0.011479008
0.012020454
0.012311886
0.01201035
0.01155121
0.011488865
0.011535098
0.011325258
0.011271872
0.011337328
0.011198811
0.011376768
0.0114650205
0.010981505
0.011136002
0.010949534
0.011234887
0.011096753
0.010906688
0.01090742
0.010701921
0.010869242
0.010693313
0.011061937
0.0109569775
0.010638262
0.010410347
0.011170057
0.011246841
0.010421758
0.01057823
0.010530113
0.010395779
0.01028274
0.010272968
0.01023184
0.010327663
0.010223724
0.010113689
0.0100906
0.009991067
0.009831606
0.010152704
0.009932816
0.010185008
0.010124716
0.009861345
0.009797377
0.009946892
0.009853368
0.009720835
0.009690079
0.009688683
0.009539347
0.009814817
0.0096502
0.009478782
0.009399231
0.009693355
0.009697941
0.009327967
0.009307091
0.009424598
0.009217936
0.009580759
0.009548505
0.009135519
0.00908081
0.0094164135
0.009178012
0.009342638
0.009340043
0.009006898
0.00897095
0.009241433
0.009065562
0.009143595
0.0090336865
0.008919295
0.008786175
0.009241055
0.009152137
0.008743527
0.008691915
0.008942049
0.00878185
0.0088240905
0.008765542
0.008660316
0.008527058
0.00894907
0.008905405
0.00847263
0.008441045
0.0086965645
0.008562404
0.008494281
0.008419636
0.008481484
0.008329098
0.0085920915
0.008481522
0.008297603
0.008240914
0.008415901
0.008334101
0.008231829
0.0081593245
0.008353212
0.008158097
0.008241597
0.00812143
0.008150871
0.00804706
0.008072681
0.007987692
0.007994506
0.007865738
0.008087795
0.008015164
0.007816228
0.0077485456
0.007990069
0.007862144
0.007828917
0.007817589
0.0077035786
0.007576335
0.007946095
0.007931748
0.007504523
0.0075517297
0.0075424775
0.0073877773
0.00806783
0.0079655945
0.0072946497
0.007389867
0.0073311212
0.0071653
0.0075645545
0.0075448356
0.007427933
0.007275378
0.0074355504
0.007434372
0.0070134457
0.0072195507
0.007199099
0.0070934384
0.0075728763
0.007669671
0.007364217
0.007255918
0.007329458
0.0070649185
0.007054768
0.00691019
0.007002356
0.0067592356
0.0071895183
0.007120287
0.007517472
0.0077755637
0.007377544
0.0070955674
0.0074164234
0.0070534362
0.0075600706
0.0077299215
0.0070187324
0.006776614
0.007129226
0.0069616116
0.0070502125
0.0068034283
0.0075243576
0.007156752
0.0067516505
0.0067928093
0.0064634983
0.0062534637
0.006774088
0.006864523
0.007298596
0.007012617
0.007151134
0.00676797
0.006691594
0.0067288675
0.006373402
0.0062915706
0.006425301
0.006189022
0.006867845
0.0068885745
0.0061121173
0.006002501
0.006468617
0.0062101805
0.006722419
0.0067684497
0.0059344075
0.0059022433
0.0060971635
0.0057733967
0.006808667
0.006683544
0.0058031324
0.005874961
0.005870988
0.0056508197
0.0064480067
0.006553237
0.0060723014
0.0060902336
0.005928805
0.0059196823
0.005606726
0.0061418395
0.006219397
0.0058954568
0.0058833226
