0.28632566
0.045244396
0.0782023
0.110579096
0.06815202
0.027960643
0.027574113
0.04332918
0.042216484
0.02802577
0.020654013
0.025284937
0.029441288
0.025470944
0.020368794
0.021618282
0.024762012
0.02365394
0.020274503
0.020425087
0.022452274
0.02191477
0.019816173
0.020113846
0.021396494
0.020783098
0.019436426
0.020602785
0.021944866
0.021885289
0.020103037
0.019583805
0.020046221
0.020652225
0.019704679
0.01951158
0.019562788
0.020597937
0.019850453
0.019339217
0.019063985
0.019479936
0.019341452
0.01895917
0.018641349
0.019231195
0.01927837
0.018548457
0.018337682
0.018255921
0.01814524
0.017877284
0.017549148
0.017827787
0.017264467
0.018166581
0.018253984
0.016944626
0.018814893
0.02019927
0.018180313
0.016830212
0.017832382
0.017605169
0.01659571
0.017201802
0.017014626
0.016486488
0.016721172
0.016266523
0.017512463
0.01801742
0.016775189
0.016373996
0.017078308
0.016397245
0.016050925
0.01626032
0.015838755
0.015959863
0.015889296
0.015554315
0.015602376
0.015480258
0.015474441
0.0152254
0.015604495
0.015202299
0.01616536
0.015967757
0.015527067
0.01560681
0.015539442
0.015350018
0.015074219
0.014973541
0.015342806
0.015236218
0.015061903
0.015093868
0.015120345
0.014871889
0.0151327
0.014837117
0.015326635
0.01514092
0.015168528
0.014911997
0.015460141
0.015500854
0.014689967
0.01483002
0.014823154
0.014703233
0.01460962
0.015114465
0.014874657
0.015021135
0.015008916
0.014805101
0.014743778
0.014813606
0.014713313
0.014765691
0.014666813
0.014819528
0.014694326
0.014817457
0.014789805
0.014593038
0.014541574
0.014754444
0.0146179395
0.01467904
0.014653474
0.014542628
0.014497359
0.014652926
0.014584261
0.014524481
0.014483337
0.014532667
0.014447921
0.014559333
0.014478538
0.014509489
0.01445978
0.014467314
0.014415395
0.014493454
0.014432106
0.01443454
0.014382221
0.014401046
0.014330849
0.014435239
0.0144223645
0.014257715
0.014322571
0.0142361075
0.014288745
0.014191492
0.0143115595
0.014196143
0.014302339
0.014303155
0.014150396
0.014175474
0.014107239
0.014122062
0.014005641
0.014376901
0.014326982
0.013989405
0.014033999
0.014006066
0.0140011795
0.01388822
0.014460944
0.014482957
0.013952203
0.014121371
0.014129945
0.014038883
0.014044066
0.013924715
0.013934034
0.0138542205
0.013967094
0.013846557
0.01398176
0.013933306
0.013809995
0.013863164
0.013794613
0.013708164
0.013810512
0.013665072
0.013844565
0.013849164
0.013510128
0.013500449
0.01351738
0.013441603
0.013420136
0.013323467
0.013613197
0.013623091
0.013222341
0.013555874
0.013593644
0.013240971
0.013191468
0.013317713
0.013076077
0.013415745
0.01351815
0.0134003535
0.013037689
0.01358828
0.0137445405
0.01340069
0.01321647
0.012928384
0.012981017
0.013125139
0.012987626
0.013173285
0.013255837
0.012827658
0.012799741
0.0129311355
0.012853024
0.012913694
0.012871765
0.012885316
0.012821689
0.012786242
0.012728427
0.012814216
0.012730248
0.012792627
0.01273417
0.012758735
0.01272178
0.012666744
0.0126571655
0.012656574
0.0125921285
0.01269526
0.012667802
0.012568769
0.012513728
0.012691125
0.012631421
0.012532431
0.012447077
0.012743198
0.012680716
0.0124473395
0.0123992385
0.0126968175
0.0126295285
0.012412052
0.012352574
0.012697143
0.012671071
0.012337681
0.012307168
0.012572154
0.012511753
0.012406173
0.012287207
0.012559593
0.012564416
0.012340943
0.012275514
0.012343392
0.012298919
0.012508388
0.012319247
0.012324055
0.01227994
0.012368026
0.012257926
0.012265082
0.012158674
0.012440159
0.012280129
0.012236744
0.012194969
0.012234084
0.012168168
0.012213689
0.012147337
0.012228585
0.012176719
0.012150369
0.012139879
0.012086667
0.012060121
0.012123831
0.012078491
0.012060553
0.012029216
0.012052231
0.012023225
0.011984732
0.0119455755
0.01201227
0.011951896
0.01197622
0.011917147
0.011946645
0.011888765
0.011912122
0.011842889
0.011907522
0.011831713
0.011874825
0.011798866
0.011848205
0.011767592
0.011824508
0.011738454
0.0117893955
0.011691116
0.011800703
0.01168739
0.011729541
0.011618947
0.011765459
0.011647124
0.0116569
0.011556623
0.01167421
0.011561426
0.0116033675
0.011527181
0.011573747
0.011513746
0.01151373
0.011463235
0.011500157
0.011454294
0.011436124
0.011395798
0.01142889
0.011390421
0.011358739
0.011318043
0.01135942
0.011292453
0.011327214
0.011282682
0.011249105
0.011189547
0.011294306
0.011241454
0.011165425
0.011112462
0.011240333
0.011191259
0.0110887075
0.011054474
0.011181109
0.011116643
0.011033268
0.010977899
0.011135767
0.011112063
0.010922916
0.010931152
0.011263584
0.011155921
0.010913721
0.012104589
0.011872266
0.011068572
0.011080738
0.011304569
0.010847792
0.011731826
0.011458061
0.011305002
0.011096231
0.011372994
0.011269317
0.011069304
0.011218064
0.011029872
0.011084236
0.010968514
0.011072795
0.01075257
0.010801296
0.0108364215
0.010720794
0.011019603
0.010853975
0.011136769
0.010768031
0.011146481
0.011094964
0.010721591
0.010693717
0.010912393
0.0107447915
0.010969716
0.010949998
0.010665183
0.010585493
0.010703237
0.010501533
0.010762361
0.010660976
0.010650479
0.010589902
0.010578486
0.010467044
0.010649703
0.010603498
0.010477
0.010475181
0.010616146
0.010478054
0.010745841
0.010749596
0.010379093
0.010760404
0.0107919155
0.0103323655
0.010398415
0.010401507
0.010299589
0.010364343
0.010378885
0.010212914
0.010212415
0.010442287
0.010265763
0.010271159
0.010243815
0.010159186
0.01017516
0.0101724565
0.010012084
0.010198564
0.010074901
0.010261331
0.0103426585
0.00998314
0.010560145
0.010350416
0.009985881
0.010423679
0.0102855405
0.0101098195
0.010040979
0.010410604
