0.2889298
0.061199624
0.07052194
0.038781516
0.025882207
0.026934773
0.022456488
0.027075224
0.02564617
0.021654254
0.025521463
0.02550982
0.021474177
0.027220482
0.032123588
0.028247228
0.022695938
0.023182357
0.025117362
0.024470793
0.022904193
0.021520123
0.02205726
0.022518536
0.02186451
0.02102641
0.020847075
0.021476038
0.020572046
0.020649897
0.02107808
0.02072583
0.020135762
0.020996923
0.020675352
0.020240808
0.020217152
0.020311529
0.020134546
0.020154158
0.020123547
0.019923052
0.01984168
0.019925764
0.0196975
0.019970207
0.019887887
0.01935164
0.019291531
0.019172804
0.018881284
0.019026743
0.018629776
0.01889149
0.018773308
0.018038196
0.017949076
0.017761895
0.01777789
0.017233657
0.017537294
0.017488405
0.016651167
0.01655416
0.016420653
0.015688164
0.01568511
0.015004124
0.01573454
0.015734514
0.014092338
0.015043865
0.016003987
0.014726284
0.013512085
0.014258648
0.014120626
0.013584574
0.013577635
0.01339474
0.013193962
0.012964525
0.012476736
0.012870497
0.012815561
0.012186429
0.012547075
0.012430706
0.012548444
0.012102601
0.011986971
0.012130843
0.011701419
0.011999433
0.011326928
0.0138915675
0.012975532
0.011395678
0.011705088
0.011497212
0.011296927
0.011258216
0.011159095
0.010856618
0.01071168
0.010818099
0.010534801
0.010551636
0.010427051
0.010175188
0.010500714
0.0102141425
0.010521173
0.010667816
0.009912108
0.0109112775
0.011284807
0.010289251
0.010140402
0.010209345
0.010121959
0.0098870555
0.009712783
0.009726779
0.009474096
0.009449116
0.0092312815
0.009165455
0.009088114
0.009132945
0.008946846
0.008802936
0.008782284
0.008665663
0.0085935695
0.008420931
0.008616283
0.008318253
0.008862173
0.008772008
0.008633615
0.008614484
0.00843463
0.008246167
0.0080863815
0.008050617
0.00802981
0.00790378
0.007734841
0.007933951
0.007850339
0.007558398
0.0077105127
0.00727139
0.007987406
0.007652841
0.007761231
0.0074131847
0.007694971
0.0071283467
0.0081017725
0.00790299
0.007151518
0.007713298
0.006903276
0.0074538277
0.007202946
0.007350191
0.007711537
0.0066913106
0.0072707213
0.0070691076
0.007134793
0.007599673
0.006614312
0.0073828786
0.0076011806
0.0069365944
0.0070226155
0.0066414163
0.0072547146
0.007653592
0.0063740984
0.0075159166
0.008725725
0.0070418767
0.0066986927
0.0079374835
0.006858392
0.006520594
0.007202132
0.006446665
0.006460273
0.0071804
0.0061337533
0.006701382
0.0077350675
0.006596264
0.0060457736
0.006817439
0.0061412235
0.006251078
0.006854888
0.0059958287
0.006458385
0.007397546
0.006303174
0.0060553798
0.0068610595
0.0063338256
0.005788656
0.0063045486
0.0061152275
0.0055567524
0.005743901
0.0056822696
0.0054511228
0.0056656636
0.005566322
0.0053338036
0.0054120957
0.005224896
0.0056960755
0.0056408723
0.0055874237
0.005186468
0.0058217044
0.0055488944
0.0055284523
0.005440241
0.0053922446
0.0054405984
0.0051693046
0.005254404
0.0050604776
0.0049909144
0.005086676
0.004931616
0.00517989
0.005227145
0.0047899266
0.0048153116
0.0047546695
0.00463189
0.005004221
0.004596999
0.0054186382
0.005434867
0.0044797403
0.0052174428
0.004798621
0.0047656125
0.00477701
0.004479621
0.00456894
0.004398068
0.004444037
0.0043736086
0.004482079
0.0045179664
0.004251803
0.004441886
0.0040932423
0.0050119623
0.0046603493
0.0045359605
0.0046430123
0.0043414813
0.0043927827
0.0043182317
0.004270587
0.0041755987
0.0041434118
0.0040249936
0.003969781
0.0043837116
0.004103534
0.004268712
0.0042036185
0.0040808506
0.0039540417
0.0043329033
0.004203974
0.003908333
0.0038172684
0.004179518
0.0040856665
0.003948876
0.0038944061
0.0039499407
0.003955377
0.0039548357
0.003950969
0.003765079
0.0037438814
0.0038995089
0.0037987453
0.003837238
0.0038683463
0.0035754004
0.0037897576
0.0035466042
0.0036493475
0.0036132804
0.0035151632
0.0037601243
0.0036349038
0.0037370883
0.0036805894
0.0037468756
0.0038438458
0.0034683074
0.0036697444
0.0034239218
0.0034947463
0.0035103324
0.0033843878
0.0035954006
0.0035386158
0.003472435
0.0034378686
0.0035580052
0.0034808128
0.0036328163
0.0035546897
0.0033967134
0.0033533003
0.003396006
0.0031419757
0.0038223264
0.0039133644
0.0031464186
0.004352888
0.0039411965
0.0034924697
0.003766883
0.0033970866
0.0034716658
0.003400463
0.0032447942
0.0031997191
0.0034008045
0.003025533
0.003846917
0.0037429675
0.003143169
0.0037181962
0.0031800836
0.0041250917
0.004529687
0.0033603038
0.0036842339
0.0039492478
0.0032645345
0.0035353042
0.0035732638
0.0029359825
0.0033348894
0.0031544717
0.0030629367
0.0029906754
0.0032529088
0.0031662143
0.0029712946
0.0029382866
0.0031809106
0.003020256
0.0029775128
0.002959392
0.0028731723
0.0029254667
0.00282281
0.002978645
0.0027076507
0.0034005914
0.0032429297
0.0031824715
0.0031994374
0.0031491555
0.0030201273
0.0029301464
0.003094754
0.0029180895
0.0030359617
0.0031272592
0.0028016753
0.0029589275
0.003057164
0.002779701
0.002917271
0.00261902
0.003576039
0.0038818072
0.0032431993
0.0029573236
0.0033181955
0.003254898
0.0030610014
0.0028409853
0.0030735089
0.002989181
0.0027126682
0.002942045
0.0027471746
0.0026185887
0.0029616095
0.0026114725
0.003085347
0.003334773
0.003202257
0.002716845
0.0038045242
0.0039966754
0.002819394
0.0028376125
0.0030428795
0.0030342294
0.0025085073
0.003440059
0.0034219772
0.0028962754
0.002715137
0.002933506
0.002819444
0.0026219396
0.0024562327
0.0031283821
0.0028045631
0.0027775296
0.0028826229
0.0024756084
0.0027395135
0.0024287067
0.002448487
0.002380861
0.002452544
0.0024352854
0.002461537
0.0022802122
0.0028411623
0.0030437838
0.0024687226
0.0028082922
0.0026077144
0.0027193278
0.0028798133
0.0025745407
0.0024283275
0.0024984956
0.0022383437
0.002763667
0.0026261427
0.002398654
0.00279852
0.0028934225
0.0028172361
0.0024600544
0.0030986967
0.0028682966
0.0032110668
0.0031941186
0.002537708
0.0026580468
0.0024352667
0.002497113
0.0024741401
0.0023193911
0.002641144
0.0024831125
0.0029239915
0.0027972264
0.0025341304
0.0026232079
0.0023548552
0.0025065015
0.0022625623
0.0027956276
0.002659633
0.0024271184
