0.2871018
0.06291196
0.07024694
0.039732743
0.022395259
0.022624359
0.02317371
0.022192327
0.022569194
0.022032514
0.022342617
0.021623382
0.021687359
0.021461701
0.020751955
0.021401683
0.020413911
0.024227336
0.025304317
0.021150062
0.02230019
0.024497671
0.022046065
0.020420296
0.021371195
0.020824863
0.020370474
0.020590326
0.020286357
0.020216575
0.020273978
0.019877428
0.020163523
0.019831179
0.020200081
0.020140775
0.019608062
0.019846713
0.01959838
0.019680822
0.019565245
0.019407414
0.019461984
0.019141925
0.019242184
0.019040773
0.019009793
0.018927978
0.018799683
0.018754512
0.018695213
0.018527979
0.018525394
0.0183515
0.018250607
0.018191453
0.0179059
0.018170785
0.01767415
0.018022962
0.017617067
0.017895125
0.016956009
0.018010499
0.018370375
0.016366966
0.018095255
0.018161884
0.016879631
0.0169849
0.01590295
0.017284008
0.017952992
0.016313173
0.017454341
0.017974056
0.015868733
0.017585205
0.019828415
0.017419675
0.015439081
0.01599403
0.015478452
0.0161298
0.016412232
0.01515841
0.017055642
0.018719312
0.016982395
0.01542733
0.01587828
0.01557256
0.015651496
0.015494493
0.014961943
0.015075237
0.01494801
0.015046644
0.014633429
0.015676955
0.015957452
0.014676295
0.016072663
0.017639218
0.01615245
0.014717226
0.015200573
0.015058619
0.014971155
0.014897062
0.014403802
0.014914694
0.014853361
0.014417388
0.014371556
0.014259569
0.014228638
0.014091249
0.014036038
0.014153264
0.013987172
0.014344909
0.014450873
0.013896828
0.0140498085
0.014247634
0.013793047
0.01377881
0.013775918
0.013483097
0.013731174
0.013463142
0.013530276
0.01351292
0.01327382
0.013344438
0.013143785
0.013214189
0.013142739
0.012862764
0.012921959
0.012905172
0.012897506
0.01267489
0.01273381
0.012418508
0.012357571
0.012206268
0.012514706
0.012306373
0.012164582
0.012070469
0.012063049
0.011804814
0.012041411
0.011768759
0.01177258
0.012047958
0.011589564
0.011547543
0.011405624
0.011498585
0.0113817565
0.011137776
0.01132526
0.01091817
0.01115419
0.011301257
0.011080138
0.010769152
0.011320144
0.011219803
0.010686301
0.01082703
0.01105163
0.010663852
0.010876126
0.010640058
0.0105593605
0.010342219
0.010756704
0.010615665
0.010218126
0.010062459
0.010604399
0.01042607
0.010162582
0.010135233
0.010036942
0.009856831
0.010323393
0.010248449
0.009889567
0.00996954
0.009867524
0.009731562
0.010255327
0.010312508
0.0097001605
0.009787623
0.009773476
0.009534565
0.010256424
0.010242791
0.009540454
0.010499346
0.010529409
0.010206513
0.010006917
0.009959278
0.009832633
0.009853776
0.009853908
0.009587402
0.00946431
0.009647165
0.009447871
0.0093032
0.009296408
0.009068773
0.00912543
0.009205475
0.00910046
0.00899073
0.0088998005
0.008828074
0.008767777
0.008913907
0.008717815
0.008833936
0.0084992135
0.0083910115
0.008761577
0.008571382
0.008773872
0.008735287
0.008751952
0.00869679
0.008354894
0.008193341
0.008289241
0.008120884
0.008170253
0.008208763
0.008038039
0.008018547
0.007961821
0.008193319
0.007594804
0.008577113
0.008258202
0.0084972875
0.008611042
0.008066905
0.008199667
0.007945036
0.0079550445
0.007673482
0.007797276
0.007645221
0.0078107454
0.008048494
0.0077570113
0.0077721626
0.0077613057
0.007605119
0.007852562
0.007634117
0.007234167
0.0072996714
0.00724411
0.0070547126
0.007362901
0.007144051
0.0073802266
0.0074491985
0.0071674683
0.007184904
0.0071149706
0.0068971817
0.007071603
0.0070254304
0.0068103373
0.0070468877
0.006731661
0.0074266777
0.007570987
0.007049834
0.007088838
0.0072473665
0.0072366465
0.006798884
0.0068156407
0.0066321283
0.006643208
0.006429713
0.006721139
0.006408474
0.0068294466
0.0068050553
0.0065711755
0.006517434
0.0065426785
0.006514358
0.0063543203
0.0062508527
0.0063003884
0.006189145
0.0060907505
0.006105803
0.0061092284
0.006144538
0.005891741
0.006904336
0.0072702416
0.0062727877
0.006424725
0.0071272813
0.006476997
0.0059784553
0.0063993707
0.0060662795
0.006455214
0.006575145
0.0061087995
0.006186314
0.006296167
0.0060603656
0.005861564
0.005785568
0.0057822764
0.005683437
0.0058458354
0.005778695
0.0058398233
0.0056237504
0.0060051135
0.0058175907
0.0056548477
0.0056389645
0.005707378
0.0056552775
0.005566577
0.005602936
0.005502252
0.005433921
0.005541118
0.0054473523
0.0053679086
0.0053305193
0.0055024102
0.0054442915
0.005389405
0.0053404425
0.005416239
0.0052840137
0.0054304474
0.005413765
0.005229149
0.0053828894
0.0051122173
0.005165368
0.0052644406
0.0051068463
0.005506435
0.005471177
0.0049858135
0.005090073
0.0050062523
0.00499646
0.0049515334
0.0049382523
0.0048622848
0.0049633756
0.0048355884
0.005224941
0.005220037
0.00503397
0.0051407707
0.004970268
0.0048257853
0.004912736
0.0047232523
0.004839325
0.0047927382
0.0048773405
0.004805451
0.0051244805
0.0050098114
0.0048747244
0.0051274695
0.0047450233
0.005405964
0.0055040144
0.0047347494
0.005095551
0.0052817427
0.004660867
0.004946635
0.0047640004
0.004727708
0.0049227434
0.004654166
0.0047875545
0.0045471643
0.004691517
0.0047942833
0.0043911184
0.0046380307
0.0046403273
0.0043542013
0.0047227964
0.0045575155
0.004564076
0.004767697
0.004651559
0.0044661355
0.0047027627
0.004749038
0.0042972956
0.004509609
0.004260926
0.004310258
0.0044653825
0.0040849587
0.004747288
0.0047763027
0.004308775
0.004573994
0.0045037647
0.0041818437
0.004472304
0.004692134
0.0044238977
0.004067095
0.0048177126
0.0046904874
0.0041373824
0.0041379505
0.0041890168
0.0040687695
0.004376272
0.004501891
0.0041037826
0.0041010478
0.0040737577
0.0039904937
0.0041875485
0.004050898
0.004100881
0.0038393324
0.004374905
0.0041285027
0.004209052
0.004371628
0.003792933
0.0040853657
0.0037276652
0.004282035
0.0041304287
0.004111795
0.0042385864
0.004020465
0.004056851
0.003883783
0.004069165
0.0041437657
0.0037732052
0.0038699012
0.0037720546
0.0036753975
0.0037199303
0.0035795793
0.0036579622
0.0035996686
0.0036056081
0.0035616122
0.0035071743
0.0035526613
0.0034499827
0.0035711534
0.003504619
0.0034422723
0.0034869341
0.0034635246
0.00336383
0.003690352
0.0033822674
0.003514681
0.003350065
0.0037709472
0.0035202827
0.0037982722
0.003927594
0.0036405574
0.0035272213
0.0036427537
0.0033446262
0.003544703
