0.28837836
0.043198988
0.10571363
0.121987194
0.08442388
0.07473149
0.080716126
0.07813562
0.07247886
0.07841663
0.08425322
0.079796575
0.07345841
0.07379777
0.07657874
0.07666979
0.073600896
0.07196129
0.07275007
0.07195597
0.07194794
0.072197035
0.07144454
0.072598435
0.07327762
0.07225526
0.07116418
0.07308584
0.073100775
0.07134218
0.0725196
0.073007666
0.07182621
0.07198057
0.07182345
0.07118382
0.07214767
0.07090912
0.07239502
0.07322859
0.07182797
0.07119185
0.07179732
0.07152877
0.071317196
0.07134777
0.07104357
0.07134475
0.07135755
0.07081964
0.07146018
0.07173183
0.07094293
0.071317576
0.07194471
0.071265735
0.07084439
0.07113882
0.07092903
0.07087112
0.0709443
0.070798896
0.07078508
0.070764445
0.070712015
0.070673056
0.0706551
0.07057351
0.07057798
0.0704121
0.07031364
0.06997204
0.06944529
0.06948091
0.06942869
0.06918347
0.06909727
0.068653606
0.05722357
0.02942419
0.029433256
0.043972444
0.04018736
0.027189394
0.023129022
0.026004905
0.025276473
0.022812575
0.023320274
0.023997063
0.022157023
0.021470422
0.022327801
0.021513058
0.020464905
0.021000387
0.020745603
0.020057289
0.020259472
0.019788178
0.019467717
0.019785536
0.019510336
0.019139685
0.019118406
0.01919403
0.01915119
0.018907351
0.018960873
0.018770987
0.018801566
0.018772837
0.018513052
0.018503306
0.018311853
0.018639565
0.01860553
0.018169606
0.018332478
0.018159874
0.01813127
0.018015563
0.01790733
0.017854327
0.017750854
0.01770318
0.017601186
0.01755911
0.017501494
0.017433777
0.017397057
0.017324666
0.017329367
0.01724059
0.01726163
0.01720736
0.01715747
0.01713111
0.017157806
0.017076684
0.017192913
0.017007781
0.017352296
0.017469687
0.017140275
0.017135927
0.017366543
0.017204197
0.01705337
0.016952073
0.016906971
0.0169587
0.016854363
0.01687688
0.016833298
0.016684217
0.016887793
0.01711788
0.016744232
0.016546128
0.016603304
0.016730651
0.01643064
0.017759977
0.01812877
0.016639307
0.018046131
0.020045048
0.018090937
0.01632463
0.016518382
0.016242793
0.016208576
0.016146122
0.016540302
0.016178267
0.016903162
0.01715643
0.016137464
0.018066395
0.020198544
0.018238382
0.016023427
0.01832485
0.020746486
0.020148145
0.017434156
0.01613239
0.01696915
0.016640676
0.015992222
0.01615878
0.016025687
0.016207831
0.016204314
0.015718507
0.015811982
0.015761135
0.015616869
0.015921703
0.015923703
0.01614839
0.016099552
0.015502147
0.015354976
0.015988164
0.015975354
0.015655225
0.01547642
0.015268509
0.015149615
0.01580832
0.015794748
0.015079882
0.015032764
0.015238307
0.015244603
0.01522813
0.014938201
0.015380326
0.01555128
0.014918054
0.01510391
0.015084699
0.015533745
0.0156933
0.014989403
0.015604193
0.016018646
0.015182477
0.015821889
0.016303984
0.015174742
0.014874612
0.015256855
0.014638725
0.01490726
0.015226759
0.014546777
0.014973241
0.01575262
0.014732848
0.014340063
0.014657582
0.014052388
0.014497146
0.0149057135
0.014143717
0.0144417165
0.014788862
0.0139512
0.01421987
0.014854387
0.013986236
0.013798726
0.0141757475
0.013576985
0.014038709
0.014495105
0.013625458
0.013776689
0.014168288
0.013366184
0.01382956
0.014417161
0.013538815
0.0133109605
0.013645201
0.013081352
0.013511173
0.0139049515
0.013060133
0.013239694
0.013647291
0.012904112
0.013225015
0.0137175955
0.012921733
0.012928575
0.013309521
0.012738789
0.012919326
0.013313974
0.012685056
0.01281074
0.0131707685
0.012546073
0.012749399
0.013089612
0.012555878
0.012662184
0.013191727
0.01267567
0.012498985
0.013195264
0.012679271
0.012390371
0.012878026
0.012341772
0.012600561
0.012800935
0.012044415
0.012754272
0.013305961
0.012638015
0.012093015
0.012874288
0.012599587
0.012073423
0.012293142
0.012111895
0.012094806
0.012259598
0.011955689
0.0120327575
0.011954221
0.011896472
0.011828989
0.011927278
0.011776433
0.011972585
0.012186357
0.011720066
0.011839033
0.011830572
0.011593819
0.011678386
0.011570051
0.01161006
0.011483873
0.011496888
0.011477388
0.011453658
0.011469141
0.011404102
0.01144671
0.011393982
0.0113566695
0.011342314
0.011374216
0.011395286
0.011263932
0.011353009
0.011378462
0.0112845125
0.011277447
0.011323787
0.011115513
0.011271242
0.011210449
0.011140737
0.011156994
0.011203796
0.011112629
0.01118014
0.01108022
0.011173829
0.011132565
0.011056274
0.011037529
0.011204767
0.011011799
0.011371263
0.011166968
0.011303694
0.011245012
0.01112333
0.01112593
0.011142063
0.010947335
0.01127068
0.011031476
0.011485408
0.011700027
0.011064985
0.011440302
0.011812878
0.011191316
0.011389914
0.0115028275
0.011038639
0.011231035
0.011152409
0.011034463
0.011167807
0.010977588
0.01100264
0.011037625
0.010839492
0.0108787
0.010909186
0.0107577965
0.0113922795
0.011288633
0.011146061
0.01112549
0.0112622725
0.0111998515
0.011047584
0.011036727
0.010945597
0.011124879
0.011054476
0.010999699
0.01106031
0.010955423
0.010905457
0.011102912
0.0109412
0.011295651
0.011153991
0.010901886
0.010824263
0.011064856
0.010819386
0.011138656
0.011247471
0.010874897
0.010932297
0.010906729
0.0108373845
0.010992982
0.010895322
0.010972236
0.010917772
0.010902561
0.0108398395
0.010839186
0.010759852
0.01104417
0.010888499
0.010858469
0.010738023
0.010923803
0.010792146
0.010901104
0.01094291
0.010750648
0.010824301
0.010774049
0.010722217
0.010845922
0.01083603
0.01073275
0.01062875
0.010947138
0.010901327
0.010704373
0.010686879
0.010773319
0.010706295
0.010777637
0.010616976
