0.2888379
0.052306473
0.06974646
0.047677997
0.02199179
0.06551645
0.076066494
0.047634378
0.026863152
0.026626706
0.031809386
0.032573227
0.02768702
0.021913635
0.029567838
0.040001277
0.038636733
0.029240737
0.023070157
0.024294937
0.025931835
0.025206424
0.025295565
0.024810905
0.022347594
0.021329934
0.02274034
0.023013553
0.021759689
0.021352066
0.020939717
0.021058926
0.021210244
0.020768765
0.020470932
0.020601103
0.020734856
0.020602226
0.020310704
0.020830322
0.020611435
0.021295736
0.021136327
0.020285891
0.020101817
0.02013123
0.019903317
0.020568052
0.020248072
0.019425645
0.01917656
0.019106103
0.018738037
0.01897481
0.018890139
0.018113324
0.017903417
0.017997943
0.01758609
0.017409991
0.017170092
0.016824173
0.016584052
0.01665866
0.01636218
0.016173035
0.01612346
0.01588153
0.01553193
0.016068377
0.015698006
0.015550516
0.015377183
0.0151238395
0.014937542
0.015005692
0.0148167955
0.014678952
0.01452515
0.014356599
0.014316663
0.014136038
0.013906375
0.013828702
0.013896351
0.013565861
0.014204253
0.014050773
0.014402802
0.014449272
0.0134693645
0.013682221
0.013549224
0.013392337
0.0135151865
0.013172972
0.013084176
0.012883325
0.012643211
0.012818704
0.0126436725
0.012143931
0.012208826
0.012249861
0.011924654
0.01205907
0.012048301
0.011694841
0.011824205
0.011544384
0.0116837
0.011824749
0.011497352
0.01124923
0.011341308
0.011195108
0.011384386
0.011189503
0.011682051
0.011787909
0.0106940335
0.011598938
0.011827357
0.0114268325
0.010719888
0.011279024
0.011376393
0.010339673
0.010829438
0.010966066
0.0102843875
0.0105708605
0.010963518
0.0102304695
0.010377297
0.010692549
0.010031238
0.010215978
0.010387353
0.010029517
0.009936202
0.010255768
0.009880072
0.009898793
0.009979601
0.009605952
0.009631153
0.009590101
0.00956541
0.009306881
0.009397235
0.009454661
0.009160976
0.009501042
0.009573189
0.009069397
0.00956351
0.009863258
0.009075782
0.009085051
0.009356194
0.008988877
0.00908048
0.009066652
0.00917665
0.008603909
0.009527385
0.009798563
0.009098493
0.00889293
0.008722916
0.008997071
0.0088117905
0.008689085
0.008674804
0.008513304
0.008306577
0.008509204
0.0084499195
0.008369184
0.008113552
0.008398691
0.0084203025
0.008016408
0.007999322
0.008122341
0.007899489
0.007957597
0.007907937
0.0077956873
0.007749642
0.007791884
0.007528156
0.007859595
0.0077725057
0.0076624565
0.007635027
0.007497122
0.007978512
0.0077561177
0.0074347244
0.0076223635
0.0072281533
0.007283753
0.0074999123
0.0075237625
0.007204745
0.007129071
0.0070870966
0.0071721585
0.006893607
0.0068384125
0.006710306
0.0068160086
0.0065668835
0.0066410457
0.006495616
0.00692136
0.0066409954
0.0064226333
0.006456921
0.0062892195
0.0062025464
0.006240077
0.006090719
0.0061992332
0.006082999
0.006035576
0.005996303
0.0057727047
0.005914508
0.005742853
0.005590157
0.0058192634
0.005509317
0.005858877
0.006037558
0.005571699
0.006129144
0.0057180803
0.005976559
0.005883926
0.0064354017
0.005728394
0.005820673
0.0063238875
0.0055787335
0.005363583
0.0056260214
0.005478189
0.0053082234
0.0052610994
0.005608503
0.005251475
0.0050878334
0.005265869
0.0048689353
0.004737899
0.005344177
0.004825149
0.005767101
0.0058674286
0.0052862805
0.0052991062
0.0048883646
0.005378539
0.0054362356
0.0047526676
0.004922971
0.0047587794
0.0051261554
0.004642979
0.005364448
0.0052781687
0.0046331086
0.00462462
0.004597549
0.0045600985
0.004362401
0.004364915
0.0044085593
0.004126046
0.0046154023
0.004335591
0.0044951946
0.0043114987
0.0044056242
0.004227705
0.004244727
0.0042685396
0.0042876345
0.003891535
0.0050588613
0.005276141
0.004422464
0.004372587
0.00444335
0.004391172
0.0038375903
0.0047603003
0.004564907
0.0041170814
0.0044381213
0.004101819
0.0049386295
0.00486154
0.004052183
0.0041659386
0.004046473
0.003851903
0.003950654
0.0040689707
0.0036406938
0.004142569
0.004150868
0.003794982
0.0041530565
0.0038971978
0.004070349
0.0043823323
0.0039710966
0.0037076299
0.0036885252
0.003504457
0.004185816
0.0038625172
0.0039606174
0.0039772256
0.004009213
0.0035289538
0.0042000213
0.0037842942
0.0039801355
0.003586269
0.0045204554
0.004005925
0.0036707576
0.003683497
0.0037003104
0.003568237
0.0037875602
0.0037830758
0.0034112781
0.0033451503
0.003638886
0.0034137175
0.0036727006
0.0034487816
0.003610827
0.0034753766
0.0034119654
0.0032734515
0.0037483498
0.0036004519
0.0031653426
0.0031054635
0.0035391338
0.0033344396
0.003360863
0.0033645201
0.003130105
0.003033236
0.0034270035
0.003298428
0.0030242773
0.0030017144
0.0032035557
0.0030536887
0.0030565504
0.0031353645
0.0029711016
0.0030228756
0.0028831922
0.0032202646
0.0028191935
0.004627871
0.005020914
0.0030052655
0.004506868
0.0053353743
0.0037343074
0.0035739727
0.004422603
0.0036326647
0.0034635302
0.0035237048
0.0032780638
0.0030661367
0.0031435248
0.0030817958
0.0029732892
0.0030982262
0.0029678515
0.0029131854
0.0028474957
0.0032454068
0.002894814
0.003790884
0.0036313431
0.0034200046
0.0031936576
0.003242689
0.0032355331
0.003194103
0.0032402172
0.0029613562
0.0031072118
0.0029561135
0.0030289467
0.0028862925
0.0030455282
0.003049247
0.0029031083
0.0027590245
0.003047864
0.0027809155
0.0033265166
0.0031534487
0.002917268
0.0029194194
0.0027681186
0.0029019017
0.0026453675
0.0027078667
0.0026315006
0.0027038201
0.0027636774
0.002602282
0.002635464
0.0026584668
0.0027175248
0.0026788593
0.0025461677
0.0028166994
0.0028979823
0.0026335875
0.0025249876
0.0028857086
