0.28778604
0.042208087
0.08109509
0.08236366
0.037764158
0.023974275
0.03087237
0.026154773
0.021599889
0.024519145
0.02410846
0.021393346
0.024618959
0.027256945
0.025407964
0.022603644
0.021879675
0.023287332
0.023630088
0.021824053
0.02193933
0.022885704
0.022598127
0.02168434
0.021505505
0.022049164
0.021716276
0.021280378
0.021611199
0.02140233
0.021317355
0.021354362
0.021234559
0.021384342
0.021390647
0.021278396
0.021228915
0.021252556
0.021084452
0.021562798
0.021415746
0.02141129
0.02118623
0.021453789
0.021483615
0.021016637
0.020963302
0.02114219
0.020891136
0.020824423
0.02069687
0.020556843
0.020435814
0.02049954
0.020477435
0.020366356
0.020279175
0.020381669
0.020270439
0.020227803
0.02019333
0.020026552
0.019909594
0.020213485
0.020111075
0.019962477
0.019955708
0.01988422
0.01974167
0.019582756
0.020120842
0.020076899
0.019727008
0.019644843
0.019871874
0.019372037
0.020530066
0.02078404
0.019450026
0.020741405
0.021766588
0.020366685
0.019780675
0.02011872
0.019672055
0.019736772
0.019797744
0.01937913
0.019444695
0.019459989
0.019163996
0.019072805
0.01927585
0.019148855
0.019228749
0.019218067
0.019038633
0.01896494
0.019087257
0.018937824
0.018936057
0.018917294
0.018709468
0.01859034
0.018704543
0.018558836
0.018392857
0.018307896
0.018276913
0.018063404
0.017934907
0.017628888
0.017512785
0.017355
0.017070465
0.016907413
0.01654061
0.01625512
0.016292281
0.01591116
0.015690474
0.015563498
0.015187616
0.016189238
0.016137935
0.015288836
0.015588094
0.015387784
0.01493721
0.015525758
0.015030575
0.014523004
0.014843181
0.01466433
0.0141780125
0.01439548
0.013891719
0.0139857195
0.013579915
0.01467888
0.014686555
0.014219337
0.013766837
0.01374694
0.013918955
0.013162059
0.012970376
0.013171912
0.013052908
0.012441076
0.01295513
0.013347882
0.013056447
0.012185376
0.012174975
0.012162474
0.011568462
0.012194984
0.012912628
0.01232177
0.011686618
0.011588345
0.011488217
0.011199598
0.010758293
0.0113256425
0.011443801
0.010878392
0.0104332715
0.010942578
0.010807353
0.010497366
0.010091536
0.010578762
0.010425924
0.010150426
0.01007657
0.010182829
0.009945251
0.009884519
0.009436626
0.010473837
0.010007401
0.0099711055
0.010200373
0.00946682
0.009558503
0.009402216
0.009350258
0.0093550235
0.009051078
0.009609924
0.009590754
0.009033644
0.009221667
0.009131212
0.008815457
0.008875494
0.008697114
0.008736015
0.0087688705
0.008641033
0.008480811
0.00853395
0.008657958
0.008292642
0.009230687
0.0092644505
0.008536264
0.008770219
0.008694534
0.008524357
0.008398038
0.008384175
0.008557119
0.008284556
0.009024315
0.009190335
0.0086976355
0.008753915
0.00858139
0.008705501
0.008311273
0.008664626
0.008748503
0.007939372
0.008773247
0.00867544
0.008414085
0.008144704
0.008438524
0.008241089
0.008306096
0.008332304
0.008005512
0.008579686
0.008315836
0.008224286
0.008207369
0.008032493
0.007854015
0.008176888
0.007948904
0.008403771
0.008180432
0.007951144
0.007931422
0.007828094
0.0075842305
0.008500137
0.008462642
0.007886182
0.008019608
0.0077654123
0.007832546
0.007668303
0.0076920413
0.0077121756
0.007525485
0.008131859
0.0080223465
0.007900157
0.007695371
0.007898242
0.007834113
0.0075900718
0.007516301
0.007842068
0.0076155453
0.007672718
0.0075840675
0.0076372833
0.007522565
0.007534711
0.007512542
0.0075083897
0.0073997728
0.007584959
0.0075073945
0.007431134
0.007280176
0.007652633
0.0074941423
0.007394252
0.007391779
0.007313104
0.0072394484
0.007341121
0.007218048
0.00738173
0.007295036
0.007280433
0.007117789
0.0074569336
0.007297527
0.00721907
0.0071811057
0.007199111
0.007101899
0.0070881178
0.0070129395
0.0071850917
0.007091805
0.0071007535
0.007006727
0.007085161
0.007055936
0.006928777
0.006931557
0.00693092
0.006869172
0.007019043
0.0069377646
0.006881336
0.00695741
0.006752441
0.006657583
0.0072135837
0.006927931
0.006940642
0.007056949
0.0065671504
0.006769581
0.006823933
0.0064427857
0.006848257
0.006457316
0.007375267
0.007503558
0.0064422693
0.007379563
0.007248714
0.006742414
0.006967543
0.006746339
0.0064002746
0.0069869165
0.0065877233
0.006766084
0.006785834
0.0063879974
0.0062868814
0.0066615324
0.006293013
0.006676927
0.0066614915
0.0062721022
0.0061116493
0.0065073227
0.006307883
0.006161438
0.00602214
0.0063337926
0.00624048
0.0061994847
0.0061401823
0.005973472
0.0059068766
0.005882222
0.0057015917
0.006171618
0.006059648
0.0058492483
0.005647756
0.0060400367
0.005840041
0.0056692814
0.0055701663
0.00585469
0.005676368
0.0056998595
0.005682064
0.0054047923
0.005287999
0.0057984963
0.005544243
0.005562076
0.005475732
0.005415159
0.005226331
