0.28778604
0.045908462
0.061415758
0.08790833
0.058381427
0.026410274
0.028139094
0.040923562
0.039639737
0.02837229
0.021959692
0.02693487
0.03199881
0.029307783
0.024616977
0.021695683
0.025011988
0.02848537
0.026181325
0.022872018
0.022082025
0.022645906
0.023577223
0.022547176
0.0210049
0.022889083
0.024338886
0.023716241
0.022016108
0.020899184
0.021378174
0.02100785
0.02128154
0.021201015
0.021324947
0.021078693
0.020955853
0.021001598
0.0208754
0.02076585
0.021025851
0.020817224
0.020595524
0.020565426
0.020244166
0.020562427
0.020237654
0.020325514
0.020242125
0.019907506
0.019919211
0.01979085
0.020076305
0.019741636
0.019904364
0.019806964
0.019655557
0.019639824
0.019475268
0.019499874
0.019406237
0.019242398
0.019606052
0.019222232
0.019784244
0.019766951
0.019133179
0.019246357
0.018971046
0.019201174
0.01898435
0.018621106
0.018650176
0.018404068
0.018604917
0.018299906
0.018251821
0.018134525
0.01799001
0.01798495
0.017730972
0.017444864
0.017472213
0.017047996
0.017186325
0.016995152
0.016825953
0.016598338
0.016705055
0.01651635
0.016473455
0.016432947
0.016191121
0.016072376
0.01627207
0.016118491
0.01601464
0.015910467
0.015845306
0.01574325
0.01584162
0.015783308
0.015627448
0.0155931795
0.015567094
0.015475951
0.015561543
0.015441184
0.015456166
0.015368931
0.015346885
0.0152865425
0.015211678
0.015114619
0.015213941
0.015098908
0.015137649
0.015078363
0.015008666
0.014942755
0.014942688
0.01490593
0.014805543
0.01499505
0.014839497
0.015007752
0.014971636
0.0147164045
0.014695871
0.014702186
0.014646993
0.014643661
0.014627892
0.0145374015
0.014673169
0.014452894
0.015555016
0.015893126
0.014563844
0.015561261
0.016470728
0.01548105
0.014514968
0.015171924
0.015238385
0.014718599
0.014888876
0.014853388
0.014641282
0.014746159
0.014423204
0.014717595
0.014841807
0.0142974565
0.014885086
0.015419512
0.01479506
0.014470607
0.014602025
0.014473863
0.014758702
0.014522227
0.014214878
0.014322922
0.014085564
0.014638635
0.014815691
0.014140144
0.014628567
0.015057221
0.014451675
0.014439409
0.014617438
0.01427002
0.014513611
0.014540491
0.01408473
0.014562469
0.014781534
0.014081539
0.014476697
0.014937539
0.01430374
0.014157434
0.014555488
0.014151572
0.014019567
0.014199537
0.013837132
0.01450779
0.015007328
0.0142877
0.013884845
0.014090073
0.0138694765
0.014030431
0.014064957
0.0138466805
0.013928182
0.013901271
0.013904409
0.013806474
0.01378106
0.013792862
0.013688336
0.013708311
0.01369568
0.0136834895
0.013616283
0.013653405
0.01364499
0.0135691315
0.01366549
0.01357257
0.013591558
0.013597189
0.013573115
0.01352496
0.013560548
0.013527073
0.013530548
0.013471418
0.013555917
0.013437145
0.013725407
0.013692322
0.013489696
0.013596731
0.0135344565
0.013663967
0.013491389
0.013889088
0.013918432
0.013590003
0.013526075
0.013628821
0.013508019
0.013643173
0.013687648
0.013521132
0.013460472
0.013693827
0.013536808
0.013550472
0.013570622
0.01334932
0.013344422
0.013481808
0.013395826
0.013534829
0.013480335
0.013443132
0.013400082
0.013446969
0.013352078
0.013534464
0.013553213
0.013271342
0.013280054
0.0133795915
0.013308138
0.013438154
0.013435806
0.013352226
0.0133478595
0.013370612
0.013283741
0.013425996
0.013353239
0.013354935
0.013350909
0.013226095
0.013200037
0.013367253
0.013312414
0.0132495165
0.013229169
0.013275606
0.013215512
0.013331264
0.013300962
0.013206453
0.013169575
0.013303255
0.0132147735
0.013251861
0.013203472
0.013236391
0.013172912
0.01325756
0.013219003
0.0131868115
0.013165601
0.013220447
0.0131996265
0.013158481
0.013153955
0.013153218
0.013117418
0.013195685
0.013156618
0.013133521
0.013112186
0.013147642
0.013123068
0.013101765
0.013064933
0.01316176
0.013116469
0.013081618
0.013054825
0.013114548
0.013083525
0.013057233
0.013028336
0.013088974
0.013043861
0.013048922
0.013014704
0.013049255
0.013009391
0.013029703
0.012994914
0.0130119445
0.01296809
0.013014766
0.0129723465
0.012988269
0.012952301
0.012971201
0.012927302
0.012990891
0.012958932
0.012907458
0.012875731
0.012980412
0.0129409125
0.012876949
0.012861311
0.012902588
0.01286878
0.012876704
0.0128545165
0.012850679
0.012830838
0.012838922
0.012803095
0.012862298
0.012835883
0.012787528
0.012760519
0.012845968
0.012802147
0.0127739785
0.012743872
0.012802151
0.012756203
0.012769461
0.012735657
0.012760564
0.012721918
0.012749638
0.012710549
0.012737473
0.012697439
0.012723775
0.012682487
0.012715776
0.0126714455
0.0127002755
0.012658693
0.012682024
0.012639611
0.012673914
0.012632355
0.012650984
0.01260939
0.012642286
0.01259508
0.012646581
0.012607649
0.012600772
0.012559921
0.012647755
0.012607726
0.012556375
0.012525084
0.012618259
0.0125725055
0.012543497
0.012509801
0.012574315
0.012526165
0.0125321895
0.012497474
0.012540122
0.012499441
0.012512974
0.01246955
0.012540589
0.012508124
0.012461291
0.012443755
0.012484208
0.0124292625
0.012499865
0.01245667
0.012457005
0.012435188
0.012426908
0.012390025
0.012452483
0.012414019
0.012413494
0.012393651
0.012412245
0.01238856
0.0123876035
0.012350398
0.012447037
0.012410622
0.012347531
0.01234443
0.0124010965
0.012373296
0.012309857
0.012406991
0.012367445
0.012341939
0.01228748
0.012582011
0.012625639
0.012388189
0.012511265
0.012624703
0.012362848
0.012726702
0.012831555
0.012607665
0.012441203
0.012472637
0.012482961
0.012579791
0.012489155
0.012602954
0.012416101
0.012754068
0.012867138
0.012455665
0.01256304
0.012390452
0.012587227
0.012705233
0.012492615
0.012386874
0.012433239
0.01236691
0.012538098
0.012377396
0.012482856
0.012531869
0.0122837005
0.012197842
0.012531098
0.012475516
0.012589142
0.012501975
0.012274365
0.012321773
0.01231729
0.012208943
0.01252846
0.0125066005
0.012344837
0.012346451
0.012239373
0.012296636
0.012257516
0.012245855
0.012210708
0.012320228
0.012207109
0.012291261
0.012276734
0.01223981
0.012211457
0.012197572
0.012227305
0.012138528
0.012296728
0.012201655
0.012309606
0.012267587
0.012244247
0.012218033
0.012248043
0.012219065
0.012183477
0.01214312
0.012194514
0.012156315
0.012164381
0.012129777
0.012175317
0.012118895
0.012167077
0.0121217
0.012167742
0.012110484
0.01215263
0.012113154
0.01210509
0.012066312
0.0121960575
0.012163882
0.0120707145
0.012053427
0.012094471
0.012038152
0.012147836
0.012098286
0.012045674
0.012027557
0.012060437
0.012015796
0.012123748
0.012121384
0.011955609
0.011967155
0.012000769
0.011934671
0.012134299
0.012076958
0.011973582
0.011952299
0.012001115
0.011953924
0.012088395
0.012104243
0.011969201
0.011982723
0.01190909
0.011991535
0.011876772
0.012047485
0.012045447
0.011903167
0.01184693
0.011998246
0.011958565
0.011859342
0.011861838
0.011844866
0.011787518
0.011863254
0.011803389
0.011855415
0.011822415
0.0117752245
0.011752916
0.011765261
0.011738411
0.011765651
0.011690766
0.011774677
0.01174111
0.011636402
0.0116316555
0.011652698
0.011594371
0.011639983
0.011567547
0.011655244
0.011626069
0.01152104
