0.28746945
0.0456689
0.06394178
0.09064237
0.060245316
0.027051255
0.027916005
0.04101268
0.041083913
0.029912656
0.022249414
0.024776137
0.029642487
0.0285779
0.023786357
0.020807866
0.023055168
0.024441553
0.022439383
0.02066774
0.022211105
0.022956902
0.02191639
0.020903027
0.02129212
0.021713117
0.02084733
0.021260848
0.021701505
0.021556742
0.020711267
0.020998923
0.021391928
0.020823188
0.020533564
0.021017604
0.020600991
0.021051737
0.021224743
0.020938298
0.020682381
0.020854125
0.020916125
0.020394055
0.020887807
0.021054333
0.020489737
0.020901939
0.02140489
0.021087296
0.020563478
0.020734819
0.020753382
0.020401925
0.020850474
0.020922577
0.020693902
0.020258466
0.021563703
0.021561265
0.02036366
0.020885922
0.02085721
0.020962305
0.020649774
0.020352649
0.0204809
0.020266203
0.020242715
0.020273162
0.02022598
0.02020976
0.02012611
0.020628722
0.020321932
0.020691775
0.020783057
0.02011092
0.020191774
0.020256832
0.020078218
0.020701183
0.020678923
0.020430587
0.020285726
0.020125745
0.020111116
0.020127663
0.019937584
0.020265393
0.020038277
0.019708922
0.019671502
0.019651534
0.019556776
0.019842766
0.019747257
0.019536154
0.01947503
0.019542435
0.019452415
0.019525796
0.01946391
0.019400792
0.019344756
0.01932448
0.019240886
0.019352777
0.019303938
0.019171607
0.019117637
0.019164015
0.019030998
0.01920875
0.019151637
0.018853502
0.018894374
0.018788861
0.0186425
0.018817034
0.018702859
0.01857607
0.018548558
0.018519254
0.018318688
0.018561736
0.018555379
0.018180361
0.01815304
0.018144868
0.017954158
0.018010328
0.017960507
0.01773076
0.017614864
0.017680751
0.017407414
0.01779914
0.01775903
0.017068258
0.017103413
0.016885884
0.016639935
0.016576277
0.016244374
0.016136503
0.016058901
0.015708908
0.015936233
0.015761958
0.015549548
0.015411623
0.015500304
0.015179162
0.015145185
0.0148913115
0.015846916
0.016341515
0.016037678
0.01573279
0.0153155355
0.015001194
0.014880621
0.014845782
0.015002784
0.014683351
0.015485433
0.015842896
0.014720097
0.015221885
0.015502353
0.014750133
0.014662888
0.015308909
0.0145515725
0.014528145
0.014958233
0.014187578
0.014292168
0.014384869
0.013893563
0.014348764
0.014224478
0.014865863
0.014948137
0.013778266
0.014984634
0.015520859
0.014709952
0.014273199
0.014817755
0.014256917
0.013889626
0.014192566
0.013580187
0.014066514
0.014485657
0.013765141
0.013773271
0.013799679
0.013579324
0.013810928
0.013433281
0.014011673
0.014525647
0.013939013
0.013637909
0.0140503645
0.013402496
0.014500685
0.015538474
0.014909242
0.013801496
0.013549211
0.013984214
0.01335533
0.013547089
0.013875003
0.013472027
0.013504696
0.013789743
0.013264604
0.01371814
0.0139792
0.013516632
0.01336382
0.013499771
0.013164323
0.013388424
0.013539218
0.013266012
0.0131109515
0.01299248
0.013023649
0.013113844
0.012841982
0.013010298
0.013100751
0.012966465
0.0127011025
0.013211131
0.012774403
0.013851826
0.014002842
0.01271303
0.014207002
0.014622713
0.013280115
0.014949143
0.016109848
0.013609323
0.013225841
0.014523137
0.0132336505
0.013295378
0.013915579
0.012647819
0.014693714
0.016158052
0.014153781
0.012566137
0.013164596
0.012413335
0.014336385
0.015234925
0.013269834
0.013649684
0.014683988
0.013294682
0.013134591
0.0137909325
0.01263542
0.013634971
0.014824278
0.013009866
0.012829001
0.013597605
0.012599848
0.013426535
0.014486278
0.012923059
0.013299848
0.014337105
0.0129462555
0.012751877
0.013460733
0.012381099
0.013397091
0.01444145
0.012995369
0.01320905
0.014052495
0.012495016
0.013816927
0.014857364
0.012996462
0.013031818
0.013939942
0.012674215
0.013141225
0.014089408
0.0127977235
0.012874561
0.013754035
0.012425937
0.01323171
0.014242898
0.012756384
0.012590266
0.013408798
0.0123666
0.013014145
0.014012702
0.012729364
0.01273147
0.013622917
0.012732194
0.012797224
0.013381249
0.012667571
0.012731698
0.013178654
0.012621387
0.012598984
0.012509078
0.012743437
0.012649233
0.012153785
0.0123567255
0.0122118695
0.012821694
0.012585963
0.012236885
0.01218452
0.0120683415
0.01193522
0.012271978
0.012331198
0.011854634
0.011710461
0.011993981
0.011786138
0.01257966
0.012591452
0.011549861
0.011875767
0.011789986
0.011831905
0.011931739
0.011692482
0.011515051
0.0122575015
0.012164712
0.011970542
0.011746273
0.012628421
0.012578656
0.011833598
0.011662546
0.011990872
0.011955584
0.011646717
0.011509684
0.011716914
0.01149518
0.01201726
0.011990331
0.011677447
0.011611924
0.011671811
0.011310697
0.012042989
0.012350302
0.011531291
0.011517104
0.011751279
0.011410221
0.011615028
0.011544122
0.011614852
0.01136369
0.01177508
0.011680354
0.011147265
0.011150216
0.011485983
0.011163007
0.011909924
0.0120414905
0.01085094
0.011292186
0.011499036
0.01110356
0.011474501
0.011754778
0.011708677
0.01100998
0.011273661
0.011464494
0.011071392
