0.28763285
0.066512726
0.064631246
0.03375704
0.026067257
0.02441036
0.02407013
0.023976333
0.022913834
0.022354795
0.022356411
0.022003962
0.020950569
0.02207199
0.02116892
0.021623222
0.02157472
0.021363601
0.020866653
0.021316001
0.020577526
0.021468898
0.021104522
0.021079153
0.020772584
0.021028997
0.020759076
0.020065248
0.020054827
0.01983148
0.02006382
0.01958173
0.020603543
0.020848015
0.019680655
0.020013945
0.020046525
0.019882595
0.019452779
0.01960289
0.019412143
0.019275712
0.019030737
0.018701287
0.018662916
0.018362503
0.018188735
0.017910859
0.018136576
0.017838106
0.017824247
0.017210482
0.017810227
0.017740281
0.016711032
0.016591584
0.016514547
0.016237527
0.01583764
0.0155638335
0.01579212
0.015628617
0.01529416
0.015297794
0.015164995
0.01498844
0.014912824
0.014947531
0.014863272
0.0146484375
0.014720485
0.014605717
0.014924303
0.014482743
0.015801614
0.015638597
0.014761667
0.014924069
0.015122035
0.014312535
0.016465632
0.017684618
0.015816627
0.015050438
0.015324916
0.015354775
0.015118897
0.01438835
0.014968332
0.014940997
0.0145692155
0.014429026
0.0145556405
0.014395948
0.013977941
0.013944295
0.013928741
0.013995692
0.013723828
0.014293197
0.014296849
0.013869743
0.013782884
0.013760302
0.013651905
0.01364702
0.013555453
0.013614778
0.013398151
0.013521404
0.01340887
0.01326817
0.013164545
0.013222101
0.013005336
0.013242811
0.013253151
0.012809725
0.012994342
0.01272164
0.013232735
0.013362448
0.012746573
0.012836508
0.012952386
0.012608034
0.012526912
0.012631481
0.012377516
0.012399279
0.012332677
0.012195866
0.012186783
0.012021962
0.012178936
0.0122158155
0.011862791
0.012592547
0.012393832
0.012220539
0.0121925725
0.012336753
0.012267145
0.011656013
0.011871976
0.011795897
0.011799364
0.011798288
0.011825015
0.0116673345
0.011420518
0.0115056755
0.011153899
0.0116922455
0.011434056
0.011388793
0.011541262
0.011318062
0.01098732
0.010983697
0.010882889
0.011001174
0.010799105
0.011092365
0.010910184
0.010830737
0.010985534
0.010571353
0.011351881
0.0113514075
0.01086012
0.010726604
0.011567675
0.011138924
0.01045261
0.010502863
0.010499835
0.010193411
0.010683044
0.01060504
0.010300404
0.010415912
0.0102786245
0.010216554
0.010155145
0.010215982
0.010321427
0.009972629
0.010514021
0.010611924
0.01040781
0.009946711
0.010399684
0.010629463
0.010046276
0.009722865
0.010121081
0.009786976
0.009818085
0.010082718
0.010148121
0.009561158
0.009804298
0.009811485
0.00974488
0.00939894
0.010243125
0.010384061
0.009243205
0.010435485
0.010596644
0.0100609
0.010119476
0.009152533
0.010382608
0.011452134
0.010143257
0.010185603
0.010836866
0.009874742
0.010134906
0.011114613
0.009949365
0.009707858
0.010010782
0.010172064
0.009505688
0.009042841
0.009428595
0.00936256
0.00883254
0.008989489
0.009062798
0.00877973
0.008773814
0.009024449
0.008758591
0.008857284
0.008695218
0.008781198
0.008552485
0.008885263
0.008810301
0.0084619075
0.008468635
0.00840552
0.008437826
0.008194758
0.008538614
0.008497719
0.008240643
0.008144508
0.008205375
0.00813494
0.008165436
0.007997262
0.008022829
0.00782119
0.007986036
0.007859549
0.00793627
0.007893231
0.0077988342
0.007602787
0.008150302
0.008057674
0.0074551366
0.0073489323
0.008004334
0.007842106
0.0076384894
0.007888276
0.007356336
0.008290646
0.007834322
0.008248503
0.00824389
0.007555636
0.008197029
0.008048098
0.007318678
0.00795032
0.007868621
0.0073483153
0.007532369
0.0074288896
0.007182343
0.0072933324
0.007208243
0.007240828
0.007309142
0.007090436
0.0074960706
0.007503035
0.007582938
0.007258238
0.0073821214
0.007280715
0.0070596975
0.006798522
0.0071332697
0.00693471
0.0077338615
0.00814069
0.007080547
0.008467571
0.009227425
0.007521078
0.008510572
0.009539844
0.008004852
0.007505326
0.007960517
0.007217748
0.0074125878
0.007421884
0.006904447
0.007213646
0.006983536
0.006851626
0.0070781894
0.00673788
0.006916028
0.006757108
0.0068400265
0.006953273
0.0065923445
0.007043879
0.0071254396
0.0067254268
0.0067565627
0.0066855475
0.0069472063
0.0067649097
0.006634707
0.006735383
0.006394302
0.0062619634
0.0066464
0.006347046
0.007443284
0.007242296
0.0064129108
0.007182211
0.007359265
0.00658517
0.007160445
0.007367752
0.0062969457
0.0074737505
0.0068043587
0.0065318276
0.006831938
0.0062102093
0.006844049
0.0071769548
0.00612249
0.007481323
0.008427239
0.007229189
0.007318799
0.0075137285
0.006724416
0.006574875
0.006811145
0.0060157143
0.006596007
0.006479843
0.006299564
0.0062781847
0.0061850343
0.006232407
0.0061469194
0.006015911
0.0062247687
0.0060778693
0.005976077
0.005858259
0.0060309693
0.005991208
0.0058523756
0.0060341754
0.005785305
0.005982446
0.0058631604
0.006188063
0.0059607816
0.006504634
0.0059278007
0.006807234
0.0073816017
0.0061207004
0.006764181
0.0072137094
0.006035143
0.006500697
0.0063504283
0.0055757673
0.0065326667
0.006776771
0.0059129335
0.006275398
0.0066891923
0.006064652
0.0058600735
0.0057476596
0.005626641
0.006302644
0.0060848533
0.00591781
0.0058404994
0.0058720424
0.0056941938
0.0056517846
0.0054137246
0.0060745366
0.005823701
0.005738947
0.0055631157
0.005833088
0.0055936775
0.0058789873
0.0059538106
0.005486649
0.0063646534
0.006585866
0.005406089
0.0064347996
0.007116921
0.006214499
0.0058121257
0.006131546
0.006009357
0.005772254
0.005494468
0.005579082
0.005541573
0.0054059923
0.0055396594
0.0051702447
0.0054184743
0.0052961544
0.0054033534
0.0053140554
0.0053618676
0.005324541
0.005442144
0.0052699842
0.0052494803
0.0050771106
0.0060999445
0.0067311903
0.0054182676
0.006136479
0.0069443122
0.0061883456
0.0054572844
0.0061796573
0.0064186775
0.005377581
0.0053644427
0.0056803008
0.0053320006
0.005334262
0.0057281307
0.0051531377
0.005130707
0.005211106
0.005167834
0.00509141
0.004823332
0.0052556004
0.0051871184
0.005482403
0.005197207
0.005703131
0.005537624
0.0051231007
0.0050018034
0.0049780826
0.0049694623
0.00531037
0.0050757737
0.0051682987
0.005122286
0.0050438987
