0.28885832
0.043025345
0.08868953
0.11506983
0.071504585
0.029020393
0.032132756
0.049877245
0.05145521
0.038002837
0.023871034
0.02584068
0.03180185
0.032711003
0.02858921
0.022488242
0.024094557
0.028146686
0.027902937
0.025271526
0.021356717
0.021728547
0.023562655
0.023032753
0.021856092
0.020472698
0.021684952
0.022788046
0.021350235
0.021575792
0.021312727
0.020565676
0.021627003
0.021544224
0.020239828
0.020971416
0.021466106
0.02041263
0.020690836
0.020991901
0.020405604
0.020668447
0.020658212
0.02008917
0.020860916
0.021092938
0.020424934
0.019852782
0.020849464
0.020461095
0.020026281
0.019835556
0.02015256
0.020044621
0.019398691
0.019283645
0.019699508
0.019134684
0.019691586
0.019701367
0.018602697
0.018821245
0.018772801
0.018372986
0.01882045
0.01887282
0.018363744
0.018046713
0.018609757
0.01850687
0.018030087
0.018299924
0.017918661
0.017895686
0.018642837
0.018695476
0.017963054
0.017954541
0.018101146
0.017869748
0.017633392
0.017645812
0.017583951
0.017654793
0.017469576
0.018359544
0.018574065
0.018108793
0.018020473
0.017857121
0.01766035
0.017714739
0.017617114
0.01799603
0.017994063
0.017477272
0.017567996
0.017830381
0.017600043
0.017612016
0.01756002
0.017486127
0.01751685
0.017455613
0.017312368
0.017486379
0.017370112
0.017649893
0.017616741
0.01721424
0.017263768
0.017248644
0.017155105
0.017570077
0.01750953
0.017215155
0.017224954
0.017286384
0.017174622
0.017415283
0.017354243
0.017186768
0.01717723
0.01719833
0.01711149
0.0173068
0.017299185
0.017045045
0.017043
0.01709637
0.017015254
0.017079793
0.017027684
0.01700723
0.01702807
0.016926698
0.016954958
0.017027937
0.016927263
0.017281326
0.017490475
0.017098181
0.017048175
0.017297829
0.016785422
0.017468842
0.017777592
0.017718153
0.01759447
0.017617634
0.017347993
0.01709828
0.017142514
0.017226344
0.017047888
0.017089868
0.017113319
0.017054198
0.016953317
0.016852207
0.016811894
0.016980855
0.016842922
0.016868891
0.016958768
0.016815258
0.016706124
0.016737245
0.016642373
0.016705094
0.016760297
0.016581543
0.01663859
0.016516745
0.016627662
0.01657723
0.01650484
0.016736576
0.016484523
0.016432539
0.016328722
0.01644029
0.016402699
0.016234629
0.016366815
0.016221141
0.01649564
0.01641696
0.016230863
0.01619426
0.016340764
0.016240237
0.015980773
0.015962446
0.015918864
0.015856292
0.015856897
0.015744617
0.015808055
0.015725799
0.015508312
0.015711086
0.015492727
0.01577268
0.015490655
0.015510221
0.015404831
0.015212347
0.014959258
0.015118455
0.01489002
0.014743377
0.0147515135
0.014448449
0.0151023045
0.014977294
0.014571262
0.01424994
0.014643248
0.014816973
0.014056667
0.01462924
0.015100733
0.014371875
0.014143671
0.014241148
0.013760459
0.01388147
0.013671738
0.013678475
0.013569213
0.013436578
0.013709113
0.013318989
0.01365422
0.013658318
0.013343584
0.013346658
0.013126411
0.01389347
0.013732518
0.013312983
0.0132799065
0.01428849
0.013940056
0.013010425
0.01333869
0.013021107
0.014365765
0.014320191
0.013166078
0.013611379
0.013544108
0.012883283
0.01291914
0.012759853
0.012666576
0.01284947
0.01286134
0.012540236
0.013231543
0.013617662
0.013191101
0.012909037
0.012873192
0.013026487
0.012431815
0.014762722
0.015717974
0.014146864
0.013679787
0.013195728
0.013186953
0.013486396
0.013102631
0.012561575
0.013429153
0.013797019
0.012945943
0.012864403
0.012846219
0.013115958
0.012740078
0.0125654945
0.012875483
0.013064991
0.012910615
0.012833211
0.012517062
0.013667014
0.013500369
0.012707148
0.013084691
0.01259235
0.013016817
0.012950781
0.012499254
0.012590746
0.0125074275
0.012239774
0.012396547
0.012231012
0.0120534925
0.0125010535
0.012414023
0.012418642
0.012165189
0.012357965
0.012293968
0.012147306
0.012056541
0.012176871
0.01208892
0.011953722
0.011825656
0.012185271
0.012059994
0.011867087
0.011869863
0.011952635
0.011881071
0.011742464
0.01187548
0.011712134
0.011873671
0.011522498
0.012454388
0.01252963
0.011408235
0.013067852
0.01377426
0.011961046
0.012387656
0.0134153515
0.012316958
0.011431918
0.011948419
0.011246204
0.012546222
0.013102052
0.011734687
0.011939011
0.012585159
0.011505004
0.011772844
0.012446814
0.011415482
0.011854219
0.012580869
0.01165086
0.011339367
0.011546371
0.011189238
0.011882841
0.011679251
0.011578384
0.011482601
0.011873022
0.01143491
0.011391059
0.011359964
0.011039977
0.01088127
0.011460724
0.011407812
0.011422706
0.011385371
0.011366176
0.01118325
0.011139314
0.010978761
0.010894753
0.010853996
0.011091869
0.010880518
0.011055998
0.010952544
0.010684189
0.010592367
0.011073294
0.010921833
0.010599092
0.01054744
0.010859959
0.010741614
0.010608077
0.010507171
0.010665242
0.010542348
0.010584589
0.010493089
0.010496512
0.010401305
0.010619556
0.010413307
0.010458319
0.010392598
0.010329244
0.0102591375
0.010383359
0.010231213
0.01039655
0.010369339
0.010163504
0.010153339
0.01012814
0.009989622
0.010401725
0.010320644
0.01001941
0.010031228
0.009976804
0.0099387355
0.010001068
0.009825754
0.010340332
0.010220305
0.009848336
0.01070295
0.00996957
0.010435358
0.0106479265
0.010165122
0.0100222295
0.010439903
0.010306867
0.009855845
0.010339231
0.010091889
0.010092609
0.009886801
0.009843024
0.010027713
0.009678488
0.009467163
0.010193017
0.010269077
0.010174437
0.010406079
0.009673978
0.014032599
0.01396706
0.013237054
0.012698725
0.011066622
0.010991
0.011424195
0.011244564
0.01090237
0.010446128
0.009636146
0.010570173
0.011116814
0.01022615
0.009757228
0.011643514
0.012336682
0.010589869
0.010121621
0.009785834
0.009761285
0.010192343
0.010075818
0.010061159
0.009711622
0.010252512
0.009793601
0.009530929
0.009717871
0.009313735
0.009575647
0.009298072
0.01124237
0.011335075
0.011409272
0.010560748
0.010030762
0.010159649
0.009719532
0.009929259
0.010075745
0.009354232
0.009420169
0.009305391
0.009355045
0.009341885
0.009129166
0.0090309065
0.009142098
0.009004309
