0.28731623
0.045798287
0.07321907
0.096370675
0.059566468
0.02938337
0.025128642
0.036689296
0.03581323
0.025915435
0.021815747
0.023818543
0.02686207
0.024558404
0.021439334
0.021037279
0.022773966
0.022662416
0.02077467
0.020887174
0.02178131
0.02170082
0.020506145
0.02096583
0.021844426
0.021852255
0.020666463
0.020649193
0.021235472
0.02141706
0.020615991
0.020573622
0.020860704
0.02121898
0.020673543
0.0205556
0.020671507
0.02087985
0.02074223
0.02027387
0.020561555
0.02065705
0.020436129
0.020316184
0.020619478
0.020572027
0.02037271
0.02060117
0.020456403
0.021280909
0.020848682
0.020502882
0.020569535
0.020515213
0.02038058
0.020617718
0.02056027
0.020380445
0.020292712
0.020568088
0.02050201
0.020351613
0.020295946
0.020365529
0.020319728
0.020377552
0.02029208
0.02030751
0.02027204
0.02029399
0.020234881
0.020264668
0.02022435
0.020209452
0.020136883
0.02025357
0.020202836
0.020065492
0.020021264
0.020184299
0.020129753
0.019951228
0.019903218
0.020105308
0.020034678
0.019871304
0.019837003
0.02002481
0.01993579
0.019813595
0.020108094
0.019749055
0.020820675
0.021206968
0.020006077
0.020732803
0.020921523
0.02028012
0.020160606
0.019954681
0.02020591
0.020009035
0.019658692
0.019697184
0.019572409
0.019485762
0.020457022
0.020902291
0.020247268
0.020619214
0.0210065
0.020273032
0.020541068
0.020017138
0.019491712
0.021632986
0.019272791
0.021198744
0.02101714
0.019742036
0.02009668
0.02101829
0.020317366
0.019563422
0.019868104
0.019867448
0.019767795
0.019465959
0.019471237
0.01937766
0.019395923
0.019290326
0.019376813
0.019350195
0.019255804
0.019288791
0.019235386
0.019239627
0.019151835
0.019299345
0.019183857
0.019064786
0.019028144
0.018985858
0.018925956
0.019031217
0.018969962
0.018773654
0.018717647
0.018829612
0.01874038
0.01866071
0.018605927
0.018570704
0.018483944
0.018500833
0.01843811
0.01839518
0.018274128
0.018341642
0.018244898
0.0180701
0.01796813
0.01797449
0.017783212
0.017805813
0.017706865
0.017527966
0.017314145
0.017203117
0.016987821
0.017046468
0.016807532
0.016493712
0.016476324
0.016154183
0.01601647
0.015875243
0.015709003
0.015602372
0.015325549
0.015522392
0.015490044
0.015181837
0.015008389
0.014929269
0.014908675
0.0147128375
0.01495118
0.014815912
0.014877866
0.014797844
0.014826971
0.014921169
0.014358769
0.015395454
0.016123058
0.015208873
0.014631269
0.0150519535
0.014671446
0.01441805
0.014683495
0.014209497
0.014659959
0.015173499
0.014433795
0.014290385
0.014506112
0.014202155
0.014272814
0.014281362
0.014205399
0.014040326
0.01425578
0.014026816
0.01428848
0.014413457
0.014048851
0.014171536
0.014219351
0.014159133
0.013884254
0.014153044
0.01412532
0.013810203
0.014086713
0.014129095
0.013748785
0.014506864
0.015256216
0.014741051
0.013913917
0.014363577
0.015153677
0.014722859
0.0138514815
0.0145959705
0.015643327
0.015309956
0.014167747
0.013951671
0.014459953
0.014396076
0.013866941
0.013961139
0.014447899
0.014307237
0.013816853
0.013907569
0.014257907
0.014006231
0.013656209
0.014042615
0.01423002
0.013820015
0.0137218125
0.013953746
0.01387208
0.013630399
0.013634928
0.013679641
0.013573262
0.013749808
0.01377476
0.013783674
0.013660707
0.0137346685
0.013651264
0.013702303
0.013700019
0.013572688
0.0135397045
0.013692118
0.0137422355
0.013527271
0.01348811
0.013589201
0.01352797
0.013525779
0.013521843
0.013604575
0.013531412
0.013497549
0.013436819
0.013584967
0.013551538
0.013469618
0.013442409
0.01344752
0.013418567
0.013475586
0.013417323
0.0134606855
0.013425159
0.013391405
0.013359477
0.013438853
0.013395783
0.013375842
0.01333722
0.013400339
0.013368018
0.0133531755
0.013302195
0.013402108
0.013365645
0.013301179
0.0132724745
0.013389546
0.013350676
0.013260796
0.013227582
0.013353179
0.013290285
0.013275188
0.013229396
0.013310779
0.01324343
0.013283983
0.013227682
0.013279323
0.013215178
0.013264072
0.0132012395
0.013253243
0.0131868785
0.01324639
0.013176363
0.013241231
0.013181669
0.013210121
0.013172437
0.013190839
0.01314281
0.0131906755
0.0131402025
0.013174017
0.013133324
0.013140485
0.013099763
0.013161373
0.013123547
0.013100378
0.013078049
0.013116322
0.013111442
0.013030209
0.013033118
0.013055365
0.013048424
0.012995101
0.0129970955
0.0129754795
0.012956075
0.012984385
0.012945879
0.012942027
0.012914245
0.012876368
0.0128444135
0.012851308
0.012785378
0.012854323
0.012820802
0.012687229
0.012652556
0.01269402
0.012665582
0.012599204
0.012653493
0.012538451
0.0125140445
0.01270252
0.012552273
0.012599987
0.012573727
0.012487222
0.012534042
0.012387247
0.01238886
0.012381576
0.012344723
0.012349658
0.012325519
0.012303181
0.012298234
0.012267929
0.012305115
0.01223478
0.012285158
0.012183069
0.012336175
0.012273662
0.012257191
0.012247861
0.012214611
0.012175779
0.012187024
0.012095362
0.012195434
0.012147727
0.012132101
0.0122452155
0.012035663
0.012276429
0.012239895
0.0121020265
0.012113214
0.01222615
0.012128626
0.012234021
0.012335812
0.012018298
0.012194239
0.012020963
0.012158759
0.011984128
0.012152138
0.011965643
0.012294908
0.012459681
0.011917475
0.012213229
0.012195756
0.012001749
0.012000024
0.012074925
0.011918318
0.011914444
0.011909346
0.011839253
0.011794944
0.011796474
0.011732376
0.0117671965
0.011740968
0.011617426
0.012022224
0.012073669
0.011777833
0.011751264
0.011688601
0.011668016
0.011624388
0.011592303
0.011586029
0.011531358
0.01144066
0.011557698
0.011478025
0.011396642
0.011734828
0.011601838
0.011758019
0.011648106
0.011550355
0.011494297
0.01147563
0.011406866
0.011460665
0.011361405
0.01149978
0.011413652
0.011312343
0.0113041885
0.011347498
0.01121055
0.011392797
0.011351694
0.011162049
0.011158307
0.01127322
0.0111627495
0.011347895
0.011400633
0.011108067
0.011387307
0.01126897
0.0111432
0.011128196
0.01111742
0.011085811
0.010950919
0.011134694
0.010864892
0.011196949
0.011137118
0.0108824065
0.010896255
0.011030063
0.010920783
0.011159684
0.010948903
0.010997303
0.011059104
0.01069241
0.011569433
0.011713382
0.010830533
0.0113489255
0.011722368
0.011019976
0.011114553
0.01142285
0.0110761
0.011007127
0.010827775
0.010861757
0.010907844
0.01063946
0.010812161
0.01072938
0.010832024
0.010708571
0.010780044
0.01080624
0.010715019
0.010541268
0.010648471
0.010476985
0.010766257
0.010613176
0.0104532465
0.010492374
0.010406568
0.010501751
0.010223777
0.010480325
0.010287781
0.010573082
0.010846823
0.010177092
0.010894883
0.011350094
0.010979571
0.010370185
0.011080808
0.011352147
0.010650347
0.010316462
0.010723258
0.010664203
0.010284432
0.010347619
0.010459583
0.010393954
0.010512331
0.010300249
0.010626644
0.0106087355
0.010374279
0.010565224
0.01032346
0.010511209
0.010547616
0.010248858
0.010166225
0.0104080625
0.0102620805
0.010114114
0.009990107
0.010266223
0.010243286
0.010196169
0.010031951
0.010164995
0.010144441
0.010164594
0.009941951
0.010095796
0.00994866
0.010571412
0.010562998
0.010091006
0.010379439
0.010433671
0.010013711
0.010200644
0.010135303
0.009917054
0.010130033
0.0100852065
0.010048525
0.009965137
0.009842437
0.009885301
0.009869569
0.009814837
0.009843784
0.009733234
0.009892716
0.009669344
0.010143771
0.010193408
0.009758651
