0.2871937
0.07015484
0.06001885
0.031721827
0.02581966
0.024065658
0.022706276
0.02263932
0.021281691
0.021878416
0.021176197
0.021378482
0.021092283
0.020644322
0.020443348
0.020913793
0.020951891
0.020022737
0.020641107
0.02034288
0.019677157
0.021220177
0.021166233
0.020289654
0.019762458
0.021068027
0.020674754
0.019505424
0.019455982
0.019988496
0.019594096
0.01969568
0.019579338
0.019510502
0.019268634
0.019474959
0.019387303
0.019392563
0.019200426
0.019343538
0.019216351
0.019017959
0.018813973
0.019364668
0.01910156
0.018756436
0.01868234
0.018823521
0.01867603
0.01847477
0.018342813
0.018426983
0.018214779
0.018161478
0.017984862
0.017939672
0.01776948
0.017605018
0.017331809
0.017625885
0.017320773
0.01688389
0.016560633
0.016461736
0.016734878
0.016062569
0.018777428
0.018343313
0.015631542
0.017471243
0.017543575
0.015923625
0.01669034
0.016474746
0.01643364
0.015987454
0.015867667
0.015988836
0.015462446
0.01530725
0.015603947
0.015273818
0.015163001
0.015214816
0.015049129
0.014892239
0.015262122
0.015026525
0.01527091
0.015208449
0.0147560835
0.014867555
0.014719819
0.014709135
0.014781336
0.014580179
0.015123841
0.014877803
0.014947943
0.0150266485
0.014507796
0.014483954
0.0150558455
0.014771675
0.014803818
0.014821353
0.014461699
0.014410257
0.014851934
0.014761795
0.0144690545
0.014514451
0.014422189
0.014348109
0.014411341
0.014275338
0.014224865
0.014327139
0.014136595
0.014438122
0.014442429
0.013922458
0.01395174
0.013807234
0.013781807
0.013796839
0.013837558
0.013749405
0.013787049
0.01364093
0.014245753
0.01432322
0.013814776
0.013869583
0.013767059
0.013895236
0.01352808
0.014326335
0.014270109
0.013707752
0.013819873
0.01397986
0.013394934
0.014575792
0.015272953
0.014535963
0.013955112
0.013911243
0.014236051
0.013705157
0.013690014
0.01368348
0.013759628
0.013606027
0.013352841
0.013893507
0.013576294
0.013843525
0.013681631
0.013826425
0.013761749
0.0134755345
0.013268766
0.013945214
0.013876961
0.013596534
0.013567369
0.0135078905
0.013498162
0.013394728
0.013306114
0.013476781
0.013352569
0.013551378
0.013313471
0.013707858
0.013725716
0.013153409
0.013091148
0.013887943
0.013723788
0.0133555345
0.013324662
0.01331571
0.013270944
0.013355157
0.013333052
0.013199132
0.013101387
0.013377611
0.0132195605
0.01333828
0.013168949
0.01335081
0.013129595
0.013397065
0.013419806
0.013122802
0.013095326
0.0131034115
0.013050263
0.013047113
0.012983759
0.013104034
0.01301647
0.0130171925
0.012900215
0.013025711
0.012784817
0.013199728
0.012930329
0.013031987
0.012870559
0.01291043
0.012744223
0.01278396
0.012626597
0.012878474
0.012686997
0.0128258215
0.012849976
0.012564398
0.012684944
0.01248083
0.012511031
0.012404099
0.012387308
0.012356077
0.012301159
0.012303557
0.012182218
0.012291756
0.01216722
0.012245655
0.01213118
0.012081173
0.012121691
0.011874261
0.012368952
0.011841945
0.013431621
0.013322924
0.012545139
0.012700492
0.01249067
0.012234968
0.012224997
0.012053665
0.011950922
0.012182119
0.011869309
0.012157355
0.0121395355
0.011826549
0.011681478
0.011757947
0.0116171455
0.011963231
0.011635018
0.011919168
0.011831542
0.0117088435
0.011588693
0.011579798
0.0114724515
0.011261872
0.011790901
0.0115252705
0.011663345
0.011398204
0.011254247
0.011593539
0.0111520635
0.012573087
0.0128605785
0.012092274
0.011585441
0.011892105
0.011842997
0.01199723
0.011288203
0.012469679
0.013342242
0.011746262
0.01174238
0.0128536755
0.011683089
0.011096132
0.011363734
0.010923785
0.011188875
0.011167671
0.010868697
0.011099859
0.010759632
0.011464323
0.011575248
0.010818283
0.011533442
0.011662476
0.010735002
0.011843662
0.012528941
0.011594952
0.011009096
0.01155977
0.011874851
0.0110735865
0.010778389
0.011085245
0.010862651
0.010472276
0.010792441
0.010521744
0.010824695
0.010980882
0.010425609
0.010532332
0.010487202
0.010489869
0.01029083
0.010568644
0.010449364
0.010051795
0.010017605
0.00988853
0.01012672
0.009693897
0.011119473
0.011560519
0.010519765
0.011019579
0.011560791
0.0103584565
0.011223853
0.011450574
0.011211049
0.010497697
0.0104541285
0.010055738
0.010365796
0.009910447
0.010313398
0.010246291
0.009442738
0.009423232
0.009596612
0.00917001
0.009434138
0.009398618
0.009010106
0.009570055
0.009583062
0.009211554
0.00890191
0.009157783
0.008883466
0.00937112
0.009275095
0.008727852
0.008686504
0.009124791
0.008768917
0.009094712
0.009132415
0.00853885
0.00944629
0.009561957
0.008896205
0.008921022
0.008641314
0.008990375
0.008784849
0.008227904
0.00838489
0.008072627
0.008319538
0.008272802
0.008428077
0.008198977
0.008104333
0.00804859
0.008285581
0.007990627
0.008866605
0.008908921
0.010194772
0.009721868
0.008081288
0.008618151
0.008387218
0.0084426245
0.007867173
0.008604265
0.008759611
0.008852742
0.008119218
0.008783962
0.008571959
0.008236346
0.008374616
0.007675743
0.008212171
0.007921309
0.00865209
0.008581786
0.007444747
0.009325711
0.010226361
0.008857693
0.008686166
0.009459405
0.008200716
0.007998215
0.008387455
0.0075875833
0.008643405
0.0091629485
0.007859961
0.007933407
0.008398442
0.0073682405
0.008686646
0.010024087
0.008368802
0.0074101626
0.008027319
0.007418338
0.0076875775
0.008109643
0.0073808753
0.0077925418
0.008237732
0.007621255
0.0074605606
0.0077623427
0.007637153
0.0074793533
0.007250115
0.0074067465
0.007973266
0.0071616047
0.0075101466
0.007974346
0.0074496213
0.007211096
0.007399799
0.00685045
0.0077716373
0.0085044345
0.0075519406
0.007591994
0.009018066
0.008231225
0.008571492
0.007752856
0.0085175885
0.008484962
0.008035497
0.007595353
0.0071784114
0.0074696695
0.0069847926
0.007518258
0.007856212
0.0074959383
0.0070140674
0.0074162814
0.0076762587
0.0071517327
0.0070092157
0.0072008334
0.0071301847
0.0071521495
0.006913123
0.0068409317
0.0068170927
0.0070095086
0.006918199
0.0066030635
0.0072947755
0.007254439
0.00796444
0.006793897
0.00854684
0.008750594
0.0078020333
0.00790481
0.00741942
0.007539097
0.0077939034
0.0069573154
0.007149844
0.007129083
0.0070250644
0.0069069
0.006737581
0.0065448782
0.0070856554
0.0068301223
0.007739773
0.007167276
0.007610492
0.0076690787
0.00669281
0.0066543412
0.007193357
0.007079547
0.0069545493
0.006733846
0.0071040797
0.007100439
0.006703635
0.0067059794
0.006688208
0.0065270886
0.0069252993
0.006605692
0.006787166
0.0067400415
0.0066298363
0.0063773966
0.007070036
0.00703552
0.0068046004
0.006723572
0.006391251
0.0064179325
0.0065906867
0.0064153248
0.0066729076
0.0065933582
0.0066286162
0.006664691
0.0066487393
0.006599396
0.00733114
0.0065334165
0.0065423804
0.0067202537
0.006223126
0.0066506197
