0.28898087
0.06779353
0.060278088
0.036417965
0.026119633
0.027328102
0.023380624
0.02608482
0.025630265
0.022481367
0.024207255
0.0247378
0.02282437
0.022463381
0.023152828
0.022545636
0.021627882
0.022140047
0.021820894
0.021309897
0.021572733
0.02101522
0.021198498
0.021178722
0.020577477
0.020924138
0.021076707
0.02039809
0.02200973
0.022934241
0.022105036
0.020732686
0.020983802
0.021521091
0.021574939
0.020466356
0.021149984
0.021716228
0.021954862
0.02117083
0.020337777
0.02044144
0.020986862
0.020768033
0.020289669
0.020121813
0.02061017
0.020370826
0.020272095
0.020021439
0.020137578
0.020078326
0.019685434
0.019455018
0.019759849
0.019507356
0.018798186
0.018476475
0.018003808
0.017726691
0.017637191
0.017006928
0.016429855
0.015868234
0.015393523
0.015245621
0.018468244
0.015453952
0.02048794
0.021319298
0.018111864
0.018068904
0.01653544
0.017171727
0.01609237
0.015950399
0.014846564
0.014855328
0.014648519
0.014273713
0.014651221
0.014532835
0.014144608
0.014571388
0.013890695
0.015463169
0.015292042
0.014380507
0.014237054
0.014123592
0.01372568
0.0138186095
0.013491965
0.0135151455
0.013766974
0.013456151
0.013235252
0.0130893225
0.013070476
0.0129204495
0.012946081
0.013015494
0.012742028
0.012877448
0.012422894
0.013129267
0.012823337
0.013005014
0.012636478
0.012840797
0.01275023
0.012260735
0.012387094
0.012255233
0.012309316
0.011832408
0.011847109
0.011654551
0.011603865
0.011493132
0.011354397
0.011660558
0.011187277
0.012105185
0.011904605
0.011101507
0.010889404
0.011308797
0.0106753735
0.01192065
0.011837943
0.010821671
0.010808718
0.010783357
0.010699999
0.010274013
0.010503497
0.010484897
0.009801492
0.010200441
0.009945469
0.009555358
0.010309254
0.010013534
0.0095173055
0.009737927
0.009480716
0.010021933
0.009842114
0.010555017
0.010570792
0.008932989
0.01011351
0.010762076
0.010309446
0.009730428
0.009453594
0.009471948
0.009702827
0.008593328
0.009766376
0.009703625
0.01016472
0.009754305
0.00852787
0.009005957
0.0091649005
0.008868233
0.008677334
0.008509052
0.008575571
0.0084567005
0.008443658
0.008248935
0.0084464755
0.008339043
0.008121765
0.0080737
0.007876101
0.0082876785
0.0076058605
0.01053084
0.011427511
0.0090191765
0.009164423
0.0107208
0.009401331
0.008375528
0.00905076
0.009032671
0.00792591
0.008267965
0.008752096
0.007846885
0.008228931
0.008418103
0.007821711
0.007817934
0.0077852285
0.007616073
0.007467668
0.007697515
0.007822417
0.007155562
0.0072643743
0.007330494
0.006910905
0.0070271753
0.0070800893
0.006725518
0.0070137805
0.006714651
0.006937969
0.0072424677
0.006788054
0.0064253635
0.0065589324
0.0063897655
0.0064214543
0.006379076
0.0060857385
0.0068675973
0.006480083
0.006440943
0.006576829
0.006006978
0.006270996
0.0059324913
0.0065071546
0.0065447385
0.0066623813
0.0060983994
0.006458985
0.006474133
0.0059201196
0.005771183
0.006300103
0.005853362
0.0059446828
0.0058276453
0.0058586393
0.005601704
0.0058669276
0.0059176884
0.0054198503
0.005362194
0.0056699687
0.005465795
0.005568328
0.0055432785
0.0052691293
0.0051686927
0.0054136026
0.0052560675
0.005281991
0.0052618627
0.005109319
0.0049928096
0.0051078056
0.0049998164
0.0049709235
0.0049073193
0.0050083357
0.0047992785
0.005116088
0.004883423
0.004768377
0.00463287
0.004942531
0.004932194
0.0044892645
0.004461532
0.004758799
0.0046174917
0.0044583734
0.004402375
0.004454283
0.0043695113
0.004400764
0.0042952625
0.004393184
0.0042655054
0.0042774105
0.0041747442
0.0043455553
0.004268831
0.0040894435
0.0040623066
0.0041167377
0.0040186574
0.0041807736
0.0040477146
0.0040546847
0.0039328416
0.0040600314
0.003962424
0.00390861
0.003815663
0.0038355931
0.0037043206
0.0040098825
0.003962798
0.0035998113
0.0037077975
0.0037821725
0.003614532
0.0036170885
0.0036640137
0.00344399
0.0034414341
0.00384306
0.0033846607
0.004889729
0.0053510466
0.0038425094
0.0051379474
0.0061195996
0.004561447
0.0044709076
0.004505526
0.004063818
0.0039787274
0.0036857538
0.0034366737
0.004022921
0.0036799076
0.003599353
0.0037862703
0.0035404833
0.003414356
0.0033198309
0.0036939746
0.0034133734
0.003496627
0.003698245
0.0033407763
0.003418978
0.0033302587
0.0032735558
0.0033053078
0.0031482733
0.0035095692
0.0033142886
0.0036391749
0.0036442848
0.003320378
0.003548529
0.0035329547
0.0031713229
0.0035464887
0.003626046
0.0033455666
0.0030663603
0.0037242956
0.0033942778
0.0032413264
0.0032830434
0.003293664
0.003063129
0.0035228683
0.0034843676
0.0028940763
0.0029032
0.003198291
0.0030635933
0.0032529496
0.0032234518
0.0030225357
0.0031232806
0.002966379
0.0030077572
0.002965741
0.0029314684
0.0029507831
0.0030159764
0.0028120072
0.002914596
0.0027683442
0.0026095018
0.003728836
0.0036156166
0.002821407
0.0034331775
0.0032444333
0.002684947
0.0035144335
0.003641243
0.002789857
0.0032497179
0.0035121676
0.0029524248
0.0029819573
0.0031319968
0.0027833488
0.002753798
0.0029664605
0.0026209175
0.0033435144
0.0034952115
0.0026016394
0.003132284
0.003093167
0.0025374268
0.003254783
0.0032631913
0.00263712
0.0027306706
0.002701619
0.0025335555
0.0025403984
0.0024207376
0.002771287
0.0025288316
0.002765577
0.0026935935
0.0024868266
0.0028041287
0.0026135512
0.0027389408
0.0027069964
0.002673773
0.0024322497
0.0030259404
0.0027967251
0.0026961376
0.0026541108
0.002569181
0.0024177192
0.0026882358
0.0025815656
0.0024541605
0.0024355582
0.00257582
