0.28827623
0.075542994
0.075026296
0.041474916
0.024869556
0.025778228
0.023050472
0.02537969
0.023416286
0.024231724
0.024760557
0.022145623
0.022642992
0.022781363
0.021907872
0.02270607
0.022912128
0.021417866
0.022854552
0.023298247
0.021455944
0.022773221
0.024277186
0.022309534
0.021145768
0.021845171
0.02118676
0.021489048
0.02187775
0.021125378
0.021485582
0.02190561
0.021160983
0.021677978
0.022188215
0.021640003
0.020842826
0.022622183
0.02292782
0.021458745
0.021287413
0.021513201
0.021716485
0.021068962
0.021067321
0.021425942
0.020942794
0.02110496
0.021223651
0.021074327
0.020806255
0.021372626
0.021416234
0.020629408
0.021093098
0.021003515
0.020838609
0.020755142
0.021009987
0.020591605
0.021771252
0.022034096
0.020583564
0.022420658
0.023968935
0.022330774
0.020527065
0.021789676
0.022222849
0.021079676
0.0210397
0.021366185
0.021125317
0.020923978
0.020717818
0.02095799
0.020877434
0.020406282
0.021025943
0.020819053
0.020451164
0.0207511
0.020462742
0.020613344
0.020711288
0.02033673
0.020391203
0.020255482
0.020280657
0.020235429
0.020017864
0.020140542
0.019856898
0.020281924
0.020303572
0.019887887
0.019541252
0.020174539
0.019993221
0.01932721
0.019305004
0.01949584
0.019090515
0.01953139
0.019596072
0.018895945
0.018909402
0.018832829
0.018413937
0.018481782
0.018151375
0.01817832
0.018085418
0.017929051
0.017887313
0.017793301
0.0178416
0.017670901
0.017572274
0.017238477
0.017732872
0.01754348
0.017176017
0.01720767
0.017062372
0.01711158
0.01684062
0.017034942
0.016979575
0.01666558
0.016689306
0.01672978
0.016870437
0.016595196
0.017039837
0.017264538
0.016257072
0.017059138
0.01705072
0.016310694
0.016503409
0.01669545
0.01612634
0.016488316
0.016487649
0.016425699
0.015790185
0.016711123
0.016810643
0.016757322
0.016358463
0.015624967
0.01617214
0.016580276
0.016468845
0.016086826
0.015134723
0.015604518
0.01600151
0.015786005
0.0152628245
0.014614967
0.014603962
0.015487646
0.014761902
0.01500485
0.014361799
0.014117517
0.01439695
0.014014989
0.0140802115
0.015933985
0.014702405
0.015253506
0.01491912
0.014826228
0.014035945
0.015049282
0.014969632
0.014540523
0.014608587
0.01381033
0.01341775
0.014346658
0.013433899
0.015110402
0.015362996
0.014091038
0.015817275
0.016705323
0.014119997
0.014118324
0.014995345
0.014332016
0.013430138
0.013676643
0.013754501
0.013069621
0.013799869
0.014309789
0.012711401
0.013984922
0.015444499
0.013971721
0.012697802
0.01332515
0.013203097
0.012471152
0.013640777
0.013498408
0.012060587
0.012659825
0.012020121
0.0136157805
0.014070168
0.012340467
0.013040048
0.01347308
0.012686796
0.012067255
0.012441319
0.0125793265
0.011707276
0.012097319
0.012122584
0.011762674
0.011601561
0.011027202
0.010616946
0.010496016
0.010248081
0.010239948
0.009804044
0.010051298
0.009519252
0.009993824
0.009281787
0.00957366
0.009415283
0.009050447
0.009025047
0.008903598
0.008825555
0.008540462
0.008601245
0.008633692
0.008285386
0.00825758
0.007916674
0.00852248
0.008684984
0.007879816
0.009422156
0.008792167
0.008880069
0.009009314
0.007649408
0.009158953
0.009379727
0.008186311
0.008607246
0.008017528
0.009424564
0.009069022
0.007870053
0.007846908
0.00823333
0.007875137
0.009042722
0.0089023905
0.0080731325
0.008378221
0.008325267
0.008240552
0.007843833
0.0079416
0.007960151
0.0072162054
0.008405453
0.008066406
0.0072367303
0.007227382
0.0068305507
0.006692724
0.0069920574
0.006570688
0.0075045503
0.006904119
0.0071589444
0.0070107193
0.007213611
0.0076368153
0.007075081
0.0075937435
0.006538673
0.007926131
0.0076254713
0.006549053
0.007337401
0.00697446
0.0065024733
0.007446145
0.0069847517
0.006360654
0.007142641
0.0061511546
0.007570855
0.008336085
0.006246979
0.008103323
0.008985356
0.0076388703
0.006847028
0.0071352576
0.0074173766
0.006814077
0.006244743
0.0062726513
0.0057500503
0.005706975
0.006050767
0.005777717
0.007109968
0.0067757457
0.0059020617
0.005823949
0.005953104
0.005455134
0.0061555374
0.005571185
0.006622338
0.0065600523
0.005722786
0.005641217
0.0056050173
0.0052960236
0.0052000196
0.005182944
0.005477451
0.00526632
0.0057605323
0.0052406653
0.0063616787
0.006597662
0.0054506846
0.0063862726
0.0071298913
0.0056213588
0.006007397
0.0061049275
0.005270759
0.006178957
0.006385339
0.0047575855
0.00651472
0.007845213
0.006651211
0.0053545698
0.006428418
0.0071826614
0.005742887
0.0056364704
0.006056914
0.0048728934
0.005668258
0.0061458223
0.005114244
0.0051453854
0.0051676007
0.004920284
0.0046321955
0.0054659382
0.004784456
0.00582171
0.0052266386
0.006250508
0.006406563
0.0051549044
0.005011634
0.004808921
0.004757142
0.004651431
0.004372814
0.0046591545
0.0043722615
0.004332919
0.0042738914
0.004757131
0.0042952704
0.0042216736
0.003976318
0.0053691366
0.004939125
0.0055601685
0.0053836177
0.0046467762
0.0043503116
0.005578344
0.005798562
0.0043249843
0.0039360374
0.0051201223
0.0048810947
0.0053207986
0.004576413
0.0059999544
0.0061394568
0.0046252212
0.005051049
0.0046523223
0.005425139
0.004877366
0.0051419786
0.004882364
0.0044178274
0.0041858694
0.004705166
0.0049233884
0.0046482584
0.0043890136
0.00462494
0.0047601326
0.0041703605
0.0042213104
0.0041433214
0.003877518
0.0039953482
0.003844077
0.0036160266
0.0036059602
0.0035499448
0.0039646067
0.0036114517
0.0038546699
0.003727817
0.0039493493
0.0034800938
0.003889839
0.003833751
0.0034309768
0.003777702
0.0034756747
0.003530291
0.0038578052
0.003495646
0.0034506249
0.0036946544
0.003534206
0.0033060324
0.0036186818
0.003546289
0.0033957933
0.0035133779
0.0037889548
0.0034703568
0.0033969393
0.0038546815
0.0034860065
0.003412885
0.003986055
0.0036621483
0.004172312
0.0034134195
0.0049615814
0.0051963856
0.004030124
0.0042676907
0.0034291155
0.0048050303
0.0052595083
0.0036195451
0.0045252624
0.004932529
0.0042668083
0.004672145
0.00387507
0.0055591413
0.0061124377
0.0042505627
0.005230238
0.0061454847
0.004186049
0.0047683953
0.005638262
0.004715029
0.0042149276
0.0048041996
0.004581854
0.0035302409
0.00453457
0.0049851276
0.0038905584
0.0040785028
0.0052537485
0.0042765234
0.0039951117
0.0042456407
0.0033287194
0.004408552
0.005125318
0.0035170205
0.0048088706
0.005651221
0.0047028665
0.0037336694
0.004530298
0.0050949235
0.0039224494
0.0037778972
0.0042791762
0.0036221996
0.0033869867
0.0036282383
0.0032827696
0.0032718685
0.0032004465
0.0034255881
0.0033976783
0.003232086
0.002979512
0.003356414
0.00324959
0.0031251966
0.0031647782
0.0028941836
0.0030538302
0.0029979646
0.002771575
0.003288008
0.0033669702
0.003398665
0.0033330105
0.0031319521
0.0028340444
0.0034530435
0.0035449024
0.0030510083
0.0038060949
0.0035078323
0.0033587345
0.0033242374
0.0031229183
0.0032056477
0.003409053
0.0026357782
0.0036166813
0.0038754393
0.0034101307
0.0032750883
0.0033261
0.0032685483
0.0029276533
0.0033777645
0.0029905525
