0.2893281
0.06538642
0.0653116
0.036331568
0.027289884
0.026624674
0.023510007
0.024965769
0.022676392
0.025048653
0.025553405
0.022650158
0.023575813
0.024390444
0.02372007
0.022133281
0.024591314
0.02607918
0.023423659
0.0225539
0.022857867
0.023200544
0.022619715
0.02136211
0.023271605
0.024155349
0.02211351
0.021680571
0.02227038
0.021496905
0.021886697
0.02183345
0.02076005
0.021828465
0.022430664
0.021256043
0.020562
0.02161625
0.020859031
0.020919004
0.021083206
0.020790378
0.020550251
0.020646019
0.020382723
0.02127947
0.021142056
0.020350203
0.020392923
0.020414688
0.020250972
0.020469159
0.020311745
0.020598117
0.02032516
0.020616984
0.020658238
0.020067424
0.020263597
0.02017778
0.020060886
0.020273963
0.020048892
0.020213379
0.020198788
0.01992703
0.01986786
0.019810384
0.019731687
0.019586183
0.01966767
0.019623393
0.019331023
0.019754848
0.019534046
0.019312227
0.019273689
0.019107558
0.018938472
0.019206082
0.019070819
0.019059049
0.018679833
0.019013997
0.018887565
0.018635562
0.018541826
0.01858994
0.018433437
0.018383205
0.018230846
0.018050097
0.018042201
0.018071244
0.017851336
0.017803522
0.017859394
0.017665775
0.017771164
0.01752617
0.017549552
0.017435294
0.017192649
0.017113646
0.01708681
0.016824262
0.017263383
0.017188048
0.016660849
0.016684825
0.016591558
0.016456338
0.016539665
0.016502624
0.016299834
0.0162723
0.016163742
0.016174072
0.016021688
0.01610869
0.015900217
0.016065605
0.015791921
0.015667321
0.015994497
0.015696868
0.015843226
0.015812017
0.015446939
0.015319318
0.015404172
0.015132436
0.016430242
0.016049152
0.015363199
0.0154630765
0.01568031
0.0151259275
0.015233514
0.014941648
0.014961276
0.015002266
0.01447601
0.015423815
0.015092545
0.016127093
0.015695205
0.01435884
0.014526505
0.014105186
0.01401443
0.013711099
0.013738799
0.01364733
0.01328934
0.013773448
0.013648845
0.01391311
0.01355185
0.012898239
0.0130074425
0.01305015
0.012575079
0.01277065
0.012494334
0.0123970015
0.011991776
0.011653504
0.012212771
0.011979102
0.011595388
0.011466093
0.011523592
0.010867423
0.010804284
0.011094101
0.010819727
0.011488557
0.011001428
0.010746401
0.010734558
0.010406724
0.01026228
0.010170291
0.009957893
0.01029241
0.009958683
0.010145205
0.009905403
0.010372216
0.010411975
0.009519274
0.00942227
0.009741689
0.009382802
0.009584461
0.009453209
0.009984198
0.009770743
0.009083993
0.008902743
0.00915829
0.009123595
0.008878621
0.008845483
0.009072303
0.008861478
0.008941046
0.008863832
0.008707187
0.00866729
0.008460967
0.00870807
0.008460558
0.008462992
0.0083849495
0.008142643
0.008503792
0.008243037
0.00815329
0.008123543
0.007923688
0.008002429
0.007952289
0.0077995895
0.008118504
0.0076560513
0.008369472
0.008453428
0.008061493
0.0077112415
0.0083453655
0.008458821
0.00773277
0.0075914725
0.007839204
0.0075959787
0.0073883547
0.007808843
0.0073842923
0.007727051
0.0075539513
0.007660921
0.0073463065
0.0075279265
0.0074747126
0.007420263
0.0071745147
0.0075671687
0.0070965425
0.007748291
0.0074748085
0.007330367
0.0071941502
0.0071929432
0.007085309
0.0070266277
0.006935012
0.0071073025
0.006955897
0.007015658
0.0069077737
0.006901412
0.0067351884
0.0069862106
0.00697426
0.006685221
0.006602399
0.0068638674
0.0066779344
0.0066918065
0.006646696
0.006542941
0.006437627
0.006685894
0.0065617245
0.0065030963
0.006403552
0.006514417
0.006406737
0.0064170207
0.0063239126
0.0063367323
0.006225262
0.006485416
0.0064202864
0.006131761
0.0060788733
0.006318448
0.006127449
0.006382283
0.0064051435
0.005984649
0.006069649
0.0059782895
0.005870069
0.0063330554
0.0061685503
0.0060191993
0.006017115
0.006075448
0.005953692
0.0059923627
0.005937846
0.0060483515
0.006066901
0.0058550895
0.006078834
0.005562956
0.006226016
0.0060263216
0.0057268166
0.0061217477
0.0054780096
0.006263236
0.0060398965
0.005966826
0.006211774
0.006203005
0.0057139527
0.0059253015
0.0059728064
0.0055112145
0.005511263
0.0058116266
0.005375495
0.0064095533
0.006630143
0.0055183917
0.005936015
0.006072995
0.0059858714
0.0055448995
0.005928268
0.005934173
0.005524408
0.0053086416
0.005496657
0.005257378
0.0056204027
0.0055383793
0.005681598
0.005430656
0.0055875867
0.0056743952
0.0053493506
0.0051032733
0.0054574236
0.005253582
0.0053280913
0.005245613
0.0053849868
0.0050950716
0.0052733696
0.0053941547
0.005045204
0.0049580447
0.0050494573
0.004839795
0.005312597
0.005143222
0.0051626395
0.00510795
0.0049207094
0.004729654
0.0049707536
0.0048243753
0.005028034
0.004973414
0.004760127
0.0046019494
0.00518727
0.0050427783
0.0045558964
0.004508698
0.004957278
0.0048529906
0.004534694
0.004453762
0.004739072
0.0044488474
0.0048776264
0.004822154
0.0043622
0.004306572
0.004710519
0.004494963
0.0047084396
0.004757793
0.0047128187
0.0046119066
0.004641633
0.004350566
0.00455451
0.00442791
0.0045699156
0.004349794
0.004566495
0.0044274894
0.004556172
0.004565587
0.004299444
0.004273277
0.0044720205
0.0043575973
0.0043380237
0.004266782
0.0041940617
0.004132818
0.0042366195
0.004106372
0.0042419247
0.004148021
0.0041133077
0.004000811
0.004284696
0.0042002425
0.0039882087
0.0039586457
0.0041452
0.0039552418
0.004368262
0.0043198545
0.003970005
0.0040180883
0.004138075
0.0038227208
0.004326049
0.0042309733
0.0039176806
0.0038709652
0.004098879
0.0038878163
0.004199108
0.004154597
0.0037661921
0.003700562
0.004291853
0.0040996424
0.0039109453
0.0039507705
0.0038237923
0.0036922644
0.0042381114
0.004216991
0.0038334883
0.0039090966
0.0036918584
0.0037562826
0.0037989188
0.0036366964
0.004074043
0.0039843703
0.0036511503
0.003570473
0.0038308913
0.0036346887
0.003872657
0.003814054
0.003888128
0.0040342873
0.00379809
0.0036332745
0.0039064744
0.0037662908
0.003819517
0.0036390994
0.0041318396
0.0041576386
0.0038620883
0.003923876
0.0036591
0.003815903
0.0035642504
0.003742557
0.0034378597
0.0038468747
0.003644744
0.0037060373
0.0035881384
0.0036284581
0.00348755
0.003451065
0.0035734158
0.0033895427
0.0037106008
0.0036106512
0.0037079516
0.0035658907
0.0037717186
0.0035046872
0.0037370857
0.003695853
0.003555481
0.003690703
0.0033229662
0.0034740332
0.0033593227
0.003489579
0.00346025
0.0033568244
0.0034824738
