0.28757158
0.04213221
0.12729947
0.12635298
0.08395029
0.077780485
0.0884746
0.084578656
0.07539822
0.073178135
0.076952636
0.07441776
0.07207277
0.07405446
0.07532203
0.07262066
0.072225936
0.07356048
0.0735403
0.071545966
0.073358886
0.075156905
0.07402191
0.07166275
0.07371222
0.076256156
0.07599003
0.07384498
0.07146047
0.07667351
0.0814706
0.07950514
0.07609696
0.075093314
0.07311087
0.072841845
0.074918635
0.073775746
0.07173717
0.07216545
0.07290661
0.0729861
0.071698986
0.07234181
0.0732103
0.07313821
0.07240369
0.07136204
0.07273183
0.072488375
0.07146566
0.071557045
0.07165561
0.07149214
0.07165841
0.07150779
0.07160846
0.07137513
0.07109714
0.07104185
0.07112701
0.07098257
0.07153985
0.071267195
0.070837736
0.07079
0.0713039
0.07122025
0.07083797
0.07084292
0.07103746
0.070931904
0.07095593
0.07094534
0.07088327
0.07081855
0.0710671
0.07101008
0.07080021
0.070770465
0.07104376
0.070994996
0.070786186
0.0707684
0.07096826
0.070903
0.070798725
0.070778914
0.07086776
0.07080633
0.070860036
0.07083724
0.07077721
0.070731156
0.0709093
0.07087792
0.07071048
0.07068076
0.07093211
0.070894234
0.07066613
0.07064515
0.07091326
0.07086244
0.07064784
0.070634015
0.07084382
0.070787184
0.070657946
0.070643455
0.0707427
0.07069444
0.07067745
0.07065854
0.070666716
0.07063124
0.0706881
0.07065979
0.07062105
0.07059125
0.07066976
0.07063665
0.07058642
0.0705581
0.07064269
0.07061027
0.07054805
0.070521615
0.07061302
0.070578866
0.07051913
0.07049715
0.07056821
0.070533015
0.07050847
0.07048884
0.07051393
0.07048327
0.07050225
0.07048161
0.07047316
0.0704527
0.07047991
0.07045593
0.07045826
0.07044477
0.07044302
0.07042735
0.07044658
0.070432454
0.070426576
0.07041868
0.07042146
0.070411004
0.0704211
0.07041236
0.0704061
0.070400305
0.07040567
0.07039316
0.07040552
0.070395686
0.0703868
0.07037601
0.07039162
0.070378564
0.070377
0.0703713
0.07036188
0.07036017
0.07035911
0.07036274
0.0703364
0.07035323
0.07031894
0.070339404
0.07029358
0.07031706
0.07025262
0.07027387
0.070208706
0.0702245
0.07021164
0.07018687
0.070156656
0.07016542
0.07012006
0.07012252
0.070102215
0.07014289
0.07004804
0.070166044
0.0700569
0.07025482
0.07030062
0.07002934
0.070140846
0.070063196
0.06997331
0.07005734
0.069877654
0.07000111
0.07001371
0.06986398
0.06983005
0.069866836
0.069673866
0.07024992
0.070508696
0.06969785
0.07021914
0.07091694
0.07022824
0.06956286
0.06965115
0.06957702
0.06968532
0.0695115
0.069783986
0.06973312
0.06934301
0.06933742
0.069308735
0.069438405
0.0692113
0.06182753
0.040008236
0.055746812
0.036538843
0.038435396
0.037505243
0.024891725
0.027413398
0.0287608
0.022455787
0.023647921
0.02658864
0.023187825
0.021127386
0.022006156
0.021370178
0.021675026
0.021718392
0.020630358
0.02107372
0.021474184
0.020702867
0.020659283
0.020401783
0.020319136
0.020226218
0.019722914
0.019812321
0.019644907
0.01973813
0.019875435
0.019148478
0.019819057
0.020024078
0.019185307
0.020208271
0.020619608
0.019513806
0.01977125
0.020545838
0.019524997
0.019183187
0.01970323
0.019011581
0.019212704
0.019645395
0.01912375
0.019340746
0.01965527
0.01896341
0.019399688
0.019992156
0.019173361
0.018907435
0.019279303
0.018706778
0.01890081
0.019242631
0.018661065
0.019113591
0.019472195
0.018686684
0.018804414
0.019064711
0.0186824
0.018852985
0.019367198
0.018936703
0.01908002
0.0194929
0.018859433
0.018490111
0.01887098
0.018559007
0.018461568
0.018409245
0.018328955
0.018244753
0.018279802
0.01816783
0.018317422
0.018414542
0.01804459
0.018497685
0.018681657
0.018162096
0.018474111
0.018582372
0.018097492
0.018344937
0.01848589
0.017962098
0.018561402
0.019173235
0.018608723
0.018179178
0.01841256
0.018303705
0.018074362
0.018026581
0.017929688
0.018055841
0.017955134
0.017754294
0.017891536
0.017808834
0.017747851
0.017771456
0.017573515
0.01781767
0.017819334
0.017551474
0.017700316
0.017604845
0.01752402
0.017597482
0.017471043
0.017442912
0.017428244
0.017505584
0.017413815
0.017668158
0.01769232
0.017520044
0.017377315
0.01752666
0.017439557
0.017381871
0.017426902
0.017467314
0.017372891
0.017285872
0.017310467
0.017138625
0.017116738
0.017055072
0.017140446
0.017005414
0.017109867
0.017013133
0.017156055
0.017101299
0.017053919
0.017147833
0.0169496
0.017236523
0.01743377
0.016960418
0.017275719
0.017713875
0.017205346
0.01697426
0.01726093
0.016841583
0.017702064
0.018287433
0.01761339
0.017166892
0.017331349
0.017524134
0.017128473
0.01698521
0.017026441
0.016811205
0.016976913
0.016905472
0.01694429
0.016998673
0.0168985
0.01693157
0.01679728
0.016911486
0.016932638
0.016827881
0.016820028
0.016792184
0.01684063
0.016706126
0.017250612
0.017483415
0.01698512
0.01701285
0.01713562
0.016943723
0.016920596
0.016889567
0.016702363
0.016950125
0.016943531
0.017069547
0.016884949
0.016739776
0.016734889
0.01699046
0.01696957
0.016725304
0.01667828
0.016763117
0.016721234
0.016873846
0.016866116
0.016714593
0.016615706
0.01684785
0.01680811
0.016787553
0.016776942
0.016664779
0.01663941
0.016638845
0.016595555
0.016791156
0.016695471
0.016727943
0.016627768
0.016686587
0.016657954
0.01666875
0.016638538
0.016603826
0.016563045
0.01660463
0.016544404
0.01665967
0.016616387
0.016520595
0.016486721
0.016624426
0.016587378
0.016472936
0.016436733
0.016593298
0.016551584
0.016432317
0.016412823
0.016477851
0.0164255
0.016468989
0.01644977
0.016381728
0.016369497
0.01640498
0.01640427
0.01632456
0.016340027
0.016285976
0.016298534
0.016357843
0.016245363
0.01651864
0.01651544
0.0161511
0.016549254
0.016432272
0.01621255
0.016230235
0.016210176
0.016183423
0.01616675
0.016182298
0.016012626
0.017035104
0.017097114
0.016612658
0.016466122
0.0166674
0.016900137
0.0161556
0.016904272
0.017720139
0.017149968
0.016347647
0.01636094
0.016571974
0.016411256
0.015997348
0.016882583
0.016761528
0.016258417
0.016144453
0.016283864
0.016230764
0.016240316
0.01622816
0.016175272
0.01604805
0.016138615
0.016170084
0.01654327
0.016390951
0.015914217
0.015931584
0.016390122
0.016357971
0.015871765
0.015842995
0.016252385
0.016063824
0.01607362
0.016055211
0.015880184
0.015852695
0.016136179
0.01612517
0.015791804
0.015771838
0.016138809
0.01605308
0.015964521
0.015949877
0.015860815
0.015796976
0.016086875
0.01605131
0.015862036
0.015792832
0.015991328
0.015884845
0.015910417
0.015890943
0.015884219
0.015853452
0.015801657
0.0157576
0.015886543
0.015820023
0.01582591
0.01577618
0.015807675
0.015719073
0.015874961
0.015853634
0.015731802
0.015720526
0.015780954
0.01573122
0.01572173
0.01566324
0.015800802
0.015762797
0.015675405
0.015610845
0.01582751
0.015752554
0.01564801
0.015623432
0.01574494
