0.2885009
0.07016638
0.06395114
0.031530473
0.033416674
0.031123487
0.024475614
0.02378585
0.025642157
0.022741966
0.021883922
0.022540966
0.022054859
0.02100257
0.022827184
0.023051923
0.021234026
0.021977073
0.022412075
0.021845011
0.02164424
0.02102829
0.021880174
0.022128934
0.020798335
0.021967458
0.023142448
0.022178123
0.020961756
0.021351134
0.0219196
0.021667266
0.021052003
0.020864999
0.02128531
0.02095885
0.0207087
0.020823365
0.020710846
0.020661945
0.0208421
0.020639716
0.020875154
0.02081185
0.020687107
0.020695
0.02072255
0.020635398
0.02075453
0.020730829
0.020622699
0.020614464
0.020712096
0.02064924
0.020542076
0.0206931
0.020434199
0.020863513
0.020738775
0.020848168
0.020445786
0.02067778
0.02087543
0.020210681
0.020358907
0.020148808
0.0203192
0.020060636
0.019436501
0.019392522
0.019159695
0.01889541
0.018662885
0.018702775
0.01817658
0.01835592
0.018014982
0.018682634
0.018238937
0.017863909
0.017707113
0.01759885
0.017435573
0.017673545
0.017520279
0.017617598
0.017520713
0.017580144
0.017545993
0.017275196
0.017243093
0.017320992
0.017129123
0.017531725
0.01762073
0.017210424
0.017615747
0.017558133
0.01715404
0.017293787
0.017161595
0.016979234
0.016888538
0.017117409
0.01701419
0.016964363
0.016989378
0.016804047
0.01705404
0.017095469
0.016788295
0.016856268
0.016733348
0.016855715
0.016945137
0.016641753
0.016634116
0.016592788
0.016503245
0.016844561
0.016376993
0.016611123
0.016508602
0.016537733
0.016584406
0.016230687
0.016599799
0.0167438
0.01629047
0.01660856
0.016862316
0.01661685
0.016285667
0.016563684
0.016543755
0.016690632
0.016173309
0.016773213
0.017020317
0.016430825
0.016414134
0.016418958
0.01657155
0.016428841
0.016111054
0.016053893
0.016182743
0.015922965
0.015833111
0.015998945
0.015816329
0.01559712
0.015711596
0.015620291
0.01547492
0.015464841
0.015411367
0.015355431
0.015256726
0.015382306
0.015276481
0.015297741
0.015169658
0.0153768025
0.015188206
0.015290876
0.015350702
0.014948398
0.015008668
0.014940798
0.014914304
0.014960398
0.014697229
0.015072216
0.014984543
0.014696658
0.014774282
0.0146140205
0.014500028
0.014613627
0.014387537
0.015008647
0.015109363
0.014294542
0.01570971
0.016942555
0.01591204
0.014811128
0.015093465
0.0151787
0.014907431
0.014407438
0.014649127
0.014673203
0.01412077
0.014654391
0.015094091
0.014205609
0.014550496
0.015290073
0.01483145
0.0142606
0.014323919
0.014495879
0.014200024
0.013872837
0.014258941
0.014108223
0.013775325
0.013770145
0.0138481865
0.013647522
0.013910238
0.0140601145
0.013607723
0.013619914
0.01377143
0.013480472
0.013756409
0.013901718
0.01352865
0.013421741
0.013571993
0.013454606
0.013232686
0.013298619
0.013102062
0.013423647
0.01352072
0.013158355
0.01294558
0.013241404
0.013099
0.012821048
0.012837875
0.012845683
0.012610443
0.012650397
0.0125857005
0.012432531
0.012406659
0.012416146
0.012267399
0.012406119
0.012214682
0.012487407
0.012283117
0.012391021
0.01225135
0.012292571
0.012033805
0.012169634
0.011949378
0.012499687
0.012373437
0.012044673
0.01199164
0.011981353
0.0118284635
0.011900689
0.011848331
0.011739616
0.011767994
0.011677797
0.011458685
0.011766155
0.011533077
0.011444438
0.011480388
0.011290965
0.011562005
0.011446252
0.011363273
0.01152848
0.011308123
0.0114596365
0.011760697
0.011324639
0.011198871
0.011398052
0.0110863885
0.011130896
0.011334561
0.011020429
0.011161794
0.01129581
0.011061053
0.011116691
0.011152986
0.01113239
0.010808055
0.011720918
0.011634576
0.011099666
0.010846596
0.010852628
0.010717124
0.0109525435
0.010748076
0.010890911
0.010599285
0.01091455
0.010909871
0.010420944
0.010273988
0.0104774395
0.01028197
0.010371812
0.010084016
0.010187111
0.010133395
0.009853036
0.009883769
0.009654682
0.00955443
0.009480647
0.009545268
0.009294131
0.009957799
0.00980043
0.009245065
0.009143365
0.009238613
0.009092602
0.009268255
0.009190985
0.008780285
0.008595959
0.0087837605
0.008568552
0.00854597
0.008689109
0.008446104
0.008784071
0.008388403
0.009449517
0.009420606
0.008129425
0.008470249
0.008358833
0.008530618
0.007941931
0.009314829
0.009746597
0.008062852
0.010752576
0.012592086
0.010412882
0.008881954
0.009636396
0.010479427
0.009137987
0.00854702
0.009372383
0.008785912
0.008463994
0.008602389
0.007797697
0.008285855
0.007975455
0.008089471
0.007831719
0.007948607
0.007871321
0.007876792
0.007840386
0.0075110155
0.007692494
0.007572755
0.0072849416
0.0072477497
0.007624677
0.0075389952
0.007118482
0.0074169734
0.0071606473
0.0074089174
0.0072637857
0.00724748
0.007173387
0.006934358
0.0072824615
0.007035792
0.0076041073
0.00792413
0.006911598
0.007089878
0.007262634
0.0070098895
0.0067164674
0.0068771425
0.006704353
0.0066507882
0.006659067
0.0064683557
0.006428799
0.0067496486
0.0067289644
0.0067337877
0.0067511126
0.0065485598
0.0066880006
0.006395239
0.006561365
0.006419727
0.006967301
0.0069082156
0.0066221613
0.006491789
0.00666517
0.006640291
0.006288381
0.006281408
0.0063092876
0.006143602
0.0065565705
0.0065599256
0.00598125
0.005944226
0.006177435
0.0060682804
0.0061351247
0.00603557
0.006089277
0.0059423423
0.0062032547
0.0061699874
0.006082743
0.005968109
0.0060032327
0.005941242
0.00594851
0.005712955
0.0059229475
0.005744552
0.006260995
0.006312936
0.0059588463
0.005946337
0.006127339
0.0055583143
0.006270543
0.005882111
0.006139708
0.0059527494
0.005987566
0.006136553
0.0057842373
0.005723313
0.0056880563
0.005699432
0.005501212
0.005423768
0.0055983737
0.0055076387
0.0055797105
0.005395708
0.0057035126
0.005501633
0.005522168
0.005431775
0.005646281
0.0054051206
0.0056726895
0.005509101
0.005486751
0.005354916
0.0055511803
0.0051330267
0.00593777
0.0055314363
0.005613307
0.0057298695
0.0051614507
0.0054979525
0.005334843
0.0053487592
0.0053846254
0.005156879
0.0053402185
0.004949709
0.0063942554
0.0068328525
0.005950416
0.0057336916
0.0060572685
0.0059260037
0.0051400536
0.006096372
0.0065055997
0.0052554323
0.0065159746
0.007445503
0.0060889884
0.0059294202
0.0064332546
0.0056878147
0.005876252
0.0060046487
0.0052902573
0.0055431104
0.0053704865
0.0055310708
0.005165192
0.0051536732
0.0050972328
0.0050235344
0.004982986
0.005252305
0.0051804557
0.005225765
0.0052238903
0.004890902
0.004864291
0.0048677674
0.004745495
0.0049975887
0.0049871025
0.004849928
0.004773133
0.0048504616
0.004651539
0.004954281
0.004730925
0.005146122
0.004993791
0.0047797915
0.004699228
0.0049353167
0.0048154113
0.004847919
0.004917539
0.0047095814
0.0047174743
0.0047927834
0.004699631
0.004707841
0.004666636
0.0047331825
0.00469822
0.0047553014
0.0047381166
0.004590685
0.004543964
