0.28837833
0.057938796
0.075147666
0.04578802
0.022368478
0.03758603
0.035414744
0.02360168
0.02731101
0.030710777
0.029280081
0.025865873
0.021928439
0.026661217
0.029627686
0.025542699
0.021707578
0.023817351
0.025933882
0.024969878
0.022540925
0.022015415
0.023710249
0.024030022
0.022354985
0.021146163
0.023118665
0.02262491
0.02292149
0.021643749
0.022264794
0.022871519
0.021595916
0.021753399
0.020990899
0.022162272
0.022203827
0.02150391
0.021101648
0.021290913
0.02139157
0.020685853
0.020733396
0.02088836
0.020682067
0.020599999
0.020891497
0.020517318
0.021028204
0.020984212
0.020867638
0.020675609
0.020406293
0.020427734
0.020484606
0.020067759
0.021196695
0.021383246
0.02003677
0.021714807
0.024669858
0.020936742
0.02006224
0.020221895
0.020241946
0.020202477
0.019835643
0.019798016
0.019703021
0.01951761
0.019261716
0.019756956
0.019326465
0.01914727
0.019005945
0.018754842
0.018498532
0.018255906
0.018032096
0.018199896
0.018009115
0.017904133
0.01779691
0.017922219
0.017829588
0.01764174
0.017501624
0.017712083
0.017529905
0.017189322
0.017056102
0.01715902
0.017003879
0.016913379
0.01677611
0.017093353
0.016846796
0.016691942
0.016573787
0.016639104
0.016496846
0.01635992
0.01628909
0.016213158
0.016070923
0.016046034
0.015859947
0.015854634
0.015766907
0.015648544
0.01548751
0.015498952
0.01526995
0.015364329
0.015239316
0.014932566
0.014730453
0.014929579
0.014710136
0.01420634
0.014015928
0.013989742
0.013748783
0.01363437
0.013144868
0.013580729
0.013329114
0.0127655165
0.01266504
0.012908285
0.012730929
0.012300805
0.012070451
0.012754704
0.012419759
0.012049007
0.011893541
0.012176503
0.012184005
0.011515454
0.011399287
0.011799547
0.01158844
0.011332382
0.011067361
0.011857413
0.011631551
0.011257102
0.011015807
0.0112130195
0.010758504
0.011476188
0.011446863
0.011007282
0.010834691
0.010875179
0.010605422
0.010839994
0.0107987495
0.010416275
0.010215095
0.010646989
0.010219624
0.011044537
0.01069842
0.010437603
0.010404331
0.009751772
0.009660383
0.010382214
0.010128106
0.010329739
0.010133055
0.009628887
0.009362393
0.01029645
0.01023245
0.009464979
0.009470218
0.0091130175
0.008912731
0.009528299
0.009494009
0.0093140295
0.008800336
0.009355499
0.008716918
0.009402771
0.009323467
0.008967084
0.008983229
0.008309078
0.008321127
0.008323335
0.008182193
0.008081134
0.008222428
0.007871269
0.008053087
0.007977489
0.007645977
0.0075110723
0.007390488
0.007895851
0.00750476
0.008541991
0.008400508
0.007761862
0.007855232
0.0071389643
0.0073578483
0.007050324
0.0077181174
0.008050621
0.0069065094
0.007421384
0.007960481
0.007065521
0.007166891
0.006913549
0.006623862
0.007011175
0.006383033
0.00674242
0.006712772
0.006532911
0.0065737367
0.006275308
0.0065521575
0.006393427
0.0063773035
0.006311383
0.006608892
0.0064406884
0.0061123017
0.0058688484
0.006170168
0.0059358575
0.0059934543
0.005909115
0.0058927448
0.00567738
0.0060635074
0.0057232627
0.005802762
0.005585587
0.00598097
0.005831164
0.0054746126
0.0054774038
0.0054511353
0.0053292937
0.005562857
0.005529731
0.005198922
0.0050861808
0.0054421774
0.005264321
0.0051875655
0.0050747194
0.0052066618
0.0050422656
0.0052103787
0.005030305
0.0050360155
0.004825542
0.005303675
0.0050935843
0.0048889904
0.0047787293
0.0050967
0.0049114455
0.0048264954
0.0047611934
0.004784401
0.004682975
0.0047935345
0.004705114
0.004673939
0.00457857
0.004706835
0.004622245
0.004573112
0.0045034355
0.0045881644
0.004578136
0.004361999
0.004329841
0.0045063323
0.0044462406
0.0042600543
0.004230334
0.004317253
0.0042145583
0.004282874
0.0041750693
0.004209808
0.004094505
0.0042313053
0.004127289
0.004029048
0.0039361822
0.00403115
0.0038857206
0.004238397
0.0043346155
0.0037906503
0.0050220387
0.004521076
0.0043738508
0.00415217
0.0051093143
0.0043346793
0.004205419
0.00497435
0.0038922217
0.0042510414
0.004041715
0.003858899
0.0040145935
0.0038245448
0.0041761636
0.004236348
0.0038809367
0.0038203474
0.00404647
0.0039086915
0.0037883017
0.0037303239
0.003883322
0.0035071957
0.003952257
0.003663448
0.004051976
0.0039580227
0.00354363
0.003620065
0.0037718478
0.003526394
0.0047819414
0.0049010683
0.0036051106
0.004540279
0.004818407
0.00444289
0.00428816
0.003962628
0.0039325817
0.0036762904
0.004044358
0.0043277154
0.0035261617
0.003531888
0.003918848
0.0036339369
0.0035981257
0.00395469
0.0036717234
0.0034359775
0.0037117302
0.0035032022
0.0035082614
0.0036244455
0.0035063878
0.003238325
0.003534372
0.0033435829
0.0033760557
0.003306535
0.003384312
0.0032479216
0.0038746854
0.0035887768
0.0041226256
0.004185504
0.003240152
0.005056561
0.0061279438
0.0039612665
0.003726782
0.004529783
0.0037570298
0.0036359457
0.0038897677
0.0031928066
0.0034068206
0.0033432285
0.0032365657
0.0032497246
0.0031180754
0.0031479204
0.0030502211
0.0030978778
0.0029382042
0.0033114732
0.0035810396
0.0033984615
0.0034863066
0.003051006
0.0032823589
0.0032142058
0.0031434745
0.0031343393
0.003081641
0.0029912926
0.0032291573
0.003075828
0.0033750113
0.0031796142
0.0034008573
0.0031408493
0.0033546574
0.003202347
0.0032093164
0.003393796
0.0029909306
0.0030912824
0.0029229366
0.0030931253
0.0029907518
0.0034563753
0.0035769877
0.0028655503
0.0033566656
0.0035946413
0.0028313193
0.0033922999
0.0031520685
0.0032033685
0.0035014981
0.0028241018
0.0032616798
0.003238434
0.002799752
0.003033181
0.0027000231
0.003235642
0.003228293
0.0028240813
0.0029222674
0.0028457518
0.0029257387
0.0028266367
0.0032803454
0.0031445946
0.0027351864
0.0030708888
0.002965808
0.0027396597
0.0027414924
0.0029359926
0.0029138362
0.0026999742
0.0028623536
0.0026874368
0.0029885403
0.0027704032
0.0031106677
0.003029147
0.0025775356
0.0030294545
0.0030394942
0.002694202
0.0027845826
0.0026401326
0.0030098043
0.0028581473
0.0031161967
0.0031291724
0.0029726531
0.002762371
0.0032516178
0.0030920084
0.0025434238
0.0026066832
0.002617659
0.0025390398
0.0028323296
0.0027380318
0.0028952125
0.0030346613
