0.28804132
0.046936154
0.05499834
0.042593062
0.027274614
0.025237152
0.026160756
0.023890339
0.022724455
0.023708284
0.022318175
0.021265715
0.021668768
0.021014618
0.021705406
0.022109114
0.020957628
0.021594556
0.022364043
0.021552153
0.020744028
0.021704739
0.02125545
0.021467961
0.020946527
0.021272993
0.021280155
0.020948105
0.020752138
0.020707246
0.020666445
0.020535992
0.020459013
0.020771706
0.02060786
0.020453325
0.020478724
0.020420829
0.02034783
0.020411028
0.020307833
0.02037862
0.020280436
0.020411374
0.020293152
0.02037148
0.020342218
0.020203838
0.02014351
0.020276165
0.02020155
0.020159585
0.020112978
0.020160856
0.020110952
0.020103274
0.020059211
0.02003055
0.019949675
0.020132968
0.020100111
0.0198882
0.020261323
0.01999227
0.020212663
0.020363817
0.019813925
0.020062074
0.020139117
0.019851573
0.019659607
0.019881787
0.019645782
0.019689446
0.019710518
0.019374551
0.019443564
0.019323617
0.019239487
0.019175448
0.019418685
0.0192488
0.019195864
0.01916799
0.01963549
0.019015158
0.019172117
0.019152602
0.019006984
0.01923119
0.019027399
0.019185105
0.019299643
0.018972417
0.01894354
0.019084034
0.018960847
0.018763078
0.018777056
0.018719994
0.018650537
0.018649096
0.01852777
0.018621916
0.01857005
0.018560635
0.018572636
0.018490197
0.018389637
0.018373577
0.018246392
0.01840691
0.01837208
0.018351482
0.018251305
0.018086402
0.018273031
0.018296165
0.018426485
0.018113792
0.0182413
0.018193243
0.018025754
0.018008007
0.018065087
0.017922973
0.018066728
0.018097043
0.017797017
0.017726514
0.017870804
0.017716048
0.018149972
0.018209698
0.017711217
0.01789604
0.017907215
0.017712904
0.017611684
0.017735215
0.017656578
0.017401129
0.017364375
0.017351361
0.017277762
0.017177546
0.017311642
0.017016446
0.017512297
0.017624926
0.017123142
0.016835082
0.016862715
0.016768627
0.016339408
0.016880857
0.016925389
0.016114188
0.016759397
0.017192418
0.016356371
0.016571768
0.01654009
0.015354566
0.015990557
0.016514925
0.015555809
0.01558764
0.015425309
0.014881872
0.014976631
0.015047222
0.014629477
0.0146868415
0.014886986
0.014573014
0.014087298
0.014361515
0.014037569
0.013912582
0.013774245
0.0138263265
0.01361153
0.013709913
0.013670207
0.013334736
0.013329364
0.013226797
0.013256622
0.013137504
0.012943187
0.01302366
0.01291735
0.01290458
0.012812919
0.012680724
0.012813035
0.012653642
0.01293895
0.013018663
0.013193133
0.013017781
0.0124782445
0.01250698
0.012662559
0.012492292
0.013078526
0.013228621
0.012508483
0.012923422
0.01293657
0.0123643875
0.012801185
0.012525309
0.012470834
0.012435286
0.012307964
0.012238567
0.012768221
0.012850191
0.0121418135
0.012434408
0.012218473
0.012431697
0.012365058
0.012184322
0.012272415
0.011982039
0.012169763
0.0120033445
0.012185662
0.012284716
0.0120292865
0.012114561
0.012280867
0.012081022
0.011969048
0.012081347
0.012030716
0.011951541
0.011855268
0.012473014
0.012408574
0.011871426
0.011784884
0.012004703
0.011852536
0.012172525
0.012092995
0.011878771
0.011835446
0.011751543
0.011671391
0.012056087
0.012002545
0.011658341
0.011586677
0.011819817
0.0117063895
0.0118423
0.011758299
0.011604756
0.011603582
0.011643593
0.011553989
0.011619897
0.011585463
0.01152992
0.0114674
0.011662773
0.0115581555
0.011576475
0.011535543
0.011474546
0.01144172
0.011405073
0.011305136
0.011709712
0.01168565
0.011305534
0.011777498
0.011277919
0.012338373
0.012563486
0.011371102
0.012710246
0.013833021
0.0123546375
0.011342318
0.012191598
0.012206945
0.0112173995
0.013088495
0.014882773
0.013545595
0.0114574665
0.01258342
0.014137412
0.013433459
0.012239414
0.011691316
0.012630538
0.013075422
0.011570032
0.011788066
0.012367882
0.011852424
0.011307324
0.011918534
0.0121501535
0.0112440055
0.012071114
0.013080172
0.012452237
0.01193563
0.011514404
0.012053137
0.0121293
0.011050959
0.012761007
0.013931605
0.01323356
0.013384278
0.013203199
0.011821613
0.012131673
0.013163101
0.012266357
0.011379226
0.011546132
0.011589681
0.011450109
0.011110556
0.011133966
0.011135745
0.011048523
0.011032238
0.011149138
0.010903664
0.011179354
0.01132714
0.011119403
0.010880418
0.011114643
0.0109677045
0.011010042
0.010792531
0.011580519
0.011635435
0.010774407
0.011518297
0.011978959
0.011804137
0.011274989
0.010893793
0.011086032
0.011022698
0.010830979
0.010945123
0.010640102
0.011191617
0.011518162
0.011277576
0.01109131
0.011042497
0.010931172
0.011047727
0.011084589
0.010529149
0.011186305
0.011287508
0.010923867
0.010887469
0.010623775
0.010393205
0.010835159
0.010821669
0.011008263
0.010708087
0.010688152
0.010708555
0.010503434
0.0104877325
0.010583495
0.010417921
0.010569719
0.010519345
0.010584354
0.010539043
0.010418442
0.010244491
0.0106299
0.010523831
0.010519542
0.010414444
0.010358575
0.010219564
0.010756928
0.010900321
0.01025984
0.010276231
0.010360337
0.010136056
0.0105357515
0.010793519
0.010588382
0.010129099
0.010591026
0.0108018
0.0105166845
0.0101759555
0.010306955
0.010424928
0.0104881
0.0101606855
0.010427347
0.010549518
0.010240664
0.01012484
0.010097033
0.010126592
0.01020058
0.010026941
0.010120737
0.010110497
0.010086653
0.009947865
0.010119508
0.010099962
0.010006151
0.0098574655
0.010092326
0.0100756
0.009889734
0.009804034
0.010001923
0.009947677
0.009864479
0.009796761
0.0098759355
0.009805806
0.0098803295
0.009798109
0.009714945
0.009635342
0.009858149
0.009795959
0.009787682
0.009693263
0.009734409
0.009618756
0.009770982
0.009855644
0.009751834
0.009637317
0.009784521
0.0096952645
0.009782801
0.009689608
0.009656858
0.009569589
0.00968159
0.009598229
0.00959624
0.009530467
0.0095011
0.009460027
0.009514682
0.009409978
0.009546465
0.009560502
0.009306935
0.009270888
0.009376346
0.009228804
0.00955959
0.009527013
0.009115805
0.009105138
0.009261133
0.009078907
0.009577443
0.009622796
0.009002351
0.009499621
0.009370504
0.009912707
0.010043348
0.009307299
0.009793699
0.010073678
0.009616759
0.009537783
0.009419178
0.009648978
0.009278324
0.009381916
0.009453938
0.009038221
0.009642158
0.00980626
0.008883766
0.009432148
0.009812444
0.00912827
0.0093952725
0.00988325
0.009306576
0.009691959
0.0097665675
0.008995944
0.009179898
0.008966579
0.008650727
0.008909528
0.008986958
0.009174255
0.008755864
0.00943443
0.009008977
0.009409281
0.009398731
0.009008759
0.009670263
0.009260631
0.009248631
0.0095426375
0.009366334
0.009011063
0.009044102
0.0089940205
0.008743298
0.008702035
0.00854981
0.008427161
0.008755265
0.008600977
0.008720922
0.008773188
0.008315964
0.008891685
0.0086392425
0.009242651
0.009243759
0.00821538
0.009443433
0.009376651
0.008691475
0.008906547
0.008668965
0.008601241
0.008438292
0.008424785
0.008132751
0.0120425895
0.011915735
0.00884911
0.009707605
0.010389755
0.009280112
0.008894056
0.00933982
0.008523651
0.008699956
0.008684546
0.008335631
0.008507713
0.008382557
0.008098577
0.008077276
0.008170863
0.008173172
0.007909904
0.009830694
0.013232009
0.012177229
0.009777679
0.009761423
0.009135327
0.008680785
0.0084821815
0.00985695
0.009810316
0.009003941
0.00843213
