0.28945065
0.0863725
0.051736217
0.03380583
0.033468887
0.027060023
0.02496315
0.026352009
0.025881767
0.021900952
0.023454541
0.025714805
0.023147156
0.02071414
0.022338733
0.022104546
0.021557605
0.020651383
0.02227735
0.021668589
0.020927414
0.021132216
0.02105991
0.020826908
0.021012714
0.020816242
0.021032855
0.020905668
0.020618584
0.020590523
0.020748785
0.020658419
0.020740906
0.020687195
0.020600285
0.020557245
0.020613676
0.020563627
0.020588048
0.020552939
0.020574268
0.020529836
0.020536607
0.02049241
0.020517616
0.020476222
0.02049714
0.020458085
0.020476528
0.02043243
0.020458786
0.020410804
0.020436719
0.020390168
0.020398324
0.020342799
0.020413525
0.02037394
0.02028486
0.020235812
0.020376569
0.020324552
0.020131601
0.020058796
0.020300215
0.02022132
0.01984892
0.02005905
0.01971593
0.019922646
0.019937398
0.019406697
0.019254917
0.019089969
0.019088157
0.019096525
0.018670963
0.019227598
0.019012978
0.018486468
0.01833955
0.018443575
0.018092701
0.017808875
0.017950466
0.017501147
0.018089257
0.01822145
0.017126389
0.017829167
0.018225892
0.017336002
0.017037697
0.017519942
0.016813653
0.016717343
0.016763657
0.016363239
0.016372075
0.016249288
0.016064184
0.015940925
0.015764318
0.015672112
0.015503615
0.015530027
0.01532461
0.015105451
0.015211175
0.014940585
0.015607272
0.015649324
0.015464716
0.015077479
0.015532978
0.015725335
0.015543588
0.014946125
0.014763976
0.01451354
0.014901492
0.01462654
0.014516637
0.014223777
0.014290881
0.014423731
0.013947431
0.01373551
0.013976689
0.013741647
0.013952948
0.014162354
0.01351318
0.01348912
0.013400781
0.013338272
0.013240841
0.013104114
0.01298532
0.012694995
0.01273213
0.012571581
0.012315065
0.012711011
0.012659847
0.012313361
0.012363297
0.012216012
0.012123786
0.011839277
0.012051695
0.01177868
0.011967906
0.01158297
0.0119539015
0.011583657
0.012307036
0.012194835
0.011584949
0.011516414
0.011843041
0.011560154
0.011889823
0.01174951
0.011530597
0.011476572
0.011246192
0.011143159
0.011405033
0.011195031
0.011412162
0.011315547
0.011097307
0.011034027
0.011200805
0.011114407
0.01089108
0.010817197
0.010965347
0.010798916
0.010992023
0.010957074
0.010693047
0.010659206
0.01074059
0.010553543
0.010910722
0.010846118
0.0104846535
0.010423533
0.01064683
0.010437858
0.010661046
0.0106541095
0.010239767
0.010162418
0.010596757
0.010392145
0.010260765
0.010184224
0.010273478
0.010170251
0.010189682
0.010126633
0.009984683
0.009917711
0.010074913
0.009949424
0.009961584
0.009844623
0.009932614
0.00981326
0.00982288
0.00973926
0.009723474
0.009648751
0.009678526
0.009590628
0.009630169
0.00950631
0.009560087
0.009518406
0.009415218
0.009366681
0.009333591
0.009218867
0.009605682
0.009510153
0.009060774
0.009240619
0.00968564
0.00936775
0.009038943
0.009569512
0.0093025705
0.009164222
0.009335783
0.008940724
0.009123365
0.009187578
0.008883217
0.008838651
0.00910814
0.008609567
0.008837591
0.008634208
0.009079331
0.008909681
0.008475303
0.008503588
0.0082451375
0.008337685
0.008106747
0.008377649
0.008306955
0.008062813
0.007981454
0.008055291
0.007874649
0.008019022
0.007868711
0.007914067
0.008057264
0.007831778
0.008691684
0.007952011
0.008270984
0.008197977
0.007878325
0.008106787
0.007875024
0.0076675755
0.0079425005
0.0074456013
0.008466342
0.008619896
0.008251854
0.0076924697
0.008053921
0.008637104
0.008457549
0.0077385358
0.007983671
0.008561303
0.008156069
0.007780757
0.0073197796
0.007556328
0.0073068715
0.0072669946
0.0072541735
0.0072573903
0.007067478
0.00706997
0.0071663484
0.006934613
0.006660404
0.007051617
0.0068338285
0.0070720036
0.006943779
0.006933555
0.0069100317
0.006716354
0.0066294647
0.0065540615
0.006550154
0.006746287
0.00622288
0.006421084
0.006238015
0.0064459965
0.0063038743
0.00610251
0.0061050877
0.0060723335
0.005950955
0.006072977
0.0057970486
0.006245526
0.0061302255
0.005720085
0.005646931
0.005736155
0.005663295
0.0056043887
0.005437905
0.005821412
0.0053152763
0.006449261
0.006404128
0.005712977
0.0057891123
0.005761601
0.0053260177
0.005516335
0.0053306515
0.005234705
0.0057512107
0.0051444895
0.0053325794
0.005807822
0.00518231
0.0065428554
0.006380651
0.005750399
0.0051222728
0.0059976378
0.005853433
0.0057547265
0.005671054
0.005323583
0.005172908
0.005282387
0.005069206
0.0053762835
0.004925661
0.0059988773
0.005826717
0.005062665
0.0054170005
0.005220983
0.0050035533
0.005104191
0.004924381
0.0050710384
0.0048122867
0.0052093714
0.0051322826
0.004730337
0.0047302158
0.004638254
0.0047052377
0.0044937916
0.0048671253
0.0043885764
0.004917641
0.0047515887
0.0044971406
0.004628897
0.004598908
0.0043606013
0.004967027
0.0049863304
0.0044839005
0.004803577
0.004606921
0.0047737616
0.004645976
0.0048058745
0.0047192397
0.004527983
0.0049759354
0.0043322374
0.0046914066
0.005024851
0.0045580477
0.004663782
0.004977691
0.0046926118
0.0042582816
0.0044504707
0.0046391124
0.0042109215
0.004972009
0.0050799916
