0.29029825
0.065110244
0.03151012
0.050076216
0.04121595
0.023658043
0.032196783
0.04212509
0.039146762
0.030349826
0.023911752
0.0253687
0.030701315
0.030294547
0.024795877
0.021971112
0.023430055
0.023412138
0.021603614
0.02167517
0.022291206
0.0211332
0.020321323
0.020724162
0.020162702
0.020598605
0.020604583
0.020304644
0.019810235
0.020643821
0.020684866
0.019617511
0.020021837
0.020047678
0.019839846
0.019494496
0.019893035
0.019457785
0.02046288
0.020899981
0.019631343
0.020275654
0.021247558
0.020289617
0.019582173
0.020064497
0.02017142
0.01963221
0.019555913
0.01991824
0.01948993
0.01950651
0.019639874
0.019160567
0.020042418
0.020499157
0.019580962
0.019487508
0.019776193
0.019674798
0.019025749
0.019799452
0.01986539
0.019090643
0.019278737
0.019547438
0.019335734
0.018808195
0.01919757
0.019340219
0.018787637
0.018919207
0.018940851
0.018723115
0.018556809
0.018715054
0.018314278
0.01937387
0.019664193
0.018336149
0.019209914
0.020213772
0.018971339
0.018139638
0.018845377
0.01874391
0.017752703
0.01929373
0.020355934
0.018887667
0.017943304
0.018300107
0.018331306
0.017934462
0.017672826
0.01772809
0.017487025
0.017881315
0.017744565
0.017159142
0.017137002
0.017082704
0.017065132
0.016919278
0.017200314
0.01692796
0.0172755
0.017248018
0.016855592
0.016808365
0.016932381
0.016677083
0.017034747
0.01705625
0.016506456
0.016512597
0.016547168
0.016389243
0.01644933
0.016406052
0.016222274
0.016786715
0.016774705
0.016364796
0.01618464
0.016401486
0.016299596
0.016424166
0.01627804
0.01601278
0.015912125
0.01618105
0.016103426
0.01593328
0.01586354
0.015834989
0.015751807
0.01570805
0.0155648375
0.01583214
0.015716204
0.015505972
0.015416508
0.015593894
0.015420482
0.0155685665
0.0155404555
0.015190099
0.015110175
0.01575333
0.015697857
0.0150589375
0.015201577
0.015090237
0.015006292
0.015116065
0.014929288
0.015271607
0.015224785
0.014976752
0.015035141
0.014944543
0.014823356
0.015083249
0.014986453
0.01486623
0.014833021
0.014771245
0.014670536
0.01482277
0.014764745
0.014640355
0.014562823
0.014805995
0.014660585
0.014672339
0.01455155
0.014638436
0.014518925
0.014610167
0.014585604
0.0144625725
0.014390707
0.014535843
0.014462628
0.014383058
0.014323131
0.0144327665
0.014332473
0.014358654
0.014264002
0.014366346
0.01425463
0.014327635
0.014205557
0.0142764
0.014183761
0.014241401
0.014208223
0.014088475
0.014028408
0.014183459
0.014098172
0.014012556
0.013940648
0.014114055
0.013989094
0.013949265
0.013846179
0.014053828
0.013991635
0.013792804
0.013732504
0.013963646
0.013864609
0.013713709
0.013647102
0.013834111
0.013720222
0.013655561
0.013565878
0.013708963
0.013609651
0.013544604
0.0134554105
0.013613005
0.013505764
0.013421874
0.0133417575
0.013492622
0.0134064825
0.013275254
0.0131889945
0.013409461
0.013308399
0.013123874
0.013030015
0.013317403
0.013210026
0.0129648
0.01288212
0.013160542
0.013031947
0.01285312
0.012771052
0.012957395
0.012833682
0.012765576
0.012684948
0.012720409
0.012591686
0.012710978
0.012565429
0.012622784
0.012442224
0.012657861
0.01247738
0.012526761
0.012366197
0.012385689
0.012198604
0.012473839
0.012248012
0.01235415
0.012322101
0.012065571
0.011986745
0.0122687295
0.012146193
0.012038477
0.012025191
0.011978224
0.01192642
0.012001165
0.011963616
0.011810278
0.011737716
0.011862367
0.011731097
0.0118030235
0.011718183
0.011645365
0.011580944
0.011666833
0.011586319
0.011543018
0.0115058785
0.011536273
0.011438105
0.011583651
0.011550735
0.011307724
0.011222552
0.011677302
0.011591402
0.011158708
0.0111398995
0.0114515135
0.011194125
0.011540409
0.011564205
0.011015897
0.01127451
0.010983601
0.011859889
0.011786781
0.0111222835
0.011322442
0.011265521
0.011252586
0.01122015
0.011264061
0.010975991
0.011010776
0.011175473
0.011089195
0.011200787
0.011110774
0.01099148
0.010864253
0.011042151
0.01095096
0.010921557
0.010888092
0.010885298
0.0108527085
0.010898401
0.010837126
0.010857734
0.010814398
0.010767326
0.010711935
0.010954115
0.010871656
0.010792715
0.010758016
0.010665114
0.01108881
0.010979764
0.011165869
0.011152436
0.011383544
0.011127842
0.011031567
0.011349111
0.010834664
0.010774205
0.01105353
0.011064802
0.010749382
0.010686435
0.011012785
0.010960296
0.010782681
0.010904097
0.010766882
0.010720882
0.010754318
0.010695335
0.010927487
0.010812737
0.010606937
0.01058795
0.010735907
0.01059651
0.010803134
0.0106229605
0.010754168
0.010677884
0.01062331
0.010531039
0.010706595
0.010539173
0.010727336
0.010554306
0.010797936
0.010751846
0.010463621
0.0104046175
0.010826054
0.010670461
0.010704177
0.010787268
0.010419242
0.010444817
0.010626544
0.0105346255
0.010690846
0.010635641
0.010604486
0.01059831
0.010611194
0.010771651
0.010454301
0.010544005
0.0104316
0.010546143
0.01040541
0.010546965
0.010294196
0.010814883
0.0107115125
0.0103236465
0.010460307
0.010280394
0.010396414
0.010289005
0.010597351
0.010336072
0.01142653
0.011987825
0.010643636
0.011773747
0.0124979345
0.012133845
0.011726537
