0.28877664
0.07227262
0.054908395
0.030812932
0.030810237
0.028428858
0.023132851
0.026489785
0.024897506
0.022018509
0.023154631
0.022331914
0.022098524
0.022050804
0.021683015
0.02167289
0.021715024
0.021303922
0.021494785
0.021338433
0.021262571
0.021346837
0.021066865
0.021246543
0.02106025
0.021219762
0.021191314
0.020989278
0.020986125
0.02139006
0.021154724
0.02137796
0.021125162
0.021303864
0.021000743
0.020969206
0.02133719
0.021059377
0.021493921
0.021174408
0.021905048
0.021849265
0.020762766
0.021324014
0.021038806
0.020829674
0.020876251
0.020682
0.02076287
0.02067616
0.020581407
0.020512158
0.020669678
0.020642946
0.020431759
0.020466104
0.020353481
0.020420397
0.020357875
0.02026296
0.020493044
0.020232307
0.021172881
0.021236086
0.020146288
0.021748304
0.02269508
0.02136668
0.020745665
0.02103254
0.020602783
0.020984992
0.021045731
0.020240746
0.021415455
0.022557572
0.021477684
0.020501336
0.020794751
0.020614212
0.020749783
0.020919377
0.02028247
0.020644287
0.021189941
0.02057342
0.020403849
0.020500606
0.020251663
0.02036063
0.020094572
0.02009359
0.020022236
0.01956311
0.019743802
0.019320073
0.019660374
0.019491825
0.018728973
0.01846248
0.018154422
0.017890744
0.017756287
0.017389307
0.018096007
0.018120347
0.017200187
0.017982433
0.018533887
0.01781965
0.01738493
0.01754394
0.017465895
0.01705739
0.017459175
0.017518597
0.016755221
0.01727878
0.017593883
0.016826881
0.017052589
0.01743712
0.016771762
0.016677892
0.017012289
0.016454214
0.016721813
0.017082198
0.016526
0.016410919
0.016565122
0.016214384
0.016791785
0.017350888
0.0167449
0.016092988
0.016716996
0.016830593
0.01616024
0.016189834
0.016476983
0.016123293
0.016109599
0.016330296
0.016237067
0.01585216
0.016656918
0.01678657
0.01659454
0.016034596
0.01611843
0.016162574
0.016288916
0.01624032
0.016119376
0.016155824
0.015603773
0.015915107
0.015728252
0.015656004
0.015801651
0.015817342
0.015468963
0.015357791
0.015682952
0.015600999
0.015458018
0.015386718
0.015281609
0.015159056
0.015347119
0.015297602
0.015214539
0.0150170205
0.01526223
0.015163186
0.015004604
0.014917399
0.014906841
0.014758709
0.014994857
0.014977182
0.014685097
0.014572099
0.014840811
0.014675175
0.014674452
0.014590624
0.014520049
0.0144415535
0.014358717
0.014294329
0.014483534
0.014337088
0.014201004
0.014131565
0.014258973
0.014164145
0.0141461445
0.0140761025
0.014075334
0.014058891
0.0139648495
0.013883322
0.014206681
0.014078215
0.014034003
0.014697292
0.013900094
0.01854812
0.018664964
0.0145442635
0.015194467
0.015208402
0.014440413
0.014852517
0.01462165
0.014704175
0.014276828
0.0142763825
0.015018023
0.014367537
0.013983208
0.014427011
0.01400549
0.01421624
0.014993295
0.01396026
0.014306676
0.014995418
0.014344496
0.013996194
0.014839155
0.014240411
0.014116466
0.0144609185
0.014304735
0.013777572
0.014412508
0.0142128235
0.013705554
0.014020334
0.01391013
0.013412997
0.01412567
0.014432617
0.013519778
0.014244639
0.01538435
0.014709994
0.014381667
0.014192327
0.01429581
0.013902653
0.013790394
0.014020212
0.013673979
0.013475704
0.013517633
0.013298496
0.013326898
0.013312337
0.0132346
0.013208629
0.013224363
0.013171938
0.01328482
0.013334505
0.013429244
0.013356012
0.013102104
0.0130610345
0.013118486
0.012965155
0.01323074
0.013222302
0.012977426
0.0129154995
0.013080002
0.012863058
0.013204125
0.0133277
0.012874599
0.013067131
0.013039709
0.012970838
0.012878434
0.0130291805
0.013052379
0.01284827
0.012788974
0.012789623
0.012730389
0.012791932
0.01291727
0.01279455
0.012663658
0.012741598
0.012757066
0.012713295
0.012589698
0.012649752
0.01263735
0.012521322
0.012391132
0.0126050785
0.012553111
0.012326845
0.012230939
0.012430462
0.012281611
0.012235825
0.012185383
0.012091019
0.011975679
0.012137699
0.012064437
0.011808849
0.01166144
0.011858046
0.011780688
0.011610045
0.011469702
0.011531039
0.011447075
0.011433152
0.011285216
0.011245699
0.011178139
0.011193399
0.011049573
0.011040218
0.010861757
0.010976039
0.010799981
0.010832619
0.010794324
0.010514413
0.010434168
0.010607384
0.010457897
0.010309183
0.010199497
0.010325285
0.010196787
0.01004137
0.009947776
0.009979463
0.009874806
0.009813189
0.0096979365
0.009681205
0.009572138
0.00958246
0.009526152
0.009482194
0.009550295
0.0092339115
0.009279877
0.009310712
0.009050732
0.009845925
0.0096135875
0.008961645
0.009261284
0.008994258
0.009126016
0.009189411
0.008750287
0.008999118
0.008664184
0.008837136
0.008608948
0.008672598
0.008457531
0.00844507
0.008275394
0.008432367
0.008282502
0.008441858
0.008401316
0.008208559
0.008219813
0.007931215
0.0085515315
0.008472583
0.008030749
0.008351426
0.008110265
0.008543116
0.008186047
0.008850857
0.008316246
0.008366062
0.00855689
0.007992226
0.008256648
0.0076746647
0.00785503
0.007608477
0.007691685
0.0074860663
0.0075834817
0.007403227
0.007548655
0.007544367
0.0071351915
0.0071314345
0.007372592
0.00706511
0.0078300005
0.007618211
0.0070764665
0.007082848
0.006885911
0.0068698884
0.006906072
0.0068934285
0.007142455
0.007151905
0.006723754
0.0067765266
0.0064992127
0.006719718
0.0065843295
0.006379508
0.0067113326
0.0064564324
0.0067236684
0.0066908677
0.0065190024
0.006236805
0.006607545
0.0067373724
0.0063314424
0.006324425
0.006244468
0.0060867467
0.0065502613
