0.29043105
0.04529396
0.075461425
0.056826234
0.024804642
0.042597678
0.0521618
0.03824569
0.023685923
0.031711172
0.0416448
0.038126323
0.028002955
0.023383623
0.026052212
0.028824633
0.026957547
0.022859365
0.02353619
0.026225343
0.02518016
0.022221005
0.022178933
0.023259347
0.022439199
0.020888159
0.02090169
0.021303913
0.020329146
0.019455519
0.01974283
0.01916555
0.018956775
0.018903865
0.018841503
0.018614976
0.01872305
0.018587308
0.01854566
0.01843282
0.018401641
0.018348863
0.01833417
0.01819252
0.018074661
0.01794538
0.018004881
0.017878028
0.01770174
0.017631305
0.01756792
0.017468793
0.017428836
0.017333053
0.0174235
0.017242229
0.01746804
0.017460382
0.017203571
0.017581703
0.017617002
0.017209673
0.017186528
0.017291702
0.016972952
0.018185146
0.018732697
0.017554171
0.017799534
0.018264836
0.017486898
0.01753873
0.01761106
0.017294032
0.0174447
0.017263452
0.016898679
0.017070428
0.016918922
0.017025528
0.016962418
0.016743405
0.016846707
0.016739016
0.016600152
0.016522149
0.016749738
0.016741334
0.016473433
0.016537169
0.016451864
0.016390212
0.016270969
0.016368499
0.016312389
0.016102707
0.01630359
0.016097112
0.016216112
0.01621265
0.016002124
0.0158227
0.015891096
0.015795322
0.01566847
0.015540305
0.015501276
0.015302144
0.0151608065
0.015005972
0.014883959
0.014674065
0.014517101
0.014250341
0.014083602
0.0137775615
0.013439514
0.013068609
0.0129681425
0.01257535
0.012136052
0.011781652
0.011579336
0.011155114
0.010976501
0.010701726
0.010529161
0.010415111
0.009897334
0.010088666
0.009964294
0.00949351
0.009238895
0.009505749
0.009161909
0.008824009
0.008716994
0.009562937
0.008795085
0.00999342
0.010391377
0.008349072
0.011788261
0.013873058
0.010210809
0.009014516
0.0100969495
0.009488252
0.008475016
0.009071869
0.009376806
0.008224601
0.008446605
0.009046623
0.008315224
0.007920213
0.008185628
0.0077355895
0.008346359
0.008910359
0.008193541
0.0076573803
0.008128176
0.008165192
0.007673482
0.007582523
0.007814993
0.007585211
0.007515161
0.007560279
0.00751717
0.0072124316
0.007585447
0.0075075626
0.0073330025
0.007245949
0.0073097013
0.0071770917
0.0071150623
0.0071455464
0.0071087666
0.0069369697
0.0070533156
0.006966015
0.006886892
0.006791743
0.0070879944
0.0068801665
0.0068640895
0.0067553413
0.006856211
0.006709214
0.0068377205
0.006691947
0.0067670965
0.006656634
0.00666263
0.006616156
0.006756138
0.0066606966
0.006557035
0.00651929
0.006494185
0.006351019
0.0065158396
0.006340982
0.0065323506
0.006416066
0.0063212677
0.006221194
0.0063115656
0.006145518
0.0061576385
0.0061152973
0.0060026846
0.006060193
0.005997513
0.0058907964
0.005892422
0.0058044516
0.0058998023
0.005808627
0.005812912
0.0056153727
0.0060615633
0.005891228
0.0059879
0.005915161
0.005827377
0.005723405
0.005595155
0.0059560477
0.005700721
0.0060149594
0.0061264876
0.0056944885
0.005713602
0.0057405294
0.005642799
0.0054980386
0.0054060766
0.0054859505
0.0052890256
0.005753908
0.0059064366
0.0053520543
0.005397217
0.005578154
0.0051884428
0.0055957646
0.0054188375
0.005592281
0.005470321
0.00527822
0.0052812234
0.005212031
0.0051654526
0.005450498
0.005338617
0.005056579
0.00510469
0.004994577
0.004952989
0.005138861
0.004970306
0.005201755
0.005160173
0.0049447534
0.0049806535
0.0049680388
0.0048665446
0.0050393264
0.0048042093
0.0051694745
0.0051012877
0.0047930046
0.0048508793
0.0048581976
0.004728524
0.0048957625
0.0047077327
0.004991638
0.00497968
0.0046992097
0.0047800792
0.004585073
0.0045356485
0.004711742
0.0045290045
0.004815878
0.004781176
0.004426655
0.0043795127
0.0046708905
0.0044553736
0.004723772
0.00462807
0.00441322
0.0043143383
0.0046391767
0.0044123465
0.004627188
0.004501008
0.0044191596
0.0043271724
0.0044755605
0.004322611
0.004505709
0.0044167438
0.004302531
0.0042596515
0.004350673
0.004260622
0.0043892777
0.004333388
0.0042100805
0.0041648056
0.004269373
0.004192019
0.0042706085
0.0042099236
0.004161675
0.004147354
0.0041074282
0.0040595103
0.004168787
0.004061215
0.0041091186
0.0040241317
0.004067272
0.003976671
0.0040458813
0.0039740168
0.003945284
0.0038291
0.0041128187
0.0039990903
0.0038672138
0.0038061233
0.003929758
0.0037986878
0.0039116642
0.0037992392
0.0038622806
0.0037605858
0.0038330276
0.0037275513
0.003785275
0.0037167743
0.003689358
0.003639097
0.0036833424
0.0036329862
0.0035889912
0.0035915356
0.0035197136
0.003478003
0.0038044278
0.0035856848
0.0037741344
0.0037900545
0.003378724
0.0037764546
0.003489719
0.003726742
0.0037569366
0.0033276642
0.003604019
0.0033579841
0.0038647808
0.0037403824
0.0034831436
0.0035525125
0.003425874
0.0033220667
0.0034514188
0.0032235319
0.0033665802
0.0031940015
0.0032064726
0.0032412764
0.003119666
0.0033887594
0.0032010514
0.00348893
0.0033340224
0.0033284624
0.0035529528
0.002939569
0.003512277
0.0030818395
0.003359206
0.0036105525
0.002968175
0.0032061916
0.0031350628
0.0029071672
0.003046165
0.0028288346
0.0030943286
0.0028883938
0.0029841803
0.0029653038
0.0028071112
0.0031450137
0.0028546758
0.0034408078
0.0037364003
0.0032960868
0.0030766174
0.0031243544
0.0032310172
0.0029524185
0.0027919195
0.0031866524
0.003039473
0.0029602628
0.002920645
0.0028962384
0.0027549844
0.0028049638
0.002826134
0.0026902289
0.0025757474
0.0029137926
0.0026656492
0.0028950062
0.0029203473
0.0025719784
0.0026303336
0.0025610349
0.0025960838
0.0024873682
0.0027727324
0.002518478
0.0029603634
0.002859477
0.0026040426
0.002633145
0.0025094757
0.0026030259
0.0025353406
0.0026972576
0.0026541355
0.0025377916
0.0024214648
0.0024981138
0.0024172764
0.0023160812
0.0023574645
0.00231535
0.0023109189
0.0023704653
0.0021772573
0.002630818
0.002541966
0.002446273
0.002452667
0.002315166
0.002573195
