0.2899
0.046850126
0.07121819
0.052490603
0.025166674
0.034449384
0.036077783
0.027096318
0.02468999
0.026874376
0.026342386
0.023367694
0.023132188
0.024094574
0.023588208
0.021910563
0.023811651
0.02557469
0.024164513
0.021721998
0.021689126
0.02229654
0.021707585
0.020258695
0.020261
0.020827005
0.020428866
0.019222526
0.019925876
0.020706777
0.020714829
0.019776205
0.018980037
0.019493116
0.019450635
0.018947916
0.019055197
0.019347189
0.018897804
0.019097224
0.019297129
0.018932484
0.018966058
0.0192475
0.019108942
0.018908873
0.018917233
0.018945662
0.018797604
0.018798457
0.018807301
0.018682027
0.019267475
0.019144174
0.01902411
0.018927114
0.018785236
0.018800572
0.018963633
0.018795254
0.01887883
0.018935507
0.018634852
0.01858894
0.01895255
0.018782979
0.018779257
0.018756853
0.01855863
0.01854123
0.018539563
0.018434048
0.018779838
0.018712513
0.018324407
0.018379169
0.018316984
0.018261662
0.01813153
0.018097356
0.018161578
0.017905904
0.017956855
0.017701263
0.01772657
0.017473416
0.017482305
0.017292017
0.017109277
0.017053574
0.016760297
0.01687873
0.016376259
0.016480798
0.016378425
0.016187398
0.016079202
0.015542738
0.016144678
0.01604612
0.015685475
0.015448791
0.015298021
0.015289635
0.014990151
0.014918514
0.015095215
0.01466636
0.014833796
0.014690635
0.015049328
0.014455137
0.014744741
0.014049065
0.015930155
0.015905196
0.013651091
0.015016775
0.01455891
0.014357128
0.014562066
0.014154558
0.014499794
0.013485675
0.014976838
0.015884541
0.01405593
0.013801865
0.014731854
0.013468816
0.013777497
0.01425467
0.013133955
0.014246489
0.015018185
0.013690782
0.013570276
0.014258976
0.01326894
0.013403241
0.014041092
0.012941339
0.013620253
0.014501599
0.013243633
0.013016359
0.013619076
0.012713629
0.013294093
0.01391533
0.012717553
0.01316499
0.014124326
0.013023175
0.012570162
0.013274168
0.01258044
0.012751398
0.013380945
0.01255465
0.012757577
0.013693854
0.012826686
0.012341027
0.013033651
0.01267906
0.01211704
0.012604147
0.012307157
0.011945806
0.012112745
0.011775539
0.011898007
0.01179904
0.011546589
0.011478971
0.011314846
0.011055477
0.011270389
0.011074874
0.010855096
0.0107898265
0.010652634
0.010501195
0.010664166
0.010486743
0.010493074
0.010418785
0.010213356
0.010117244
0.0102127055
0.009977556
0.01019914
0.010004664
0.01006874
0.009784289
0.01010899
0.009752721
0.009944017
0.009762972
0.009765855
0.009635687
0.0095791835
0.009487641
0.00957162
0.009493023
0.009370161
0.009326495
0.009355572
0.009185493
0.009510617
0.009419113
0.009023343
0.00904283
0.009138051
0.008887843
0.009603821
0.009527128
0.008785661
0.009189665
0.008917934
0.00898116
0.008862344
0.008722645
0.008618628
0.008850287
0.008773738
0.008538328
0.008526512
0.008455406
0.0083150035
0.008629612
0.008364435
0.008708005
0.008630383
0.008332222
0.008508296
0.008122158
0.008835134
0.008662385
0.008232224
0.008324933
0.008150351
0.008458904
0.008342522
0.008078816
0.008067268
0.008023088
0.008028814
0.007882692
0.008216478
0.00806503
0.007965195
0.00794774
0.007851574
0.007817753
0.0076815556
0.008165073
0.007984874
0.007937864
0.007965814
0.007869032
0.007785858
0.007829742
0.0076352465
0.0080555
0.007903707
0.007736498
0.0077991374
0.007614167
0.007615308
0.0077593434
0.0077021024
0.007587818
0.007531576
0.007660384
0.007601451
0.007491322
0.0074329344
0.00754704
0.007456614
0.0074214065
0.007277055
0.0075112917
0.007378323
0.007331709
0.007305454
0.0072062514
0.0070960647
0.007127116
0.007195754
0.0071897223
0.0070183338
0.006986134
0.007003578
0.0071276105
0.0068816096
0.007109484
0.0068641063
0.007340792
0.007328943
0.0067028105
0.007378464
0.0070171156
0.0075676176
0.007935904
0.006932759
0.0076963217
0.008089971
0.007400714
0.0074721365
0.007828598
0.00742353
0.0072097615
0.007443654
0.0068654916
0.007353393
0.007579779
0.006826227
0.0070002773
0.007208392
0.0066961
0.006814214
0.0068231807
0.0064331833
0.006858786
0.0065658507
0.006528441
0.0068036816
0.006400227
0.0064379456
0.0062785926
0.0064909155
0.0063892193
0.006409943
0.0067521245
0.0064005996
0.00634879
0.0068210103
0.00663943
0.006166686
0.007172393
0.0068871714
0.007518696
0.0072095376
0.0063928976
0.0063546356
0.0063766916
0.0060635246
0.0070970543
0.0068757483
0.006931953
0.0068287924
0.0061248243
0.0060881427
0.006486459
0.006217517
0.0063398294
0.0063664117
0.0061259754
0.0059488327
0.0062076035
0.005898398
0.0068633854
0.0068541504
0.005843871
0.005934129
0.005956908
0.005647847
0.0066187526
0.006639494
0.0060065496
0.006117257
0.0058390643
0.0056418017
