0.453125
0.41690016
0.38535354
0.35811138
0.33484423
0.31524813
0.29903963
0.28690156
0.27886793
0.2736818
0.27021286
0.2678219
0.2661313
0.26490942
0.2640073
0.26332828
0.2628092
0.26240575
0.26208702
0.2618318
0.26162434
0.26145056
0.2613043
0.26118627
0.26108423
0.26099
0.26090077
0.26081583
0.2607384
0.2606643
0.26058838
0.26051354
0.2604445
0.26038027
0.26031533
0.26024702
0.2601746
0.26009718
0.26001433
0.2599261
0.2598367
0.25974286
0.25965026
0.259561
0.25947282
0.2593845
0.2592931
0.2591947
0.25908673
0.25897235
0.25886062
0.25874826
0.25863817
0.25852713
0.25841203
0.25829127
0.25816515
0.25803015
0.25789055
0.2577487
0.25760344
0.25745794
0.25731346
0.2571657
0.25701
0.25683722
0.25664076
0.25641274
0.25616086
0.25587973
0.2555763
0.25525007
0.25490233
0.254543
0.25417683
0.25381944
0.25347492
0.25313666
0.25280017
0.25245702
0.25211275
0.25175476
0.2513865
0.25100464
0.25061166
0.25020364
0.2497784
0.2493314
0.24885952
0.24836417
0.24784501
0.24730684
0.24676096
0.24624634
0.24574329
0.24521506
0.24466218
0.24409284
0.24352074
0.24295206
0.24238779
0.24182655
0.24126935
0.24071504
0.2401611
0.23961179
0.23906736
0.23852645
0.23798454
0.23744704
0.23691249
0.23637743
0.2358402
0.2353027
0.23477529
0.23425627
0.23373324
0.2332068
0.23268257
0.23215687
0.23162822
0.23108967
0.2305396
0.22997153
0.22937547
0.22874452
0.22807705
0.22737443
0.2265984
0.22570626
0.22467904
0.22352362
0.22227478
0.22096162
0.21960078
0.21820192
0.21676557
0.21529831
0.21382122
0.21234381
0.21087068
0.20939732
0.20790346
0.20639934
0.20490105
0.20341258
0.20193522
0.2004143
0.19885673
0.197318
0.19583403
0.19441092
0.19299835
0.19158067
0.1901974
0.18888469
0.18765861
0.18652813
0.1855052
0.18458487
0.1837594
0.18302011
0.18235266
0.18175502
0.18121634
0.18072736
0.18028873
0.17988305
0.17950375
0.17914635
0.1788113
0.1784941
0.17819254
0.17790346
0.17762633
0.17735873
0.17710191
0.17685199
0.17660832
0.17637329
0.17614502
0.1759224
0.17570357
0.1754867
0.1752665
0.17504734
0.17482479
0.17459877
0.1743676
0.17413263
0.17389749
0.17366368
0.17342524
0.1731791
0.17292194
0.17265141
0.17236197
0.1720581
0.1717428
0.17144312
0.1711635
0.17089327
0.17063214
0.17037995
0.17013443
0.16989727
0.16966875
0.16944832
0.16922988
0.1690098
0.16879846
0.16858046
0.16836186
0.16814172
0.16792302
0.16770582
0.16748899
0.16726787
0.16704647
0.16682446
0.16660179
0.1663779
0.16615202
0.16592221
0.16569053
0.16545683
0.16522092
0.16498369
0.16474782
0.16451384
0.16428195
0.16405179
0.16382429
0.16359997
0.1633808
0.16316566
0.16295372
0.1627444
0.16254005
0.1623374
0.1621356
0.16193497
0.16173585
0.16153869
0.16134208
0.16114496
0.16094877
0.16075283
0.16055633
0.16035788
0.16015537
0.15994972
0.15973748
0.15952007
0.1592962
0.15906562
0.15882684
0.15857826
0.15831813
0.15803932
0.15775801
0.15747364
0.15717535
0.15685938
0.15652023
0.15615831
0.15577988
0.15537597
0.15494983
0.15451194
0.15405773
0.15358777
0.15310371
0.15260221
0.15208735
0.15157014
0.15105012
0.15052362
0.1499993
0.14947276
0.14894442
0.14840908
0.14786835
0.14731744
0.14675407
0.14616378
0.14554013
0.1448936
0.1442372
0.1435793
0.14296742
0.14242886
0.14193258
0.14139885
0.14085026
0.14025575
0.1396562
0.13911642
0.13859737
0.13807048
0.13753967
0.13700609
0.13648082
0.13595323
0.13543564
0.13492264
0.13441181
0.1339061
0.13339703
0.13286267
0.1323091
0.13176009
0.13122638
0.13069868
0.13017724
0.12964006
0.12908037
0.12851663
0.12798208
0.1274573
0.12693217
0.1264009
0.1258608
0.1253139
0.12474308
0.12414998
0.12354333
0.12294958
0.122382484
0.12182418
0.12126442
0.12070777
0.120158516
0.11961499
0.11907506
0.11853995
0.11802289
0.11750675
0.11699182
0.11650693
0.116054006
0.115645714
0.115272425
0.11495179
0.11465872
0.11435267
0.11401757
0.113676004
0.11332333
0.11298255
0.11262056
0.11212465
0.11160002
0.111083955
0.110506065
0.10983022
0.10904624
0.10828344
0.107445024
0.10692948
0.10563292
0.104771554
0.103789926
0.103702106
0.10249046
0.10167702
0.101018764
0.10078008
0.102953814
0.10198605
0.09899139
0.09964175
0.0978416
0.09767008
0.09919166
0.09610105
0.095697574
0.09677101
0.094237514
0.0964306
0.10077783
0.09715981
0.09231486
0.09470952
0.09430287
0.0903502
0.094309695
0.101461284
0.09834898
0.08989549
0.08943802
0.09033871
0.08802768
0.09148579
0.096458964
0.09260011
0.08681762
0.08942664
0.08987698
0.085732736
0.08855041
0.09713211
0.097257875
0.08872048
0.085468315
0.0860464
0.08553586
0.08715794
0.086865835
0.08475778
0.08452942
0.08335755
0.08429704
0.08433151
0.082208306
0.08214828
0.081663705
0.08286513
0.08631113
0.085392274
0.08079702
0.08236607
0.08220469
0.07967934
0.08282464
0.08573538
0.0808186
0.077888995
0.077672176
0.07666828
0.07724923
0.07862035
0.079333775
0.07698345
0.0760187
0.07589988
0.0764646
0.07785515
0.076432995
0.074887455
0.074519664
0.074265234
0.074655294
0.07428351
0.07363113
0.07367145
0.07289364
0.073786475
0.0733828
0.07093895
0.07136823
0.069739915
0.070999466
0.07088532
0.06855401
0.06880068
0.06797016
0.07086005
0.07279553
0.06823545
0.067167
0.06683019
0.06786299
0.07055816
0.06942842
0.0667922
0.06778534
0.06630253
0.06969177
0.07088318
0.06559506
0.071008205
0.073426306
0.066736095
0.0694822
0.074985445
0.068991
0.06893267
0.077420734
0.07458744
0.067859896
0.0761011
0.08343604
0.07565829
0.06854091
0.073683895
0.07234701
0.06945065
0.072109304
0.07081536
0.074600615
0.08333611
0.07990653
0.070466764
0.075317495
0.07583675
0.069844835
0.07727802
0.083533324
0.075661145
0.0700941
0.07280307
0.07033633
0.076544635
0.085273474
0.0793817
0.07042481
0.07482409
0.0752878
0.06980867
0.07445807
0.07534703
0.06947256
0.074614085
0.08014375
0.07369547
0.07569855
0.09115348
0.091149054
0.07655407
0.07556824
0.0794486
0.073932305
0.07652252
0.08478054
0.079964876
0.07418949
0.07709472
0.07474199
0.07808008
0.085005604
0.07944922
0.074792445
0.07679126
0.07462292
0.077813014
0.07858518
0.07405456
0.07709577
0.07522588
0.076730765
0.08374944
0.07964365
0.07594815
0.07802287
0.0762769
0.07879693
0.07838692
0.07611576
0.076908074
0.07653598
0.07781289
0.076190114
0.076112516
0.07579171
0.07599866
0.07441142
0.07444465
0.07533098
0.07722188
0.074034296
0.076593764
0.07449106
0.079707034
0.0891234
0.081459746
0.07571021
0.07866103
0.075721614
0.080767654
0.08583606
0.07891823
0.07871564
0.08272574
0.079700805
0.087573655
0.10066403
0.09183923
0.081789784
0.08532547
0.08215066
0.082637906
0.08833256
0.08280804
0.079464346
0.07931458
0.079704635
0.08100142
0.0775268
0.0787267
0.07633478
0.080511294
0.087101616
0.07811851
0.07527635
0.07945166
0.07452034
0.08474082
0.10406631
0.09577263
0.07628869
0.0802432
0.08246212
0.07547099
0.08391529
0.101893656
0.09346124
0.075749196
0.08722196
0.10337176
0.09560445
0.07780851
0.09190208
0.12983997
0.12817785
0.09160333
0.07770628
0.086525
0.082294114
0.076559
0.08515043
0.088477515
0.07925931
0.07788557
0.077483
0.07967826
0.08313536
0.07790872
0.076909155
0.076473124
0.077776246
0.076992266
0.07815296
0.079916306
0.07799827
0.080144264
0.07892736
0.0795371
0.07815381
0.07782954
0.0769467
0.07619543
0.07526042
0.075011246
0.073961206
0.07420149
0.07296169
0.073239096
0.07207043
0.07174194
0.072216265
0.071982995
0.07439894
0.07932574
0.07485132
0.07683407
0.08033232
0.07787076
0.08682054
0.096318625
0.08550068
0.07921814
0.07944882
0.078019165
0.077768825
0.07601618
0.07535761
0.07551595
0.07557628
0.07291368
0.07278905
0.0725999
0.07350518
0.07121793
0.071395226
0.07103632
0.071460955
0.070095256
0.07015271
0.071038954
0.07232491
0.07062771
0.07109402
0.07116508
0.07205742
0.06992894
0.07007743
0.06986907
0.07049851
0.06880046
0.06899952
0.0691182
0.06917605
0.069446355
0.069469474
0.06958575
0.06902304
0.06905807
0.0701571
0.07129989
0.070425026
0.07099649
0.072275616
0.07394972
0.0706505
0.07211896
0.070422836
0.07483095
0.08029907
0.07164977
0.070519246
0.074489646
0.069219075
0.07982295
0.10004381
0.09024612
0.06961571
0.074349664
0.07649303
0.06775719
0.07820041
0.103332184
0.095047355
0.069825746
0.074720226
0.09026039
0.08243136
0.06835541
0.08339477
0.09996394
0.08674034
0.07093018
0.07850065
0.07914602
0.07110209
0.08604163
0.11238498
0.101914205
0.07381359
0.07332296
0.07567919
0.070217825
0.0760574
0.07754294
0.0713462
0.07397565
0.07274236
0.07660977
0.085886575
0.08040667
0.075264096
0.07767824
0.075525485
0.08046685
0.08521841
0.076929726
0.07368353
0.07334764
0.07505358
0.07654211
0.071581475
0.07364256
0.071196504
0.07405095
0.076450504
0.07265907
0.07574167
0.073808394
0.07923858
0.08969394
0.083202384
0.07647678
0.07548848
0.07442451
0.0736229
0.07099561
0.07023911
0.06875578
0.06917668
0.06762738
0.069283195
0.067982204
0.07069317
0.07153361
0.07011158
0.07076022
0.07046325
0.07312602
0.07193016
0.06993994
0.06886497
0.06842371
0.06708316
0.06574511
0.065568775
0.06556808
0.06581039
0.06866554
0.06893512
0.0717015
0.07924085
0.07562843
0.07257169
0.072470285
0.07119208
0.072143696
0.07023477
0.067459844
0.06728632
0.06784245
0.069529
0.0660811
0.06837245
0.06596891
0.0682266
0.06797483
0.067445286
0.06805373
0.07026329
0.072858304
0.068862885
0.06884239
0.06769181
0.07027053
0.07165527
0.06585152
0.06658122
0.06495094
0.06681754
0.06697128
0.066767104
0.0678319
0.068592906
0.07136739
0.06858402
0.069481045
0.06821569
0.071999036
0.07504422
0.0683497
0.06704257
0.06676508
0.068681814
0.06861529
0.06807357
0.06752426
0.06632861
0.06508941
0.06389142
0.06319963
0.06269313
0.06281925
0.063243985
0.06275567
0.06343466
0.062456474
0.06218508
0.06214689
0.062337756
0.060709774
0.060970485
0.061243203
0.061659385
0.061679926
0.061549082
0.06145815
0.061228156
0.060514797
0.060394675
0.060386434
0.060572367
0.061925992
0.061886042
0.06498817
0.07045
0.06600825
0.06307183
0.06253647
0.062623344
0.062485706
0.05952705
0.059529006
0.0588284
0.059077162
0.05991892
0.06006224
0.062015086
0.06588475
0.063465625
0.064678706
0.063938804
0.06758345
0.07101635
0.06540067
0.062464166
0.061460536
0.062024057
0.06147038
0.06027612
0.060380805
0.06103626
0.06281052
0.061080653
0.062160682
0.060694393
0.061223667
0.060375493
0.0604223
0.060250435
0.060394425
0.058292422
0.058139328
0.05825366
0.05823122
0.058075536
0.057762865
0.05796954
0.057171434
0.057759512
0.05665223
0.057271015
0.05634582
0.056266706
0.056404818
0.056039393
0.05739245
0.057726014
0.057950217
0.05843852
0.059097003
0.05896737
0.05856657
0.05848592
0.058242533
0.056148604
0.055952042
0.05631931
0.057377845
0.05449134
0.05680492
0.05476659
0.056920167
0.05661841
0.05628563
0.056843895
0.059952676
0.063880004
0.06062862
0.058584917
0.05793014
0.058238167
0.058277424
0.055045456
0.05635417
0.05381618
0.0550094
0.053221583
0.055382624
0.05647343
0.055033337
0.05868089
0.0569295
0.057885766
0.05741978
0.0596339
0.060404513
0.056886926
0.058582287
0.056442186
0.058451444
0.0576406
0.057149667
0.057541598
0.0594352
0.060060367
0.05643322
0.058124736
0.055673186
0.059740793
0.061875593
0.057543356
0.059378747
0.058181867
0.062971085
0.070475824
0.062469017
0.05719106
0.057187553
0.05723987
0.058399465
0.055243984
0.05686036
0.054642525
0.056936067
0.05645294
0.055033434
0.055337112
0.055491257
0.056448933
0.05505239
0.054796737
0.053899545
0.053672653
0.05345337
0.053336512
0.053273186
0.05311327
0.05286619
0.05264972
0.052539647
0.052413773
0.052192617
0.05192687
0.051717926
0.051534384
0.051304426
0.051111314
0.05099893
0.0508346
0.050663516
0.050537493
0.05038597
0.05024855
0.050182957
0.050090816
0.049994186
0.049938645
0.049856663
0.04976668
0.04972018
0.049658548
0.049574655
0.04952443
0.049458444
0.049381375
0.04933901
0.04930158
0.049263567
0.04925553
0.0492366
0.049203347
0.049183626
0.04915708
0.049124703
0.04910602
0.049075622
0.049040455
0.04901755
0.04899235
0.04897234
0.048958678
0.04893877
0.048918128
0.04889819
0.04888005
0.048867375
0.048847605
0.048826132
0.048805505
0.048787702
0.048774917
0.048762906
0.048750628
0.048739374
0.04872675
0.048716515
