0.453125
0.41096005
0.37524998
0.34537444
0.320788
0.30098888
0.2856113
0.27543017
0.2694329
0.26576212
0.26344308
0.2619368
0.26093268
0.2602462
0.25976345
0.25941378
0.2591528
0.25894964
0.2587857
0.25864735
0.25852683
0.2584173
0.25831482
0.25821742
0.258123
0.25803044
0.25793803
0.25784627
0.2577548
0.25766695
0.2575773
0.25748974
0.25740385
0.25731695
0.25723472
0.2571533
0.25707087
0.25698933
0.2569029
0.25681666
0.2567278
0.25663674
0.25654137
0.25644884
0.2563609
0.25627196
0.25617942
0.25609198
0.2560092
0.25592318
0.2558339
0.25573945
0.25564313
0.2555399
0.25542942
0.25530818
0.2551774
0.2550443
0.25490767
0.25477
0.25463915
0.25452444
0.25443038
0.25435063
0.25427732
0.25420618
0.25412893
0.25404733
0.2539633
0.25387207
0.25377342
0.25367466
0.25355878
0.25343016
0.25328326
0.2531189
0.25294086
0.25274923
0.2525438
0.25232753
0.25210008
0.25186247
0.2516149
0.25135687
0.2510879
0.25080752
0.25051507
0.25020766
0.24989368
0.24958682
0.24928576
0.24898808
0.2486962
0.24840315
0.24810219
0.24779148
0.24746673
0.2471265
0.24677022
0.24640657
0.24604173
0.24567427
0.24530093
0.24491715
0.24452013
0.24409682
0.24363369
0.24318022
0.24278761
0.24243367
0.24207406
0.24166827
0.2412042
0.24071674
0.24023588
0.2397726
0.23933578
0.23893034
0.23853023
0.23812805
0.23771708
0.23730052
0.23687725
0.23645018
0.23602088
0.23559302
0.23516178
0.23473044
0.23429684
0.23385668
0.23340012
0.23292495
0.23243117
0.2319396
0.23147333
0.23103034
0.23058029
0.23011337
0.22964615
0.22917497
0.22870322
0.22824425
0.22780287
0.22737348
0.22695209
0.22652929
0.22609486
0.22563833
0.22515512
0.22464563
0.22410648
0.22353594
0.22293194
0.22229533
0.22161765
0.22089522
0.22012115
0.21928315
0.21834831
0.217327
0.2162456
0.21511503
0.21393995
0.21276677
0.21156989
0.21042746
0.20932709
0.20826156
0.20724706
0.20623969
0.2052557
0.20427388
0.20327012
0.20225458
0.20124967
0.20026101
0.19930048
0.19833946
0.19737428
0.19643311
0.19551204
0.1946075
0.19370306
0.19278437
0.19186532
0.19094957
0.19004487
0.18913884
0.18822795
0.18732019
0.18642563
0.18555509
0.18470709
0.18388303
0.18308221
0.18230064
0.1815474
0.18083064
0.18015194
0.1795076
0.178896
0.17831622
0.17776994
0.17726122
0.17678463
0.17633748
0.17591693
0.17552052
0.17514396
0.1747833
0.1744384
0.17410797
0.17378628
0.1734715
0.17316173
0.17285584
0.17255163
0.17224473
0.1719352
0.1716224
0.17131467
0.17100847
0.17070472
0.1703962
0.17008555
0.1697822
0.16947846
0.1691813
0.16888694
0.16859265
0.16829382
0.16798969
0.16767699
0.1673625
0.16704655
0.16673534
0.16642925
0.1661232
0.16581744
0.16551311
0.16521494
0.16491793
0.16462219
0.16432594
0.1640333
0.16374445
0.1634612
0.16318257
0.16290708
0.16263153
0.16235667
0.16208033
0.16180252
0.16152316
0.16123772
0.16094291
0.16063748
0.16032548
0.16000772
0.15968288
0.15935008
0.159009
0.15866007
0.15830453
0.15794508
0.15758859
0.15723406
0.15688111
0.15652987
0.15618192
0.15583767
0.15549898
0.15516591
0.15483546
0.15450817
0.15418074
0.15385573
0.15353365
0.15321429
0.15289313
0.15257187
0.15225244
0.15193827
0.15162934
0.15132503
0.1510226
0.15071763
0.15041816
0.15012766
0.14984335
0.14956148
0.14927833
0.14899601
0.14871703
0.14844279
0.14817488
0.14791174
0.14765067
0.14739002
0.14713277
0.1468844
0.14664213
0.14640297
0.14616255
0.14592062
0.14567712
0.14543428
0.14519383
0.14495675
0.1447225
0.14449121
0.14426303
0.14404015
0.14382678
0.14362438
0.14343072
0.14324422
0.14306696
0.14289679
0.14273262
0.14257555
0.14242285
0.14227416
0.14212894
0.14198682
0.14184728
0.14171003
0.141577
0.14144677
0.14131962
0.14119469
0.14106981
0.14094752
0.14082855
0.14071251
0.14059886
0.14048757
0.14037485
0.14026004
0.1401458
0.1400322
0.1399202
0.139809
0.13969828
0.13958745
0.13947678
0.13936536
0.13925357
0.13914084
0.13902749
0.13891368
0.13879995
0.13868673
0.13857286
0.1384585
0.1383448
0.13823156
0.13811944
0.1380082
0.13789779
0.13778873
0.13767944
0.13757
0.13746007
0.13734896
0.13723509
0.1371191
0.13700093
0.13688199
0.1367612
0.1366403
0.1365202
0.13640118
0.1362829
0.13616352
0.13604283
0.13592263
0.13580213
0.1356791
0.13555564
0.13543151
0.13530691
0.13518263
0.13505797
0.13493398
0.13480954
0.13468477
0.13456014
0.13443492
0.1343094
0.13418424
0.13405818
0.13393368
0.13380803
0.133681
0.13355356
0.1334242
0.1332929
0.1331626
0.1330355
0.13291027
0.13278505
0.1326584
0.13253105
0.13240309
0.13227487
0.13214457
0.13201213
0.13187838
0.13174365
0.1316083
0.1314743
0.13134159
0.13121046
0.13108242
0.1309548
0.13082717
0.13069941
0.13056904
0.13043427
0.1302952
0.13015395
0.13001004
0.12986378
0.1297166
0.12956768
0.1294182
0.1292683
0.12911734
0.12896608
0.12881598
0.12866637
0.12851621
0.12836413
0.12821062
0.12805445
0.12789461
0.12773338
0.12757207
0.12740888
0.12724565
0.12708314
0.12691931
0.12675436
0.12658852
0.12642263
0.12625684
0.12608857
0.12591742
0.12574355
0.12556697
0.12538822
0.1252082
0.12502791
0.12484672
0.12466436
0.124480255
0.124293685
0.12410448
0.12391349
0.123720534
0.123523615
0.12332434
0.1231247
0.12292447
0.12272352
0.12252285
0.122321345
0.12212029
0.12192292
0.12172812
0.12153677
0.12134711
0.12115725
0.12096552
0.12077234
0.12057827
0.12038398
0.12018629
0.11998435
0.11978096
0.11957521
0.1193699
0.11916342
0.11895738
0.11875126
0.118545175
0.118338265
0.11812806
0.1179116
0.11769209
0.117469646
0.1172447
0.117017634
0.11678663
0.116554596
0.11632355
0.11609605
0.11586823
0.11563585
0.11540365
0.11516989
0.11493019
0.114680804
0.114427716
0.11417464
0.11391866
0.113660425
0.1134019
0.11314085
0.11286974
0.1125963
0.1123266
0.1120492
0.11175462
0.11145288
0.1111536
0.11084662
0.11051744
0.11017174
0.10982176
0.10946971
0.10908119
0.10866779
0.10821885
0.10778549
0.10729172
0.10677445
0.106217586
0.1056155
0.10506446
0.10427024
0.10383093
0.103170715
0.102564484
0.102167666
0.101392515
0.101078905
0.100617826
0.09977708
0.09940071
0.0986559
0.09812223
0.09784003
0.09701266
0.09672182
0.0962928
0.09551862
0.095400386
0.094883144
0.09408975
0.09378254
0.09301158
0.09255502
0.092323385
0.091394685
0.09118131
0.09104832
0.09023714
0.090154685
0.090187274
0.089146465
0.08883929
0.088929094
0.08809034
0.08773437
0.08784755
0.08699727
0.08672092
0.086899996
0.086138904
0.085596025
0.08566264
0.08491719
0.0845834
0.08451513
0.08369947
0.08337993
0.083345614
0.08236592
0.082070805
0.08196849
0.08104944
0.08080018
0.080873385
0.07981903
0.07950719
0.079563044
0.078730166
0.078405164
0.078576036
0.077689804
0.0774214
0.07748241
0.07666061
0.076375924
0.0765165
0.07553793
0.07519528
0.075200796
0.07447283
0.07428706
0.07438791
0.073489524
0.07333087
0.07347835
0.07277056
0.07250778
0.072653405
0.071807496
0.07157254
0.07147636
0.070815146
0.07066044
0.0705803
0.06967945
0.06945207
0.06928874
0.06871452
0.06858749
0.06850182
0.0679082
0.06765605
0.067200504
0.06680324
0.06669638
0.06628654
0.065970376
0.06567199
0.06527639
0.06503195
0.06456048
0.063921005
0.06350862
0.0630771
0.06270888
0.062494963
0.0622723
0.062033255
0.06191051
0.061775774
0.06161673
0.061439555
0.06125195
0.06104182
0.060789827
0.06046666
0.060111642
0.05975564
0.059398297
0.059028774
0.058663577
0.058300182
0.05791821
0.057531107
0.05713375
0.056683157
0.05617558
0.055689275
0.05525167
0.054843605
0.054457244
0.054100603
0.05377544
0.053416163
0.0529716
0.052536864
0.052150548
0.05171172
0.051255215
0.05087373
0.050544307
0.050168473
0.04974897
0.0493613
0.04903364
0.048698753
0.04831706
0.047967266
0.047674704
0.047381934
0.0470587
0.046731066
0.046448026
0.04618207
0.045851335
0.04554831
0.04532661
0.04510257
0.04482575
0.044543426
0.044315163
0.044103157
0.043811362
0.043543443
0.043347944
0.043148983
0.042890247
0.042635392
0.042435557
0.042241916
0.041975588
0.041697264
0.04148398
0.04129038
0.041056413
0.04082211
0.04064024
0.04047826
0.040243536
0.04001562
0.039854743
0.039698925
0.03950743
0.039299376
0.0391213
0.03896778
0.038743224
0.038517322
0.038337406
0.038168233
0.03795893
0.037739586
0.03757629
0.037416037
0.037189808
0.037000496
0.036877625
0.036736246
0.036561046
0.036403406
0.03628886
0.03613029
0.03598747
0.03586582
0.03574678
0.035634235
0.035524163
0.035401326
0.035282645
0.03516185
0.035028685
0.03489312
0.03475017
0.03459057
0.034437817
0.03429703
0.03415368
0.034002423
0.033853054
0.03369735
0.03353225
0.03338074
0.033242416
0.03311235
0.032986708
0.03286494
0.032736175
0.032602925
0.03246953
0.032331813
0.032191675
0.032050412
0.03191134
0.031780347
0.031654306
0.031535447
0.031417407
0.031290393
0.031164007
0.031041285
0.03091827
0.030797347
0.030670779
0.03054133
0.03041522
0.030292975
0.03016824
0.030041233
0.02991271
0.02978539
0.029664671
0.029545376
0.02943022
0.029318668
0.02920655
0.029096955
0.028990934
0.028882256
0.028769074
0.028656198
0.02855041
0.02845048
0.028353592
0.028259704
0.028173307
0.028087279
0.027995266
0.027892508
0.02777862
0.027662592
0.027548784
0.027439667
0.027339587
0.027247319
0.02715872
0.027065774
0.026969561
0.026868278
0.026752865
0.026637524
0.026516119
0.026387535
0.026278397
0.026184171
0.02609008
0.025989553
0.025887214
0.025785347
0.025683185
0.02558425
0.025491908
0.02540618
0.025327006
0.025252549
0.02518106
0.025111327
0.02504457
0.02498377
0.024929926
0.024878966
0.02482204
0.024755836
0.024684643
0.024610763
0.02453801
0.02446764
0.024400383
0.024337104
0.024278402
0.02422513
0.024175981
0.024123773
0.024070695
0.024010748
0.023928009
0.023833403
0.023739109
0.023655266
0.023579476
0.023508916
0.023441732
0.023376597
0.023314415
0.023254424
0.023195883
0.023137594
0.023078248
0.023016619
0.022949131
0.022875234
0.02279944
0.022722533
0.022642178
0.022561962
0.022484392
0.0224094
0.022333749
0.022255957
0.022175694
0.02209205
0.022007952
0.021923795
0.021842837
0.021767959
0.021695763
0.021625571
0.021557093
0.021488851
0.02141855
0.021346271
0.021273568
0.02119111
0.021054918
0.020901537
0.020751163
0.020556001
0.020379076
0.020215584
0.020049991
0.019892458
0.01973477
0.01953475
0.019327305
0.019138906
0.018968906
0.01881797
0.018678345
0.018550767
0.018431941
0.018320302
0.018213252
0.018106857
0.017996095
0.017882891
0.017760774
0.01763838
0.017519644
0.01740299
0.017286785
0.017175557
0.017069375
0.016976278
0.016881665
0.016783314
0.016687792
0.016596371
0.01650845
0.016424298
0.016341016
0.016258014
0.016173607
0.016088394
0.016005306
0.015925128
0.015849285
0.015775582
0.015704097
0.01562923
0.0155523075
0.015473093
0.015394296
0.015319347
0.015248484
0.015177476
0.015106049
0.015034112
0.014964525
0.014897856
0.01483212
0.014768288
0.014704492
0.014640923
0.014577947
0.014516297
0.014456623
0.014397226
0.014336619
0.014276342
0.014219268
0.014162895
0.014106844
0.014049967
0.013993016
0.013937484
0.0138820065
0.013827898
0.013773684
0.013720718
0.013665953
0.013611113
0.013555628
0.013503246
0.013450059
0.013396065
0.013344188
0.013295253
0.013242237
0.013198641
0.013159153
0.013122992
0.013085283
0.013048932
0.013008535
0.012969316
0.012930158
0.012894891
0.012862583
0.012831397
0.012796755
0.012757819
0.012719528
0.012684484
0.01265272
0.012616326
0.01257394
0.012533508
0.012498055
0.012464999
0.012429441
0.012392691
0.012357322
0.012323846
0.012288515
0.012251946
0.012215063
0.012177582
0.01213909
0.012103771
0.012071282
0.012037262
0.011979246
0.011970587
0.011967304
0.011967859
0.011973123
0.011980244
0.011987104
0.011992835
0.0119972415
0.012000364
0.012002349
0.012003387
0.012003706
0.01200352
0.012002944
0.012002196
0.0120013775
0.012000817
0.012000275
0.011999548
0.011998664
0.011997568
0.011995989
0.011993948
0.011991419
0.011988506
0.011985247
0.011981719
0.011977966
0.011974084
0.011970115
0.011966082
0.011962004
0.011957918
0.01195394
0.011950097
0.011946373
0.011942886
0.011939383
0.011935742
0.011932001
0.011928179
0.011924367
0.011920527
0.011916675
0.011912823
0.011908956
0.011905101
0.01190124
0.01189736
0.011893503
0.011889696
0.011885897
0.011882111
0.011878312
0.011874468
0.011870612
0.01186676
0.011862843
0.011858865
0.011854858
0.011850819
0.011846729
