0.453125
0.41899326
0.38897124
0.36275563
0.34008244
0.320706
0.30439594
0.29096046
0.28135988
0.27521327
0.27113342
0.2683408
0.2663751
0.2649556
0.26390877
0.26312098
0.26251248
0.26203015
0.26163954
0.2613179
0.2610477
0.26081312
0.26060417
0.26041612
0.26024234
0.26008365
0.25993463
0.25978675
0.25964215
0.2595017
0.2593592
0.25921336
0.25906572
0.25891495
0.25877196
0.25864097
0.25851712
0.2583873
0.25825298
0.25811487
0.25797853
0.25784448
0.25770825
0.25756943
0.25742853
0.2572941
0.25714454
0.25699425
0.25683412
0.2566566
0.25646272
0.2562581
0.25604534
0.2558163
0.2555749
0.2553154
0.2550188
0.25468153
0.2543318
0.2539698
0.2535906
0.2531963
0.2527788
0.25233293
0.25185496
0.25133842
0.25078228
0.25019446
0.249601
0.2490207
0.248473
0.2479617
0.24748383
0.24703301
0.24660997
0.24619384
0.24578263
0.24535573
0.24490996
0.2444389
0.24394196
0.24342768
0.24290031
0.24236791
0.24183567
0.24131715
0.24081647
0.24032025
0.239801
0.23926143
0.238711
0.23816097
0.23761523
0.23707159
0.23652232
0.23597068
0.23541315
0.23485267
0.23429416
0.23374057
0.23319465
0.23266135
0.23212688
0.23159009
0.23104806
0.23049419
0.22992732
0.22935386
0.22877185
0.22817838
0.22756505
0.22692235
0.22623484
0.22547777
0.22463383
0.22371459
0.22274214
0.22173405
0.22069518
0.21962404
0.21852098
0.21738769
0.21623419
0.2150724
0.21391042
0.21274994
0.2115947
0.2104392
0.20927978
0.20812184
0.2069736
0.2058449
0.20473135
0.20362337
0.20251013
0.2013781
0.20024009
0.19910468
0.19798625
0.19688912
0.19581275
0.19474904
0.19369024
0.1926304
0.19156563
0.19051456
0.18948781
0.18848999
0.1875131
0.18657164
0.18567629
0.18479002
0.18392026
0.18306488
0.18222082
0.18139057
0.18057656
0.17978261
0.17901218
0.17826493
0.17754103
0.17684816
0.1761889
0.17555268
0.17493962
0.17435305
0.17380278
0.17327708
0.17277372
0.1722942
0.17183965
0.17141278
0.17101252
0.17063917
0.17029227
0.16997059
0.16967374
0.1693968
0.16913266
0.16888173
0.1686442
0.16841634
0.16819572
0.16797496
0.1677533
0.16753638
0.16732533
0.16711849
0.16690773
0.16668475
0.16646565
0.16627802
0.16610801
0.16595165
0.16580169
0.16565926
0.16552022
0.1653809
0.16524085
0.16509973
0.16495536
0.1648077
0.16466093
0.16451585
0.16437256
0.1642368
0.1641076
0.16398348
0.16386187
0.16373959
0.16361561
0.16349052
0.16336288
0.16323353
0.16310398
0.16296916
0.1628293
0.1626898
0.16255563
0.16240858
0.1622544
0.1620955
0.1619366
0.16176973
0.16159256
0.16140461
0.16120537
0.16099478
0.16077363
0.16054028
0.1602936
0.16003686
0.15977135
0.15949588
0.15921065
0.15891862
0.15861814
0.15830983
0.15799673
0.15767397
0.15734537
0.15701719
0.15669517
0.15638237
0.15606643
0.1557491
0.15543045
0.15511157
0.15478931
0.15446417
0.15413694
0.15380403
0.15346463
0.15311843
0.15276448
0.15240367
0.15202795
0.15163986
0.15124446
0.15084182
0.15043207
0.150013
0.14958823
0.14914618
0.14868723
0.14820747
0.1477027
0.14717354
0.14662541
0.14606203
0.1454876
0.1448968
0.14428866
0.14365932
0.14300875
0.1423357
0.1416444
0.14094633
0.14022708
0.13947986
0.13871808
0.13794614
0.13716109
0.13636039
0.13553996
0.13471162
0.13386554
0.13300937
0.1321658
0.13130628
0.13045587
0.12958431
0.12870543
0.12782274
0.12696749
0.12613653
0.1252744
0.12440026
0.12349787
0.122663535
0.12163234
0.120697506
0.11978463
0.11935983
0.11799536
0.117513455
0.116626166
0.11714069
0.11764368
0.11499909
0.11489559
0.11468483
0.11339154
0.11468182
0.11479229
0.112038486
0.11245414
0.111944854
0.110496856
0.111987054
0.11216738
0.10941612
0.11013016
0.10980127
0.108275354
0.11000963
0.11049848
0.10746499
0.107898235
0.107788764
0.10652604
0.10823964
0.10859912
0.105802685
0.1066482
0.10641981
0.10482934
0.10656796
0.10700172
0.10419744
0.105206944
0.105111636
0.103384815
0.10537368
0.10605701
0.10291427
0.10356554
0.10383455
0.10233283
0.10409972
0.10455219
0.102000274
0.10331335
0.10324768
0.10130876
0.10291382
0.10295108
0.10081256
0.10212154
0.10143832
0.10032643
0.10177713
0.10093782
0.10100424
0.10199615
0.10121367
0.101503186
0.10083514
0.101243235
0.10089267
0.10097907
0.10151372
0.100994326
0.101495296
0.10135528
0.10095611
0.10097941
0.10068483
0.10059256
0.10029296
0.100482345
0.10006582
0.10031698
0.10011146
0.099227585
0.09933714
0.098771155
0.098547794
0.09826211
0.09829194
0.09827759
0.098255605
0.09912661
0.09832587
0.09686861
0.097019315
0.096629076
0.095833264
0.096149825
0.09555412
0.09632059
0.09602284
0.0958153
0.09741071
0.09677005
0.09488636
0.09437472
0.09479156
0.09385153
0.09433517
0.09427094
0.093840964
0.093982495
0.093891926
0.094093174
0.094273396
0.09385171
0.09313301
0.09286406
0.09234956
0.09198567
0.091280244
0.09063426
0.09054291
0.090785794
0.09076997
0.09034505
0.0897207
0.08923129
0.08903173
0.08881613
0.088492095
0.08810433
0.087682754
0.0871956
0.08675372
0.08660558
0.08672533
0.08665952
0.08640069
0.086104
0.08573615
0.085683875
0.08575796
0.085550845
0.084893085
0.08406969
0.08387696
0.08438752
0.084902674
0.08424104
0.08289281
0.081962526
0.081619345
0.08154846
0.08141143
0.08112997
0.08079206
0.08058887
0.08047674
0.080520265
0.08046629
0.080317624
0.08019165
0.08012352
0.08001049
0.07973925
0.07925946
0.07887464
0.079058446
0.07973213
0.08016755
0.08014586
0.07968774
0.07943086
0.07914157
0.07992839
0.08047966
0.080744706
0.08007222
0.08022633
0.08238798
0.085423164
0.08385537
0.07850242
0.07843049
0.076585926
0.07455177
0.07449376
0.07379138
0.074066184
0.07411349
0.07380222
0.07446399
0.074461274
0.07452385
0.07437999
0.074231565
0.07413179
0.07399821
0.07374527
0.073456325
0.07336136
0.07353046
0.07366976
0.0733127
0.0733171
0.07353755
0.073187105
0.07390503
0.07423871
0.07434916
0.074136734
0.07467572
0.076004125
0.07726874
0.078291126
0.078205556
0.074684404
0.073158294
0.07499289
0.07365265
0.07411498
0.075734556
0.07569061
0.0753225
0.07481738
0.07426647
0.073692046
0.073151626
0.07287547
0.07235974
0.072147876
0.0719062
0.071727574
0.07150133
0.072587594
0.07451032
0.07625223
0.07677869
0.076181225
0.07522217
0.07416802
0.07357516
0.073802404
0.07382291
0.07422069
0.07430708
0.07365969
0.0727334
0.072427504
0.07254993
0.072395824
0.071656905
0.07124818
0.07163752
0.07195661
0.07162804
0.071540765
0.072508425
0.073927894
0.07539462
0.07605513
0.072788246
0.0698451
0.06896548
0.06837751
0.06807756
0.06785062
0.06758272
0.06738893
0.067403115
0.067468114
0.06742325
0.06732923
0.067309685
0.06729057
0.067226514
0.067004174
0.066903174
0.06714793
0.06722364
0.06714212
0.06688532
0.0667635
0.0669642
0.067174375
0.06691592
0.06616521
0.06634926
0.06779722
0.069531135
0.069554426
0.068179704
0.06689769
0.065950505
0.0658386
0.066117615
0.066429295
0.06646908
0.066074096
0.06543527
0.06517156
0.065510996
0.06570424
0.06533617
0.06482233
0.06475469
0.06497798
0.065287314
0.065142974
0.064641334
0.064201996
0.064221345
0.064108714
0.0637744
0.06353428
0.06351518
0.06357726
0.063429646
0.06301158
0.06293645
0.06349712
0.063634925
0.06350887
0.06308582
0.06275638
0.06275082
0.06312111
0.062861554
0.063009284
0.06250617
0.064281784
0.065850236
0.063788235
0.06328685
0.062378317
0.06240816
0.06212376
0.060910445
0.060758036
0.060979728
0.06159011
0.0608137
0.06085503
0.060651194
0.06131738
0.059800852
0.060485166
0.059565425
0.06027937
0.05949985
0.059651826
0.059058357
0.058942977
0.058822412
0.058559477
0.059176404
0.058894586
0.058784295
0.058669824
0.058559608
0.058449253
0.058489162
0.058252852
0.058401432
0.05808559
0.060447853
0.063093275
0.06033827
0.05835992
0.05823344
0.05810274
0.05807072
0.05739561
0.05705757
0.056694645
0.056022603
0.05590942
0.05525015
0.054935526
0.05530265
0.05499406
0.05614182
0.05901156
0.05623652
0.055386633
0.055063795
0.055830795
0.05566941
0.0543887
0.0543216
0.05509712
0.056049038
0.053895023
0.054697633
0.053576875
0.055968504
0.05755044
0.05457011
0.05454853
0.054246634
0.05588758
0.05700854
0.055143163
0.054144103
0.053812876
0.053612664
0.05310212
0.052529056
0.05225271
0.051827293
0.05172175
0.051559854
0.051478535
0.051692892
0.051591907
0.053095758
0.056007158
0.05322354
0.05202225
0.051808532
0.05215713
0.051848996
0.050755855
0.050397027
0.050352376
0.04981519
0.04988712
0.04952562
0.049997125
0.049417526
0.04966685
0.0494954
0.04982509
0.049301382
0.0491018
0.049063127
0.048597712
0.04802691
0.047831547
0.047336
0.047436904
0.04713473
0.047096044
0.0468709
0.04705457
0.046926796
0.046555605
0.046424795
0.046184916
0.045771312
0.045426797
0.045092512
0.04484229
0.044780657
0.044593483
0.044387985
0.044969786
0.045000803
0.043864686
0.043610156
0.043667454
0.043699116
0.04324454
0.042942088
0.04260984
0.04236238
0.041952264
0.041707605
0.042040627
0.04186113
0.041245665
0.041188676
0.04285272
0.044229377
0.04165994
0.041704427
0.041432865
0.042826384
0.045613486
0.046033453
0.04477481
0.043930013
0.043395977
0.043034494
0.04272875
0.042440612
0.042164207
0.041855913
0.04150636
0.0411671
0.040885862
0.04032733
0.040032946
0.040016998
0.039613068
0.039549865
0.039419606
0.03947858
0.039322164
0.03922123
0.040968202
0.043733533
0.04064338
0.03985632
0.03970236
0.040485535
0.042423803
0.042306513
0.04082481
0.04010201
0.039726492
0.03935232
0.039004605
0.038751766
0.038496356
0.03795801
0.037580565
0.037362467
0.037260704
0.0369842
0.0367381
0.037195466
0.036875945
0.03602812
0.0360326
0.036851827
0.038644247
0.03629355
0.036484018
0.036052834
0.038484156
0.040862545
0.03777503
0.036301505
0.0359778
0.036685646
0.039130297
0.038346954
0.03626642
0.03558244
0.035241023
0.034998864
0.035272155
0.035774633
0.034371108
0.03345123
0.03322872
0.03297061
0.03280093
0.033167493
0.033224314
0.03278509
0.03278349
0.034515496
0.03722398
0.03436329
0.033454414
0.03323484
0.03373519
0.035430532
0.037446257
0.035952415
0.033385053
0.032531906
0.0322745
0.032693144
0.033825245
0.03233685
0.031698506
0.031648
0.03219087
0.033125315
0.03256013
0.031452466
0.031139677
0.030868083
0.03061411
0.030466393
0.029767847
0.02979066
0.029552273
0.029698377
0.029543705
0.02952531
0.031060884
0.0337015
0.030733764
0.030084351
0.029964298
0.030868314
0.03321774
0.03235377
0.030153668
0.029585259
0.029261187
0.028994659
0.029208606
0.02839297
0.027746446
0.027542943
0.027594917
0.027137319
0.027296813
0.027442982
0.028219724
0.027470117
0.027399203
0.027744709
0.029240405
0.031411584
0.030617096
0.028459365
0.027648881
0.02736239
0.027178774
0.027106384
0.027037412
0.026989348
0.02604776
0.02582372
0.025794178
0.026706228
0.0261076
0.025872434
0.026028574
0.027244711
0.02822881
0.027997054
0.027587168
0.027340518
0.027169138
0.027019843
0.026885137
0.02674526
0.026574394
0.026364654
0.026126212
0.02587758
0.025656244
0.025480732
0.025018187
0.024895206
0.025363073
0.025500774
0.024641054
0.024545318
0.025973013
0.027167924
0.02447021
0.024822243
0.024296671
0.027765527
0.033604577
0.029459486
0.02539424
0.024746662
0.024794877
0.025400663
0.026427584
0.027638478
0.028741127
0.027195698
0.025090352
0.02439729
0.024238048
0.024582481
0.026126228
0.028281534
0.026801191
0.024205869
0.023435317
0.023160076
0.02351267
0.02530227
0.024411336
0.022186518
0.022434121
0.022149777
0.024351263
0.024709115
0.022162048
0.023475498
0.022773102
0.024808316
0.032300893
0.03141905
0.027052261
0.025144555
0.024482524
0.024348726
0.02451271
0.025345504
0.026585924
0.028049255
0.029494116
0.030628359
0.028187023
0.025036557
0.023856176
0.023474151
0.023439432
0.023391211
0.023347735
0.023323065
0.023317598
0.023321861
0.023328483
0.023336321
0.023345241
0.023351455
0.023352547
0.023348844
0.02333998
0.02332711
0.02331134
0.023293018
0.023273572
0.023252906
0.023231
0.02320757
0.02318318
0.023157835
0.02313183
0.023105009
0.023077307
0.023049055
0.023019945
0.022990333
0.0229602
0.022929035
0.02289703
0.022864224
0.022830753
0.022797445
0.022764526
0.022731662
0.02269938
0.022667533
0.022635693
0.02260383
0.02257237
0.022541486
0.022511484
0.02248243
0.022453561
0.022424674
0.022396022
0.022367597
0.022339433
0.0223118
0.022285081
0.02225936
0.022235183
0.022211956
0.02218976
0.022168947
0.02214942
0.022131065
0.022113869
0.022097612
0.022082454
0.02206801
0.022054404
0.022041494
0.022029387
