0.453125
0.4158685
0.38356748
0.35581622
0.33226022
0.31257018
0.2964441
0.2850853
0.27796078
0.27329776
0.27013978
0.2679377
0.26636243
0.2652094
0.264348
0.2636932
0.26318473
0.26278374
0.2624639
0.2622022
0.2619841
0.2617989
0.26163673
0.2614986
0.26137975
0.26127
0.26116663
0.26106533
0.26097167
0.26088408
0.26080087
0.26071715
0.26063085
0.2605405
0.26044646
0.26035035
0.26024935
0.26015306
0.26007172
0.2599961
0.2599172
0.25982937
0.25973484
0.2596356
0.2595285
0.25941822
0.25929713
0.25916815
0.2590313
0.25889418
0.25876918
0.25864637
0.25852117
0.25838605
0.2582486
0.25809893
0.25794244
0.25776878
0.25758937
0.25739548
0.25718692
0.25696552
0.2567372
0.2565095
0.25629294
0.25607273
0.2558203
0.25554883
0.25525662
0.25494444
0.254611
0.2542652
0.2539126
0.25355086
0.25317845
0.2527986
0.25240445
0.25200042
0.25158405
0.25115207
0.2507056
0.25024715
0.24976921
0.24927843
0.24877407
0.24825382
0.24771695
0.24716909
0.24660917
0.24603818
0.24545722
0.2448842
0.24432437
0.24377169
0.24322934
0.24272208
0.24227345
0.24187894
0.24149124
0.241076
0.24063246
0.24016857
0.23969202
0.23920973
0.23872058
0.23822558
0.23772441
0.23721452
0.23670049
0.23618174
0.23566008
0.2351401
0.23462176
0.23410122
0.2335757
0.23303716
0.23248573
0.23191702
0.23132636
0.23070216
0.23001094
0.22919607
0.22823952
0.22714788
0.22592907
0.22460671
0.22322483
0.2218049
0.22035478
0.21889652
0.21744041
0.2159975
0.21459453
0.21323337
0.21190934
0.21063769
0.2094207
0.2082661
0.20713735
0.20600276
0.2048759
0.20373707
0.20258367
0.20143385
0.20029135
0.19916296
0.19802456
0.19686459
0.19570608
0.19456218
0.19343072
0.19228564
0.19113587
0.1899975
0.18888271
0.18779878
0.18674457
0.1857192
0.18472667
0.18377773
0.18288101
0.18204193
0.18125667
0.18052216
0.17984211
0.17921592
0.17863579
0.17809935
0.17759843
0.17712931
0.17668663
0.17627318
0.1758774
0.17549807
0.1751303
0.17477055
0.17441864
0.17407183
0.1737289
0.17339106
0.1730596
0.17273153
0.17240466
0.17208058
0.17175962
0.17144202
0.17112632
0.17081194
0.17049742
0.17018652
0.16987865
0.16957557
0.1692779
0.16898243
0.168685
0.16839182
0.16810478
0.16782375
0.16754766
0.16727634
0.16700947
0.16674681
0.16648494
0.16622359
0.16596237
0.16570015
0.1654364
0.16517211
0.16490614
0.16463971
0.16437624
0.16411437
0.1638533
0.16359304
0.16333225
0.16307041
0.16280602
0.16253847
0.16226877
0.16199921
0.16173214
0.16146903
0.16120978
0.16095391
0.16069973
0.16044527
0.16019048
0.1599344
0.15968129
0.15942569
0.1591651
0.15889953
0.15862794
0.15835075
0.15806764
0.15777946
0.15748666
0.15718633
0.15687673
0.15655737
0.15622857
0.15588088
0.15551843
0.15514976
0.15476999
0.15437879
0.1539701
0.15353955
0.1530825
0.15261272
0.15212822
0.15162951
0.15110885
0.15056913
0.1500213
0.14946544
0.14889835
0.14832665
0.14772893
0.14711964
0.1464761
0.14581053
0.14510708
0.14439993
0.14367066
0.14291607
0.14214773
0.1413712
0.14059506
0.13978247
0.13897723
0.13818233
0.13739586
0.1365534
0.13573049
0.13491845
0.13412009
0.13324971
0.13241571
0.13161418
0.1308543
0.1299625
0.1292001
0.12840581
0.12774669
0.1268669
0.12619975
0.1253998
0.124884345
0.124096274
0.12345108
0.12294361
0.12207844
0.12175455
0.12093202
0.12046182
0.12013474
0.119122
0.11924086
0.11917398
0.11781471
0.11780856
0.11813295
0.11684934
0.11635933
0.11695527
0.11591506
0.115193926
0.11549178
0.11473588
0.11432245
0.114620425
0.113765925
0.11345911
0.11372896
0.11289168
0.11273241
0.11306072
0.11212476
0.11198302
0.11212299
0.11145109
0.11154828
0.11165929
0.11082276
0.11082425
0.11071485
0.11017162
0.11044123
0.110373765
0.10965145
0.10980803
0.109683655
0.10907922
0.10926533
0.10942471
0.10866559
0.10880687
0.10913056
0.108650886
0.10838386
0.10870849
0.10834404
0.108034395
0.108157635
0.107856624
0.107825845
0.10782671
0.107095696
0.106748365
0.10623044
0.10592184
0.10579846
0.105151914
0.1047945
0.104366265
0.10412971
0.1040803
0.103473805
0.10313747
0.10266819
0.10244455
0.10239463
0.10174197
0.10146915
0.10110724
0.10078291
0.10088923
0.100573026
0.1002202
0.100156456
0.09990577
0.09983966
0.0998906
0.099404074
0.09912521
0.09881574
0.09849671
0.09848181
0.098000824
0.09747743
0.09733569
0.09691006
0.09646074
0.096357286
0.0963308
0.09604338
0.09585305
0.09563439
0.095428325
0.0949229
0.094181806
0.09364697
0.092939526
0.09263754
0.09239817
0.092014916
0.091832586
0.09165925
0.0914526
0.09125084
0.0910455
0.09081177
0.09055042
0.09028119
0.09001893
0.089778304
0.089554995
0.08907906
0.088546105
0.087994754
0.087714605
0.08701996
0.086416304
0.08589536
0.08549106
0.08526921
0.0849742
0.084738314
0.084534876
0.08435897
0.08420489
0.08374378
0.08330998
0.08280325
0.082591355
0.08211951
0.08170954
0.08146077
0.08117497
0.08106759
0.080980055
0.08083736
0.0807525
0.08066086
0.08051633
0.080368444
0.08022637
0.079869315
0.07947116
0.07909134
0.07871238
0.07822119
0.07781544
0.07739227
0.07712221
0.07681588
0.076517716
0.07627609
0.076090105
0.07597793
0.07563272
0.075292416
0.074894
0.07470125
0.07428582
0.07394197
0.073659845
0.07342028
0.07328402
0.07309896
0.07293128
0.07277104
0.0726326
0.072203964
0.07170873
0.071249925
0.070976794
0.070397645
0.069987155
0.06956699
0.06919929
0.068920255
0.068572484
0.06829177
0.06801351
0.06774271
0.06748551
0.06718717
0.06690598
0.06663612
0.06637808
0.066102736
0.06579915
0.06550741
0.065225735
0.06498701
0.06470438
0.06441779
0.06415052
0.06390502
0.06365348
0.063389115
0.063134074
0.062881656
0.06263188
0.062363315
0.062091906
0.061838884
0.061587483
0.061333824
0.061093163
0.06085992
0.06060146
0.060276672
0.05994898
0.059635263
0.059352595
0.059032056
0.058672696
0.058320034
0.058027852
0.057720825
0.05742681
0.057172496
0.05693807
0.056713432
0.056444895
0.056191366
0.055977624
0.055689394
0.055363942
0.055051327
0.054824427
0.054597724
0.054389685
0.05421357
0.054020483
0.05368935
0.05329374
0.052958727
0.0526803
0.052391212
0.052174836
0.051968664
0.05162995
0.0511356
0.050653834
0.05034073
0.050040405
0.049844246
0.04974566
0.049601346
0.0494425
0.049253017
0.04904218
0.04883569
0.048638094
0.048450913
0.048265457
0.048076704
0.047866344
0.047605354
0.047373217
0.046986878
0.04649843
0.046081424
0.04570083
0.04538673
0.0451048
0.044819202
0.044525396
0.04425952
0.044009656
0.043740526
0.04344294
0.043164596
0.042948324
0.042730868
0.042539205
0.042364597
0.042145234
0.04191029
0.041688833
0.0414734
0.041215003
0.040969867
0.04078412
0.040588144
0.040451523
0.04042146
0.04041594
0.040374603
0.04026692
0.040109243
0.03995608
0.039818395
0.039656293
0.039467696
0.039291456
0.039098028
0.03891806
0.038744897
0.038560722
0.038357895
0.038155038
0.037987407
0.03771716
0.037447106
0.03716481
0.036867183
0.036663737
0.036483932
0.036283925
0.036063958
0.03586928
0.035697665
0.035475116
0.035252094
0.03503357
0.034817543
0.034599204
0.034364607
0.034133773
0.03389742
0.033663724
0.033439532
0.033230793
0.033030454
0.032834306
0.0326357
0.032438293
0.032246295
0.032054033
0.031862568
0.031656355
0.031433456
0.031198844
0.030961022
0.030772084
0.030588716
0.03046178
0.030311456
0.030120647
0.029934525
0.029751046
0.029544422
0.029348971
0.02916348
0.02897226
0.028747687
0.02852145
0.02829968
0.028077433
0.02785186
0.027628547
0.02741156
0.027194396
0.026972542
0.026744746
0.026513854
0.02628349
0.026046732
0.02582671
0.025611067
0.025399482
0.025175586
0.024955465
0.024740515
0.02454525
0.02434819
0.024172649
0.023991881
0.02380611
0.023605043
0.023401296
0.023195537
0.02298751
0.022778606
0.022575786
0.022371622
0.022172103
0.021969467
0.021774033
0.02159051
0.02142174
0.02125427
0.021084333
0.02091104
0.0207499
0.020568455
0.020405255
0.020267189
0.020142617
0.020001419
0.019854493
0.019720217
0.019590406
0.01944376
0.019300349
0.019171827
0.018908387
0.018757036
0.019410683
0.020403868
0.019015415
0.018457687
0.018452687
0.018869244
0.019473301
0.019932492
0.019991899
0.01968305
0.019314758
0.019046912
0.018867496
0.018743068
0.018636802
0.018533362
0.018434057
0.01833697
0.01824385
0.018148208
0.018042644
0.017920451
0.01778776
0.017652651
0.017513046
0.01737062
0.017227309
0.017093455
0.016960606
0.016822938
0.016686201
0.016553417
0.01642053
0.016285634
0.016153475
0.016021866
0.015887123
0.015754456
0.015624203
0.015490885
0.015355744
0.015221993
0.015089516
0.014955194
0.014822576
0.014691763
0.014560647
0.014418655
0.014273119
0.014120615
0.0139649315
0.013795495
0.013629173
0.013465327
0.013306871
0.013133512
0.013116303
0.013011803
0.012924376
0.013522688
0.015374094
0.015143977
0.013640511
0.01297859
0.012768406
0.01260788
0.0124947205
0.012336713
0.0121366
0.011948097
0.011836047
0.011782409
0.01163772
0.011488029
0.011383968
0.011342895
0.011437324
0.011465962
0.011355952
0.011186302
0.011068657
0.010969055
0.010875392
0.01081341
0.010747142
0.010665946
0.010567942
0.010442286
0.01036184
0.010472301
0.010869059
0.010459299
0.010072496
0.009946824
0.010322911
0.01029089
0.009609374
0.009515647
0.010163624
0.012687464
0.01294829
0.010184609
0.009451506
0.009622795
0.009652813
0.009493966
0.009723141
0.010320541
0.010677951
0.0107144965
0.010590647
0.010416354
0.01023673
0.010021583
0.009844337
0.009764953
0.0097330995
0.009710873
0.0096935285
0.009691185
0.009667852
0.009660057
0.009672121
0.009702397
0.009769025
0.009890313
0.009898408
0.009607858
0.009209398
0.009180796
0.009687983
0.011198909
0.013136472
0.014771416
0.012420666
0.009904271
0.00955829
0.0098641915
0.009960665
0.009590533
0.009507888
0.010549251
0.01396057
0.018941687
0.024295753
0.021360397
0.011886251
0.009507648
0.00943492
0.010574696
0.012071404
0.010249425
0.010284892
0.010691635
0.010864998
0.015651409
0.024252387
0.034923483
0.04046904
0.02998192
0.018259356
0.01322605
0.011957952
0.011533842
0.012525407
0.013920449
0.012176004
0.011056725
0.01091222
0.012810766
0.016154679
0.017519644
0.018533476
0.018993305
0.018956965
0.018695146
0.01843725
0.01822723
0.017932678
0.016716314
0.01479689
0.013232938
0.01236361
0.012148435
0.012106053
0.012022515
0.012102723
0.012054868
0.011828664
0.011575866
0.0112158535
0.0109772375
0.010901672
0.0109018395
0.010801077
0.010298251
0.010003027
0.009932435
0.010055207
0.010153373
0.00972952
0.009378243
0.009330494
0.01062441
0.011874624
0.009636148
0.009571615
0.009515793
0.010560433
0.012210213
0.0135524
0.014254808
0.013910751
0.012587312
0.011455417
0.010870463
0.010607754
0.010368655
0.010244034
0.010365561
0.010439988
0.00994313
0.009339248
0.009014937
0.008802605
0.008947793
0.009780229
0.00929526
0.008280548
0.008081502
0.009823438
0.012593147
0.011743809
0.010455328
0.009428692
0.008796315
0.0086448295
0.008698464
0.008818132
0.009138658
0.008861732
0.008027997
0.008622125
0.008335683
0.009882118
0.01258456
0.012185798
0.009174874
0.009033869
0.009291697
0.010963873
0.013508457
0.01618008
0.018244658
0.019355519
0.016714618
0.012372661
0.010278346
0.009776905
0.009379842
0.0098340865
0.010838434
0.010808498
0.009575107
0.008775807
0.0084823975
0.008252611
0.008045684
0.007980476
0.008013295
0.007928385
0.0075089075
0.007268913
0.0077657118
0.007993185
0.0071862675
0.007146686
0.008310824
0.009975328
0.008432572
0.00720397
0.007273961
0.008224503
0.012206186
0.017959105
0.018453218
0.01345212
0.010253829
0.008914156
0.008541532
0.008315627
0.008494158
0.009581193
0.010933757
0.011318234
0.009689897
0.008090005
0.007487623
0.007376948
0.009078882
0.01423265
0.0152561115
0.008582439
0.0070892125
0.0069588902
0.0075768842
0.008494473
0.008238398
0.0072897743
0.0072474144
0.007216228
0.007192395
0.007173901
0.007159063
0.0071471506
0.007137533
0.0071296343
0.007123321
0.007119276
0.0071159825
0.0071132346
0.007111259
0.0071103885
0.007110151
0.0071111075
0.0071125603
0.007114071
0.0071146884
0.0071137412
0.007111151
0.007106735
0.007100754
0.007093571
0.00708518
0.00707602
0.0070661507
0.0070561245
0.007046172
0.007036552
0.007027131
0.007017882
0.007009171
0.007000763
0.0069926647
0.006984815
0.0069771614
0.006970372
0.006964959
0.006959791
0.0069550183
0.0069504366
0.0069460473
0.0069417395
0.0069378447
0.0069339485
0.0069300956
0.0069263764
0.006922725
0.0069192746
0.0069157393
0.0069122184
0.00690865
