0.453125
0.40087715
0.35769868
0.32297763
0.29621795
0.27940616
0.2703206
0.26515886
0.26211056
0.26024806
0.2590659
0.25828314
0.25773516
0.25732827
0.25700164
0.25672138
0.25646052
0.25620687
0.25595915
0.255724
0.25550237
0.25529423
0.25509542
0.2549025
0.25471267
0.25452402
0.25433436
0.2541466
0.25395828
0.25376788
0.2535726
0.2533745
0.25317517
0.2529718
0.2527659
0.25255692
0.25234246
0.2521259
0.2519045
0.25168005
0.25145176
0.25122058
0.25098655
0.250751
0.25051916
0.2502873
0.25005832
0.24982154
0.24955423
0.24928261
0.24899669
0.24869406
0.24846546
0.24821909
0.2479529
0.24768865
0.24744391
0.24718161
0.24690683
0.24664338
0.24638219
0.24612117
0.24586038
0.24558403
0.24532
0.24503887
0.24479872
0.24453206
0.24423175
0.2439816
0.24370074
0.24338275
0.24307501
0.24275927
0.24242096
0.2421041
0.24175382
0.24139488
0.24103083
0.24064706
0.2402596
0.23984744
0.23943047
0.23900516
0.23858558
0.23816241
0.23773818
0.23732239
0.23691757
0.23651345
0.23610632
0.23572735
0.23539317
0.23508437
0.23479767
0.23451848
0.23423176
0.23391114
0.2336843
0.23361604
0.23344068
0.23316401
0.23285967
0.23253854
0.23218508
0.23177575
0.2313264
0.23082714
0.23037322
0.2298144
0.22908275
0.22821142
0.22735143
0.22664453
0.22573526
0.22461171
0.22333308
0.22200374
0.2208464
0.21971357
0.21862334
0.21751387
0.21641298
0.21533781
0.21428597
0.21333463
0.21232343
0.21124923
0.2102313
0.20921187
0.20815694
0.20715238
0.20608413
0.20493741
0.20380843
0.20268597
0.20151643
0.20038903
0.19916935
0.19783314
0.19646446
0.19506137
0.19360685
0.19254418
0.19161946
0.19058566
0.189427
0.18820383
0.18690223
0.18554719
0.18415302
0.18277334
0.18140303
0.18006022
0.17875576
0.17742878
0.17609219
0.17474985
0.17336734
0.17198592
0.170548
0.16909562
0.16760404
0.1660712
0.16447009
0.16282971
0.16111314
0.1596585
0.15832357
0.15684633
0.15527405
0.1536626
0.15207182
0.15054575
0.14910923
0.14768308
0.14625108
0.14485003
0.14339292
0.14499955
0.13983597
0.1408448
0.13516046
0.1383607
0.13765967
0.12973534
0.12761499
0.1268482
0.124350406
0.12512004
0.12805201
0.13084029
0.13230835
0.1307237
0.1266916
0.12350011
0.12088835
0.117782064
0.11520458
0.113826685
0.1124936
0.110726155
0.1088013
0.107289195
0.10628306
0.10538727
0.10421491
0.10280629
0.10131824
0.0998239
0.09844985
0.097092964
0.095840394
0.09454767
0.09306998
0.09149244
0.08989194
0.08834932
0.08676791
0.08514538
0.083455585
0.081759155
0.080017716
0.07835904
0.076714754
0.07504197
0.07339255
0.07182291
0.07018164
0.068595015
0.06701813
0.06547332
0.06404692
0.062569804
0.06106189
0.05960312
0.05810522
0.056627084
0.055271223
0.05398169
0.052612033
0.05129194
0.049999643
0.050536793
0.048101027
0.04925434
0.045859914
0.0568454
0.07016333
0.06367358
0.044917304
0.07659636
0.1407506
0.10120085
0.044687297
0.06452243
0.09763646
0.09995825
0.07823125
0.04692288
0.069674656
0.14588714
0.12025708
0.053418696
0.052024815
0.07488648
0.075099945
0.056043644
0.04149771
0.058157604
0.063509814
0.042279422
0.047865868
0.06233258
0.058065593
0.04280642
0.046116527
0.054615397
0.04237777
0.04758015
0.05766728
0.05167839
0.04084262
0.057108533
0.06337197
0.042061683
0.047636945
0.067241125
0.072933875
0.05844155
0.040037397
0.0585817
0.078487344
0.051447738
0.039788786
0.052262377
0.05640772
0.045817167
0.038586553
0.045055557
0.039370168
0.042166516
0.051511467
0.049847364
0.038369354
0.04623851
0.053816672
0.03811352
0.044809524
0.056800652
0.050955404
0.036966354
0.05176446
0.0663526
0.042207632
0.040437743
0.055355508
0.05605111
0.041657872
0.036816787
0.043101277
0.035789493
0.041150123
0.05119781
0.047406476
0.035094205
0.05071342
0.06374469
0.039890777
0.039052773
0.054138537
0.05435176
0.039578367
0.03646237
0.04437081
0.035174068
0.039396465
0.04939136
0.045313615
0.033500705
0.056504056
0.08007734
0.047712613
0.03452103
0.04727407
0.04777653
0.03518422
0.040776886
0.05240068
0.036271017
0.03764519
0.04990089
0.04690023
0.03303204
0.050073992
0.07275832
0.045185354
0.033074453
0.043777365
0.042742565
0.031904913
0.048710346
0.06672043
0.040745232
0.03454484
0.046644658
0.044923577
0.032097477
0.047466684
0.06704538
0.04166925
0.033304706
0.044645518
0.04314885
0.031384896
0.049810886
0.07082856
0.042065322
0.03266025
0.043727767
0.04186949
0.0305525
0.04997315
0.069860056
0.041350115
0.031988304
0.043144006
0.041120213
0.02981913
0.054207902
0.07929021
0.044291675
0.031393263
0.043555666
0.04202649
0.029801039
0.048641335
0.07112399
0.043177515
0.029994814
0.03971611
0.037785377
0.02891465
0.042310107
0.05508268
0.034205783
0.031228716
0.037529103
0.034226518
0.027597932
0.042676646
0.052015126
0.031076849
0.03250221
0.04126215
0.03509696
0.027126214
0.03422279
0.031192487
0.02618031
0.02597706
0.027887864
0.026399305
0.026759097
0.026293004
0.025379367
0.024771968
0.026186803
0.025350377
0.02473563
0.024259618
0.024889937
0.024163835
0.024539307
0.023986699
0.023801759
0.023189967
0.024599368
0.024005244
0.022733895
0.022286668
0.024850463
0.024066543
0.021875456
0.02151247
0.02496662
0.024067545
0.02092441
0.020609679
0.023720896
0.02229859
0.020085137
0.01968096
0.021821389
0.020846685
0.019320888
0.018917704
0.020729408
0.01986568
0.018713204
0.018301666
0.020086436
0.019378081
0.018050123
0.017659416
0.02000852
0.019284703
0.01734021
0.017031666
0.019910062
0.019071357
0.016672147
0.016395606
0.019456616
0.018329332
0.015944421
0.015634695
0.018280847
0.017308446
0.015285503
0.014965971
0.017614657
0.016776929
0.01460838
0.014328192
0.017270265
0.016409978
0.013961948
0.013700955
0.016780602
0.01584725
0.013345358
0.013073761
0.015638582
0.014530328
0.013016169
0.012711729
0.014341719
0.013600904
0.012602226
0.012258578
0.0139504075
0.013284235
0.012125522
0.011830647
0.013546947
0.012826062
0.011820599
0.011498358
0.013305587
0.01270013
0.011328869
0.011044796
0.013294324
0.012543205
0.010911879
0.010632935
0.013251078
0.012543316
0.010395895
0.010154904
0.013319381
0.0124453055
0.009858171
0.009632565
0.012805236
0.011751786
0.00923498
0.008939137
0.012110598
0.011375134
0.008371381
0.0081470525
0.008473463
0.0077930675
0.0077432054
0.0076488866
0.0072375606
0.007545085
0.0068390295
0.007442824
0.0064873374
0.0065897717
0.0064402395
0.0059048403
0.0062079183
0.0055867466
0.0056971014
0.0054058433
0.00528611
0.005328017
0.0049346616
0.005384071
0.004656008
0.00544841
0.004425201
0.004717488
0.0043282765
0.0039336774
0.0048616235
0.0036317927
0.0075080167
0.0077227256
0.003429766
0.012774673
0.020807758
0.010116234
0.0030707568
0.0034557357
0.0034901493
0.002863032
0.0071147587
0.007153244
0.0028389015
0.013131601
0.022282915
0.008064668
0.004599515
0.008136601
0.005038196
0.003959656
0.00483842
0.0027953184
0.0027151152
0.0036396552
0.0026267357
0.00758687
0.008207167
0.0027547434
0.009189211
0.012985523
0.0074746925
0.002532987
0.0030704392
0.0026074129
0.002212676
0.002250379
0.0033981828
0.002292047
0.0049450006
0.005036687
0.0018650101
0.005717793
0.004799919
0.001932115
0.0018036665
0.0044448506
0.003189665
0.0022701146
0.0020935652
0.002829951
0.0022815182
0.0027839604
0.0024203944
0.0023680732
0.0019682187
0.0028608376
0.0024248615
0.0021254104
0.0017785855
0.002806445
0.002349261
0.0019943162
0.0016906844
0.0026931725
0.0022263012
0.002018138
0.0017115375
0.0025140084
0.0020559847
0.0021004428
0.0017785663
0.002292354
0.0018681572
0.0022013008
0.0018532373
0.0021101516
0.0017251753
0.0022573567
0.0018858599
0.0019878377
0.0016194098
0.0023095047
0.0019410709
0.0018252287
0.0014832792
0.0024060626
0.002019138
0.0016773747
0.001374729
0.0024729073
0.002071622
0.0015567442
0.0012748901
0.0025465402
0.0021389497
0.0014273599
0.0011692077
0.002665506
0.0022483051
0.0012817109
0.0010643707
0.0027654588
0.0023070439
0.0011883554
0.0009854467
0.002868903
0.0024239488
0.0010532304
0.0008970466
0.0029782325
0.002482085
0.0009729794
0.0008298095
0.0030664906
0.0025848432
0.0008601038
0.0007591783
0.0031623456
0.0026230298
0.00078484626
0.00069421256
0.0032410584
0.0027413548
0.0006595625
0.0006198249
0.0029010046
0.0015355417
0.0016767196
0.0017274801
0.00069236284
0.00052699144
0.001880162
0.0010676786
0.0025179475
0.0026691442
0.0007130759
0.0005540454
0.0023693794
0.0012342144
0.0013107803
0.001368544
0.00079769484
0.00054435007
0.0025515102
0.0021464468
0.00038886032
0.0003156597
0.0011258904
0.00034104683
0.0020871982
0.0016990416
0.00035129007
0.00026104532
0.00020672083
0.0022809042
0.0012869717
0.00081276865
0.00080192974
0.0010545667
0.00069770264
0.00154908
0.0012111221
0.00061493
0.00038242343
0.0014431356
0.0010509002
0.00041754814
0.00025774326
0.0011786993
0.00085402356
0.00037673573
0.00023613527
0.0009868786
0.0007247191
0.0004551087
0.00023547967
0.0009713366
0.00075808394
0.00030639704
0.00015694213
0.001079713
0.00083894614
0.00022559271
0.00012184307
0.0011131656
0.0008503869
0.00019624911
9.952246e-05
0.0011282837
0.0008754528
0.00015345268
7.63881e-05
0.0011662088
0.0009023994
0.00012296734
5.9063284e-05
0.0011961553
0.00092820154
9.2340364e-05
4.6242756e-05
0.0010608343
0.0007243231
0.00028647875
0.000118222204
0.0008052652
0.00059029285
0.00018388736
7.4899835e-05
0.00078204443
0.0005694538
0.00016957364
7.300602e-05
0.0007170832
0.0005138113
0.00018116797
6.7625144e-05
0.00069448765
0.0005139166
0.00013953823
4.6174984e-05
0.00071796967
0.00053061225
0.00010707742
3.2171014e-05
0.00072591106
0.0005352355
9.158655e-05
2.265258e-05
0.0007372161
0.00054986245
6.212645e-05
1.5851021e-05
0.0007158138
0.00050813373
0.00010240954
2.3163526e-05
0.00064459926
0.00046782475
7.301985e-05
2.0956804e-05
0.00059203454
0.0004041722
0.00011865145
3.1178202e-05
0.00052403676
0.0003733427
9.433096e-05
2.4235085e-05
0.00050654233
0.00035030209
0.00010413434
2.3037159e-05
0.00048551577
0.0003455824
7.8912955e-05
1.5361398e-05
0.00048525716
0.00034064954
7.369968e-05
1.0609278e-05
0.00048003145
0.00033913561
5.4095854e-05
6.9821986e-06
0.00046625742
0.00031846928
7.416985e-05
7.379677e-06
0.00044133226
0.0003103656
4.2271076e-05
7.2583825e-06
0.00038820694
0.00023976504
0.00016858663
5.1529612e-05
0.00028952802
0.00018613071
0.00013705569
4.148098e-05
0.00026820842
0.00017040312
0.00013746099
4.458134e-05
0.00023636637
0.00014460609
0.00016337536
4.7410493e-05
0.0002233846
0.00014281653
0.00011624382
3.156375e-05
0.00023061996
0.0001432435
0.000100946345
2.4102816e-05
0.00022016198
0.00013577269
0.0001002156
1.775622e-05
0.00021930154
0.00013830802
6.778529e-05
1.0861796e-05
0.00021928265
0.00013307662
7.249048e-05
8.775322e-06
0.00020425367
0.00012360577
5.830501e-05
8.325001e-06
0.00018381125
0.00010189635
0.000109444714
1.8038534e-05
0.00015251605
8.590919e-05
8.1534236e-05
2.0032114e-05
0.00012865057
6.3510124e-05
0.00013538732
3.4343935e-05
0.00010021762
5.1022053e-05
0.00012308768
2.921542e-05
9.7063436e-05
4.8648315e-05
0.00010225147
2.3697206e-05
9.0074434e-05
4.3361495e-05
0.00010459096
1.955116e-05
8.528862e-05
4.1604162e-05
7.639639e-05
1.4074528e-05
8.015001e-05
3.5162873e-05
0.00010093878
1.7483117e-05
6.722226e-05
2.9777251e-05
7.5514974e-05
1.5657004e-05
5.812754e-05
2.2147206e-05
0.00011100177
2.1322092e-05
4.4483433e-05
1.6618027e-05
9.3832554e-05
2.1038626e-05
3.6994952e-05
1.1868578e-05
0.00011662216
2.4656934e-05
2.9016412e-05
9.250517e-06
8.930168e-05
1.999675e-05
2.6366068e-05
7.10197e-06
9.170517e-05
1.7299179e-05
2.241665e-05
5.756569e-06
7.177089e-05
1.4542721e-05
1.8343893e-05
3.6612325e-06
