0.453125
0.39689603
0.35128462
0.3155741
0.28913853
0.27344427
0.26558748
0.26156637
0.2595155
0.25849786
0.25802484
0.2578357
0.2576129
0.25748774
0.25750455
0.25757858
0.25765762
0.25771508
0.25773847
0.25772476
0.25767395
0.25759098
0.25747827
0.2573435
0.257189
0.2570188
0.25683743
0.25664577
0.2564468
0.2562399
0.25602648
0.255806
0.25558555
0.25537112
0.25515303
0.25493094
0.25470364
0.2544717
0.25423786
0.25400057
0.25376227
0.25352007
0.25327113
0.2530187
0.2527564
0.25248376
0.25220597
0.25191823
0.25161168
0.25128898
0.25095513
0.25060147
0.2502398
0.24986263
0.24947326
0.24907307
0.248659
0.24824254
0.24782157
0.2473938
0.24697573
0.24660636
0.2462836
0.24597235
0.245642
0.24529316
0.24494064
0.24457066
0.2441865
0.24380203
0.24340872
0.2429917
0.24255843
0.24209516
0.24160194
0.24107611
0.24051797
0.23995452
0.23941992
0.23889767
0.23837169
0.23784693
0.23731667
0.23678498
0.23625366
0.23572578
0.23518641
0.23462807
0.2340648
0.2335108
0.23298727
0.23247969
0.23199987
0.23150475
0.23104896
0.23059565
0.2301657
0.22973871
0.22930908
0.22891407
0.22850347
0.22807223
0.22761427
0.22718213
0.22678106
0.22637743
0.22597688
0.22556686
0.22511016
0.22461884
0.2240665
0.2234496
0.22274359
0.22195572
0.22109872
0.22017384
0.2191797
0.21815938
0.21712239
0.21608222
0.21503514
0.21398795
0.21292038
0.21182103
0.21071918
0.20961447
0.20848386
0.2073554
0.20621277
0.20503783
0.20384204
0.20262301
0.20135356
0.20001735
0.1986252
0.19723113
0.19582234
0.19440083
0.19297685
0.19154423
0.19012196
0.1887135
0.18729575
0.18586254
0.18442501
0.18297292
0.18148561
0.17995577
0.17838514
0.17677867
0.17512482
0.17342265
0.17169099
0.16994262
0.16816656
0.16636318
0.16452877
0.16271047
0.16090575
0.1591238
0.15735553
0.15561022
0.15387462
0.15216887
0.15023035
0.147606
0.1446488
0.14213671
0.13985655
0.1371914
0.13519785
0.13231511
0.12977602
0.12669556
0.124657094
0.12305709
0.12092686
0.11843436
0.11603803
0.113858424
0.11184297
0.109767444
0.10794578
0.106142044
0.1041593
0.10193828
0.09964019
0.097292066
0.0949621
0.092576325
0.090129636
0.08767601
0.08520875
0.08281461
0.08042433
0.07805368
0.07565119
0.07330682
0.07108659
0.06893558
0.06682468
0.06481942
0.06290295
0.06105232
0.059382085
0.057675157
0.056102827
0.05460911
0.053129297
0.051623806
0.050126087
0.04874571
0.047444683
0.046158265
0.044952217
0.04385398
0.04278407
0.041816577
0.041813567
0.0423163
0.041644797
0.04007609
0.039149273
0.03871189
0.03990224
0.041753914
0.0411754
0.038892496
0.038377617
0.038884725
0.039934017
0.039603073
0.038885504
0.038799156
0.0376936
0.038418677
0.036501344
0.036697906
0.036275573
0.036017235
0.035298068
0.03734949
0.034645278
0.040356632
0.044118714
0.039178148
0.03378917
0.034449797
0.032845754
0.033821966
0.032107756
0.03532603
0.0339195
0.03219691
0.03254579
0.031171441
0.030711481
0.032369908
0.030875763
0.031792875
0.0316501
0.029760277
0.029340595
0.03150597
0.030131064
0.029568786
0.029254816
0.029406367
0.028798806
0.029265756
0.028640717
0.02879203
0.028344462
0.028119452
0.027605155
0.028859148
0.028291354
0.027343968
0.026966289
0.028415104
0.027721018
0.026815942
0.026420394
0.028065562
0.02748794
0.0260809
0.025747875
0.027845776
0.027104517
0.025422536
0.025086181
0.027429188
0.026692325
0.02463647
0.02433396
0.026487509
0.025563924
0.023811555
0.023408158
0.025561228
0.02478587
0.022629812
0.022208303
0.024640366
0.023759266
0.021643857
0.021316132
0.023759216
0.022820493
0.020818476
0.020491851
0.022604266
0.02173031
0.020036086
0.0196892
0.021650314
0.020899631
0.019248666
0.018918196
0.020901812
0.020186283
0.018508287
0.018143214
0.020262571
0.018422289
0.019867586
0.021065345
0.017863212
0.020987064
0.020473422
0.01824444
0.02233378
0.020452475
0.017031169
0.017338071
0.01674421
0.016516207
0.016593266
0.015898803
0.015857909
0.015464793
0.014954418
0.0155743
0.014462453
0.017684946
0.017484542
0.013834949
0.02285632
0.022482634
0.013521592
0.016974946
0.015493724
0.0140494155
0.014067489
0.01409177
0.0133603215
0.015913459
0.015574473
0.01284421
0.012627058
0.012800683
0.012291257
0.012030229
0.012020047
0.011578801
0.011473075
0.011301398
0.0109240115
0.011218421
0.010554685
0.010912414
0.010244731
0.010506851
0.009942442
0.010236614
0.009627466
0.01007166
0.009286378
0.009942285
0.00898317
0.009558757
0.008687181
0.009050622
0.008424937
0.008647669
0.0081600575
0.008363336
0.007872994
0.008201896
0.007573893
0.008114882
0.007307008
0.007904814
0.0070236432
0.0076756366
0.006714946
0.007326083
0.0063583143
0.006896677
0.0060258782
0.006401679
0.005701976
0.0060204123
0.005451327
0.005774247
0.0051780394
0.005564554
0.0049391463
0.0054294677
0.0047077755
0.005296156
0.0044663367
0.005041123
0.0042051324
0.004783534
0.0039438372
0.0044107214
0.003668315
0.0040451367
0.0034328997
0.003829303
0.0032036526
0.0036975767
0.002998638
0.0035202915
0.0028040681
0.0031463082
0.0026625937
0.0028121073
0.0025869943
0.0025986037
0.0024627731
0.0024583105
0.0023211862
0.0023838049
0.002187722
0.0023203774
0.0020588438
0.002281996
0.001933123
0.00226656
0.0018179327
0.0022337744
0.0016937499
0.0020609344
0.0015637828
0.0018225564
0.0014633132
0.0016551357
0.001364259
0.0015595808
0.0012530388
0.0015105841
0.0011522232
0.0014781724
0.0010550948
0.0014231303
0.0009571303
0.0012207266
0.0008717701
0.000997214
0.0008243122
0.00085403817
0.000784924
0.0007614326
0.00075378595
0.000696014
0.00071232434
0.00064419647
0.0006689808
0.0006064577
0.00061262836
0.0005848406
0.00054777676
0.00057589955
0.0004834951
0.00057492196
0.0004277189
0.0005793631
0.00038191435
0.0005729385
0.0003340975
0.00043152986
0.0003690268
0.0003053293
0.00045025838
0.00023234425
0.00047678477
0.0001908266
0.00042146898
0.00016746092
0.000323275
0.00014989337
0.00026487547
0.00013738421
0.00020103029
0.00013091916
0.00014137191
0.00013402039
9.204339e-05
0.00014175843
6.5182736e-05
0.00014272808
5.788199e-05
0.000122282
6.6219094e-05
7.522351e-05
9.918725e-05
4.7384692e-05
0.00017538811
3.602258e-05
0.00015433114
2.8250879e-05
0.00010194804
2.4694675e-05
6.220756e-05
2.1560923e-05
3.9311108e-05
2.1040425e-05
1.8847546e-05
2.3888084e-05
8.602209e-06
2.399634e-05
1.0302801e-05
1.9261655e-05
4.894011e-06
