0.453125
0.40603557
0.3665649
0.33414042
0.30825287
0.2885405
0.27595803
0.26890293
0.2648
0.26234546
0.26084137
0.2598938
0.25927418
0.25884438
0.25851968
0.25824624
0.2579923
0.25774112
0.25748697
0.25723505
0.2569919
0.25676247
0.2565387
0.25632283
0.256121
0.25592688
0.25573003
0.25552982
0.25533104
0.25511667
0.2548596
0.25459802
0.25433835
0.254059
0.25369433
0.25331026
0.25299618
0.25262022
0.25223598
0.25181302
0.2513015
0.25078046
0.25011334
0.24935253
0.24850993
0.24761526
0.24668555
0.24578655
0.244843
0.24384922
0.2428358
0.24182077
0.24080527
0.23974366
0.23864897
0.23756258
0.23642008
0.23530436
0.2341913
0.23305447
0.2320369
0.2311033
0.2301122
0.22900867
0.22775318
0.22624631
0.22431494
0.22157748
0.2180142
0.21386127
0.20929672
0.20482473
0.2006337
0.19652379
0.19280045
0.18925475
0.18580669
0.18267407
0.17971997
0.17699938
0.17453933
0.17231257
0.17023455
0.168306
0.16654262
0.16492613
0.16344757
0.16201608
0.1606192
0.15930206
0.15802604
0.15684038
0.15562534
0.15447742
0.15334164
0.15226309
0.15119004
0.15014069
0.1491182
0.1480863
0.14707352
0.146082
0.14508726
0.14409424
0.14311254
0.14216264
0.14120714
0.14024028
0.13928266
0.13831824
0.137337
0.13635577
0.13538276
0.13441515
0.13345648
0.13252321
0.13159795
0.13069248
0.12979876
0.12891577
0.12805523
0.1272121
0.1263639
0.12552111
0.12469085
0.123884946
0.12309357
0.12231457
0.12154242
0.12079659
0.120078206
0.119369514
0.118670605
0.11797785
0.1173065
0.116652966
0.116012506
0.11539217
0.11479346
0.11421257
0.11363431
0.11307112
0.11253484
0.11200712
0.11148131
0.110968806
0.11047021
0.10998383
0.109505616
0.10903736
0.108576946
0.10812202
0.10767022
0.10722804
0.10680612
0.10640203
0.10600466
0.10561627
0.10523338
0.10485917
0.1044909
0.104123026
0.1037578
0.103395246
0.10302951
0.102662235
0.10229101
0.101917595
0.101541586
0.10116779
0.10079089
0.10041044
0.100025885
0.099639155
0.09925576
0.09887002
0.098482855
0.098097466
0.09771383
0.09732962
0.09695063
0.096564084
0.09617671
0.09579446
0.09542256
0.095053025
0.09466467
0.09427921
0.09385873
0.09338218
0.09285077
0.092264056
0.09161008
0.09092072
0.0901792
0.08940036
0.0885931
0.08776435
0.086913764
0.08605086
0.08517349
0.08427671
0.083340466
0.08234692
0.08128169
0.080122806
0.0788244
0.0773892
0.07584799
0.07418637
0.07238247
0.07046823
0.06849701
0.06635077
0.06407889
0.06171879
0.059143204
0.056359738
0.053622305
0.050946336
0.048892528
0.046389382
0.04451573
0.042996187
0.042465717
0.04041891
0.039751206
0.038526732
0.037225414
0.03689286
0.035065982
0.03583512
0.033616785
0.03298799
0.031570118
0.033975203
0.034159336
0.029769033
0.03589132
0.03538379
0.027660228
0.03546967
0.03653346
0.026707066
0.0356743
0.04567271
0.03116603
0.026502429
0.032032944
0.028984094
0.02462893
0.02477496
0.023914933
0.023265721
0.022581479
0.022898972
0.021247337
0.023884682
0.023588816
0.019825125
0.027878016
0.030938292
0.019971082
0.024143672
0.030950798
0.025133854
0.018046772
0.02553383
0.025387188
0.017129177
0.027034463
0.034885228
0.026556348
0.016322607
0.03756879
0.05948205
0.03921685
0.016268462
0.029117644
0.044980045
0.04151921
0.02420341
0.016074963
0.02066396
0.017168058
0.017253553
0.019309882
0.016632209
0.017188633
0.018099915
0.015232715
0.01913177
0.020492531
0.016417803
0.016034678
0.017810857
0.0147255985
0.0169003
0.017901538
0.014709207
0.016903987
0.019372987
0.014813184
0.015012287
0.015981564
0.01345655
0.017482204
0.02006738
0.013855142
0.01663288
0.020382144
0.01708127
0.012650352
0.02139081
0.023129208
0.012531328
0.020480974
0.030000245
0.026179276
0.013890999
0.020100921
0.034597795
0.023812165
0.01186395
0.018821066
0.023023615
0.018385867
0.011735812
0.020878593
0.026874581
0.013641655
0.014902275
0.020592047
0.018172598
0.01191361
0.017431032
0.0251522
0.01582908
0.012190153
0.014616262
0.012344471
0.012496464
0.013115995
0.011080422
0.0113976225
0.0104570715
0.010066674
0.0107942885
0.009611153
0.011107429
0.0110576
0.008670359
0.013246141
0.013382246
0.00824624
0.01219185
0.015187994
0.010638404
0.0077027627
0.008221018
0.0072116316
0.007080445
0.0075689345
0.0067853634
0.010237408
0.010230294
0.0064172777
0.012448662
0.015975673
0.0108957095
0.006003616
0.0062310416
0.0060853125
0.0056544733
0.0064940657
0.0052436166
0.008570165
0.0090482
0.0050053005
0.010494586
0.014635225
0.0069067855
0.006018482
0.0078983195
0.005199052
0.008240507
0.010349984
0.0054708086
0.0075782123
0.009467426
0.005696052
0.006749544
0.008665913
0.004856702
0.0077510285
0.009558226
0.0055237184
0.0064931754
0.008625663
0.0047179377
0.0071550496
0.008799606
0.0050014537
0.0068159285
0.009239829
0.0047941064
0.0064716847
0.0080758035
0.004592354
0.007090391
0.00964803
0.0048343795
0.0060468656
0.007604968
0.0043045934
0.0072415913
0.009878847
0.004839466
0.005709943
0.007213469
0.004065366
0.0073479214
0.010057744
0.0048431675
0.0053993617
0.006861167
0.0038498295
0.007422339
0.010189401
0.0048307264
0.0051350626
0.0065365373
0.0036473752
0.007512351
0.01035495
0.0048346263
0.0048672636
0.006214723
0.0034565616
0.0075785723
0.010460005
0.004806982
0.0046463967
0.005971682
0.0032924954
0.0075754113
0.010481165
0.0047585345
0.0044457694
0.00575309
0.0031394914
0.007545477
0.010470782
0.0046978267
0.004253824
0.005539097
0.0029879597
0.007556189
0.010530266
0.0046615186
0.004052825
0.005305873
0.0028375394
0.0075719147
0.010579699
0.0046224254
0.003863845
0.005086411
0.0026954457
0.007552063
0.010576013
0.004563416
0.0036912335
0.0048849727
0.002556519
0.0075434316
0.010599385
0.004521066
0.0035088733
0.0046731774
0.0024170203
0.0075459867
0.010635398
0.004478068
0.003328645
0.004468613
0.0022806164
0.0075077326
0.010584045
0.0043863407
0.0031816962
0.004307989
0.0021539473
0.007395645
0.010447296
0.0042661703
0.0030548132
0.004165411
0.0020331072
0.0072557814
0.01029591
0.004151302
0.0029139735
0.0040208274
0.0019152361
0.0070843287
0.010032975
0.0039676838
0.002847043
0.003979931
0.0018190639
0.00685009
0.0097915465
0.003834362
0.002741976
0.0038632199
0.0017185869
0.0067430795
0.009664094
0.0037307602
0.0026430178
0.0037645476
0.0016291664
0.0066116364
0.009510731
0.0036221251
0.0025544718
0.003672936
0.0015446224
0.0065303445
0.009469696
0.0035749215
0.0024256185
0.0035061024
0.0014488584
0.0065401196
0.00946962
0.0035245845
0.0023186465
0.0033902165
0.0013680694
0.0064567192
0.009383638
0.0034463604
0.0022252349
0.003281718
0.0012900406
0.0063964985
0.009341365
0.0034009132
0.002117612
0.0031487315
0.0012093602
0.006369095
0.009304454
0.003342544
0.0020275335
0.0030372066
0.0011362658
0.006333327
0.009308581
0.003327903
0.0019107299
0.0028797446
0.001056567
0.006329629
0.009297832
0.003281669
0.0018208803
0.0027752956
0.000983495
0.0062874593
0.009262677
0.003246258
0.0017193072
0.002652865
0.0009119953
0.0062289895
0.009190028
0.0031841525
0.0016355751
0.0025526301
0.00084251683
0.006162097
0.009112044
0.0031190894
0.0015547631
0.002464289
0.0007772201
0.006054319
0.008974435
0.0030316904
0.0014858088
0.0023809893
0.000714885
0.005982907
0.008943227
0.003013098
0.0013784216
0.002242
0.0006472417
0.0059210057
0.008795179
0.0028946958
0.0013393761
0.0022089158
0.00059529184
0.005762106
0.008668546
0.0028448002
0.0012392906
0.0020756081
0.00053485
0.005716042
0.0085755
0.0027542599
0.0011862578
0.0020217279
0.00048452945
0.0055880933
0.008469918
0.0026975155
0.001099438
0.0019041052
0.00043240454
0.005516387
0.008356222
0.0026032543
0.001047131
0.0018473171
0.00038590943
0.005407604
0.0082900515
0.0025671946
0.0009560245
0.0017179257
0.00033613507
0.0053722225
0.008236429
0.002498865
0.0008994369
0.0016488619
0.0002924688
0.005269699
0.0081603415
0.0024603384
0.00081400137
0.001518268
0.00024936706
0.0052251667
0.008044154
0.0023584154
0.0007842596
0.0014937436
0.0002167897
0.0050448608
0.007912078
0.0023207043
0.00069675146
0.0013628105
0.00018220501
0.0049619223
0.0076931566
0.0021678954
0.0006973104
0.0013888663
0.0001601696
0.004758524
0.007592154
0.0021465765
0.0005975389
0.0012268326
0.00013020147
0.004741651
0.007424017
0.0020132596
0.00059982494
0.0012624296
0.00011272812
0.004513219
0.0072956397
0.001998275
0.000518632
0.0011171256
8.758288e-05
0.004541525
0.007228675
0.0019283266
0.0004971523
0.0010996615
7.1126764e-05
0.0044379183
0.0071957815
0.0019196552
0.00043293237
0.0009906807
5.4040855e-05
0.0044410243
0.0071519273
0.0018826596
0.0004009483
0.0009474894
4.0286443e-05
0.00441041
0.0071982765
0.0018977016
0.00033934144
0.0008476754
2.7857755e-05
0.0043630046
0.006989435
0.0017646132
0.00035434737
0.0008945645
2.3793304e-05
0.0041578133
0.0069071674
0.001779097
0.00027655181
0.00074499595
1.5293945e-05
0.0039767944
0.006225115
0.0014105582
0.00043477278
0.0010781138
3.994115e-05
0.0032446247
0.005512277
0.0012471413
0.00038594156
0.0009641981
2.8501052e-05
0.003229335
0.005425893
0.0012051939
0.00036454797
0.00093722047
2.2066992e-05
0.003117866
0.0053404183
0.0011703664
0.00033261292
0.00087443105
1.5117524e-05
0.0031155108
0.0053743664
0.00118135
0.0002835019
0.00078587694
8.991586e-06
0.003105311
0.0053037354
0.0011260603
0.00027755325
0.0007797824
6.036305e-06
0.0030432076
0.0053004376
0.0011238176
0.00023282382
0.00069976755
3.139891e-06
