0.453125
0.3932722
0.3448809
0.3075697
0.2849221
0.27333158
0.26696756
0.26330274
0.26110864
0.2597427
0.2588524
0.25823554
0.25777337
0.2573981
0.25706556
0.25675225
0.25644204
0.2561301
0.25581917
0.25551352
0.25521734
0.2549353
0.2546629
0.25440028
0.25414523
0.25389647
0.25365183
0.2534074
0.25316367
0.25292096
0.25267658
0.2524301
0.2521802
0.25192603
0.25166947
0.25140896
0.25114208
0.25086975
0.25059548
0.2503142
0.25002685
0.2497323
0.24943124
0.24909382
0.2487427
0.24841197
0.24805923
0.24769318
0.2473101
0.24691014
0.24649958
0.2460831
0.24565642
0.24521907
0.24476843
0.24430187
0.24381919
0.24332984
0.24283092
0.24232358
0.24179943
0.24125437
0.24069732
0.24015097
0.23960067
0.23904198
0.23849766
0.23795336
0.23740454
0.23683721
0.23626415
0.23572706
0.23519976
0.23467314
0.23413219
0.233568
0.23302543
0.23278488
0.23242378
0.23198128
0.23146982
0.2309602
0.23051965
0.23009543
0.22965766
0.2292074
0.22875969
0.22830766
0.22784853
0.22738774
0.22690935
0.22643511
0.22597952
0.2255406
0.22512244
0.22471142
0.2243254
0.22396772
0.22358572
0.223168
0.22273342
0.22230269
0.22187161
0.2214307
0.2209736
0.22050387
0.2200089
0.21948735
0.21894436
0.2183906
0.21784031
0.21728073
0.21672912
0.2161568
0.21556129
0.2149039
0.21419226
0.21342723
0.21261847
0.21177246
0.21088962
0.20999467
0.20908666
0.20815988
0.20723353
0.20629351
0.20534067
0.20440026
0.20346467
0.20254053
0.20162652
0.20071836
0.19981754
0.19896615
0.19815199
0.19735332
0.19655998
0.19576643
0.19496417
0.19415319
0.1933363
0.19251518
0.1916879
0.1908545
0.19001067
0.1891558
0.18828325
0.18739186
0.18648086
0.18555637
0.18461816
0.18366687
0.18270175
0.18172085
0.1807156
0.17968373
0.17862368
0.17753935
0.17641802
0.17524976
0.17402871
0.17275415
0.17141302
0.17001057
0.16871989
0.16749676
0.16629648
0.1650837
0.16383958
0.16256113
0.16122667
0.15982954
0.15837567
0.15690188
0.15538597
0.15383375
0.15225552
0.15068187
0.14909305
0.14749192
0.14587997
0.14426573
0.14265026
0.141038
0.13941567
0.13778365
0.13614208
0.13410924
0.1329224
0.13099937
0.12897585
0.127203
0.12547524
0.12341412
0.12126189
0.11917523
0.117306985
0.11567509
0.114024796
0.11249178
0.11110786
0.10981146
0.10857002
0.10738146
0.10620759
0.105222225
0.104321815
0.10344716
0.10258573
0.101725556
0.10078743
0.09963795
0.09842672
0.09716159
0.09600321
0.09500542
0.09435326
0.093277074
0.09217558
0.091208726
0.09028814
0.089380704
0.08825471
0.08714124
0.08609643
0.085102655
0.08395185
0.082571454
0.08117658
0.07981043
0.07835337
0.07680969
0.07548431
0.07405027
0.072624825
0.07136767
0.06995387
0.06872492
0.06760655
0.06638033
0.06516347
0.063884
0.062467426
0.061002225
0.059490766
0.057945322
0.05638958
0.054920763
0.05320557
0.051538005
0.05020378
0.04871833
0.04724368
0.045711726
0.04427028
0.043428976
0.041640073
0.040590413
0.04041061
0.03911552
0.039463356
0.041312538
0.036820337
0.039936498
0.04235141
0.036233086
0.041354228
0.048746783
0.042975098
0.03424263
0.046795715
0.059666127
0.04791346
0.034167487
0.043006923
0.053330228
0.050058573
0.038368832
0.03975736
0.04854239
0.039157897
0.032506254
0.036406327
0.039223943
0.034506053
0.031666685
0.032553613
0.030784398
0.030554568
0.030709522
0.02914557
0.029728288
0.02902151
0.02763652
0.027024249
0.026415497
0.025640285
0.025006719
0.02405875
0.023419062
0.0224465
0.022056298
0.021004016
0.020358661
0.019456714
0.01933012
0.018683376
0.01738532
0.01710038
0.016661532
0.01613213
0.015933903
0.015347987
0.014791898
0.014313966
0.013789944
0.013179097
0.01260862
0.012033745
0.01155547
0.010967389
0.010398315
0.009957246
0.009498046
0.009056948
0.00855465
0.008121233
0.007857301
0.0072770608
0.007647238
0.007008159
0.006500443
0.0060859583
0.007223148
0.007179187
0.0055746078
0.0075625777
0.007560409
0.005164122
0.006150097
0.0054888674
0.0051184306
0.005075593
0.004615512
0.004347352
0.0042977263
0.00398635
0.003797204
0.0038597416
0.0034180256
0.0034213795
0.0031425923
0.002914597
0.0029330484
0.0025753865
0.002356421
0.002532925
0.002152723
0.0029365227
0.002122753
0.0031216133
0.0039928183
0.0023316208
0.002455602
0.003120181
0.0018010676
0.0027143806
0.0031671987
0.0016907196
0.002839219
0.0038565581
0.0015720213
0.0041392776
0.0072800727
0.005652683
0.002135178
0.002724246
0.004807628
0.003282095
0.0013214663
0.0026679158
0.0028154284
0.001313894
0.0033605269
0.0036817517
0.0012492319
0.0036669672
0.0056460793
0.0036294505
0.0010348473
0.0043895417
0.007815038
0.003952134
0.0011017849
0.001853176
0.0012164396
0.0017819743
0.0020556264
0.00090003386
0.0025972195
0.00340961
0.001632963
0.0010730983
0.0015167772
0.00068321964
0.0025051686
0.0033021867
0.0014262503
0.0009867485
0.0014571728
0.00058988045
0.0020822457
0.0027330678
0.001099338
0.0010961776
0.0016765185
0.0006361368
0.0015613753
0.0021471465
0.0008070983
0.0012222225
0.0018426761
0.00065463077
0.0012679474
0.0017975589
0.00061136583
0.0013348028
0.00200514
0.0007141919
0.0009982811
0.0014825324
0.00046843407
0.0014093838
0.0020952423
0.0007331933
0.0008239953
0.0012567675
0.00035688948
0.0014950793
0.0022210854
0.00079597515
0.0006266827
0.001017971
0.0002670256
0.0015394298
0.0022601702
0.0007929122
0.0005220076
0.0008624129
0.0002006421
0.0015947906
0.0023523022
0.0008535219
0.000364463
0.00067601976
0.0001450733
0.0015577162
0.0022472462
0.0007591925
0.0003807733
0.00063944625
0.000103341525
0.001455983
0.0021494126
0.00075051043
0.0002700229
0.0005453718
7.7579774e-05
0.0011223612
0.0016348256
0.00044493526
0.00053236174
0.0008406316
0.000100101905
0.00085138204
0.0013495191
0.00036727428
0.00046032015
0.0008472206
0.00014701876
0.0005301776
0.0008053573
0.00013503326
0.00084248435
0.0013606352
0.00026118345
0.0003172354
0.0005996937
8.993883e-05
0.00070824736
0.0012197522
0.00025805764
0.00022810562
0.00043627244
4.4938843e-05
0.00079152314
0.0013026741
0.00025237552
0.00018480381
0.00040921607
4.2156506e-05
0.00060399936
0.0010395097
0.00017692201
0.00018268901
0.00039411001
3.7363174e-05
0.0005218017
0.0009147438
0.00012143805
0.00018509648
0.0004101304
3.944746e-05
0.00037231468
0.00072186004
7.578814e-05
0.00018237684
0.00040017223
3.6026406e-05
0.00030585818
0.0006143288
4.4432527e-05
0.00018879473
0.00041993466
3.8761744e-05
0.00021071016
0.0004984199
2.7577995e-05
0.0001705833
0.0003772958
2.9901677e-05
0.00020768121
0.0004638736
1.801639e-05
0.00015269646
0.0003522449
2.5857169e-05
0.000144628
0.0004012418
1.1957297e-05
0.00012086474
0.00029338498
1.6380967e-05
0.00015722441
0.00036216434
7.798714e-06
0.00010354061
0.00026262196
1.1073251e-05
0.00011366074
0.00035513015
6.249073e-06
6.855032e-05
0.00019878325
5.7557604e-06
0.00011377058
0.00029588598
4.7251315e-06
