0.453125
0.396232
0.34920195
0.31196913
0.2881755
0.27541357
0.26836285
0.26428416
0.26184288
0.26033914
0.25938633
0.25876254
0.25833523
0.258023
0.25777447
0.25755492
0.2573427
0.25712627
0.2568984
0.25665927
0.25641215
0.25615892
0.25590584
0.2556506
0.2553942
0.25513646
0.25487304
0.25460315
0.25432906
0.25405088
0.2537973
0.25353894
0.25327215
0.25299764
0.25271356
0.25242427
0.25213373
0.25185138
0.25157252
0.2513013
0.25101748
0.2507061
0.25036493
0.24999845
0.24963064
0.24924703
0.2488368
0.24841307
0.24797039
0.24752069
0.24718039
0.24679099
0.24638076
0.2459509
0.24550043
0.24504554
0.24460292
0.2441885
0.24377163
0.2433515
0.24288912
0.24239253
0.24189204
0.24135673
0.2408096
0.24027099
0.23975271
0.23925377
0.2387486
0.23822534
0.23768751
0.23717065
0.23667939
0.23620473
0.23574126
0.2353816
0.23502028
0.23463635
0.23422503
0.23379542
0.2333548
0.23289627
0.2324241
0.23196487
0.23151691
0.23104091
0.23065428
0.23041062
0.23019993
0.22993314
0.22963552
0.22929633
0.2289107
0.22847883
0.22803354
0.22752094
0.22698985
0.22640078
0.22572422
0.22498478
0.22412334
0.22313957
0.22230078
0.2216044
0.22087665
0.22010972
0.2193193
0.21846195
0.21753807
0.21655197
0.21551788
0.21445994
0.2134064
0.21236698
0.21133202
0.21031804
0.20933856
0.20837294
0.20741129
0.20646048
0.20550829
0.2045327
0.20355149
0.20257409
0.2015989
0.20061587
0.19962597
0.19862278
0.1976009
0.19656281
0.19551182
0.19445299
0.1933785
0.192277
0.19114506
0.1899817
0.18885668
0.18775325
0.18666725
0.1855778
0.1844848
0.18335097
0.1821752
0.18095274
0.1796971
0.17839654
0.17704664
0.1756727
0.17426808
0.17283344
0.17135973
0.1698647
0.168341
0.16678996
0.16520615
0.1636029
0.16198462
0.16033144
0.15865229
0.15695612
0.15523952
0.15350087
0.15172215
0.14990497
0.14802665
0.14608306
0.14412515
0.14214541
0.14017601
0.13819908
0.13625403
0.13433444
0.1325056
0.13076983
0.12905015
0.12735985
0.12562543
0.123922594
0.12227919
0.12070727
0.11932061
0.118052125
0.11697801
0.11594174
0.11497591
0.114084125
0.11333688
0.11261793
0.11189968
0.11114297
0.1104053
0.10971085
0.109029315
0.10835057
0.107745
0.107144356
0.10653945
0.105908394
0.10523007
0.10461601
0.1039274
0.10322499
0.10249112
0.101729386
0.101012565
0.10028014
0.099525936
0.09877474
0.09797146
0.09706097
0.096684575
0.096863545
0.09673366
0.09674349
0.09689965
0.096972644
0.097136594
0.0974609
0.09791713
0.098686524
0.099651106
0.10058699
0.10138142
0.10210482
0.10272493
0.10331893
0.10395982
0.10457551
0.105121575
0.105692945
0.106182
0.10667256
0.1072397
0.10781475
0.10829412
0.108718865
0.10904384
0.10937866
0.10974047
0.11008734
0.110400796
0.11067208
0.11086639
0.11100588
0.111200474
0.11145288
0.11177533
0.11211272
0.11240951
0.11262032
0.1128453
0.113093756
0.11337968
0.11364744
0.113894634
0.114123225
0.11430142
0.114409514
0.11450555
0.11464264
0.11475825
0.114893205
0.115064204
0.11521148
0.115319006
0.11539786
0.11544978
0.11552773
0.11564682
0.1158336
0.11602577
0.11619642
0.11633217
0.11649763
0.11661903
0.11682739
0.11706541
0.11733367
0.11770109
0.11798356
0.11816794
0.11842605
0.118694656
0.11897928
0.11930672
0.119511366
0.11967894
0.11982986
0.119934015
0.11997346
0.12004595
0.120180905
0.1203823
0.12061051
0.12073276
0.120839335
0.1363561
0.11652448
0.10294482
0.0984235
0.09337387
0.08955941
0.0907771
0.0856796
0.080071844
0.07810531
0.07583057
0.075482875
0.0709183
0.07040305
0.068066835
0.0656575
0.06411773
0.062434394
0.059533626
0.057774216
0.0584598
0.061587006
0.05932209
0.05238396
0.05791138
0.06052557
0.051357135
0.054905534
0.06812178
0.070608966
0.05850007
0.0474432
0.056333896
0.0619935
0.050581556
0.04584211
0.053864628
0.055832278
0.048498284
0.04349334
0.04872155
0.046707183
0.041934744
0.044447005
0.045466293
0.042380836
0.04005454
0.03972293
0.039055686
0.0381466
0.03783716
0.03658507
0.037590396
0.036927108
0.03467529
0.034509923
0.03338856
0.03364344
0.0335616
0.031420756
0.031555768
0.031025613
0.030236265
0.02970904
0.028721942
0.028043672
0.027537027
0.026546856
0.026428787
0.025276957
0.026514014
0.029635424
0.02848717
0.024938196
0.024697801
0.02502942
0.023085648
0.02569135
0.029122895
0.02780658
0.023668297
0.02343443
0.025554651
0.02287116
0.021912063
0.023024911
0.021750994
0.021024039
0.020918088
0.020290986
0.019821031
0.019358903
0.019298727
0.019020855
0.017996663
0.017668704
0.017172547
0.01721348
0.016668322
0.016799377
0.015966658
0.017752716
0.020436602
0.019190736
0.016098343
0.015910203
0.015354832
0.016363515
0.016614199
0.015020143
0.015953274
0.015545149
0.014051127
0.01399619
0.013680838
0.013282917
0.012829411
0.0126685845
0.012024637
0.011891172
0.011294791
0.010940936
0.011423056
0.012046856
0.010696858
0.010647405
0.009877478
0.011466175
0.012424423
0.010724311
0.009695281
0.00943145
0.009735432
0.009673522
0.0090561425
0.008872569
0.008677592
0.008414572
0.008302812
0.0078761205
0.0075917244
0.0073731453
0.0072212704
0.0068883616
0.0066684633
0.006630765
0.00672809
0.006067703
0.0057534073
0.006659811
0.0070876405
0.005899206
0.0060754255
0.0058038626
0.0056518395
0.0057588606
0.0049983733
0.004891815
0.0049037724
0.004634309
0.0048197247
0.0042909994
0.005296251
0.005003153
0.004167002
0.0044419463
0.0039900355
0.0040788194
0.0039650155
0.003602909
0.0034400374
0.0037499007
0.0034572445
0.0033316042
0.0030843338
0.004644461
0.005177658
0.0033509491
0.0038066776
0.0038037158
0.0031285558
0.0041242307
0.0037902873
0.0030559683
0.0033348247
0.0028625436
0.0050033503
0.006031878
0.0039625852
0.003395817
0.0037775927
0.0026544624
0.004673159
0.0064192526
0.004917729
0.0030620787
0.004132263
0.00557537
0.0035576064
0.002716726
0.003626454
0.0028265615
0.0026022438
0.0027348541
0.0022308107
0.0028990302
0.0025500916
0.0021571731
0.0021223587
0.0020422642
0.0018299542
0.0018390286
0.0018890885
0.0017089389
0.001963304
0.00171114
0.002081962
0.0021095797
0.0014877758
0.0021112412
0.0018557556
0.0017759778
0.0018894604
0.0014140409
0.0013331492
0.0013760234
0.0011666496
0.0014890084
0.0013265852
0.0017290898
0.0018093484
0.00096587074
0.0019443892
0.0022738604
0.0010374658
0.002840573
0.0053505874
0.0041289073
0.0018194158
0.0013041254
0.0019447276
0.0013062097
0.0010983164
0.0010987761
0.00077544345
0.00068720244
0.0011226587
0.00081842596
0.00095633016
0.0008889259
0.00059980777
0.00054571
0.0006719494
0.0005186083
0.0008424376
0.00070798746
0.00042738355
0.00039716414
0.00058272533
0.00042071877
0.00055363454
0.00055358204
0.000318403
0.00026985854
0.0005640459
0.00040179808
0.00032047494
0.0002970217
0.00030870058
0.0002443473
0.00038400653
0.00029567545
0.00023316882
0.00019105675
0.00036942455
0.00031242715
0.0001755075
0.00014948523
0.00037303029
0.00028240704
0.0001546883
0.00012965502
0.00031668603
0.00025216947
0.00013368447
0.00011238269
0.00026449887
0.0001958167
0.00014051645
0.00011136133
0.0002124069
0.00016537389
0.00012391538
0.000101068465
0.00017501222
0.00012577431
0.00013685692
0.00010995575
0.0001281363
9.285652e-05
0.00013771083
0.00011044558
9.7780576e-05
6.621099e-05
0.00014967598
0.00012055375
6.6262815e-05
4.613602e-05
0.00015306144
0.0001235563
4.4007767e-05
2.9593668e-05
0.00017317159
0.00014131799
2.5982232e-05
2.0737927e-05
0.000119312404
7.8906545e-05
5.52748e-05
4.0859555e-05
5.381451e-05
3.3415246e-05
0.00012584678
0.00010214877
2.5125131e-05
1.5360047e-05
0.00015788178
0.000120159886
1.4589429e-05
8.150848e-06
0.00017864001
0.0001326709
8.865164e-06
4.39086e-06
