0.453125
0.39494547
0.34741697
0.31026515
0.28722012
0.27513587
0.26837704
0.2644099
0.2619935
0.26047325
0.25948337
0.25881028
0.258326
0.25795072
0.25763395
0.25734356
0.25705928
0.25677034
0.25647065
0.2561595
0.25584266
0.25552508
0.25520983
0.25489575
0.25458667
0.2542812
0.25397596
0.25367105
0.25336525
0.25306165
0.2527608
0.25245994
0.25216204
0.2518618
0.25155887
0.25125697
0.25095186
0.25064597
0.2503489
0.25004685
0.2497517
0.24941058
0.24906878
0.24871226
0.24833567
0.24796681
0.24757804
0.24715798
0.24675202
0.24639611
0.2460634
0.2457233
0.24536832
0.24500336
0.24463105
0.2442856
0.24394669
0.24361598
0.2432487
0.24285495
0.24245079
0.24201627
0.24157493
0.24114428
0.24073787
0.24035366
0.23995312
0.23951745
0.23905973
0.23859732
0.2381453
0.23770745
0.23729138
0.23688416
0.23648481
0.23608959
0.23569787
0.23529978
0.23489088
0.23447657
0.2340575
0.23362367
0.23318236
0.23273551
0.23227735
0.23181258
0.23132412
0.23084374
0.23042159
0.23005898
0.22975612
0.22948235
0.2291878
0.22885554
0.22848292
0.22807448
0.22760773
0.22708018
0.22648366
0.22579761
0.2250334
0.22423369
0.22337328
0.22256477
0.22197513
0.22146207
0.22085957
0.22008006
0.21906418
0.21784492
0.21645439
0.2149434
0.21333571
0.21165913
0.20999856
0.2084413
0.20697524
0.20555253
0.204129
0.20269807
0.20124884
0.19975983
0.19827001
0.19674082
0.19519705
0.19360884
0.19198866
0.19033587
0.18864529
0.18693058
0.18517096
0.18336622
0.18148272
0.1795063
0.17748958
0.17557119
0.17367785
0.17174578
0.16975307
0.16768424
0.16556661
0.1634299
0.16130908
0.15933351
0.15725522
0.15523861
0.15335906
0.15147823
0.1495894
0.14772332
0.14590897
0.14409767
0.14234595
0.14060485
0.13890623
0.13725619
0.1356508
0.1341005
0.13266362
0.13119954
0.12976158
0.12835373
0.12716025
0.12598568
0.12458297
0.12327954
0.12210822
0.1212973
0.120147
0.11863493
0.11730194
0.11609518
0.115031816
0.113723435
0.11229286
0.11096915
0.10977384
0.10851711
0.10701475
0.10558195
0.10416827
0.102962516
0.1019004
0.100507475
0.0992479
0.09802862
0.096741855
0.095689714
0.094857186
0.09415235
0.09351021
0.09222586
0.09103175
0.08985388
0.08893243
0.088480555
0.08831901
0.087827325
0.086463414
0.08521652
0.083932735
0.083131164
0.08328408
0.08231061
0.080771044
0.08029488
0.079524614
0.07888918
0.07893611
0.077795655
0.07599538
0.07575579
0.07467123
0.073909454
0.07473894
0.07445284
0.07204459
0.07112575
0.070382714
0.06932499
0.069105156
0.06830635
0.066827215
0.06580565
0.06491403
0.063763075
0.06264388
0.06120816
0.059859414
0.058545757
0.057571065
0.056806874
0.055562947
0.054444194
0.053421304
0.05268209
0.05223305
0.051320206
0.05026065
0.04945129
0.04877617
0.048043843
0.04710262
0.04619572
0.045406982
0.04463083
0.043665364
0.042934656
0.04221041
0.041305907
0.04039016
0.039497424
0.03880239
0.03768447
0.03683937
0.0357442
0.0352682
0.034911674
0.033655725
0.032786194
0.031934727
0.031418663
0.031249082
0.030093424
0.029228577
0.028435424
0.0279261
0.027778758
0.026755823
0.026261574
0.025742961
0.025157725
0.025062313
0.024211964
0.023718068
0.023242826
0.02250048
0.021948032
0.021207213
0.020615522
0.01990273
0.01942776
0.018774
0.01819855
0.017812325
0.017087057
0.016632676
0.016034402
0.01574756
0.015238735
0.014613312
0.014224096
0.013760656
0.013324872
0.0132848
0.013483156
0.012809289
0.012255166
0.011940349
0.011756674
0.011447179
0.011080604
0.010725554
0.010565631
0.010240264
0.009822987
0.009501971
0.0091386745
0.008719426
0.008467366
0.008084536
0.008852627
0.0075190053
0.00786477
0.007808658
0.007245991
0.0077013453
0.009444023
0.010095864
0.008216015
0.0075705904
0.008151603
0.008020807
0.0068311337
0.00650149
0.0067465347
0.006517516
0.006051174
0.006210067
0.006192505
0.0056203655
0.0058246776
0.0057607833
0.0051577687
0.005349148
0.0053053484
0.0047140974
0.0048183072
0.0047844145
0.0043272027
0.004304165
0.0041170246
0.003963525
0.0037675307
0.0036264975
0.003471094
0.003336478
0.0031925868
0.0031953838
0.0030510381
0.003094636
0.0032239577
0.002765024
0.0029233454
0.0029281192
0.0024322502
0.00270674
0.0028158377
0.0022688021
0.0023622913
0.002429979
0.0019932673
0.002199713
0.0021952707
0.0018723352
0.0019476876
0.0017771451
0.0017219203
0.0016556568
0.0015379892
0.001451691
0.0014938557
0.0013351925
0.0015486553
0.0015517207
0.0012335867
0.0015235025
0.0016472343
0.0012202419
0.0011709022
0.001230331
0.001044646
0.0011434293
0.001795404
0.0014184086
0.000948068
0.0011644588
0.00114147
0.0009086042
0.001365624
0.0021472585
0.0018355491
0.0008940329
0.00089708995
0.0011433399
0.00091928645
0.0007692119
0.0007690277
0.000620916
0.0005577099
0.0005365619
0.0004323298
0.00056619785
0.0006381394
0.00042378754
0.00047941707
0.00047918424
0.00042115222
0.0003259123
0.00031522484
0.00030546793
0.00023581872
0.0003005962
0.00026029084
0.00020267413
0.00017506909
0.00020910248
0.00018027355
0.00011091443
0.00010140257
0.00011106191
7.073259e-05
0.00017840283
0.0002152483
0.00011126894
0.00014296891
0.0001692238
9.265819e-05
7.047014e-05
6.1229955e-05
5.4592936e-05
0.00011358011
3.8652623e-05
7.721906e-05
7.213643e-05
2.3229097e-05
2.878051e-05
3.9178518e-05
3.4006018e-05
1.4059725e-05
4.5357538e-05
3.1663687e-05
1.066862e-05
1.6135431e-05
6.121884e-06
2.5508149e-05
6.8752793e-06
8.656047e-06
2.7952183e-05
7.5798257e-06
3.637374e-05
1.7687802e-05
1.2177371e-05
1.4438144e-05
0.00010571745
0.0037970108
0.00018459845
0.00049576553
0.00013743335
5.7219386e-06
7.75381e-06
2.7788485e-07
