0.453125
0.37308168
0.31475082
0.2834034
0.2698135
0.26347902
0.26043904
0.2589995
0.2583522
0.25807068
0.25787035
0.2576969
0.25758827
0.25751984
0.2574707
0.25742152
0.25736147
0.25728938
0.25720313
0.2571033
0.25698856
0.25686064
0.2567197
0.2565655
0.25639716
0.25621974
0.25603375
0.2558384
0.25563598
0.2554246
0.25520498
0.25497648
0.2547386
0.25449142
0.25423524
0.25396743
0.2536859
0.25339392
0.25308967
0.25277147
0.25244558
0.2521124
0.25176945
0.25141537
0.25105348
0.25068212
0.2502949
0.24989557
0.24949457
0.24910074
0.24870145
0.2482888
0.24787329
0.24750488
0.24715579
0.24679165
0.24640854
0.24600804
0.24558525
0.24514441
0.24469395
0.24422781
0.2437489
0.24325065
0.24275357
0.24227898
0.24181092
0.24133821
0.24084826
0.24036114
0.2398805
0.2394139
0.23895793
0.23850854
0.23805761
0.23759489
0.23709536
0.23657262
0.23617841
0.23574822
0.23523296
0.23462076
0.23398595
0.23344044
0.23301859
0.23255299
0.2319659
0.23167561
0.23158805
0.23133944
0.23096657
0.23051882
0.23017709
0.22989653
0.229609
0.22931452
0.22903083
0.22874732
0.22846867
0.22820288
0.22792117
0.22762094
0.22732896
0.2270639
0.22680543
0.22653751
0.2262283
0.22588086
0.22548641
0.22510277
0.22474433
0.22443885
0.22413385
0.22377263
0.22344315
0.22308631
0.22268553
0.22228877
0.22183149
0.22136939
0.22090566
0.22040506
0.21992438
0.21940596
0.21886729
0.21834558
0.21779668
0.21727274
0.21675587
0.2162004
0.21566875
0.21513872
0.2145943
0.21407104
0.21352053
0.2129836
0.21243723
0.21190597
0.21135157
0.21079935
0.21024533
0.209701
0.20913744
0.20857358
0.20801137
0.20744021
0.20686264
0.20629227
0.20572269
0.20519014
0.2046236
0.20410693
0.20357044
0.2030666
0.20252268
0.20202804
0.20147286
0.20097841
0.20040447
0.19987376
0.1992733
0.19870268
0.19812149
0.19753313
0.19693975
0.19630575
0.19566362
0.19500326
0.19433229
0.19369452
0.19301312
0.19233453
0.19163416
0.19093283
0.19018523
0.18944041
0.18869542
0.18794529
0.1871566
0.18635125
0.18551934
0.18466389
0.18378194
0.18288589
0.18196933
0.18103707
0.18008722
0.17911856
0.17814118
0.17715341
0.17615247
0.17513712
0.1741153
0.1730897
0.17205584
0.17102796
0.1699921
0.16894162
0.16788332
0.16681893
0.1657392
0.16466439
0.16355877
0.16244239
0.16131526
0.16013652
0.15894409
0.15767185
0.15637308
0.15497738
0.15347104
0.15182383
0.15006293
0.14803623
0.14611302
0.14435796
0.14277397
0.14128272
0.1399426
0.13868763
0.13746624
0.13639595
0.13522007
0.13409309
0.13293405
0.13177337
0.13058487
0.12933311
0.1279185
0.12674499
0.1258748
0.12509298
0.12431357
0.123492956
0.12275425
0.122039676
0.12141716
0.12079283
0.12020179
0.11959452
0.11897669
0.11839389
0.117762886
0.11717553
0.11658019
0.11601019
0.115436375
0.114833
0.11426916
0.11367717
0.11306977
0.1124777
0.11197046
0.11145377
0.11092744
0.11038033
0.10982352
0.1093364
0.10894334
0.108628124
0.10826375
0.1078364
0.10734561
0.106841385
0.10630482
0.105955005
0.10583391
0.10594367
0.10609459
0.10641402
0.1067442
0.106981836
0.10721752
0.109632336
0.10410354
0.101806335
0.10542351
0.098505795
0.10189683
0.10019841
0.09832541
0.1054098
0.10702898
0.094817676
0.10002241
0.107672445
0.10015305
0.091189034
0.09206871
0.09813393
0.088838495
0.083391614
0.09603686
0.10289056
0.093636155
0.07605042
0.08216925
0.08312748
0.07170204
0.07399368
0.08940533
0.09577475
0.08486638
0.06879438
0.06979769
0.072081454
0.066604115
0.07378607
0.08580455
0.0839323
0.06702203
0.0579627
0.059583873
0.054702323
0.06021231
0.06650407
0.068750985
0.06354632
0.05946377
0.057040367
0.05427316
0.05208075
0.04627241
0.047844876
0.046729624
0.04385667
0.049820688
0.048458103
0.04406221
0.044164535
0.041743536
0.039321396
0.03937841
0.03858776
0.036497764
0.033425942
0.03529918
0.03511666
0.031417456
0.030381352
0.0294651
0.027392149
0.026934909
0.026170075
0.024121271
0.023591422
0.022502035
0.022476396
0.022782618
0.021681504
0.019910937
0.021204844
0.023220494
0.022549078
0.019616827
0.020206226
0.019655704
0.017615898
0.017395962
0.016600708
0.016374504
0.015595083
0.015430521
0.014941994
0.014276135
0.014295031
0.014173173
0.013169117
0.012717838
0.012652423
0.012853003
0.012123928
0.011286291
0.010861471
0.010544707
0.010228659
0.009855143
0.009602048
0.009662625
0.008873221
0.010108369
0.010022839
0.008157945
0.00964169
0.009232265
0.008205551
0.010193224
0.009580613
0.0077166785
0.008730197
0.008888872
0.0071702003
0.008373024
0.009057977
0.0070731095
0.006625755
0.0070846956
0.005875837
0.0071495115
0.007369586
0.005641476
0.007072922
0.006645815
0.0058795433
0.008550223
0.007893621
0.005605103
0.008125042
0.008911427
0.0056186877
0.006640809
0.008226125
0.0066506653
0.0047993357
0.005453505
0.0048581515
0.004783533
0.00450326
0.004491255
0.004226265
0.0036944782
0.0034199457
0.0041117524
0.0032480087
0.004592383
0.005308108
0.003502624
0.004131234
0.0037964068
0.002894597
0.0030094127
0.0025717525
0.002372029
0.0026690622
0.0022387959
0.0031724658
0.0029948007
0.0017454466
0.0018881044
0.0016887331
0.0015485454
0.0013808158
0.0015500052
0.0011368286
0.0023792891
0.0015303459
0.0019833096
0.0026263858
0.0012479837
0.002627672
0.0028793188
0.0009777733
0.002596455
0.0029504534
0.0011523425
0.0017662434
0.0026223657
0.00074297475
0.0040064794
0.007205726
0.0057032383
0.0019279317
0.0023292312
0.004838653
0.0022284512
0.0011255561
0.0020468317
0.0010611307
0.001329227
0.0015776977
0.00065997354
0.0022248682
0.0025563105
0.000840517
0.0021520844
0.0036097558
0.001775268
0.0005625032
0.000679266
0.0003850752
0.00028107388
0.00061589194
0.00029442817
0.0013517761
0.001475533
0.0002590706
0.0020105783
0.0031824622
0.000839709
0.0013963007
0.0029344738
0.0016033106
0.0002608347
0.00042635572
0.00017663611
0.00012728905
0.00022519026
0.00043913667
0.00024679775
0.00042058344
0.00021175957
0.00042136316
0.00035360362
0.00035573172
0.0002488894
0.00016615074
6.51424e-05
0.0006245562
0.00051698973
6.2825864e-05
3.988296e-05
0.00043815348
0.00030990873
8.033355e-05
3.969899e-05
0.0004077116
0.00031111293
4.486732e-05
2.4339917e-05
0.00038109068
0.00024009756
5.9373884e-05
3.4737004e-05
0.0002502335
0.00015784656
6.193123e-05
3.261561e-05
0.00021122785
0.00011489701
7.49135e-05
4.738224e-05
0.000114099035
5.848928e-05
7.742946e-05
4.33773e-05
0.000102561746
3.5077926e-05
9.879648e-05
6.859975e-05
4.936293e-05
2.033145e-05
5.3535714e-05
2.7300863e-05
0.00017110426
6.445693e-05
2.7795046e-05
1.243773e-05
0.00020907617
0.00016212137
1.2621182e-06
