0.453125
0.38919201
0.33828115
0.30009595
0.27801296
0.26751962
0.2623408
0.25978497
0.25857198
0.2580507
0.257843
0.2575582
0.25740662
0.25736436
0.2573647
0.25736675
0.25734642
0.25729284
0.25720224
0.2570757
0.25692046
0.2567423
0.25654393
0.2563252
0.256088
0.25583312
0.25556144
0.2552768
0.25497904
0.2546669
0.25434366
0.25400877
0.25366107
0.25329754
0.25292018
0.25253248
0.25213277
0.25172305
0.25130272
0.2508977
0.250495
0.25007376
0.24963605
0.24915363
0.24864875
0.24812353
0.24757628
0.24700575
0.24641211
0.24579191
0.24515809
0.24452285
0.24387841
0.24324317
0.24261494
0.24197857
0.2413506
0.24075313
0.24017404
0.23961097
0.23905997
0.23851077
0.23797031
0.23742492
0.23688257
0.23634481
0.2358178
0.23528965
0.23476219
0.23422803
0.23371351
0.23320942
0.23270898
0.23221016
0.23170286
0.2311819
0.2306252
0.2300446
0.2294731
0.22896497
0.22854908
0.22824065
0.22805266
0.22790217
0.22771128
0.22748613
0.22722654
0.2269667
0.22667976
0.2263431
0.22595502
0.22550257
0.2249868
0.22442698
0.22383325
0.2231702
0.22239293
0.22193252
0.22157936
0.22106129
0.22035052
0.21950527
0.21859692
0.21772869
0.21713185
0.21656282
0.21591753
0.21517177
0.21437006
0.21361661
0.2129062
0.21216099
0.21138085
0.21070747
0.21017341
0.20972113
0.20921391
0.20860815
0.20799409
0.20740594
0.20690446
0.20652139
0.2061614
0.20579715
0.2054572
0.20512652
0.20479436
0.20448013
0.20421064
0.20400083
0.20382355
0.20362668
0.20341007
0.2031949
0.20298548
0.20277552
0.20255946
0.20232643
0.20210819
0.20194851
0.2018434
0.20177114
0.20172654
0.20168371
0.20163526
0.20157291
0.20149481
0.20137751
0.2012192
0.20102005
0.2007798
0.20051664
0.20021363
0.19987325
0.1995135
0.19913791
0.19872236
0.19829798
0.19784944
0.1974144
0.19696634
0.19652991
0.19608764
0.19565244
0.19519109
0.19474278
0.19426648
0.19378419
0.19327049
0.19272858
0.19215369
0.19153547
0.19089971
0.19019616
0.18944268
0.18858375
0.18765001
0.18660407
0.18542807
0.18411732
0.18265247
0.1810195
0.1791604
0.177212
0.17508547
0.17324245
0.17159325
0.16955028
0.16779794
0.1663529
0.16485243
0.16337197
0.16215466
0.16090886
0.15944013
0.1581412
0.15675059
0.15510799
0.15344527
0.15155272
0.14972459
0.14786752
0.14638746
0.14466415
0.14301325
0.14125918
0.13988268
0.139114
0.13795218
0.13666129
0.1355639
0.13433357
0.13298899
0.13162102
0.13053818
0.12936477
0.12802571
0.12684758
0.12553269
0.12451383
0.12346659
0.12265148
0.121777914
0.121123075
0.11792786
0.11608067
0.1206035
0.11416421
0.11698381
0.124616064
0.11513422
0.106419004
0.10850523
0.10298431
0.10643065
0.1118286
0.10415751
0.09692358
0.099055625
0.09429446
0.09406718
0.10125997
0.100770354
0.090682305
0.08723544
0.08597372
0.084856816
0.08748136
0.08944755
0.085784666
0.08110188
0.07985635
0.07840759
0.07787038
0.07828319
0.07834247
0.07766683
0.07639503
0.075133674
0.07413932
0.073419765
0.072699465
0.07218253
0.071426265
0.07007349
0.06965545
0.06906269
0.06828768
0.067225546
0.065797664
0.06434614
0.06331253
0.062299985
0.06017521
0.0596261
0.057750773
0.057053298
0.055028617
0.055530604
0.053241502
0.053162303
0.051614325
0.055068955
0.060456287
0.05553421
0.049778145
0.04976623
0.04824121
0.04822965
0.046178613
0.046202887
0.044484336
0.043883402
0.04242648
0.04116964
0.04097223
0.039860893
0.03870134
0.037725896
0.039536882
0.04049472
0.03733522
0.038363084
0.037533686
0.0360139
0.039085012
0.03729235
0.034135226
0.03447549
0.033708856
0.0344032
0.033434074
0.032356706
0.03146717
0.031024558
0.030398935
0.029364219
0.028168285
0.028080389
0.02716972
0.02701733
0.025485253
0.027106857
0.025102573
0.025867233
0.029381573
0.026977597
0.023188585
0.025535995
0.023351824
0.025222505
0.0271087
0.023813048
0.02280263
0.022576654
0.021558383
0.021262303
0.021192146
0.02058067
0.02106847
0.020359473
0.01955296
0.01911094
0.01952473
0.01840073
0.020222278
0.01864669
0.018849073
0.019748772
0.017231515
0.019932618
0.01937589
0.016990686
0.019173892
0.01735224
0.016801096
0.01698428
0.016288577
0.016790587
0.015432417
0.016222058
0.014954516
0.015955312
0.015824443
0.013865194
0.013752197
0.013274579
0.0127328215
0.012290128
0.012315842
0.011482452
0.01278517
0.011805992
0.010912606
0.01047612
0.011794277
0.011504146
0.009817103
0.009542421
0.010311771
0.009620469
0.010455869
0.009494084
0.010177971
0.010586712
0.008826216
0.011477343
0.009723964
0.009500957
0.010648701
0.00841925
0.010900479
0.012397804
0.008036033
0.01438155
0.020338723
0.017215692
0.009554649
0.010121497
0.014465921
0.008953531
0.010733961
0.015076779
0.012453248
0.007464564
0.013866402
0.016366707
0.007576371
0.016106896
0.026895931
0.025908655
0.015780982
0.007353651
0.019472977
0.026876228
0.010535727
0.011339959
0.019623091
0.019128328
0.0118337525
0.007877915
0.009559064
0.0075233057
0.008591612
0.008892
0.006719414
0.011510406
0.013308019
0.00805467
0.00737041
0.008590815
0.006262193
0.0090413885
0.010518101
0.006554389
0.0077202185
0.009077656
0.006230269
0.007714825
0.009255089
0.0059198574
0.0075589963
0.008871467
0.005889719
0.0073415637
0.008967977
0.005666291
0.00699975
0.008184341
0.0053978986
0.007356923
0.009105187
0.00558879
0.006357821
0.0074785096
0.0049339263
0.0073695667
0.009179128
0.0054861424
0.0058239847
0.0068591773
0.0044983714
0.007500665
0.009465319
0.004909102
0.0075282925
0.010881182
0.007879817
0.0044071744
0.0053557716
0.0043243375
0.005908252
0.0061068707
0.0039537125
0.0072447658
0.0077428953
0.004040049
0.0067157797
0.008654646
0.0054630376
0.0041474253
0.0048632547
0.0032817917
0.0058465027
0.006048893
0.0033440723
0.007312449
0.009849474
0.004195499
0.005471909
0.008930714
0.006470568
0.0030662825
0.007304791
0.008795404
0.0042612343
0.0038159348
0.004984
0.0029668782
0.0049091014
0.006016808
0.002866334
0.0044426885
0.005760415
0.0031162528
0.0037592386
0.004987635
0.002499708
0.004310991
0.005482933
0.0028270315
0.0035924993
0.004897568
0.0023631726
0.0038872324
0.005046922
0.0025629129
0.0034522966
0.0047129663
0.0021954637
0.003631792
0.004726116
0.0023252072
0.003412543
0.0047767167
0.0021509642
0.0031626204
0.0041563436
0.0019990476
0.0035197001
0.0049483883
0.002131662
0.002765766
0.0036829847
0.0017362164
0.0036004195
0.005100534
0.0021302486
0.0023958979
0.0032305594
0.0014959602
0.0036850653
0.0052159433
0.0021125285
0.0020962122
0.0028741725
0.0012832945
0.00374157
0.005306776
0.0021084116
0.0017972164
0.0025158867
0.0010956228
0.0037694417
0.005327495
0.0020744118
0.0015518945
0.0022262733
0.00092547666
0.0037419524
0.0052828267
0.002019194
0.0013411622
0.0019895567
0.0007814828
0.0036494453
0.005156545
0.0019235223
0.0011578571
0.001767625
0.0006645745
0.0034353796
0.0048424774
0.001735696
0.0010850177
0.0017150067
0.0005737223
0.0030989752
0.0044671344
0.0015532551
0.0009569574
0.0015313666
0.0004980985
0.0028517924
0.0041006394
0.0013280874
0.00097402185
0.0016257823
0.00044130694
0.0024349175
0.0036355753
0.0011323417
0.00087808067
0.001472622
0.00040177166
0.0021842446
0.0032737497
0.0009288032
0.0009098001
0.0015803386
0.00036754258
0.0018544866
0.002893622
0.0007876411
0.0008349642
0.001437835
0.00033643725
0.0017106353
0.002698701
0.0006792539
0.0007899609
0.001421969
0.00028985366
0.0015318271
0.0024775604
0.0005994963
0.0007080811
0.0012916023
0.00025253525
0.0014307661
0.0023276552
0.00052207656
0.0006668645
0.0012751013
0.00021619276
0.0012598844
0.0020956525
0.00043974866
0.0006152659
0.0011970759
0.00019444614
0.0011331103
0.0019186506
0.0003636862
0.0005946616
0.0011928087
0.00016994089
0.0009694134
0.0016877009
0.00029029933
0.00056011014
0.001139604
0.00015887787
0.0008276719
0.001477461
0.00021878438
0.00058369833
0.0012021546
0.00015866755
0.00063590246
0.0012001349
0.00015182445
0.0005874056
0.0012101624
0.0001617124
0.00050386525
0.0010152805
0.000105916195
0.00059908984
0.0012408836
0.00016377533
0.00037861092
0.0008204516
6.749818e-05
0.0005966962
0.0012244504
0.00017038321
0.00028964345
0.0006866187
4.493214e-05
0.0005938315
0.001237924
0.00016564455
0.00020566315
0.0005302699
2.4370342e-05
0.0006192429
0.0012625309
0.00017602024
0.00015474582
0.0004629247
1.4499195e-05
0.0005388251
0.0011025463
0.0001500678
0.00012986112
0.00040011536
9.87147e-06
0.0004992375
0.0010473472
0.00012409601
0.00012257778
0.00041239453
6.980919e-06
0.00036257794
0.00079171197
8.295503e-05
0.00011982668
0.00039255133
7.069248e-06
0.00030592261
0.00074812234
5.9634127e-05
0.00010900496
0.00039238585
4.787403e-06
