0.453125
0.38929117
0.33825088
0.29990578
0.27783123
0.26745525
0.26239404
0.259923
0.2587507
0.25822574
0.25799325
0.25772023
0.2575797
0.25753903
0.2575442
0.25755674
0.25755566
0.25753218
0.25747874
0.25739765
0.2572887
0.2571555
0.25700048
0.256827
0.25663805
0.2564365
0.25622323
0.25599793
0.2557644
0.2555211
0.2552665
0.25500497
0.25473854
0.25446633
0.25418633
0.25389722
0.25360212
0.2533045
0.25300166
0.2526926
0.2523785
0.2520554
0.25171855
0.25138175
0.25104895
0.25070646
0.25038067
0.25007018
0.24974053
0.24939013
0.2490174
0.24862583
0.24823229
0.24783935
0.24744105
0.24702604
0.2465973
0.24617358
0.24576385
0.2453758
0.2450005
0.24461316
0.2442317
0.24389024
0.24355562
0.24321139
0.24285321
0.24248183
0.24209274
0.24168251
0.24125327
0.24080278
0.24033463
0.23985808
0.23937468
0.2388906
0.23839791
0.23791045
0.23741178
0.23690951
0.23639192
0.23586865
0.2353388
0.2347946
0.23422985
0.23362744
0.23299094
0.23229428
0.23151994
0.2307673
0.23021893
0.22983694
0.22952338
0.22923082
0.22891426
0.22853541
0.22805516
0.2274658
0.22679257
0.22603483
0.22520554
0.22461843
0.22432025
0.2237672
0.22306924
0.22231393
0.2214212
0.2205116
0.21961975
0.21857302
0.21750255
0.21664537
0.21580963
0.2149678
0.21423817
0.21356525
0.21294336
0.21233778
0.21149953
0.21062721
0.20989065
0.20912445
0.20829885
0.20754428
0.20682032
0.20601821
0.20533414
0.20477676
0.20424944
0.20372431
0.20325732
0.20273848
0.20210715
0.20148826
0.20084612
0.20010956
0.19937217
0.19868086
0.19793761
0.19719367
0.19649047
0.19574906
0.19497968
0.19425894
0.19353859
0.19278558
0.19205368
0.19132711
0.19056632
0.18980153
0.1890624
0.18830658
0.18753736
0.18678398
0.18601619
0.18521369
0.1844152
0.18361957
0.18280189
0.1819744
0.1811413
0.1802798
0.1793834
0.17847522
0.17755932
0.17661928
0.17565835
0.17468047
0.17367041
0.1726275
0.17156458
0.17048149
0.16937272
0.16824257
0.16709691
0.16591905
0.16470909
0.16346557
0.16219665
0.16089019
0.15955229
0.15818267
0.15678544
0.15536515
0.15393835
0.15253104
0.15111953
0.14967084
0.14818385
0.14666592
0.14513199
0.14358182
0.14200963
0.14043163
0.13883163
0.1370983
0.13681835
0.13306184
0.13183133
0.12976831
0.12772284
0.12647943
0.12354363
0.12253953
0.12072002
0.11884376
0.11798742
0.115907885
0.11415612
0.113827676
0.113372296
0.11164207
0.10992088
0.108658455
0.10751227
0.10625306
0.105179586
0.104436874
0.10364097
0.10257492
0.10128683
0.100074686
0.09900761
0.097937234
0.09688189
0.0959148
0.09495783
0.09381118
0.092571296
0.091421045
0.09028704
0.089151114
0.088014
0.0867821
0.08540296
0.08385991
0.08229673
0.08078245
0.07926864
0.077759475
0.076229066
0.07464919
0.073054366
0.07146113
0.06990848
0.068401486
0.06695062
0.06556038
0.064215794
0.062898725
0.061647177
0.06040746
0.05917262
0.05795223
0.05674688
0.055540904
0.054359376
0.053195998
0.05205241
0.050932374
0.04985101
0.04878096
0.047742788
0.046728093
0.045746405
0.044739675
0.04373261
0.042726617
0.041747868
0.040760856
0.03977002
0.038797293
0.03785861
0.036955774
0.03604408
0.035098974
0.034133706
0.033139095
0.03215694
0.031197822
0.030448986
0.029722983
0.029009521
0.028303966
0.027373642
0.026637828
0.02585732
0.025079576
0.024177581
0.023425058
0.023306461
0.023011744
0.021670638
0.02114583
0.020821547
0.020448813
0.019936746
0.019429153
0.01943805
0.018629456
0.01889761
0.017892523
0.019525642
0.019049598
0.016994273
0.016692575
0.017695997
0.017240947
0.015850758
0.01552179
0.016329443
0.01688529
0.014850984
0.016970297
0.016674709
0.014438562
0.016551891
0.015515168
0.013918321
0.013805874
0.0131962
0.012877032
0.012625846
0.012196598
0.012206552
0.011994907
0.011673505
0.011289582
0.011670087
0.011110532
0.010866237
0.010280494
0.012639361
0.013504098
0.010782559
0.0105538545
0.010235658
0.0109839095
0.013827448
0.012110646
0.009298
0.013274126
0.013279229
0.008859375
0.011014924
0.011043388
0.008858549
0.010862096
0.0103147635
0.008839992
0.011042091
0.009859384
0.008447581
0.008416196
0.008227333
0.007875952
0.009016189
0.008344752
0.0074917017
0.0072536967
0.0078012706
0.0073301136
0.007017184
0.00678751
0.006910535
0.0062912577
0.00879326
0.009357185
0.0066227117
0.007599545
0.009027797
0.0059691467
0.009869665
0.013596505
0.011110795
0.006217209
0.008515048
0.010136875
0.005742164
0.0117201805
0.01795055
0.013565876
0.0061093424
0.011027209
0.0161572
0.0077267834
0.0076869116
0.01193355
0.010848527
0.006687315
0.007748556
0.010258242
0.006423022
0.0072703375
0.009790181
0.007706827
0.0052134567
0.005490175
0.0048757405
0.0047864136
0.0047644405
0.004449451
0.0043973024
0.0042977347
0.0039729713
0.004079616
0.0037391179
0.0037005963
0.003595696
0.0034190572
0.003448816
0.0031916313
0.0032518692
0.0030375067
0.003042819
0.0029180788
0.0028510764
0.0028066684
0.0026911355
0.0026827778
0.0025556956
0.0025688477
0.0024127925
0.0024798168
0.0022715887
0.002234149
0.0028809346
0.002473822
0.0026406285
0.002526916
0.0022578833
0.002082874
0.0026626326
0.002161952
0.0031254496
0.0037148118
0.002231987
0.003508662
0.0034352348
0.0020392535
0.0021088452
0.0019499612
0.0018249648
0.0017688643
0.0018763166
0.0016082171
0.0020089129
0.0015467057
0.0029716596
0.0032221794
0.0014327895
0.0033763095
0.0031574077
0.0015128013
0.0022854873
0.0018196044
0.0021230327
0.002069052
0.0014025798
0.0012161561
0.0015145334
0.0012767721
0.0022133256
0.0018137759
0.0011151369
0.0009445459
0.0015667774
0.0013474325
0.001021552
0.00092586904
0.0012923265
0.0010223691
0.000996802
0.0008902449
0.0011437942
0.0009433652
0.0008841096
0.000756303
0.0011427979
0.0009709494
0.0007522961
0.00065091293
0.0011025924
0.00090878323
0.0006649865
0.0005798362
0.0010413098
0.0008376888
0.00060424715
0.00052405515
0.0009367109
0.0007451431
0.00056284294
0.000483771
0.00081154547
0.0006399019
0.00054124586
0.0004614677
0.0006848302
0.000543657
0.000529704
0.0004416823
0.00059690134
0.00046351572
0.00053114136
0.0004422907
0.00048574051
0.00037746082
0.0005406908
0.000438854
0.0004208393
0.00031453147
0.0005481575
0.00044902667
0.00033412626
0.000259715
0.0005334858
0.0004140305
0.0003509427
0.00024666553
0.0004874433
0.00038709547
0.00028772536
0.00022855388
0.00042037806
0.00030556752
0.00032670065
0.0002404615
0.00033100718
0.00024823673
0.00030954854
0.00023393224
0.00027334224
0.00019708074
0.00034467326
0.00024371344
0.00022495717
0.00016714352
0.00031636516
0.00023506834
0.00018378445
0.00013000205
0.0003644748
0.00024926147
0.00014875001
0.00011017551
0.00031384753
0.00023145846
0.000121433055
8.403554e-05
0.00036271
0.00024379037
9.393462e-05
6.8991976e-05
0.0003101281
0.00022290682
7.302361e-05
4.9697934e-05
0.00036158515
0.00023514639
5.4217922e-05
3.914828e-05
0.00029211622
0.00019959423
3.9974566e-05
2.6052354e-05
0.00031917426
0.00018856254
3.0931376e-05
2.0864134e-05
0.00021788583
0.00013848192
2.4163683e-05
1.3531396e-05
0.00019043036
0.0001022914
2.4536734e-05
1.3166882e-05
0.00012971861
8.355316e-05
1.8781215e-05
7.814761e-06
0.0001602175
8.267016e-05
1.1032823e-05
5.067968e-06
