0.453125
0.37739173
0.32051793
0.28224453
0.26435983
0.2589999
0.25865585
0.25864363
0.25788522
0.25837645
0.26022854
0.26253685
0.26483956
0.26691884
0.26868996
0.2701356
0.27127457
0.27213845
0.2727652
0.27318987
0.27344453
0.2735578
0.2735544
0.27345386
0.27327698
0.27304164
0.27276066
0.27244025
0.2720805
0.2716868
0.27126905
0.2708322
0.270378
0.26991087
0.26943922
0.26896054
0.268468
0.2679633
0.26751754
0.2670516
0.26656702
0.2660888
0.2656184
0.26514685
0.264671
0.26418182
0.26366797
0.26324943
0.26289243
0.2624986
0.2620761
0.26164126
0.26119456
0.2607477
0.26034626
0.25999948
0.2596786
0.25938374
0.25909558
0.2587985
0.25847217
0.2581154
0.25774106
0.25735465
0.25695077
0.2565371
0.25612023
0.2557055
0.25529993
0.25490054
0.2544623
0.25398907
0.25349665
0.25297323
0.2524201
0.2520357
0.25202975
0.25211343
0.25190952
0.2512902
0.25038692
0.24942704
0.24827163
0.24715738
0.24615912
0.24510157
0.24410675
0.24329376
0.24242319
0.24150819
0.2407465
0.24002723
0.23928823
0.23864347
0.23801078
0.23727755
0.23656572
0.23591144
0.23519664
0.23450339
0.23386566
0.23312022
0.232385
0.23173185
0.23104934
0.23039325
0.22980857
0.2291261
0.22842474
0.22779195
0.22709328
0.22641547
0.22573656
0.2249093
0.22419842
0.2235506
0.22289084
0.22236006
0.22171903
0.22099775
0.22035141
0.21971487
0.21935146
0.21912391
0.21881008
0.21876128
0.2187674
0.21861784
0.21868186
0.21856277
0.21818681
0.21798563
0.21755509
0.21698427
0.21660852
0.21596193
0.21527885
0.21472724
0.21396022
0.21341236
0.21300168
0.21239285
0.21191108
0.21152715
0.21101336
0.21065407
0.21043026
0.21000902
0.20969868
0.2094022
0.20905755
0.2088992
0.20870955
0.20839094
0.20816815
0.20789355
0.20754452
0.20728208
0.20690863
0.2064478
0.20600145
0.20549546
0.20501159
0.20456354
0.20401311
0.20342815
0.20287149
0.2021801
0.20155214
0.20092447
0.20025975
0.19954069
0.1988024
0.19808103
0.1974483
0.1968183
0.19620459
0.19554238
0.19484021
0.19428736
0.19359218
0.19287282
0.19206797
0.19155042
0.19056606
0.18973263
0.18884134
0.18786617
0.18704979
0.18582141
0.18465489
0.18332756
0.18220504
0.1807098
0.17904617
0.17741895
0.1758091
0.17424874
0.17257543
0.17083152
0.16905814
0.16718835
0.16516572
0.16294324
0.16104299
0.15907659
0.15685807
0.1547586
0.15391709
0.15130897
0.14984429
0.14804356
0.14651711
0.14470007
0.14213873
0.14021954
0.1381753
0.13610758
0.134252
0.13234024
0.13070482
0.12918521
0.12753002
0.12613016
0.12474389
0.12322176
0.12228579
0.12106773
0.12004244
0.11863949
0.11697719
0.11583162
0.11491866
0.11409672
0.113226734
0.11254934
0.112445734
0.11206323
0.11188704
0.1117031
0.11169673
0.11144135
0.11158573
0.11164743
0.111591764
0.11176255
0.11216862
0.11252475
0.1131284
0.113853775
0.11430023
0.11476809
0.115465336
0.11586025
0.11643863
0.11734503
0.1181465
0.118647695
0.11918533
0.119792335
0.12034752
0.12093735
0.12123736
0.12165511
0.12206191
0.12226325
0.1225183
0.12239546
0.1219852
0.12181429
0.121590756
0.1215334
0.1211273
0.12047001
0.12010217
0.11991278
0.11979299
0.120029666
0.11991111
0.11914518
0.11882863
0.11848003
0.1179508
0.11772152
0.11764455
0.116837524
0.11649722
0.11655462
0.116429664
0.11596767
0.116141446
0.11601143
0.11511596
0.11473569
0.114599705
0.11430385
0.113531314
0.113396265
0.11328619
0.112594165
0.112084605
0.11204735
0.11189682
0.11123704
0.11077255
0.11069685
0.11031202
0.1098643
0.10977187
0.10961044
0.108965956
0.10885084
0.10859745
0.108449996
0.10853475
0.10854647
0.10840082
0.10801723
0.10825809
0.10789744
0.10782758
0.10841314
0.108828925
0.1082232
0.107471995
0.10715767
0.10662014
0.10677674
0.106871635
0.10689203
0.1067641
0.10636786
0.106979944
0.10737106
0.10736055
0.10668081
0.10699803
0.10713915
0.10624268
0.10603715
0.10666466
0.10656645
0.106256776
0.10692664
0.107652344
0.107446164
0.1068188
0.10728141
0.10723152
0.10636529
0.10505911
0.104899734
0.10432935
0.10381951
0.10385256
0.10273749
0.10200698
0.10141602
0.100404285
0.09994137
0.09957361
0.09868676
0.098248996
0.09773936
0.097520925
0.097674705
0.09765575
0.09747534
0.09723399
0.09792929
0.098381676
0.09855545
0.09837681
0.097271234
0.096234135
0.09651485
0.09665796
0.09687403
0.096559554
0.09575949
0.09540251
0.09674712
0.09688964
0.09651879
0.096617915
0.09637841
0.09742091
0.0981507
0.097590715
0.09657266
0.09557822
0.09424713
0.09535887
0.09670437
0.09685433
0.095979474
0.09588563
0.09509977
0.09445385
0.09605809
0.096773885
0.095341615
0.09355715
0.0937807
0.09272287
0.0934352
0.09687569
0.09703603
0.09497442
0.09560809
0.09504482
0.09451318
0.09560927
0.096097924
0.096303694
0.0956166
0.09463597
0.09328306
0.09281818
0.09371471
0.09325718
0.090876706
0.0904362
0.09040997
0.08932787
0.09215081
0.09435276
0.09336928
0.093925275
0.09387032
0.09284353
0.09338841
0.09575123
0.09588317
0.09199051
0.09112766
0.090354025
0.090020485
0.09342935
0.09467792
0.09332325
0.09300218
0.09275659
0.091122776
0.090921044
0.093420826
0.092449
0.090455405
0.0896807
0.08846422
0.08870316
0.08861524
0.087124705
0.087079495
0.086396225
0.08704648
0.08753488
0.08648237
0.08572734
0.08524116
0.08724501
0.08958408
0.09134469
0.09312129
0.093576126
0.0926562
0.091434754
0.09150501
0.09131261
0.09158003
0.09200362
0.09214757
0.091179185
0.08952836
0.08839655
0.08866483
0.08841009
0.08607888
0.084925435
0.08487427
0.0852711
0.0864478
0.087304376
0.088049494
0.09009269
0.091338985
0.092448436
0.09343644
0.09279101
0.08955088
0.08716947
0.086036086
0.08395512
0.08326311
0.08357542
0.08194541
0.080972575
0.08043902
0.08009395
0.08049815
0.08078842
0.08157985
0.08161793
0.081653126
0.08152408
0.0809794
0.07932901
0.078614324
0.07889334
0.08124719
0.08339081
0.08527306
0.08674707
0.08735152
0.087082244
0.085245036
0.083421536
0.082493484
0.08068854
0.07897817
0.07917115
0.077969715
0.07653117
0.07582056
0.07563312
0.07616512
0.07739829
0.07783935
0.07933133
0.080505796
0.079208575
0.078751534
0.07570965
0.07865867
0.080814175
0.07688824
0.10466585
0.08343173
0.091625325
0.10442256
0.08894467
0.07648002
0.101436764
0.124978125
0.10199701
0.072670154
0.07818655
0.07860576
0.06462601
0.06586122
0.060501277
0.06912715
0.06411012
0.0637967
0.073498614
0.056090433
0.06898878
0.070041604
0.053742368
0.08184636
0.09509519
0.055008765
0.06549217
0.07344458
0.058749884
0.053032923
0.06324724
0.048027907
0.059330076
0.060539294
0.047505107
0.056730468
0.05748309
0.044569585
0.050758395
0.048797954
0.04247792
0.052823085
0.049908232
0.041572984
0.049097616
0.046937402
0.040377073
0.043870833
0.040199682
0.041406173
0.037961032
0.061684895
0.039625198
0.046506997
0.05109955
0.043969225
0.03831737
0.038171455
0.03523661
0.034332354
0.033623155
0.0327716
0.03118164
0.031074772
0.029500207
0.029149929
0.027414002
0.026200207
0.025722293
0.024708519
0.023121575
0.022362843
0.024638772
0.025132919
0.020619297
0.027978407
0.027429476
0.021138927
0.027749533
0.027447967
0.020547759
0.022443995
0.022062743
0.019203115
0.019229595
0.018822206
0.01815154
0.018355062
0.017256888
0.018496484
0.016415171
0.02268771
0.025171233
0.018751977
0.017144969
0.019545466
0.015184435
0.022781022
0.026547695
0.01985133
0.014787476
0.015964456
0.013660426
0.017780462
0.018037139
0.0135241
0.020168187
0.020093331
0.013132259
0.016810767
0.015277869
0.012853461
0.012711381
0.012689878
0.011870178
0.014354028
0.013516046
0.011610587
0.011232854
0.011259604
0.010359692
0.011709404
0.0109220445
0.00984832
0.00914167
0.00888819
0.009673818
0.008475513
0.009986724
0.00944057
0.0073421434
0.0071265865
0.0075055975
0.006524492
0.008760758
0.006393501
0.0084747495
0.01834804
0.015132215
0.008639949
0.0058856593
0.006544866
0.0053486773
0.0050080684
0.0047511444
0.004755926
0.0044030417
0.004455697
0.004709194
0.004087452
0.004387399
0.003242191
0.0035269137
0.005301474
0.0031734165
0.0076960125
0.010117095
0.0049173497
0.004213052
0.0031665836
0.006319594
0.008455801
0.004174595
0.006145029
0.010196761
0.0029158022
0.008817477
0.01429652
0.009250571
0.0024735995
0.014228226
0.02113904
0.003559618
0.010098217
0.023766583
0.021066038
0.007959898
0.0030875113
0.006092325
0.0031677745
0.003521097
0.0039928504
0.0018794307
0.0080745425
0.009433532
0.0027110453
0.0053562387
0.0070309457
0.002820896
0.004081667
0.0067691635
0.0020816934
0.0034932045
0.0048191785
0.0020044732
0.0039100945
0.0058663674
0.0015303306
0.0035913757
0.0050984924
0.0019337423
0.0029531487
0.0049900245
0.0013220236
0.0030320578
0.0042071026
0.0014777036
0.0031736202
0.005350772
0.0013872263
0.0024433378
0.0034746502
0.0011136687
0.0034542698
0.005823478
0.0014861105
0.0018804204
0.0027520258
0.00083606195
0.0035887922
0.0059754015
0.0014977715
0.0015610134
0.0023432858
0.00059186295
0.0038774156
0.0064643635
0.001662489
0.0011667141
0.0018305542
0.0004683365
0.0037167296
0.0059870225
0.0014369735
0.0010925296
0.0017800289
0.00037731518
0.0033948391
0.005636642
0.00059511483
0.0035860445
0.0026469128
0.0019409357
0.002573423
0.0018033808
0.00097166613
0.0016542164
0.00085415435
0.0014288734
0.00076514436
0.0012740444
0.0013299277
0.00052418705
0.00038464135
0.0005504711
0.0001717434
0.0013018817
0.0012890244
0.00011120646
0.005058719
0.008493672
0.0023622976
0.00032707976
0.00067624607
0.000113716036
0.0022752027
0.0028016157
0.00021432196
0.001682755
0.003024662
0.0007028648
0.00032205248
0.0007905957
3.702765e-05
0.00045411996
0.00028848677
0.0001953285
0.00016020401
9.5549156e-05
2.2752392e-05
0.00053361506
