0.453125
0.3810166
0.3252895
0.28621233
0.2667818
0.2600716
0.2586163
0.25855246
0.25821355
0.25829688
0.25865087
0.25909445
0.25953093
0.2599146
0.26022598
0.26046124
0.2606266
0.26072213
0.2607546
0.26073876
0.26068136
0.26058897
0.2604667
0.2603228
0.2601533
0.25996456
0.25975665
0.25953674
0.25929677
0.25903913
0.2587727
0.25849077
0.2581973
0.25790992
0.25761816
0.25731876
0.2570211
0.2567247
0.2564221
0.2561303
0.25583115
0.2555262
0.25522134
0.25491998
0.25462934
0.25434563
0.25407162
0.2537953
0.25352278
0.25323728
0.2529427
0.25265154
0.2523572
0.25206554
0.25177053
0.25145513
0.25112727
0.250797
0.2504648
0.25012165
0.24977767
0.24942315
0.2490648
0.24870475
0.24834137
0.24797471
0.2475997
0.24722338
0.24684256
0.24645758
0.24606295
0.24565811
0.24523886
0.2448029
0.24434285
0.24386358
0.24338098
0.2428838
0.24235488
0.2417895
0.2412945
0.24086858
0.24071531
0.2401926
0.23988797
0.23956126
0.23922996
0.23888285
0.23855394
0.2382289
0.23791309
0.2376038
0.23729758
0.23698767
0.2366702
0.2363749
0.23610206
0.23584515
0.235559
0.2353103
0.23505193
0.23481345
0.23458831
0.23434283
0.23690206
0.23420803
0.23113239
0.22954118
0.2281559
0.22706096
0.22679102
0.22520256
0.22590828
0.22748065
0.22631924
0.2234324
0.22180386
0.22107677
0.22090231
0.22124253
0.22216602
0.22012414
0.21717031
0.21533404
0.21403404
0.21328466
0.2129469
0.21153581
0.2091587
0.20745225
0.20605545
0.20486665
0.20404421
0.20280223
0.20074208
0.19893579
0.19737177
0.19603296
0.19479696
0.19336231
0.19117983
0.18861453
0.18621118
0.18464188
0.18293338
0.18039918
0.17727177
0.17445253
0.17184298
0.16957593
0.1669799
0.16456906
0.16231771
0.1598875
0.15747969
0.15603566
0.15467776
0.15215252
0.14899199
0.14748028
0.14614509
0.1448472
0.14400929
0.14269239
0.14092408
0.13908674
0.13735618
0.13582425
0.13426524
0.13269922
0.13118748
0.12990831
0.12856829
0.12724443
0.12593028
0.12459421
0.123339005
0.122252084
0.121272385
0.12016376
0.11904415
0.11786499
0.11673508
0.11561459
0.11438778
0.113135785
0.11195952
0.11066534
0.1093628
0.10803997
0.1065774
0.105098516
0.10364306
0.10218892
0.10071144
0.09918624
0.09767353
0.09614771
0.094626404
0.09315529
0.09168445
0.09018296
0.08869022
0.0872098
0.085753836
0.08428332
0.08280948
0.08141829
0.080043435
0.078673005
0.07730519
0.07597426
0.0746839
0.07341375
0.07215627
0.07092944
0.069727965
0.06851327
0.06731995
0.06612427
0.06493322
0.063772984
0.06261108
0.061417717
0.06025594
0.059113998
0.057984103
0.05687311
0.055766996
0.05466493
0.053551603
0.052420456
0.05131812
0.05020103
0.04911359
0.048015486
0.046912987
0.045797586
0.044646878
0.04351748
0.042348217
0.041190565
0.040061127
0.0388972
0.037745856
0.036549497
0.035315085
0.034147587
0.033000067
0.03186796
0.030742437
0.029925987
0.028244918
0.027502084
0.027677482
0.028530916
0.024741478
0.029467428
0.0279461
0.02410833
0.02783577
0.025117727
0.02351137
0.02351028
0.022534123
0.021722168
0.02342242
0.021131337
0.024687974
0.026435375
0.021657176
0.0233054
0.023112118
0.020451343
0.022695875
0.02020995
0.024239996
0.023006752
0.021334505
0.024745254
0.021472229
0.021159291
0.021920599
0.019157099
0.018656924
0.019700505
0.017950552
0.020406658
0.020390237
0.016562918
0.025087869
0.024432367
0.015664594
0.017264565
0.015614835
0.020042613
0.020439116
0.014727595
0.021165079
0.024455719
0.018706134
0.013740939
0.01400239
0.013460691
0.012706101
0.016384333
0.014913764
0.0120031545
0.011671766
0.013190539
0.01176007
0.012108862
0.011831748
0.010653324
0.010185626
0.012318231
0.011557105
0.0097942315
0.009430903
0.011412777
0.010632974
0.009073998
0.008698386
0.010530218
0.009773754
0.008528505
0.008153781
0.009739119
0.00910738
0.007982657
0.007596363
0.009251417
0.008623631
0.0074886256
0.0071463566
0.008794508
0.008207422
0.007034693
0.006696003
0.008346262
0.0077364543
0.006657532
0.0063351784
0.00777973
0.0071917027
0.0063773617
0.0060292496
0.0072744205
0.0067352965
0.0061030523
0.005725261
0.0068518254
0.006329088
0.0058230013
0.005457802
0.0064004846
0.005896516
0.005614118
0.005229753
0.0059488793
0.005468706
0.0054326416
0.00503876
0.005474932
0.005022262
0.00531742
0.004893642
0.0049975086
0.004571865
0.0052309097
0.0047783847
0.004525929
0.004139395
0.005159462
0.0046802233
0.0040272176
0.0036714186
0.0051696114
0.0036103774
0.0068774708
0.008685787
0.0048428243
0.0054419376
0.007627368
0.003150408
0.009941213
0.014247035
0.009902717
0.0034949433
0.015992938
0.022239005
0.0044728746
0.009489064
0.01798387
0.016273653
0.007835806
0.004451012
0.007987489
0.0046730866
0.0045356904
0.004819454
0.0030638922
0.0033036426
0.0028713595
0.0027714458
0.003029593
0.0024453155
0.0025442578
0.0023582145
0.0020479544
0.0025378808
0.0017668124
0.0028828587
0.0018532285
0.0038151164
0.004104841
0.0014153379
0.0043870104
0.004434651
0.001395395
0.006702438
0.008698497
0.0018267446
0.0037238754
0.007976
0.0074968725
0.002528932
0.0043399963
0.009330772
0.0027546498
0.0033175244
0.005785111
0.0031996218
0.0011783383
0.0015039745
0.0011976422
0.00090287765
0.0028069422
0.0018154372
0.0013364094
0.0012932271
0.0013657804
0.00093587814
0.0018489602
0.0015350903
0.0008209623
0.00062161864
0.0018033478
0.001497002
0.0006895662
0.00055623235
0.0016574707
0.0013144336
0.00068155007
0.0005274339
0.0014025513
0.0011030086
0.0007195251
0.0005309834
0.0012067362
0.0009462116
0.00072559714
0.0005318124
0.0010574147
0.0008269341
0.0007215331
0.00051610655
0.0009496117
0.0007324207
0.00070650224
0.0004993813
0.0008540827
0.000646934
0.0007077038
0.00049801654
0.000753775
0.0005602704
0.0007161975
0.00049894414
0.00066597527
0.0004879616
0.0007215136
0.0005034627
0.0005791609
0.0004112269
0.0007481591
0.0005220924
0.00048881443
0.0003330383
0.0007984773
0.0005679499
0.0003908597
0.00025499545
0.0008529671
0.0006120946
0.00030234674
0.0001869598
0.00092003326
0.0006675575
0.00022421028
0.00013074726
0.00097386236
0.0007058149
0.00016639095
9.1647526e-05
0.0009779348
0.0006977127
0.00012759557
6.7939516e-05
0.00094631634
0.00067312043
9.927418e-05
4.7241152e-05
0.000915369
0.00062456407
8.68025e-05
3.7063783e-05
0.000793946
0.0005453362
7.673311e-05
2.9918287e-05
0.0008211376
0.00054682564
5.485631e-05
2.0172598e-05
0.00069602765
0.00046212238
7.888916e-05
2.1611204e-05
0.00052446825
0.00032166016
7.299994e-05
3.7777023e-05
0.00038592098
0.00021630472
8.77488e-05
3.7792517e-05
0.0002824145
0.00015567559
9.0152316e-05
3.4297296e-05
0.00023789094
0.00012844562
6.726827e-05
2.7063625e-05
0.00021583027
0.00011204041
5.4287968e-05
1.4028924e-05
0.00019415996
9.72933e-05
3.4101828e-05
8.3568e-06
0.00017134432
7.819082e-05
2.9147535e-05
5.4712486e-06
0.000120724435
4.6113466e-05
3.5700486e-05
5.865977e-06
7.41303e-05
2.1332644e-05
3.278739e-05
6.6858684e-06
3.5413253e-05
6.6450925e-06
5.416509e-05
8.477822e-06
1.2986463e-05
1.5740369e-06
