0.453125
0.38582015
0.33254483
0.293524
0.27223253
0.26319507
0.25953826
0.25834474
0.2582502
0.25786698
0.25772986
0.25827554
0.25910345
0.25998327
0.26079848
0.2614959
0.26205602
0.26247975
0.2627776
0.26296452
0.26305518
0.2630596
0.2629851
0.26289162
0.26274022
0.26254493
0.26231566
0.26206306
0.2617876
0.26149213
0.26117685
0.26085243
0.26050577
0.26013806
0.25970557
0.25926992
0.25876808
0.25821388
0.25760093
0.25692776
0.2562493
0.25554827
0.25483766
0.25409737
0.25331548
0.25249267
0.25161442
0.2507396
0.24985878
0.24896301
0.24803512
0.24710715
0.24621327
0.24535148
0.2444802
0.2436217
0.24277163
0.24194019
0.24108972
0.24019587
0.23927705
0.23837455
0.23746105
0.23651822
0.23552032
0.23443107
0.23327939
0.2321177
0.23080926
0.22935115
0.22794223
0.22615677
0.22421028
0.22248276
0.22023179
0.21763866
0.21518783
0.21327655
0.21221161
0.20948239
0.2076378
0.20552623
0.20400101
0.20398276
0.20185679
0.19829834
0.19647832
0.19446035
0.19374622
0.1945446
0.191444
0.18892746
0.1876781
0.18583322
0.18607275
0.18514025
0.1808095
0.17998272
0.17761362
0.17901361
0.18116486
0.17497735
0.17311205
0.17458005
0.17183876
0.16913943
0.17129707
0.16792107
0.16672665
0.1672561
0.16430028
0.16596158
0.17084052
0.16530329
0.15988736
0.16059448
0.15806012
0.15776207
0.1596371
0.15485372
0.15479808
0.15709627
0.1534283
0.1501961
0.15206505
0.14854015
0.14822406
0.15042013
0.1469508
0.14365557
0.14303859
0.14100467
0.14129741
0.14086288
0.13700871
0.13613652
0.13396469
0.13391064
0.13765849
0.13580245
0.1280732
0.13087119
0.13102019
0.124544956
0.13014358
0.13690948
0.13140613
0.120888114
0.12648703
0.12965648
0.1202254
0.119318716
0.12939736
0.13272859
0.12326913
0.11440623
0.11894831
0.11555109
0.11199381
0.11654251
0.11754779
0.11044547
0.10994199
0.10922486
0.107482105
0.111597896
0.111169815
0.104725294
0.10980668
0.10828451
0.101426326
0.10653818
0.10965613
0.10098193
0.09694737
0.09607773
0.096814014
0.10260304
0.10159332
0.09313909
0.10097001
0.10074684
0.09037304
0.10139278
0.11378527
0.105452955
0.08902702
0.10003617
0.10766552
0.09072546
0.09073359
0.10532095
0.10710504
0.0924108
0.08948195
0.10662874
0.09724749
0.08400354
0.09345231
0.10103077
0.09038484
0.08067479
0.087029874
0.080646
0.08132844
0.09418321
0.09763595
0.083601914
0.07664355
0.07674252
0.07747834
0.08363831
0.0825036
0.0751127
0.08100033
0.07752996
0.07435853
0.083430655
0.084277876
0.07244316
0.08024064
0.081579395
0.070608296
0.086862125
0.10323297
0.092422105
0.07067314
0.08435986
0.09638003
0.074567325
0.07289665
0.085253805
0.077983096
0.067311786
0.07180541
0.06598463
0.07383629
0.083120815
0.07201529
0.06658027
0.076088026
0.06641609
0.070732124
0.08136029
0.071378924
0.06411001
0.07213595
0.0634249
0.06860836
0.079138525
0.0690948
0.06180438
0.07015874
0.061789427
0.06736746
0.07813438
0.067732364
0.060145702
0.06779256
0.05930866
0.06578142
0.0768811
0.06654289
0.05716012
0.063620776
0.05708446
0.064922296
0.0760008
0.0649151
0.05557466
0.059907157
0.053916257
0.06569394
0.07624938
0.06274294
0.05186805
0.052818984
0.050451178
0.052702803
0.051944982
0.048587605
0.047651544
0.05128636
0.055939842
0.051359195
0.046565007
0.04532082
0.049288377
0.0549321
0.0509003
0.046311866
0.045329835
0.047086325
0.05104217
0.046629358
0.04696758
0.046447445
0.04903234
0.05649307
0.048813436
0.04431504
0.04600382
0.04367285
0.04615444
0.04304397
0.04867151
0.045339655
0.045476925
0.054082394
0.04607113
0.04552124
0.048234995
0.042291224
0.046333697
0.042645738
0.04330464
0.044194978
0.039873227
0.039238792
0.040343653
0.03844708
0.04212367
0.041548457
0.036543053
0.03661926
0.0357432
0.035147633
0.034635887
0.03380585
0.033061456
0.03304201
0.031952728
0.032058135
0.031023422
0.030801797
0.030346058
0.029716754
0.029541926
0.02897063
0.028714404
0.028385371
0.027817769
0.027969124
0.027002072
0.02747568
0.027438661
0.027321368
0.027559007
0.02653572
0.028756991
0.027958842
0.025980758
0.025303438
0.02834551
0.027272062
0.025235808
0.024689937
0.027036713
0.025888288
0.025090026
0.02452507
0.025555596
0.024599498
0.025362857
0.023165472
0.03351042
0.038450386
0.029731026
0.023513362
0.025064819
0.022647455
0.022615457
0.023263032
0.021915698
0.023070293
0.021157065
0.020510247
0.022282114
0.020009728
0.025823673
0.021734098
0.026600793
0.040241886
0.031409875
0.018466666
0.021152481
0.017807698
0.017573634
0.021842362
0.0175475
0.027708009
0.033915583
0.025609538
0.016952148
0.017745236
0.016962154
0.016279189
0.017360399
0.015825557
0.015784731
0.017107222
0.0153379245
0.02026469
0.020126758
0.0144839175
0.032657564
0.030140618
0.015085305
0.022970796
0.020585971
0.01411718
0.014146733
0.015418428
0.013958805
0.020546881
0.016108057
0.018750856
0.022311792
0.0155895995
0.020175241
0.019206762
0.01666849
0.023413708
0.01838656
0.016536808
0.017813854
0.014563386
0.013858947
0.014395747
0.013561539
0.013580914
0.013963739
0.013216864
0.013725083
0.012907192
0.013163407
0.012741762
0.01249979
0.012648934
0.01192676
0.012656244
0.011684305
0.012540392
0.011461213
0.012126896
0.011254323
0.011719552
0.011068868
0.011379178
0.010898217
0.011150579
0.010687214
0.010974437
0.010452618
0.010868286
0.010205808
0.010763173
0.009974721
0.010667703
0.0097555285
0.010564975
0.009516267
0.010428441
0.009284277
0.010282995
0.009046635
0.0101247765
0.008813933
0.009881608
0.008581988
0.009560012
0.008351595
0.009281346
0.00812241
0.00902392
0.007884701
0.008783457
0.007691998
0.008456559
0.0075154044
0.008159271
0.007350102
0.007945524
0.0071598813
0.0077899545
0.006964361
0.007707549
0.006759102
0.0075976006
0.0065779514
0.007484197
0.00640136
0.007362036
0.0062321206
0.007252389
0.0060410183
0.007194714
0.0058471803
0.0069947913
0.0057122
0.006688478
0.0055721123
0.006376484
0.0054256706
0.0061523584
0.005285924
0.0060342676
0.0051266043
0.005897174
0.0049783965
0.0057704747
0.004831324
0.005690459
0.004674787
0.005629689
0.0045320396
0.0055422112
0.004389901
0.0054666703
0.0042358986
0.0054012598
0.004082606
0.0053006434
0.0039329533
0.005122693
0.00381202
0.0048397896
0.0037050282
0.0045823106
0.0035968367
0.0043991343
0.0034889579
0.0042441064
0.0033911252
0.004142652
0.003265627
0.004098372
0.0031396586
0.0040662508
0.0030261877
0.0040047565
0.0029172935
0.0039706863
0.0027971563
0.0039439253
0.002687278
0.0038617009
0.0025888716
0.0037647227
0.0024846871
0.00361403
0.0023942557
0.0034585448
0.00230986
0.003346517
0.002210239
0.0032410577
0.0021157812
0.0031768687
0.0020147602
0.0030935553
0.0019341354
0.0029974673
0.0018445287
0.0029542905
0.001747441
0.002942293
0.001651612
0.0027953607
0.0015905701
0.0025739742
0.001524802
0.002403785
0.0014687614
0.0022856246
0.0014041653
0.0021941646
0.0013454662
0.002098091
0.001292688
0.0020222717
0.001233579
0.001972981
0.0011707078
0.001954148
0.0011084643
0.0019396176
0.0010549923
0.001907688
0.0009969965
0.0018752534
0.0015596071
0.0015536522
0.003226513
0.0021930812
0.0029879364
0.0025655285
0.0019208454
0.0013467274
0.003709359
0.0030512381
0.0014942471
0.0011854207
0.003701685
0.0028329112
0.0015059566
0.0011894917
0.00321001
0.002484127
0.001574898
0.0012056543
0.0029554393
0.0022900577
0.0015729889
0.001199427
0.0027921014
0.0021517435
0.0015625944
0.001181764
0.0026358182
0.00200822
0.0015840614
0.0011966232
0.0024387885
0.0018382276
0.0016291976
0.0012237187
0.002237514
0.0016752401
0.0016912082
0.001255363
0.0020719431
0.0015389905
0.0017352334
0.0012770505
0.0019206895
0.0014229049
0.0017772926
0.0006417573
0.009136435
0.013458434
0.005179632
0.0017922207
0.0036415283
0.0006530923
0.008462213
0.010652139
0.0025235184
0.0047869603
0.004743367
0.0025473451
0.008868315
0.0047112573
0.001336438
0.0017409753
0.0019175713
0.001140999
0.005082887
0.004368376
0.00083805434
0.0006487594
0.005910696
0.0044884426
0.00074886176
0.0005886942
0.004992096
0.0036297215
0.00074601383
0.00054706924
0.004133818
0.003019333
0.00075123506
0.0005389429
0.0037481554
0.0027239688
0.0007685453
0.0005246427
0.0033706815
0.0024337724
0.00076265406
0.00050984713
0.0032255247
0.0023714062
0.00069015875
0.00044466145
0.0032832138
0.0024200457
0.00060488755
0.000388377
0.0033217452
0.002447088
0.00054018217
0.00033237366
0.003385816
0.0025217754
0.00044837684
0.00027929398
0.0034254056
0.002514613
0.00040897474
0.00024195288
0.0033529934
0.0024534424
0.00035332228
0.00021027615
0.0032954782
0.0023870352
0.00036796703
0.00020385058
0.0028577505
0.0019561013
0.00041779783
0.0002538201
0.0024505544
0.0016863603
0.00045869712
0.00024940417
0.0021559533
0.0014605541
0.00047839107
0.00026571346
0.0019489018
0.0013333383
0.00046414486
0.00024389812
0.0019007273
0.0013311427
0.0004082952
0.0001936959
0.001972505
0.0013862224
0.00033075348
0.00015218456
0.0020156258
0.0014146877
0.00028876224
0.000118518285
0.0020383026
0.0014441637
0.00022095423
8.934386e-05
0.002089952
0.0014653617
0.00023911294
8.5792715e-05
0.0018439923
0.0012257618
0.00025408433
0.00012295441
0.001556055
0.0010034643
0.00041011363
0.00020756382
0.0010987041
0.0006513786
0.0005592531
0.00033323697
0.00081782026
0.0005066611
0.0006128056
0.00033522455
0.0007286139
0.000466392
0.00059886486
0.00031710372
0.00067475485
0.0004240958
0.00058671384
0.00032039158
0.0006383357
0.0004078479
0.0005468685
0.00027815145
0.0006230756
0.00039465862
0.00051156717
0.00025866865
0.00060222024
0.00038454845
0.00046078573
0.00021977967
0.00059975707
0.00037911252
0.0004138906
0.00019088174
0.0005947876
0.00037696058
0.00036983934
0.00015866362
0.0005969752
0.00037849662
0.00032107477
0.0001277685
0.0005895185
0.00036582022
0.00029518476
0.00011649107
0.0005648949
0.00035283327
0.00027741192
9.683176e-05
0.00054196053
0.0003328496
0.00025171388
9.80152e-05
0.0005026908
0.00030402865
0.00030591546
0.00010914893
0.000405104
0.00023200155
0.000351836
0.00017056843
0.00032872325
0.00018181094
0.00044832422
0.00020731807
0.00024639018
0.000121201294
0.0005266092
0.00028256813
0.00019125357
8.8214234e-05
0.0005635132
0.00028558532
0.00016192671
7.172757e-05
0.0005649368
0.00028687262
0.0001434706
2.5444217e-06
