0.453125
0.38135624
0.32606658
0.28722128
0.26754716
0.260262
0.2580934
0.258063
0.25766703
0.25710464
0.25731793
0.2579379
0.25869742
0.25945237
0.2601301
0.26070783
0.26117888
0.26154286
0.2618066
0.26197937
0.26207533
0.26210794
0.26208758
0.26202297
0.26191834
0.26178077
0.26161292
0.26141855
0.26120403
0.2609667
0.26071075
0.2604377
0.26014355
0.2598518
0.2595675
0.25928035
0.25898722
0.2586811
0.25836584
0.2580712
0.2577897
0.25749066
0.25717053
0.2568355
0.256488
0.25612393
0.25573397
0.25528488
0.25500837
0.25474223
0.2544042
0.25401345
0.25357637
0.25314143
0.25276887
0.2524654
0.25217354
0.25189778
0.25162417
0.25133273
0.25102958
0.25070986
0.25034684
0.24995498
0.24956901
0.24914877
0.24867678
0.24814479
0.2475589
0.24694185
0.24627678
0.24558079
0.24488656
0.24417365
0.24348378
0.24283253
0.24213511
0.24144162
0.2407791
0.2401216
0.2394659
0.23879842
0.23812377
0.23741154
0.23667069
0.23596263
0.23520696
0.23438245
0.23359668
0.23283148
0.23203976
0.23127167
0.23055239
0.22982639
0.22905679
0.22832699
0.22762133
0.22689633
0.22617875
0.22547041
0.22472031
0.22394872
0.22324611
0.22259474
0.22199602
0.22143023
0.22085452
0.22023368
0.21958666
0.21889567
0.21814649
0.21731405
0.21641688
0.21552151
0.21463294
0.2137322
0.21281533
0.2118802
0.21088539
0.20978932
0.20862629
0.20742641
0.20614833
0.2048503
0.2039799
0.20328188
0.20248987
0.20159797
0.20063563
0.19958301
0.19844216
0.19727546
0.19608903
0.19486977
0.19363661
0.19242565
0.19122638
0.19002338
0.18884318
0.18768622
0.18652463
0.18536371
0.18421121
0.18306236
0.18191646
0.18078487
0.17965484
0.17852052
0.17739193
0.17626393
0.17512281
0.17398286
0.17284147
0.17169298
0.17054355
0.16937649
0.16819358
0.16699421
0.16576676
0.1644971
0.1631928
0.16185804
0.16048044
0.15904303
0.15753688
0.15593763
0.15423162
0.15239745
0.1503895
0.14819203
0.14581399
0.14351873
0.14153282
0.13941847
0.1372483
0.13519035
0.13336094
0.13147406
0.12963666
0.1279806
0.12623487
0.12444813
0.12263364
0.121019475
0.11947576
0.117884554
0.11630411
0.11487267
0.11347306
0.11212459
0.110833205
0.10970492
0.10863399
0.10783803
0.1071795
0.10656184
0.105955034
0.10558138
0.10523716
0.104905196
0.10453991
0.10422251
0.1040524
0.10402411
0.10403363
0.1040108
0.10392781
0.103828706
0.10372487
0.10361967
0.10355667
0.10352686
0.10349796
0.10355904
0.10364928
0.103654645
0.10371339
0.10375368
0.10378915
0.10381442
0.10370207
0.103512116
0.10330835
0.10326487
0.103233375
0.103370406
0.103568174
0.10369084
0.10362828
0.10350952
0.10342423
0.10342143
0.10339495
0.1033802
0.1032395
0.103063166
0.10304588
0.10297356
0.10300285
0.10309237
0.103006266
0.102783136
0.10264663
0.102534525
0.102496505
0.10253603
0.102553375
0.10247105
0.10235753
0.10221561
0.10212978
0.10203972
0.10189103
0.101758234
0.10172822
0.101595245
0.10156951
0.10155803
0.10146597
0.10125842
0.10103706
0.100822486
0.10070306
0.10057313
0.10047418
0.10037569
0.10025036
0.100113004
0.099884115
0.099655606
0.09948889
0.09931346
0.09908736
0.09901487
0.098935634
0.09883579
0.0986402
0.09841093
0.09827018
0.098205745
0.098239064
0.098374106
0.09849646
0.09862112
0.09873863
0.09875759
0.09888509
0.09895602
0.09905214
0.09923337
0.09950354
0.09974539
0.09983943
0.099881016
0.09995159
0.100117736
0.10030595
0.100522436
0.10073047
0.10084289
0.10072982
0.10064464
0.10068238
0.10075361
0.10084677
0.10093194
0.10101787
0.1008558
0.100550234
0.10032939
0.10022417
0.10002672
0.09979697
0.09971043
0.09967991
0.09948808
0.09962847
0.09972743
0.099634595
0.09940141
0.099002026
0.09875385
0.09864351
0.09874961
0.098852865
0.09890356
0.09893105
0.09893161
0.09887669
0.09864982
0.09842231
0.09843578
0.098473646
0.09849256
0.09864276
0.09873638
0.09878099
0.09896412
0.09872142
0.09852793
0.09832927
0.097922854
0.0979443
0.098014854
0.09776601
0.09783145
0.09784951
0.09765107
0.09751454
0.09731224
0.097031064
0.096817374
0.09647599
0.0963316
0.09612735
0.096012525
0.09613416
0.096179985
0.09620476
0.09606474
0.0956827
0.09546837
0.0953998
0.09527395
0.095219575
0.09513556
0.09511597
0.09500238
0.09501576
0.09503565
0.094961904
0.09473661
0.09444136
0.09430993
0.09435729
0.09459919
0.09487782
0.09527426
0.09570381
0.09588287
0.095823795
0.0957128
0.09544024
0.095031016
0.094789065
0.09442553
0.094179094
0.09403934
0.09395503
0.0939808
0.09403633
0.09392784
0.093534864
0.09303886
0.09271997
0.09251368
0.092258714
0.092135906
0.09236499
0.09242811
0.092409946
0.09248406
0.09249916
0.09237044
0.092122816
0.09193436
0.091725506
0.091603994
0.09157747
0.091576956
0.09144833
0.09147676
0.091383725
0.09121724
0.09117033
0.09099853
0.090906
0.0909754
0.09089479
0.09084773
0.090886496
0.09098067
0.09118376
0.091569245
0.09170417
0.09173146
0.0917716
0.09163084
0.09154389
0.091474056
0.091374815
0.09114399
0.090989225
0.09077302
0.090643674
0.09060646
0.09050969
0.09028723
0.09012103
0.090012826
0.08980391
0.089634515
0.089755714
0.08974532
0.08990029
0.09020541
0.09040483
0.09045789
0.09054253
0.090458535
0.0902795
0.09014765
0.09010912
0.08991214
0.0901103
0.09031775
0.090422235
0.09047981
0.09048247
0.09037576
0.09034512
0.09027841
0.09005929
0.089823715
0.08962942
0.08939365
0.08927587
0.0893014
0.089233615
0.08925427
0.08914667
0.089059375
0.08908341
0.08912605
0.08905699
0.08893323
0.08873006
0.08842585
0.08833175
0.08827848
0.08809295
0.08782504
0.08770424
0.0875439
0.087311625
0.087034166
0.08652395
0.08585296
0.08527711
0.08480567
0.0843272
0.08407202
0.08384796
0.08378934
0.08341738
0.08293987
0.08271632
0.08253687
0.082680315
0.082724035
0.08258741
0.08243335
0.08228197
0.08227454
0.08222341
0.08205909
0.08178615
0.08160969
0.081183456
0.08089137
0.080940686
0.081163146
0.08155953
0.081773154
0.081757896
0.08138428
0.08057805
0.079775505
0.07932026
0.078969024
0.07882946
0.078744985
0.07871023
0.07904407
0.07919643
0.07840029
0.07803256
0.07798297
0.078300595
0.07825532
0.077726044
0.07735198
0.07709513
0.07656259
0.07649294
0.076842055
0.0771758
0.07750555
0.077716716
0.077855684
0.07774501
0.07643518
0.0754543
0.075650774
0.07577815
0.07598483
0.07579267
0.07540735
0.07558399
0.076160274
0.07552295
0.07455492
0.07505422
0.076364286
0.07706053
0.07730474
0.07690775
0.07599533
0.07556821
0.07555954
0.07462272
0.074246936
0.07434436
0.07428972
0.07383681
0.07392036
0.075164594
0.07581845
0.07501664
0.07363839
0.07380132
0.07477948
0.07516409
0.0749351
0.07471297
0.07400953
0.07327575
0.072714664
0.07208332
0.07109849
0.07056204
0.07033009
0.069952846
0.070118584
0.07059408
0.06983248
0.068846785
0.0699001
0.07087561
0.07123375
0.07207041
0.073348716
0.073880054
0.073590256
0.07304758
0.072323024
0.07149335
0.070044376
0.06872395
0.06849397
0.06811226
0.067506865
0.067318045
0.06684292
0.06608813
0.06559253
0.06619898
0.06656144
0.067146935
0.068147205
0.067559615
0.06718028
0.06745192
0.06654429
0.06603302
0.06583778
0.06512753
0.06374735
0.06373163
0.06355139
0.0644838
0.06371068
0.06285679
0.062816404
0.06470039
0.06638499
0.06721428
0.06841724
0.06875728
0.06834774
0.067289986
0.067332596
0.06788979
0.06771619
0.066701174
0.066874735
0.06824535
0.06798468
0.06622813
0.065160096
0.065325305
0.063411444
0.06460401
0.070642106
0.07629918
0.07973371
0.08061975
0.07899518
0.07596556
0.07343305
0.071199775
0.069006
0.06742085
0.066009186
0.066744305
0.06825074
0.06881493
0.07048647
0.07147736
0.07231898
0.07324538
0.07250065
0.068941966
0.06503228
0.06363804
0.06518202
0.066733085
0.06714968
0.06817558
0.06924942
0.071321584
0.072560675
0.06981664
0.065787174
0.064540796
0.06589344
0.067517765
0.06726349
0.06641475
0.0663032
0.06768324
0.069503844
0.06922584
0.06627663
0.06456532
0.06416857
0.064317115
0.06497654
0.06531029
0.06467146
0.064911105
0.067574106
0.069512375
0.066929154
0.0629374
0.062027205
0.062494535
0.0629957
0.06313858
0.06412824
0.065320365
0.06490595
0.06266284
0.061105747
0.06203267
0.062421232
0.062063944
0.06384449
0.06832949
0.069173716
0.067694865
0.06647957
0.064538844
0.06330233
0.063604094
0.06678941
0.06953133
0.06894663
0.06700137
0.06564955
0.06437663
0.06542615
0.06574107
0.06428108
0.06175052
0.059726235
0.059726056
0.061962377
0.064109996
0.065659136
0.06663616
0.06695153
0.06773492
0.06703774
0.06550791
0.06431424
0.06204616
0.06088854
0.06098488
0.06242041
0.06355658
0.06368479
0.06597925
0.06839475
0.067893334
0.064458035
0.06088088
0.05983618
0.05979239
0.05872479
0.058795575
0.061144818
0.06390906
0.06476439
0.06222986
0.059175473
0.05905078
0.060702074
0.062906735
0.06356844
0.062225863
0.061394114
0.06255848
0.06515706
0.06625357
0.063920476
0.060106397
0.057549547
0.05778101
0.059219796
0.06074808
0.06358969
0.06628481
0.06568801
0.06339895
0.060411394
0.058123905
0.058666427
0.06129569
0.06468911
0.06593168
0.06714984
0.06649739
0.06548419
0.064831264
0.06468902
0.06579126
0.063948184
0.060180303
0.05744627
0.05688117
0.05943355
0.06228441
0.06341719
0.06447368
0.06632596
0.06764598
0.06660172
0.06182031
0.05855621
0.05792116
0.058065623
0.058121365
0.05830695
0.057891235
0.058674615
0.05964547
0.059378747
0.05667386
0.05446564
0.054727662
0.05632305
0.05721116
0.057457134
0.057904243
0.05943371
0.060489375
