0.28757158
0.08552573
0.06813299
0.032245543
0.03438278
0.034675315
0.023417652
0.027183175
0.029938988
0.026565462
0.022858739
0.023616418
0.026172444
0.023946697
0.021275153
0.0230762
0.022056943
0.021971643
0.02206645
0.022091702
0.021317735
0.022231206
0.022531902
0.020825969
0.023569183
0.02550879
0.023297027
0.021426165
0.021563092
0.022447735
0.022203425
0.020576628
0.022894457
0.02530086
0.023470744
0.02086153
0.021973297
0.0229766
0.022640616
0.021843232
0.020695696
0.021367824
0.022346191
0.021448513
0.020448288
0.020772092
0.021097735
0.020646827
0.020427862
0.020797629
0.020555625
0.02030063
0.021066427
0.020866146
0.020767642
0.0205319
0.020649482
0.020612704
0.020395763
0.02081511
0.020801337
0.02075045
0.02056483
0.020696754
0.02049242
0.020940058
0.020884825
0.020157715
0.020172058
0.0205206
0.020248346
0.020858204
0.020990958
0.020047626
0.020794654
0.02077221
0.020397054
0.020203529
0.020523822
0.020520443
0.020016203
0.020182667
0.020160908
0.019974066
0.020118173
0.01996356
0.020182649
0.02023269
0.020087434
0.01991079
0.020211708
0.020079484
0.019831648
0.019850329
0.019919297
0.019753847
0.020180076
0.020198373
0.019633137
0.020626578
0.020670021
0.01970477
0.020234568
0.020579765
0.019839682
0.019850722
0.020117626
0.01952681
0.020377602
0.020924628
0.019892309
0.019561592
0.020137288
0.01965379
0.019207586
0.01974958
0.019363744
0.019711465
0.01868358
0.01937668
0.018865108
0.01789742
0.01752611
0.017643953
0.01758747
0.016304169
0.01610072
0.015965985
0.015463672
0.016214192
0.016083552
0.016219461
0.015804315
0.014568467
0.014604833
0.014502317
0.014420065
0.01424289
0.0140168145
0.0145782335
0.014272507
0.014541048
0.014262837
0.014247109
0.014186852
0.013869758
0.013611071
0.014076195
0.014059298
0.01345208
0.01323248
0.013862797
0.013691594
0.01346166
0.013330045
0.013326188
0.013186927
0.013326943
0.013134661
0.013264469
0.01324718
0.013006352
0.012894128
0.013293455
0.013209879
0.012773749
0.012707819
0.013010015
0.012821293
0.012929876
0.012837741
0.012749442
0.012694149
0.012689342
0.012516632
0.012971708
0.012926374
0.012421322
0.012323406
0.012839712
0.01251667
0.0125888735
0.012572424
0.012272234
0.012147498
0.01264762
0.012528829
0.012136153
0.012028374
0.01261909
0.012515272
0.011976938
0.011990321
0.012541686
0.012458041
0.012527198
0.01253434
0.0120551465
0.011921614
0.012410617
0.012293172
0.012229313
0.01224035
0.011911839
0.011771173
0.012652281
0.012894568
0.012393606
0.012088177
0.011881955
0.011873969
0.0120665245
0.011811431
0.012600675
0.012935013
0.012031544
0.012808535
0.0135143725
0.01258038
0.013032384
0.01381335
0.0131235765
0.012608132
0.012522471
0.012649116
0.012495692
0.011751175
0.0125630265
0.013259669
0.01191653
0.012295387
0.013229045
0.012318228
0.011984169
0.012467292
0.0120220585
0.01193083
0.011879418
0.012203085
0.011908386
0.011667552
0.01167852
0.011493939
0.01142211
0.011678755
0.011537828
0.011585777
0.01153456
0.011425835
0.011302912
0.0115991505
0.01147747
0.011470546
0.011396587
0.01146042
0.011465703
0.011294685
0.011284322
0.011273347
0.011219047
0.0112641305
0.011234615
0.011169567
0.011091058
0.011358105
0.011245857
0.01127509
0.011150799
0.011228596
0.01106628
0.011303625
0.011305532
0.01099332
0.010985129
0.0110968845
0.010977895
0.011140343
0.011149533
0.010866943
0.010811929
0.011111292
0.011014897
0.010919507
0.010832286
0.011002861
0.010831325
0.011002702
0.0108916415
0.01090017
0.010821451
0.010912287
0.010935393
0.01070073
0.010706693
0.01075304
0.010684955
0.010722135
0.010695167
0.010633291
0.010563086
0.0108266175
0.010722787
0.01066079
0.010676007
0.010557982
0.01051218
0.010700092
0.010632477
0.0105023235
0.0104182735
0.010735278
0.010689179
0.010387079
0.010492854
0.01047532
0.010440958
0.010425781
0.0103565445
0.010481873
0.0104547
0.010514074
0.010426068
0.010449148
0.010527525
0.010293947
0.010290547
0.010364308
0.010354467
0.010147155
0.010101043
0.010021958
0.0098909605
0.010222841
0.010252922
0.010126383
0.010066447
0.010053211
0.009820159
0.0109644355
0.010162643
0.0108209895
0.010178374
0.010911129
0.011389051
0.009986249
0.011757893
0.011292565
0.010687743
0.010323276
0.010523153
0.010618099
0.010052837
0.010417908
0.010468833
0.01038086
0.009834833
0.009785154
0.010035235
0.009627524
0.009693518
0.009787434
0.009543652
0.009544846
0.009468709
0.00921682
0.00918145
0.009243075
0.009271993
0.008820294
0.0107231205
0.01115394
0.009965272
0.009762607
0.009443325
0.009593548
0.009599988
0.009375233
0.0091314865
0.008973514
0.008800302
0.008856722
0.008551221
0.009083416
0.00947814
0.0089157475
0.009384669
0.00915656
0.008870494
0.008687909
0.008610124
0.00851955
0.008409523
0.008389679
0.00849572
0.008269803
0.008479101
0.008360402
0.008494761
0.0084590325
0.008122782
0.008146593
0.0082702255
0.008027972
0.007936463
0.007963591
0.00788702
0.00783958
0.008005197
0.007876729
0.007713724
0.0076452233
0.007855417
0.0075529576
0.007865257
0.008205519
0.008372833
0.007996314
0.007859764
0.0077861403
0.0078083016
0.008427855
0.008339547
0.007897696
0.008348789
0.008130589
0.009065575
0.008328175
0.008596584
0.008475398
0.008353564
0.008134484
0.007959146
0.008203073
0.008175171
0.00800876
0.008224584
0.008308328
0.008293522
0.008532599
0.0077398377
0.0086307945
0.0092379
0.008082676
0.008257722
0.00903239
0.008257031
0.008159795
0.0082960585
0.007880433
0.00806422
0.0079135075
0.0078606
0.008056393
0.007725242
0.0075617037
0.0081226425
0.007850041
0.0071195005
0.008149027
0.00837642
0.0075125596
0.007634478
0.0078011565
0.0074704573
0.007127153
0.007657575
0.007855372
0.007089147
0.0073661786
0.0078049344
0.007867623
0.007886004
0.007584509
0.0075073875
0.007053022
0.007237839
0.0072704293
0.0070477086
0.006955003
0.006708057
0.0068323477
0.0069731623
0.006724225
0.0072900704
0.0074890577
0.006954001
0.006824112
0.0076145716
0.0075726113
0.006911339
0.006907042
0.0072708647
0.0069977525
0.0066193193
0.00698103
0.0071969987
0.0067315637
0.006457577
0.0072005875
0.00681558
0.0071892594
0.006972017
0.0067900256
0.006767578
0.006788461
0.006521894
0.007157518
0.0070960247
0.006963566
0.006818261
0.0066487133
0.006415166
0.0069638714
0.0072454326
0.006984569
0.00680327
0.006581561
0.007200006
0.0074228444
0.007303085
0.006963696
0.0064582564
0.006783843
0.00692606
0.006436081
0.0066051553
0.00663862
0.0068271807
0.0063367984
0.006238943
0.006849582
0.006645179
0.006298429
0.006069647
0.006658603
0.0064610466
0.0064518605
0.006781488
0.006177614
0.0062511093
0.0064635854
0.006458178
0.0059389956
0.006680696
0.006830597
0.006500115
0.006144294
0.006208867
0.0064227567
0.0062196986
0.006123996
0.0060359533
0.005957335
0.0057053952
0.0058655287
0.006074267
0.0057918555
0.0064502023
0.0059578107
0.006960913
0.007087628
0.0059881285
0.006062858
0.0057929805
0.006854082
0.0065477802
0.005896542
0.0065878443
0.0070064976
0.0058445814
