0.2871733
0.08604572
0.061825555
0.033116862
0.0344687
0.032262996
0.023392076
0.027193785
0.02975882
0.023546522
0.021600312
0.023682171
0.022122351
0.020775048
0.021392636
0.021109298
0.02029528
0.020934692
0.020120347
0.021959871
0.022519827
0.020099765
0.021865135
0.022798738
0.02065902
0.020590581
0.020977596
0.019338744
0.02029529
0.021365428
0.019492446
0.019069592
0.019647988
0.019028157
0.018994203
0.01891004
0.018608617
0.018583575
0.018322656
0.018295592
0.018305384
0.018146373
0.01817707
0.018125666
0.018004404
0.017856093
0.01812508
0.017744137
0.018495174
0.018784309
0.017699046
0.018182604
0.01855897
0.018006118
0.01752763
0.01762708
0.017427646
0.017283225
0.017198019
0.01670263
0.017113999
0.017069222
0.01637841
0.016774155
0.016947662
0.016330248
0.016106356
0.016174214
0.015887855
0.015936725
0.015652878
0.015731907
0.015622385
0.015440528
0.015048313
0.015942104
0.015801467
0.014726761
0.01501665
0.01510911
0.01464925
0.014888843
0.015091267
0.014785972
0.014366876
0.015375013
0.015384416
0.014437611
0.01488836
0.014873578
0.014953305
0.0146585135
0.0144535815
0.014427188
0.0142768845
0.014209051
0.014253329
0.014259274
0.014188121
0.014086318
0.014059186
0.01417568
0.014018242
0.014457052
0.014444622
0.014023359
0.014070671
0.01414745
0.013866211
0.014699479
0.014857262
0.013907752
0.015218701
0.016413549
0.015298714
0.014189061
0.014676325
0.01476911
0.014615278
0.014392168
0.01401756
0.0144861555
0.014610087
0.013799898
0.014926344
0.016061084
0.01496544
0.013757755
0.014434983
0.014911623
0.014492682
0.013939135
0.014090829
0.014418657
0.013926332
0.014137424
0.0145157715
0.014161254
0.013926804
0.013986866
0.014073764
0.013753832
0.014032093
0.0141234845
0.0139085995
0.013752353
0.013910148
0.013818557
0.013839076
0.013844882
0.013778123
0.013693991
0.013909113
0.013790441
0.013702189
0.013646451
0.013765308
0.013682454
0.01392477
0.013971977
0.013481955
0.013560341
0.013626578
0.013523745
0.01396495
0.014003663
0.013606858
0.0136891855
0.013624976
0.013556916
0.013476131
0.013491973
0.013427965
0.013635089
0.013562749
0.01362323
0.013508343
0.013686967
0.01357307
0.013538741
0.013551086
0.013548847
0.013573945
0.01336126
0.013327278
0.013586002
0.013438165
0.013611411
0.0135559
0.013362902
0.013308358
0.013761994
0.013806314
0.01329938
0.013365301
0.01338164
0.013302196
0.013464146
0.013440631
0.013536078
0.013284926
0.013638937
0.013747285
0.013404363
0.013374695
0.013298862
0.013288756
0.013275292
0.013210557
0.013299436
0.013373052
0.013199147
0.0135348365
0.01378701
0.013676524
0.013286901
0.01335106
0.013543884
0.013363724
0.013135143
0.013320434
0.013257407
0.013209694
0.013297051
0.013212767
0.0132036535
0.01324143
0.013180427
0.013155445
0.013197978
0.013275549
0.013069662
0.013597825
0.013747784
0.0131615875
0.013882394
0.014269481
0.013529763
0.01388643
0.014243293
0.013425284
0.013318813
0.013535473
0.0131608015
0.013430808
0.013475071
0.013299654
0.013322502
0.013038172
0.013400548
0.0134464605
0.013174401
0.013270803
0.013247338
0.013022319
0.013110675
0.013029985
0.013079755
0.013038251
0.013106628
0.012981323
0.013108165
0.013138129
0.012929375
0.012986456
0.012942257
0.0129460655
0.012967822
0.012924731
0.012836796
0.012836639
0.012920369
0.01283066
0.013074781
0.013059492
0.01294211
0.012830806
0.01285964
0.012680779
0.012792006
0.012843937
0.012532089
0.012823162
0.012485512
0.012867424
0.012927088
0.0124482615
0.012875407
0.013195276
0.012743731
0.0123876855
0.0126751885
0.012488472
0.012307842
0.012767467
0.012840035
0.012272674
0.012357605
0.012436643
0.012095556
0.012372737
0.012385168
0.012335561
0.012076817
0.012377848
0.012197104
0.012062053
0.0121126175
0.01202369
0.011949132
0.011936754
0.011838035
0.0118654845
0.0117907515
0.011878778
0.011775139
0.011807096
0.011710584
0.011807767
0.011773776
0.0115688415
0.011539507
0.011698298
0.011635382
0.011481711
0.011430207
0.011617467
0.011550435
0.011400963
0.011307095
0.011696738
0.011527886
0.011344432
0.011316609
0.011393715
0.011306935
0.011437672
0.011424828
0.0111860065
0.011162532
0.011304115
0.011182435
0.011235147
0.01119524
0.0110736415
0.010981259
0.0114557
0.011324096
0.010949639
0.01092765
0.0110455975
0.010869528
0.01131592
0.011335887
0.0108204065
0.010944031
0.010955252
0.010791335
0.010948859
0.010888034
0.010787559
0.010670367
0.010981195
0.010815443
0.010761413
0.0107518295
0.01074833
0.010670972
0.010709933
0.010680236
0.010623328
0.010501106
0.010816204
0.010669817
0.010554466
0.010475804
0.010565892
0.010449789
0.010607549
0.010529625
0.010396622
0.010348178
0.010489602
0.0104143275
0.010390651
0.010394097
0.010270722
0.0102291955
0.01030493
0.01018063
0.010357498
0.010276931
0.0101409545
0.010099508
0.010217336
0.010080732
0.0102481
0.010188987
0.009977513
0.009895568
0.010219296
0.0100842165
0.009939947
0.009920269
0.009936599
0.009867576
0.009981475
0.009938322
0.009766062
0.009746359
0.009872577
0.009792646
0.009873979
0.009811397
0.00972293
0.009614321
0.009739957
0.0095959
0.0099748
0.010095912
0.009555873
0.0099492585
0.009832007
0.009519714
0.009631974
0.009381608
0.009455952
0.009406429
0.009356659
0.009294792
0.009399234
0.009153404
0.009492871
0.009250241
0.010042898
0.010566953
0.010286122
0.009625302
0.0094879465
0.009785205
0.00928228
0.009108997
0.009515669
0.009450004
0.009368814
0.009390823
0.009275321
0.009333345
0.009242628
0.009142183
0.008985504
0.009178657
0.009186708
0.008915991
0.009488262
0.009482854
0.009368445
0.009015932
0.009247559
0.009231019
0.009232048
0.008917709
0.00926416
0.009301406
0.008841752
0.008808228
0.009128748
0.008861153
0.009223902
0.009358328
0.008770703
0.009184118
0.009215749
0.009369567
0.009094499
0.0086922245
0.009467726
0.009029114
0.008843546
0.008781004
0.008547214
0.008403747
0.008550986
0.0085606715
0.0085686445
0.008379956
0.008506864
0.008376507
0.008416622
0.008268558
0.00831953
0.008324559
0.008152455
0.008487328
0.008466121
0.008309393
0.008200866
0.0083949985
0.008320025
0.008284408
0.008235929
0.008154668
0.008161945
0.008119357
0.008120042
0.0081030745
0.008224992
0.007936179
0.008275065
0.008169044
0.008225205
0.0082897125
0.007905888
0.008302357
0.008260786
0.008078276
0.0081662275
0.007988553
0.007864121
0.007809853
0.007988743
0.007831879
0.008015051
0.008050743
0.007819126
0.0077638626
0.007835439
0.007629044
0.0076744705
0.007795458
0.0075461827
0.008527485
0.008791519
0.008141868
0.008117361
0.008249886
0.008302762
0.007737461
0.008366833
0.008647305
0.0077299434
0.009032825
0.009703264
0.008798679
0.0080346465
0.008430362
0.008191878
0.00815458
0.008421232
0.007974709
0.008268516
0.008658018
0.008187786
0.008403929
0.008478616
0.007891153
0.008138488
