0.28778604
0.0655333
0.07132095
0.036909934
0.028691078
0.029508106
0.021802163
0.03151451
0.03570725
0.026520396
0.021525899
0.023827925
0.022490593
0.021668643
0.022154966
0.021535061
0.021471208
0.021471316
0.021048421
0.021433512
0.021032102
0.021331742
0.021381805
0.021285689
0.020721229
0.021272844
0.021504497
0.020536376
0.020784246
0.021052763
0.020856366
0.020307854
0.02064698
0.020878872
0.020254381
0.020135395
0.020379769
0.020187343
0.019737095
0.019860819
0.019653017
0.01942494
0.019364519
0.019102467
0.019144917
0.019235438
0.018848918
0.018596081
0.018739944
0.018579887
0.018400665
0.017681303
0.017764762
0.017631873
0.017072862
0.017063634
0.016858509
0.01682403
0.016732829
0.016339816
0.016570354
0.01645069
0.01627452
0.015874907
0.015762031
0.015906425
0.015649887
0.016062258
0.015570161
0.015920231
0.01604286
0.0150919175
0.016438974
0.016903022
0.015428885
0.01584694
0.016512265
0.01525687
0.015357677
0.015810376
0.014987372
0.015507989
0.015921324
0.01490041
0.015178713
0.015500967
0.014714173
0.01524149
0.01543883
0.014603689
0.015193165
0.015502962
0.014688063
0.014950844
0.015227788
0.01462749
0.014830947
0.014895675
0.01446972
0.014678252
0.014513073
0.014513671
0.014404262
0.014202535
0.014159334
0.01419494
0.014069355
0.014417569
0.014448837
0.014193318
0.014152416
0.014291424
0.014205837
0.0139397085
0.0138874175
0.014182747
0.014070716
0.01404084
0.0140161915
0.013973713
0.013854968
0.014066842
0.013977416
0.013815415
0.013799012
0.013887409
0.013822143
0.013875944
0.01381946
0.013780112
0.013751142
0.013743006
0.013695086
0.013713457
0.013663329
0.01369674
0.013628893
0.0136927115
0.013636594
0.013617569
0.013556767
0.013626874
0.013535106
0.013627201
0.013562274
0.0135217
0.01347028
0.013547587
0.013493959
0.013453296
0.013405035
0.013490622
0.013431646
0.0133969365
0.013348353
0.013431024
0.013379984
0.013320389
0.013265957
0.013395672
0.013337779
0.0132445805
0.01319848
0.01328742
0.013207504
0.01323
0.013175779
0.013177591
0.013113249
0.013203867
0.013169326
0.01307371
0.013104667
0.013054001
0.012979905
0.013171305
0.013102859
0.013008713
0.013090766
0.012911129
0.012887073
0.013531104
0.01324972
0.013169075
0.013201334
0.012937061
0.012848954
0.013403867
0.013256192
0.012867901
0.012857109
0.013010591
0.012913271
0.012932147
0.012914173
0.012820277
0.0127655575
0.012993238
0.012936135
0.012744713
0.0127321705
0.012815185
0.012705619
0.012985088
0.01298702
0.012626533
0.012730773
0.012656003
0.012655203
0.012665405
0.012549023
0.012697059
0.012493894
0.013103842
0.013364269
0.012800519
0.012765959
0.013078868
0.0128595
0.012706849
0.012605098
0.012728016
0.012636396
0.012464505
0.012440167
0.012528174
0.012345039
0.012591422
0.012611651
0.012592629
0.012557183
0.012718879
0.012651493
0.012530449
0.012486284
0.012362167
0.0123267835
0.012543851
0.0123904385
0.012484823
0.012533148
0.0122823855
0.012257741
0.012359407
0.012264808
0.01244354
0.012388942
0.012279674
0.0121982135
0.012351374
0.012315203
0.012237345
0.012209016
0.012247555
0.01218262
0.012231278
0.012186273
0.012195326
0.012169204
0.012149981
0.012110432
0.012131204
0.012084062
0.012118903
0.012066196
0.012111861
0.0120803
0.012015931
0.011975373
0.012066548
0.012013726
0.011962426
0.011900178
0.012071698
0.012040081
0.0118380925
0.011801693
0.011959888
0.011867936
0.011837482
0.011730555
0.01187824
0.011827323
0.011596617
0.011547773
0.011619451
0.011535484
0.011559215
0.0114605315
0.011582203
0.011497059
0.011405771
0.011402947
0.011248976
0.011187694
0.011285859
0.0111926
0.011146915
0.011151601
0.0109503195
0.011183433
0.011476318
0.011326679
0.011593121
0.011495852
0.010940708
0.010864808
0.010902443
0.010982252
0.01078228
0.010662362
0.010765377
0.010849319
0.010618915
0.010726653
0.010701303
0.01068394
0.010565445
0.0107775815
0.010571626
0.010816425
0.010809235
0.010710205
0.010668815
0.010486387
0.010449511
0.010425348
0.010353363
0.010394875
0.010462043
0.010482103
0.010692969
0.0103631755
0.010496989
0.010710095
0.010719047
0.010239647
0.010727161
0.010529102
0.010543574
0.0105050355
0.010351048
0.010219634
0.010340254
0.010170426
0.010378078
0.010372862
0.010189199
0.010273303
0.010228631
0.010115986
0.010362888
0.01028671
0.010034836
0.009991348
0.009826724
0.009775597
0.009802304
0.009795874
0.009707377
0.009539958
0.009847818
0.009762581
0.009736298
0.009605343
0.0096073905
0.00951844
0.009614975
0.009484877
0.009624664
0.009414002
0.009551047
0.00966272
0.009276296
0.009408261
0.0092623485
0.0092097325
0.008940126
0.009357818
0.009216871
0.009132348
0.0090830885
0.008992697
0.009046702
0.0094524
0.009384178
0.008997996
0.009003013
0.0090645
0.008680057
0.008785686
0.008553844
0.009025077
0.008993561
0.00859847
0.008665871
0.008632546
0.008380252
0.008733351
0.008688456
0.008596635
0.0082410695
0.008892638
0.008638849
0.008554788
0.008568038
0.008640969
0.00846592
0.008381813
0.0082462495
0.008461473
0.008330069
0.008039364
0.009045345
0.008126288
0.009883
0.010182123
0.008186142
0.010955642
0.012183624
0.009081946
0.009412325
0.010168938
0.009153306
0.008957435
0.008952265
0.008754428
0.008709679
0.008386263
0.008313199
0.008158696
0.008245672
0.007815259
0.008016321
0.007876225
0.007871055
0.007805252
0.0079478985
0.007999908
0.007994866
0.007970941
0.007795561
0.00768167
0.0076446757
0.0076259593
0.0074618966
0.007363836
0.007510984
0.0074231555
0.007644301
0.0077665034
0.0073247254
0.008207158
0.008263277
0.0077057662
0.0074724406
0.007890358
0.007312576
0.008324696
0.008276246
0.008712859
0.008271824
0.0076054144
0.007823893
0.007657118
0.0073665045
0.0072850916
0.0076796077
0.007343424
0.0074655786
0.007368123
0.0073817633
0.0073985667
0.0071718157
0.007037457
0.007244771
0.0071351095
0.0070138425
0.0069168783
0.007063383
0.0069753886
0.0069469265
0.0067375004
0.0075245393
0.007580818
0.006637059
0.007208859
0.0071365
0.00671855
0.0068294876
0.0067131855
0.0069160685
0.006803935
0.006866315
0.006717961
0.0068488964
0.007020239
0.0067180996
0.0076988027
0.007828658
0.007021447
0.0069138557
0.0069518476
0.0065943575
0.006902499
0.0067490526
0.006605691
0.006576648
0.0065775737
0.0067563597
0.006358297
0.006863193
0.007154826
0.006342052
0.0067746714
0.00703916
0.0064178347
0.0069839307
0.007395537
0.0069273827
0.0065963618
0.0067227427
0.006214574
0.006707175
0.006922892
0.006352948
0.006292911
0.0065462957
0.006099464
0.0065146894
0.0064388053
0.006372951
0.0062450655
0.0060098306
0.0070720594
0.0069285086
0.0070705493
0.0069079753
0.0061226203
0.00630177
0.0059309546
0.0059024584
0.0059109353
0.005864398
0.005767904
0.005965486
0.0058180992
0.005839562
0.005852802
0.0056189294
0.006214334
0.0059120297
0.0063695363
0.006172189
0.0062382445
0.0062328675
0.0054692165
0.0057959105
0.0059260516
0.0055503906
0.0059841922
0.005919002
0.0060983873
0.005493595
0.0067759007
0.0068803593
0.005687049
0.0058180257
0.005928485
0.005649217
0.00580181
0.005634313
0.0056359894
0.005600147
0.005269823
0.0057667065
0.0058553587
