0.28827623
0.051980544
0.06466331
0.044107806
0.0242365
0.028036272
0.026452243
0.023377627
0.023736073
0.02396276
0.02281235
0.0218853
0.022498542
0.022182072
0.02120447
0.021956945
0.02159661
0.020893967
0.021441817
0.021127129
0.02077143
0.0210787
0.020622257
0.02116754
0.0209983
0.020633388
0.020952113
0.02064887
0.02086488
0.02089949
0.020571526
0.020434728
0.020635886
0.02027878
0.020568235
0.020519333
0.020441785
0.020180302
0.020708472
0.02034913
0.020154366
0.02013386
0.019942084
0.019856552
0.020064628
0.01993954
0.019837558
0.019803474
0.019726457
0.019637167
0.019702526
0.01959232
0.019537201
0.01944272
0.01948986
0.019363381
0.019373408
0.019251488
0.01925349
0.019193819
0.01902925
0.018875806
0.01936011
0.019337326
0.018790461
0.019464092
0.019473007
0.018963352
0.018597146
0.018657109
0.018290093
0.018069586
0.017758412
0.017411545
0.01731669
0.016960049
0.016804866
0.016532013
0.016488925
0.016254548
0.016351815
0.01612247
0.016237134
0.016061142
0.016014652
0.015824558
0.015932446
0.015745163
0.015849313
0.015843546
0.015497121
0.015481367
0.015609647
0.015339314
0.015867813
0.015834833
0.015212163
0.015164576
0.0152499415
0.015187171
0.015204671
0.015214384
0.015364592
0.015246156
0.014878857
0.015188229
0.015117551
0.015123556
0.014991625
0.01477087
0.014725505
0.014770061
0.01466315
0.014782235
0.014664856
0.014642812
0.01453009
0.014486789
0.014565684
0.014401883
0.014416491
0.014210883
0.0147789745
0.014749664
0.014241867
0.014563833
0.014275864
0.0145219015
0.014478243
0.014036729
0.014408398
0.014403936
0.013838895
0.014330331
0.0142307235
0.013877953
0.014245699
0.014159908
0.013916213
0.013822291
0.013803796
0.013738767
0.013538517
0.013751428
0.013712947
0.013412439
0.0136997355
0.013593547
0.0135577945
0.013520951
0.013962828
0.013805236
0.013511427
0.013431393
0.013353207
0.013438602
0.013042323
0.012954876
0.013345302
0.013257295
0.0129811475
0.012803905
0.013265808
0.013104382
0.013023369
0.012920034
0.0129077025
0.01280579
0.013118547
0.012952696
0.012717449
0.012744729
0.012727785
0.012628992
0.012658448
0.01260626
0.01255618
0.01244951
0.012594655
0.012487226
0.012424001
0.012338621
0.012455563
0.012342654
0.012300906
0.012206254
0.01234593
0.012188043
0.012248427
0.012119032
0.012210774
0.012090132
0.0120471
0.01192492
0.012000571
0.01184708
0.011921979
0.011836146
0.011814375
0.011765501
0.011698045
0.011612336
0.011739983
0.0116510065
0.0115305325
0.01147442
0.011569762
0.011448275
0.011381966
0.011339773
0.011434698
0.011306975
0.011222628
0.011406389
0.0110871075
0.011136495
0.011090283
0.01108713
0.011142806
0.01088052
0.011314747
0.011308175
0.011028188
0.0110121
0.01110017
0.010785404
0.011056497
0.011308163
0.010889627
0.011086066
0.011030116
0.01164861
0.011121671
0.011348724
0.011034705
0.011372238
0.011154495
0.010887358
0.010835175
0.010877501
0.010787577
0.011031114
0.010747828
0.010679968
0.010996684
0.010655639
0.010852876
0.010815193
0.010768543
0.0107076755
0.010752569
0.010419875
0.010819699
0.010785232
0.010415126
0.010406227
0.010486655
0.010358914
0.0105765285
0.010387632
0.010357329
0.0102798
0.0106449025
0.010413828
0.010332373
0.010242428
0.010321808
0.010140781
0.010343317
0.0102500785
0.010211773
0.010167249
0.010059115
0.009968272
0.010174201
0.009977329
0.010226573
0.010236819
0.009972408
0.0102479225
0.009734704
0.010553029
0.010134111
0.0102317
0.009942762
0.010210384
0.009985758
0.009942593
0.009922481
0.0097924145
0.009875074
0.009642526
0.010211716
0.01023825
0.009513152
0.009665245
0.009554818
0.009754374
0.00955378
0.009553005
0.009530455
0.009245205
0.009561617
0.009461321
0.009173992
0.009728879
0.009882639
0.009504809
0.009745966
0.009601217
0.010638301
0.0101553975
0.010050133
0.0100778965
0.009681199
0.009814043
0.0095750345
0.0093836
0.009454821
0.009418749
0.009314151
0.009384098
0.0093511855
0.009155001
0.009300765
0.008976806
0.009271179
0.008958133
0.009097661
0.008946395
0.00877878
0.00905759
0.009096686
0.0089548
0.008955401
0.009041313
0.008832873
0.008624528
0.009009866
0.008753276
0.008658186
0.008911378
0.008504176
0.0091342935
0.008960013
0.008898367
0.008920641
0.008747004
0.009034205
0.00861401
0.008519697
0.008618821
0.008798774
0.008442128
0.009417095
0.009006361
0.009169194
0.0090235695
0.008798299
0.008855705
0.008624107
0.008716423
0.008429435
0.008856733
0.008515912
0.008809383
0.008805239
0.008172606
0.00831002
0.008496885
0.008172481
0.009603879
0.009733008
0.00815603
0.009389226
0.009214006
0.008269512
0.008480506
