0.2900532
0.04588175
0.067397915
0.04803853
0.026795685
0.029620493
0.029193422
0.025481498
0.024748331
0.024999818
0.024324477
0.02317114
0.022921281
0.022941297
0.022373265
0.021857932
0.02190783
0.021503277
0.020756634
0.020717397
0.020219425
0.019520767
0.020707758
0.020088846
0.019780427
0.0190238
0.018676259
0.018730104
0.018294984
0.019598873
0.018594144
0.019101882
0.019169198
0.018228104
0.01816287
0.018183244
0.01777064
0.018049292
0.0181968
0.017626652
0.017737
0.017864624
0.017562596
0.01767626
0.017641583
0.017421924
0.01742248
0.017347785
0.01735009
0.017242089
0.017364703
0.017406238
0.017162906
0.01742627
0.017403377
0.017185306
0.01713155
0.017175762
0.016992288
0.01736906
0.017189344
0.01697375
0.01692045
0.016819274
0.016737366
0.016818712
0.0166647
0.016747372
0.016612777
0.016631143
0.016517617
0.016541205
0.016319985
0.01634445
0.01617611
0.016008759
0.016333403
0.015980048
0.016400158
0.016361982
0.015662
0.01571547
0.01567568
0.015474954
0.01569843
0.015650636
0.01511804
0.015080367
0.015106973
0.014932034
0.015071106
0.015023933
0.014809911
0.014629297
0.014802801
0.01434059
0.01515991
0.015354536
0.014080517
0.016119996
0.01834607
0.016697286
0.014335225
0.015091867
0.015803475
0.01517608
0.015203521
0.015010149
0.013722692
0.014134471
0.0150362095
0.013930779
0.013579328
0.013753441
0.013204972
0.0138361985
0.01386058
0.012775685
0.014397207
0.015880164
0.014352144
0.012688387
0.013128852
0.013204344
0.013130463
0.012706975
0.012343626
0.012265299
0.012431615
0.0123355985
0.012269656
0.012106071
0.012500581
0.012504321
0.01212126
0.011979868
0.011640262
0.011650019
0.01159406
0.011410285
0.0114994
0.011616019
0.011416639
0.011339274
0.011450405
0.0112777995
0.011372681
0.011241116
0.011254725
0.011050284
0.01137764
0.011042836
0.0114241885
0.011488262
0.011053778
0.010959081
0.010920352
0.010823092
0.010963999
0.010685948
0.011021391
0.010929356
0.010758207
0.01063855
0.010744399
0.010469738
0.010993327
0.011127404
0.010572118
0.010456987
0.010436024
0.010320906
0.010759047
0.0106473295
0.010605634
0.010352135
0.010442157
0.010362182
0.0103260465
0.01015062
0.010592975
0.010352817
0.010089724
0.009965287
0.010551091
0.010455667
0.009976801
0.00992681
0.010056934
0.00986177
0.01014677
0.01004804
0.009906044
0.009911154
0.009815215
0.009727955
0.0100507
0.009972599
0.009848052
0.009843548
0.0096602915
0.00954203
0.010091058
0.00995685
0.009637288
0.0096430695
0.009700281
0.009642438
0.00971977
0.009764452
0.009511931
0.0096530765
0.009341097
0.009373948
0.009418452
0.009347784
0.009290534
0.009664927
0.009383769
0.009868807
0.009978195
0.009392362
0.009488677
0.009412627
0.009239868
0.009161872
0.009297926
0.009050679
0.009689863
0.009705962
0.00935905
0.009535596
0.0094492175
0.0091734165
0.009397014
0.009114306
0.009251448
0.009385713
0.009275096
0.009154345
0.008898827
0.009144279
0.009015643
0.00892422
0.008952522
0.008834311
0.009160071
0.008971956
0.009217066
0.00918347
0.009072593
0.0088976845
0.009062166
0.009130955
0.009053282
0.008723541
0.009240203
0.009369957
0.008875072
0.008870694
0.008767807
0.008738213
0.008578778
0.008920989
0.008861776
0.008599332
0.008724698
0.00853143
0.008820771
0.008647118
0.0089437915
0.008782789
0.008843474
0.008698841
0.008790641
0.0086372085
0.009085142
0.008829547
0.008394487
0.008448081
0.008584005
0.008410274
0.008479463
0.008304031
0.00862999
0.008574487
0.008583269
0.008584468
0.00835773
0.008460208
0.008188707
0.008318364
0.008165027
0.008451321
0.008288659
0.008299862
0.0082995305
0.008301158
0.008156944
0.008406082
0.00825012
0.008374106
0.008293935
0.008331259
0.008299284
0.008087504
0.008210433
0.008067661
0.008163406
0.007989114
0.0084671965
0.008544642
0.00818253
0.008017566
0.008330201
0.00783959
0.008685642
0.008717373
0.0076893405
0.008243042
0.008099892
0.007873702
0.007926321
0.007850413
0.007910195
0.007749051
0.007988117
0.007677454
0.0076085436
0.007880943
0.007609643
0.008608575
0.00904091
0.008127119
0.008505853
0.009296531
0.008377619
0.008439328
0.008567659
0.00833827
0.008059858
0.0081981
0.008104071
0.007929386
0.00785754
0.007977868
0.007872863
0.007856981
0.007827003
0.007684697
0.007588659
0.0077591464
0.007493174
0.008035872
0.008049806
0.0076838084
0.0076990463
0.007536188
0.008263948
0.008195956
0.0077530392
0.00766775
0.00788093
0.0076369043
0.007846253
0.007839364
0.007405246
0.007412655
0.00757324
0.0074847057
0.0075216745
0.007499641
0.007538703
0.0074753594
0.0074923076
0.007439296
0.007588794
0.0075437706
0.0073687206
0.0074676066
0.007263921
0.007268178
0.0076638
0.0075417347
0.0073893233
0.007359389
0.007330112
0.007429566
0.0072394437
0.0075848554
0.0075476966
0.00728
0.0072314455
0.0073795966
0.007214863
0.007635344
0.0077448976
0.007180476
0.0073192534
0.0072637387
0.0072567756
0.007354272
0.0071292655
0.007585455
0.007475453
0.0073571056
0.0072889584
0.007218037
0.007061741
0.007333767
0.007288312
0.007219453
0.0073485156
0.007310573
0.007119113
0.007251257
0.007309145
0.007034329
0.0068509304
0.0072506093
0.007145835
0.0070960647
0.007083586
0.0071339905
0.0070061334
0.0071933963
0.0070548034
0.0070158453
0.0069476436
0.0071443827
0.0070506446
0.0069059473
0.006808721
0.007153589
0.00717626
0.006738553
0.0067938226
0.006980444
0.0067175925
0.0072912774
0.007360729
0.0070299194
0.006808951
0.006744431
0.006828258
0.006644325
0.006619651
0.0066632926
0.0066747256
0.006516294
0.0069929943
0.00674358
