0.2885009
0.06334884
0.06455065
0.0346482
0.030805005
0.029841542
0.023016265
0.02780064
0.028511459
0.021974662
0.024571657
0.028067835
0.024703257
0.020879582
0.0240937
0.02694528
0.025162624
0.02176913
0.021622807
0.023003494
0.022624353
0.021066368
0.021157831
0.02178976
0.021655595
0.02117685
0.020512454
0.02072843
0.020761287
0.0206138
0.020584779
0.020629436
0.020634169
0.02047228
0.02078489
0.020459952
0.021866849
0.022123793
0.020720178
0.022173628
0.023376212
0.02172409
0.020472812
0.020805186
0.020424964
0.021185784
0.021527454
0.020590344
0.021159867
0.021884874
0.020987839
0.020397315
0.020603897
0.020266788
0.020855673
0.021107713
0.020374035
0.020430522
0.020785114
0.020264706
0.020003336
0.020016314
0.019662568
0.019818882
0.019666018
0.01925379
0.019591874
0.01968182
0.01904587
0.019305596
0.019398844
0.018921817
0.018943606
0.018692456
0.018307058
0.018292576
0.018062135
0.017648913
0.017853087
0.017519148
0.017734492
0.017575659
0.017858109
0.017838152
0.017505301
0.017415253
0.01750741
0.017349489
0.017350828
0.017216535
0.017267346
0.017303402
0.01714207
0.017055603
0.017403383
0.017359195
0.016987579
0.016944356
0.017160354
0.017073387
0.017025495
0.016983682
0.017064398
0.017017042
0.016960803
0.016905852
0.017007291
0.016986506
0.016851941
0.01679152
0.017093245
0.017058164
0.016757252
0.016734222
0.016996002
0.016912794
0.016738212
0.016719751
0.016827388
0.016750745
0.016785325
0.016763823
0.01668877
0.016655289
0.016728
0.016685337
0.016654467
0.016600812
0.016709909
0.016662907
0.016583329
0.016559163
0.016595209
0.016545786
0.016556695
0.01651276
0.016519107
0.01646714
0.016513646
0.016468719
0.016411947
0.016360082
0.01647385
0.016423553
0.016292436
0.016248094
0.016387843
0.01634376
0.016159462
0.016108474
0.016287709
0.0162191
0.016011376
0.015957883
0.016109189
0.016026786
0.01585745
0.015778847
0.015851801
0.015698189
0.015664618
0.015560515
0.015460759
0.0153426295
0.015422873
0.015307888
0.015122454
0.014993317
0.0151268365
0.01497149
0.014842945
0.014740507
0.0147777395
0.014622178
0.014640526
0.014437035
0.0144909425
0.014252956
0.014434901
0.014134251
0.014192899
0.013998498
0.01376271
0.013492801
0.0140622305
0.013819165
0.013139316
0.013114604
0.012939278
0.012641716
0.0134921195
0.012747106
0.012468919
0.012439202
0.012112179
0.011909706
0.011902351
0.011628695
0.011450901
0.011563863
0.011165996
0.01166756
0.011907575
0.011087872
0.011116785
0.011033318
0.010897818
0.010504037
0.0104638
0.010365983
0.010183372
0.01003008
0.009982449
0.009683196
0.009887648
0.009421079
0.009966086
0.009782965
0.009292029
0.009185389
0.00923925
0.00903345
0.009019199
0.009077399
0.008730228
0.008779918
0.008508684
0.008842434
0.008731605
0.008574211
0.008595907
0.008165816
0.008364166
0.008041254
0.008727793
0.008317537
0.008051901
0.009312784
0.009271126
0.008165186
0.008223365
0.008113959
0.007716857
0.008872792
0.00851215
0.007950496
0.007996588
0.00815068
0.007898145
0.007668352
0.0075722258
0.007503864
0.007398411
0.0074800975
0.0073819645
0.0076010223
0.007191632
0.0076181404
0.007482054
0.007207399
0.0071300603
0.0068773343
0.0072903107
0.0068403617
0.008665839
0.008614562
0.0067478437
0.007248106
0.006780298
0.0071388236
0.006651903
0.0066912198
0.006627802
0.006580641
0.0064156684
0.0066880896
0.0065561645
0.006694671
0.0068990462
0.0062035522
0.007449906
0.007055957
0.0066346847
0.0069748047
0.006542448
0.0065824497
0.0066831317
0.0066022743
0.0059587024
0.0064102076
0.006111343
0.006401459
0.006477501
0.006019058
0.006118107
0.0063437806
0.005932464
0.0062612197
0.0062799584
0.0056732357
0.005774616
0.0056631737
0.0055836453
0.0055796527
0.0059067816
0.0056135184
0.0063574254
0.0061401464
0.00566332
0.0054954984
0.0057248734
0.0053735003
0.0061579957
0.0058520683
0.005678332
0.005694116
0.0051912167
0.005266458
0.005316038
0.0052482816
0.0050700502
0.005413294
0.005066943
0.0058469027
0.005860612
0.005302923
0.005194919
0.0052230633
0.005322358
0.005007343
0.005279921
0.004950886
0.005402556
0.0052486267
0.005400559
0.0051957495
0.0050920425
0.0054069995
0.0050262925
0.0055153295
0.0054171463
0.005455991
0.005191932
0.0051217354
0.005016698
0.0053273593
0.0051433877
0.0051288004
0.005036347
0.0051682084
0.0049883663
0.004992178
0.0048495927
0.0052158744
0.0050422656
0.005062276
0.0049569085
0.004992459
0.0048946575
0.0049092676
0.0047160885
0.0052846917
0.005295895
0.0045670616
0.0046120496
0.0048832335
0.0046400665
0.0051230504
0.0050699827
0.0045344285
0.004522246
0.004597625
0.0043809735
0.0049358215
0.0047091325
0.004705293
0.004730117
0.0044684405
0.0043686996
0.004866755
0.0046584383
0.0045440067
0.004522738
0.0044431337
0.0043420303
0.0046323356
0.004486333
0.004550104
0.0045262347
0.0043798257
0.004346286
0.0045101787
0.004449746
0.0044091935
0.0044035767
0.00437409
0.0043334085
0.0044071055
0.0044309217
0.0042477013
0.0042760163
0.0042527965
0.004162821
0.004616828
0.0045044213
0.004289735
0.004327419
0.004314834
0.004272413
0.0044425093
0.0042205793
0.0044541564
0.004727801
0.0041852966
0.005474785
0.00586909
0.0047770236
0.0050486806
0.0051651816
0.004634718
0.004682118
0.0050080083
0.0043962672
0.0044566174
0.0045220084
0.0042869784
0.004296654
0.00400878
0.0046741874
0.004824159
0.0040948708
0.0048529613
0.0048816623
0.0041630007
0.0044929073
0.0045753927
0.00424872
0.0045871157
0.0044535445
0.0044981227
0.004356046
0.0045125824
0.004109403
0.0044411104
0.0044297087
0.0044152015
0.004130022
0.004242796
0.004274377
0.0043729097
0.0040887487
0.0043640775
0.00448052
0.0038591567
0.004757087
0.004857116
0.004503749
0.004084598
0.004428725
0.0043676984
0.00445902
0.004452774
0.0040023252
0.0041311937
0.003960827
0.004113063
0.0038913803
0.0045702197
0.004599839
0.0037977777
0.0041515282
0.003845384
0.0046015657
0.0047443626
0.0037685782
0.004215619
0.0042779273
0.0038706309
0.0040933318
0.0038254585
0.0039947582
0.0038082981
0.0038944853
0.0039267372
0.0038033507
0.003926877
0.0037169512
0.0038199455
0.0037694157
0.003644647
0.0035436025
0.003854458
0.003905641
0.0034154952
0.004187686
0.0038434586
0.00460094
0.004896084
0.0039308467
0.003971179
0.0041673
0.0040262216
0.0037763324
0.003966553
0.003785224
0.0037655213
0.0037689551
0.0036600248
0.0035447746
0.003929797
0.0037442166
0.0036844525
0.003701431
0.0034470272
0.0033823068
0.00392572
0.0037910796
0.0035491742
0.0036440108
0.0035482198
0.0033858086
0.0036228045
0.0034845956
0.0035239963
0.003468599
0.0036327268
0.0036409295
0.0035173846
0.0033972159
0.0035700388
0.0035981296
0.0033065772
0.0032862087
0.0036533065
0.0033494
0.003417408
0.0034710746
0.003271653
0.0032348994
0.003675407
0.00336303
0.0038354734
0.0038764577
0.0035006274
0.0036790967
0.003637247
