0.28877664
0.0421748
0.09852198
0.11593932
0.08056132
0.077597186
0.08442736
0.0812478
0.07379695
0.07326948
0.07626916
0.073511705
0.07166021
0.07279097
0.073643364
0.07142917
0.07233647
0.07355223
0.07262391
0.0714874
0.07147949
0.07230189
0.07128841
0.07134894
0.07171325
0.07163364
0.07089054
0.07245999
0.073287606
0.07163238
0.07157761
0.07208321
0.07160411
0.07162816
0.07128639
0.07133447
0.071589395
0.07086394
0.0719593
0.07282431
0.07163574
0.07098409
0.07141063
0.07114863
0.07108388
0.07108587
0.07110164
0.07097911
0.07095638
0.07096534
0.07079935
0.07079181
0.07092262
0.07081769
0.07101294
0.07105181
0.070754595
0.07090735
0.070824526
0.07080129
0.070790865
0.07075226
0.07070791
0.07087504
0.07086211
0.07066518
0.07077455
0.07062936
0.07146468
0.07179756
0.070913516
0.07100112
0.07149124
0.07102366
0.07083613
0.071015984
0.07089687
0.07080678
0.07079633
0.07084864
0.07067156
0.07090262
0.07091264
0.070583425
0.07067234
0.07059521
0.07068523
0.070620455
0.070709355
0.07071647
0.07056173
0.07066553
0.07053556
0.071023084
0.071217895
0.070651166
0.070879556
0.0712407
0.07073995
0.07097829
0.070908286
0.0707264
0.070653565
0.07066695
0.070645966
0.07045564
0.07038292
0.07059043
0.07063435
0.070343085
0.07067665
0.07081031
0.07033231
0.07050163
0.07083887
0.07039463
0.07006222
0.070161074
0.069997236
0.06998122
0.06990239
0.069688916
0.06953559
0.06965481
0.06939942
0.06933092
0.06918425
0.06910758
0.06897463
0.06895364
0.06878483
0.06887434
0.068870194
0.068654604
0.068662934
0.06853983
0.06866675
0.0685064
0.0685695
0.06860459
0.06848366
0.0683477
0.06816462
0.06882599
0.06899145
0.06830984
0.068514585
0.06879282
0.06843404
0.06822397
0.06819871
0.068188846
0.068099774
0.06809888
0.068263575
0.06811181
0.06804841
0.06821881
0.068012185
0.06777532
0.068189256
0.06825287
0.06806452
0.06798997
0.067854
0.06784897
0.0677375
0.06772977
0.0676742
0.06785338
0.06783403
0.067605354
0.067780584
0.06776237
0.067771204
0.06773347
0.06764055
0.067608796
0.06750608
0.067528784
0.06744633
0.067397594
0.06744101
0.06743628
0.06730154
0.067427754
0.06736002
0.06736005
0.067272715
0.06725114
0.06723856
0.06709289
0.067182735
0.06702527
0.067020215
0.06714565
0.06701564
0.06719235
0.06706201
0.06721278
0.06721196
0.06688577
0.06683047
0.06691847
0.066767305
0.06706127
0.06706107
0.066608794
0.06682861
0.06664759
0.066611014
0.066661336
0.06661024
0.066484116
0.06646222
0.06649379
0.06644445
0.066410325
0.066451065
0.06627858
0.06687025
0.066776454
0.06635338
0.0665604
0.0665114
0.0664292
0.06624337
0.06639692
0.06623452
0.06654661
0.066692404
0.0661479
0.06668592
0.0670725
0.06643721
0.06625246
0.06634817
0.06615477
0.066005565
0.06543841
0.06394189
0.05374893
0.04305807
0.040159214
0.038714066
0.032813296
0.032533858
0.031813357
0.029386168
0.026072448
0.023375759
0.023286998
0.024091221
0.023610754
0.021989644
0.020893691
0.021392412
0.021456001
0.020724675
0.020355215
0.020665132
0.02058128
0.020298745
0.020153582
0.020083582
0.0196558
0.01971863
0.019761244
0.019547598
0.019506915
0.019377979
0.018997468
0.018838568
0.01885364
0.018530762
0.018465199
0.018275494
0.01865233
0.018628506
0.017874105
0.017920794
0.017976826
0.017723886
0.017244283
0.017453821
0.017476216
0.017304676
0.017151682
0.016789004
0.016869867
0.016765704
0.0165598
0.016536474
0.016397575
0.01679571
0.016755747
0.01613796
0.016044589
0.015942706
0.015880927
0.01578287
0.015600774
0.01548704
0.015465293
0.015368279
0.015189084
0.014970947
0.015026587
0.014823011
0.014619439
0.01453117
0.014368198
0.014218132
0.0140773365
0.013953193
0.013946012
0.013846867
0.013698907
0.013473866
0.013731755
0.013316804
0.0140276095
0.013802908
0.0134068625
0.013381486
0.013207517
0.013058116
0.013044755
0.012884951
0.012953863
0.012743137
0.013054311
0.012885322
0.012811932
0.01274689
0.012674533
0.0125116715
0.012957188
0.012905338
0.012483333
0.012565557
0.0122938035
0.012307242
0.012295221
0.01226934
0.012251974
0.012112039
0.012312231
0.01212399
0.012420513
0.012343441
0.012099738
0.0121651
0.0120305605
0.012022928
0.01193907
0.011911218
0.011763693
0.011868601
0.011671074
0.012452769
0.0124541065
0.011797331
0.011873891
0.011999883
0.011758038
0.012135248
0.012017793
0.011992822
0.011843818
0.012075079
0.011927132
0.011743009
0.01168961
0.012152021
0.012316108
0.011822439
0.011841471
0.011966142
0.011856656
0.011773799
0.011839083
0.011807929
0.011798404
0.011631888
0.011443886
0.011439878
0.011296264
0.011198953
0.011799443
0.011805681
0.011409388
0.011434953
0.0116990395
0.011254351
0.012194666
0.012374985
0.011165216
0.012912557
0.013875488
0.012909339
0.0120239
0.012583539
0.012359169
0.012074842
0.0116953105
0.011838728
0.012027082
0.01158636
0.011390876
0.011529143
0.011440684
0.01115724
0.011712849
0.011772074
0.01116892
0.011282374
0.011325167
0.010893767
0.011696756
0.011718352
0.0109172845
0.01327712
0.014543508
0.01335385
0.011584354
0.012454542
0.013269748
0.013465777
0.012502
0.011473477
0.011752906
0.012166808
0.011857454
0.011204571
0.011664298
0.012013073
0.011990835
0.011372638
