0.2899
0.04480533
0.10830667
0.12895088
0.08962819
0.07382757
0.0829247
0.08478403
0.07517923
0.07490567
0.07872491
0.07636828
0.07312236
0.07429677
0.076655515
0.074349366
0.072205
0.073525354
0.07357122
0.07206518
0.07404081
0.075628996
0.07399533
0.07202498
0.07485484
0.07744288
0.07603871
0.07327906
0.07240824
0.074155994
0.074655384
0.072511666
0.073234
0.07432792
0.07360627
0.07323914
0.072220825
0.0736134
0.0743544
0.07246345
0.073046975
0.073805675
0.072877795
0.072621904
0.07202654
0.07183364
0.07197812
0.07056881
0.07076179
0.071291275
0.07024449
0.07050397
0.0704832
0.04537196
0.02488502
0.03169588
0.025277028
0.031757984
0.02877984
0.02188193
0.021525702
0.022678932
0.02201117
0.022239001
0.02158615
0.022587068
0.022830492
0.02049687
0.023040922
0.023833513
0.021730617
0.021643067
0.020793738
0.0203789
0.02096174
0.019774465
0.020408466
0.021020522
0.019742066
0.019843396
0.020113854
0.019860676
0.019572293
0.019330623
0.019543367
0.019342395
0.019032957
0.019088928
0.01896103
0.018757587
0.018939441
0.018773943
0.019200733
0.019572811
0.019028977
0.019236796
0.019903801
0.01930145
0.018779106
0.01896491
0.018688975
0.01894647
0.019106783
0.018720971
0.018851653
0.019009193
0.018552536
0.018873366
0.01918643
0.018642837
0.018876793
0.019293098
0.018822206
0.018515754
0.018720778
0.018547045
0.018601762
0.018696176
0.018417157
0.019178316
0.019418048
0.018908033
0.018607242
0.018720882
0.018930038
0.018466376
0.018599158
0.01888988
0.018636083
0.018337613
0.018501343
0.018380107
0.018561332
0.018654494
0.018488782
0.01834129
0.018405981
0.018313484
0.01823845
0.018395854
0.018226244
0.018497622
0.01838093
0.018628096
0.018737415
0.01843161
0.018539174
0.018529342
0.018268457
0.018331405
0.018239493
0.018189872
0.01850761
0.018342221
0.018536802
0.018596554
0.018183904
0.018238528
0.018257601
0.018157719
0.018488957
0.018415412
0.018244566
0.018278498
0.01827991
0.018154
0.018379211
0.018288806
0.018240081
0.018214466
0.018244617
0.018157428
0.01829877
0.018272355
0.018115764
0.018091882
0.018311158
0.018252566
0.018137911
0.018143497
0.018152492
0.018113954
0.018199077
0.018192247
0.018090362
0.018094303
0.01813649
0.018089315
0.018179214
0.018171178
0.018058881
0.018085402
0.01806161
0.018053055
0.018090677
0.018044896
0.018145552
0.018100666
0.018083772
0.018069787
0.01806666
0.018028516
0.0181202
0.018093044
0.01801482
0.018001126
0.018047092
0.017993825
0.01808415
0.018069984
0.017964361
0.01795079
0.018063255
0.018013768
0.017995968
0.01797732
0.017980987
0.017942619
0.018023383
0.01800614
0.017917925
0.01789709
0.01801615
0.017987885
0.017877212
0.01785369
0.017971577
0.01793615
0.017835138
0.01784954
0.017855681
0.017827466
0.017744832
0.017808763
0.017794818
0.017680002
0.01777636
0.017714316
0.017698823
0.017670996
0.017532954
0.01764573
0.017543387
0.01750721
0.01757999
0.017518735
0.017372256
0.017470285
0.01756891
0.01733062
0.017719813
0.017872265
0.017912073
0.017863868
0.017800556
0.017562682
0.017367443
0.017301379
0.017438354
0.0173665
0.017456412
0.017506095
0.017268516
0.017138874
0.017105015
0.017251626
0.01718986
0.017377576
0.017354544
0.017684951
0.017725317
0.01738002
0.017357092
0.01723501
0.017328499
0.017236907
0.017177895
0.0170774
0.017109534
0.017063992
0.016937556
0.016858617
0.017130697
0.01707395
0.016806368
0.016785026
0.016919855
0.016803399
0.016783744
0.016769968
0.016700903
0.016612649
0.01694513
0.016897328
0.016626218
0.01655898
0.016575493
0.01646681
0.016634282
0.016654285
0.016408445
0.016367571
0.016418241
0.016263919
0.016466515
0.016464612
0.016327245
0.016157435
0.016435467
0.016227135
0.01613955
0.016195176
0.015945861
0.01587362
0.015923427
0.015756723
0.01581563
0.015742255
0.015568267
0.015492293
0.015416733
0.0153849805
0.015179654
0.015322645
0.015099615
0.015276163
0.015152461
0.014932137
0.014956061
0.014679062
0.014710243
0.014553209
0.014506103
0.01442558
0.014383637
0.0143834045
0.014227589
0.014349635
0.014231454
0.013965941
0.013889685
0.013715888
0.0135602085
0.014291681
0.013885881
0.01391793
0.013558975
0.013669687
0.013352703
0.0135573195
0.013314347
0.0132492175
0.013017562
0.0132473735
0.012992084
0.01323687
0.013134819
0.012820717
0.01275576
0.012785487
0.012511938
0.013606259
0.013813858
0.012791081
0.012702405
0.01276049
0.012581345
0.012307149
0.0124125695
0.012277446
0.012273761
0.012288819
0.012336132
0.012118475
0.012031605
0.012058702
0.012138523
0.0118836565
0.012166913
0.012281581
0.012046594
0.012096461
0.012374519
0.01203798
