0.28898087
0.078066655
0.059450787
0.032565225
0.032152478
0.02999743
0.023164498
0.029398402
0.028625913
0.022666723
0.026562879
0.029801445
0.025834411
0.023264304
0.023243858
0.024142923
0.02396655
0.022160707
0.023077846
0.024433786
0.022763336
0.02157809
0.02323389
0.023211896
0.02199568
0.021522328
0.02205739
0.022210581
0.020948084
0.021445392
0.02193668
0.021424254
0.02037193
0.022561207
0.024135366
0.02266028
0.020896567
0.020743845
0.020989714
0.021537283
0.02093344
0.020035947
0.020277178
0.020511836
0.02007306
0.01980985
0.019883575
0.019657748
0.019505767
0.019441515
0.019090576
0.019513274
0.0192002
0.01836924
0.018288488
0.017786654
0.017133234
0.016942604
0.016611276
0.017226085
0.016720241
0.016477466
0.01609504
0.016144129
0.0161047
0.015601632
0.015840957
0.015625989
0.015123881
0.015583
0.01548509
0.015250724
0.014995698
0.015419816
0.014929262
0.014729119
0.014744814
0.014468814
0.014269772
0.014435522
0.014302435
0.014106818
0.014086376
0.013934873
0.0137002105
0.014150791
0.014022672
0.013498701
0.013439707
0.0133919045
0.013209429
0.013221276
0.012978825
0.013194772
0.013003465
0.01285777
0.012672787
0.012608145
0.012472882
0.012484431
0.012226994
0.01259945
0.012372606
0.012025036
0.011892739
0.012005539
0.011736984
0.011871914
0.011680596
0.011618859
0.011667941
0.01179939
0.011657068
0.011423442
0.011312511
0.011354256
0.011155543
0.011915083
0.0118449405
0.011093502
0.010867464
0.01122928
0.010902554
0.01116743
0.011279133
0.011137108
0.011018534
0.010746441
0.011118342
0.011066616
0.0107036
0.010684606
0.0107127875
0.010527897
0.010344043
0.010792106
0.010830413
0.010656089
0.010303591
0.010817409
0.010566299
0.010462088
0.010351567
0.010418537
0.010480098
0.010099628
0.010032381
0.010151895
0.009862154
0.010509814
0.01050986
0.009799863
0.00985732
0.009942651
0.009781669
0.0099965455
0.010108736
0.009556421
0.009740532
0.009539689
0.009876271
0.009971823
0.00947171
0.009898299
0.010308639
0.009778172
0.009467095
0.009635359
0.009633915
0.009264347
0.009699171
0.009794933
0.009371676
0.009412316
0.009607337
0.009502603
0.00920458
0.009127828
0.009615968
0.009306457
0.00914947
0.009288125
0.009230458
0.009233627
0.008996128
0.009630138
0.009200807
0.009406614
0.009266451
0.0090692025
0.009029299
0.009160137
0.009123758
0.008778741
0.008704229
0.008972946
0.008731856
0.009088897
0.009111092
0.008684904
0.008671979
0.008582794
0.008499275
0.008740123
0.008580599
0.008547359
0.008355551
0.008846782
0.0086648455
0.008884267
0.00840805
0.009258891
0.009127856
0.008618597
0.009095811
0.008450179
0.009249815
0.009284066
0.008375657
0.009074625
0.008956521
0.008620757
0.008616149
0.008348561
0.008313162
0.008317299
0.008388504
0.0080173155
0.008644058
0.008613769
0.007970962
0.0080073085
0.008010943
0.007906997
0.007905935
0.0077895676
0.007931811
0.0077627986
0.007767618
0.0077051185
0.0074482043
0.0073832944
0.008094777
0.007683097
0.007875613
0.007555622
0.008156064
0.007973534
0.007369178
0.0073279757
0.0076461923
0.00728783
0.007486578
0.007472561
0.0070542735
0.0069632865
0.0072021596
0.006891988
0.0074135307
0.0071295225
0.0070684846
0.007034395
0.0067751147
0.0066729398
0.0068475637
0.006484326
0.0071406434
0.0069781113
0.0063313595
0.006325739
0.0063810437
0.006134694
0.0065440238
0.0063397293
0.0063271415
0.0061729955
0.0061272844
0.0060413037
0.0060679927
0.006034497
0.005749577
0.0057654902
0.005425324
0.0060920897
0.005700843
0.006034883
0.0059112925
0.0057474473
0.0054305126
0.0058408803
0.005760979
0.0055440553
0.0055494364
0.0055086627
0.0051781475
0.00582471
0.005360972
0.005605515
0.005524768
0.005315451
0.004997355
0.005582959
0.0053160246
0.005182469
0.005026194
0.005082155
0.005090675
0.0048649176
0.004736481
0.005239673
0.005088212
0.0046835826
0.004662474
0.004744383
0.004795777
0.0044838
0.0046490487
0.004249116
0.0047312123
0.0044561997
0.005046994
0.005185993
0.00498138
0.0048139268
0.0047711455
0.0045554903
0.0044222884
0.0044187405
0.0043302234
0.0043721464
0.0042817798
0.0041004997
0.0043485635
0.0042901626
0.004202874
0.00425715
0.004021997
0.0040660426
0.0045394786
0.0041889944
0.0045311474
0.0047726156
0.0045125233
0.0042861984
0.004004257
0.0042812717
0.0043866416
0.0039139874
0.0042826836
0.004280498
0.0036482867
0.0043162256
0.0045104534
0.0037396217
0.004622626
0.005094874
0.0045083733
0.0037169897
0.0047997995
0.0049180463
0.00397733
0.003908308
0.0041472786
0.0038169613
0.003989637
0.004039436
0.003925255
0.0038407408
0.004267318
0.004054687
0.0037428972
0.0038770027
0.0038251395
0.0036555193
0.00353963
0.00373355
0.0034235881
0.0038448179
0.0034377836
0.0042212675
0.0041870796
0.003433347
0.0033719533
0.003674874
0.0034848873
0.0037103372
0.003641059
0.0034819518
0.003431889
0.003430825
0.0034270694
0.0032702712
0.0031339184
0.0038837343
0.0035905521
0.0036124215
0.003584311
0.0032741698
0.003592031
0.0032803472
0.0034802116
0.0034692797
0.003264148
0.0032851063
0.003107114
0.0033880726
0.0030255504
0.0044195424
0.00460617
0.003476724
0.004024588
0.004113273
0.0034893292
0.003860057
0.0038980774
0.0031294923
0.0036798464
0.0037345402
0.0033302263
0.003183129
0.0032994552
0.0032066144
0.0031420402
0.0030118383
0.0031736307
0.0030378115
0.0029368803
0.0029690948
0.002844659
0.0030435927
0.0028593272
0.0029853068
0.0029126133
0.003077315
0.0030818598
0.0029911064
