0.28897065
0.042872187
0.09933421
0.1206223
0.085075416
0.075077474
0.08139915
0.07646344
0.07272821
0.07630059
0.07749605
0.07278178
0.075409465
0.078776956
0.07601605
0.07307381
0.073569626
0.07515318
0.07441514
0.07207201
0.07536066
0.07841227
0.07587266
0.07232933
0.07424638
0.07663901
0.07560388
0.07328636
0.072592445
0.073764674
0.07425841
0.0726274
0.072412744
0.073297806
0.07234444
0.072348155
0.0727472
0.07237418
0.07203845
0.07257761
0.07237607
0.071970314
0.07198311
0.07211462
0.072004765
0.072154835
0.072055764
0.07214373
0.072015464
0.07220999
0.07201185
0.0723005
0.07217268
0.07186878
0.07178103
0.071742766
0.07153545
0.071750216
0.07163988
0.07112745
0.07102427
0.07124018
0.07106097
0.0711242
0.071137875
0.07098963
0.07101432
0.07094135
0.07096172
0.07085752
0.07109148
0.07093421
0.070482895
0.070580184
0.07052561
0.07033836
0.07058692
0.07049912
0.070442565
0.070408195
0.07038344
0.07027916
0.070350446
0.07017881
0.057816427
0.027014136
0.050315302
0.078749545
0.058907274
0.029992914
0.02520891
0.031976853
0.031941522
0.025672039
0.021878988
0.024588307
0.025428677
0.022804288
0.02121353
0.022185048
0.022259014
0.021145118
0.020823667
0.021138152
0.02065679
0.02045571
0.020574199
0.020223906
0.020402817
0.020279353
0.02011577
0.020234803
0.020037422
0.019970944
0.019904338
0.019782536
0.019767618
0.019665405
0.019729108
0.01951249
0.019597374
0.019522509
0.019370565
0.019520728
0.01929054
0.01911404
0.019415978
0.019153053
0.01897164
0.018847296
0.018938033
0.018522494
0.018864296
0.018755404
0.01828093
0.017967721
0.017652206
0.01743921
0.01756484
0.01715075
0.017425612
0.017365256
0.016775848
0.016638288
0.016414402
0.01624652
0.0164027
0.016283756
0.016219683
0.016130587
0.016038561
0.0160119
0.015850322
0.016074108
0.016077695
0.015806293
0.015722245
0.015846431
0.0155773135
0.015979903
0.016143711
0.015447726
0.016127432
0.016566692
0.015941242
0.015815621
0.015856888
0.015616246
0.015772589
0.0155407
0.015408945
0.015451991
0.015210821
0.015299443
0.015269675
0.015200199
0.015189654
0.015102296
0.015134201
0.015043817
0.015207573
0.0153058395
0.0150695555
0.015001413
0.015001625
0.014871001
0.014879537
0.014869209
0.014863019
0.014759682
0.0148474835
0.014747899
0.0148312105
0.014714197
0.014877346
0.014897294
0.014635277
0.015016164
0.014993978
0.014644775
0.014720212
0.014718726
0.01455687
0.014911256
0.014921385
0.014612923
0.014527102
0.014730286
0.0145533765
0.014893856
0.01515348
0.014774371
0.014690121
0.014701423
0.014906336
0.014815132
0.014350097
0.015041078
0.015354057
0.014780643
0.014672379
0.0148319425
0.014680363
0.014705643
0.014581352
0.01466117
0.014528201
0.0144724
0.014439856
0.014378414
0.0143442415
0.01442583
0.014413255
0.014390136
0.01434834
0.014445844
0.014346439
0.014327708
0.014326331
0.014222284
0.014184567
0.014379673
0.014316657
0.014235358
0.014205049
0.014238466
0.014160097
0.014276215
0.014247003
0.0141258575
0.01410443
0.014214049
0.014158028
0.014126241
0.014104738
0.014062907
0.014014785
0.014130016
0.014088155
0.013988092
0.013936085
0.014123422
0.014059208
0.013914064
0.013878785
0.014012556
0.0139519395
0.013867401
0.013832796
0.013896403
0.013830514
0.013821644
0.01376956
0.013805911
0.013740177
0.013763659
0.013719435
0.013688006
0.013622858
0.013711172
0.013657525
0.01357767
0.013530772
0.013640386
0.013598435
0.013477995
0.013452731
0.013567739
0.013493269
0.01343958
0.013381603
0.0134913735
0.013376441
0.013443238
0.013357051
0.013349973
0.013289965
0.01335901
0.013327639
0.013229811
0.013189179
0.013300359
0.013237958
0.013160701
0.013116325
0.013228714
0.013136732
0.013145111
0.013076355
0.01312318
0.013049636
0.013077776
0.01305303
0.012993201
0.012985655
0.012967035
0.012937684
0.012913029
0.012848705
0.0129682645
0.012880092
0.012883681
0.012796179
0.012855641
0.0127991205
0.012772608
0.012754038
0.012676823
0.012593896
0.01279549
0.012753297
0.0125239575
0.012434757
0.012838706
0.012761086
0.012367385
0.012313977
0.012648948
0.012561292
0.012235935
0.012162614
0.012489644
0.01242045
0.012096879
0.012001139
0.012445711
0.012359034
0.011951938
0.011927438
0.01205768
0.011966531
0.012011449
0.011902784
0.011945034
0.011872898
0.0119798
0.011916108
0.011758228
0.01169115
0.011942749
0.011846099
0.011704035
0.011641678
0.0118925115
0.011844625
0.011615849
0.011580795
0.01177986
0.011719197
0.011601576
0.011534758
0.0117707355
0.0117178345
0.011538613
0.011511776
0.011614316
0.011537597
0.011605185
0.011523229
0.011566398
0.011506409
0.0115723945
0.011509433
0.0114835845
0.011443122
0.011527725
0.011494922
0.011483572
0.011417908
0.011557679
0.011520631
0.011436935
0.011406586
0.011459939
0.011393799
0.011515721
0.011398707
0.011488863
0.011383074
0.011439065
0.011365414
0.011388961
0.011312433
0.011425053
0.011361871
0.011367557
0.011336037
0.011350982
0.011337741
0.011324241
0.01131926
0.011277032
0.011249368
0.011309442
0.011253503
0.011295575
0.011258629
0.011254477
0.011218074
0.01124422
0.011190717
0.011270572
0.011203557
0.0112411
0.011169492
0.0112629235
0.011203751
0.011200518
0.011151095
0.011213225
0.011161375
0.011179353
0.011119306
0.011182661
0.011127311
0.0111529725
0.011106943
0.011148587
0.011093481
0.01112926
0.011070746
0.0111081675
0.01106906
0.011095789
0.011058527
0.011057429
0.011029207
0.011069797
0.011070304
0.010993369
0.010973153
0.0110815205
0.011024423
0.010996657
0.010940917
0.011035451
0.010964575
0.010962196
0.010908413
0.011002816
0.0109522045
0.010912758
0.010879092
0.010940594
0.010888062
0.010918993
0.010882919
0.010873322
0.010835427
0.010899565
0.010843509
0.010877983
0.010829468
0.010828049
0.010788559
0.010848743
0.010791247
0.0108144805
0.010780975
0.010787658
0.010730787
0.010818887
0.0107764425
0.010714452
0.010669425
0.0108282985
0.010789092
0.010631611
0.010602661
0.010950451
0.010805444
0.010675264
0.010932561
0.010556388
0.010558266
0.01170969
0.011460419
0.0110286
0.011092234
0.010823999
0.010944898
0.010853122
0.011328451
0.012038581
0.011279062
0.011214111
0.01183688
0.01132419
0.011233334
0.011852915
0.011495038
0.011094134
0.011172168
0.011033881
0.0109240785
0.011105542
0.010805267
0.010954657
0.011122261
0.010813188
0.010789603
0.011125433
0.010972612
0.01070268
0.010673843
0.010744712
0.010497182
0.010559816
0.010471047
0.010450748
0.010403816
0.010359938
0.010385563
0.010429621
0.010239238
0.010413591
0.010345295
0.010335493
0.010436654
0.010134529
0.010908741
0.010993657
0.0105924355
0.010719735
0.010272556
0.010859459
0.011118592
0.010491745
0.010645849
0.01075847
0.010576193
0.010421194
0.010480374
0.010027766
0.0110354
0.0116452575
0.011043311
0.010477298
0.011044137
0.0112228915
0.0102454955
