0.2889298
0.06300226
0.052681595
0.03309538
0.03212392
0.027106171
0.026177952
0.026063228
0.025173573
0.023278384
0.022965884
0.023706159
0.022152865
0.02183496
0.022342972
0.021352641
0.02139912
0.021501983
0.021099215
0.020507634
0.021125846
0.021217158
0.020375567
0.020293461
0.0204697
0.020193404
0.02001889
0.020007834
0.019800894
0.019497743
0.019578584
0.019423256
0.019044595
0.018944673
0.018700013
0.018380847
0.018264284
0.017839989
0.017966477
0.017448848
0.017129825
0.016811343
0.016562384
0.016116554
0.016033215
0.015913384
0.015582857
0.015839307
0.015472519
0.015792646
0.015345571
0.015386094
0.01631688
0.015241522
0.016825221
0.016465481
0.015241693
0.015292141
0.0152512165
0.014989649
0.014201562
0.01497896
0.014559058
0.013669786
0.013371733
0.013728313
0.013379277
0.012945612
0.012697019
0.012291972
0.011915031
0.011840145
0.011390354
0.011756226
0.011446235
0.011023685
0.010857667
0.010756227
0.010662598
0.010427397
0.011116691
0.010918419
0.010139023
0.010061874
0.0101901395
0.009994443
0.010071158
0.009956596
0.00977822
0.009600084
0.009777072
0.00970541
0.009343697
0.009476312
0.009070153
0.009832573
0.009947412
0.008986932
0.009798363
0.00964569
0.009113198
0.009325051
0.00969502
0.0088890875
0.00886799
0.00913957
0.0088653155
0.0084566865
0.008619105
0.008429497
0.00853843
0.0086055985
0.008313828
0.008096459
0.008848042
0.008297143
0.0095722675
0.009025927
0.0087868525
0.00893322
0.008584136
0.008222711
0.008441185
0.007884254
0.009453517
0.009161502
0.008116677
0.008499536
0.008426563
0.008018251
0.007853927
0.007872402
0.007689301
0.0075868093
0.0078099114
0.0074800807
0.00789646
0.007693451
0.0077493303
0.0073721297
0.008203891
0.0077859126
0.0075949416
0.0076089636
0.007095268
0.006909584
0.007303845
0.007299479
0.0068867984
0.0078082536
0.00712746
0.008599482
0.00863905
0.008908349
0.00888469
0.007572539
0.007542713
0.0074766097
0.0068467692
0.0074663055
0.007852697
0.007817565
0.0073653697
0.006560044
0.0065781455
0.0069205016
0.006490188
0.006348481
0.0065084263
0.006412361
0.0059707942
0.0064259283
0.006335607
0.0061184186
0.0064108074
0.0062264935
0.0062951487
0.0061276923
0.0056376588
0.005717305
0.0059341774
0.0056874696
0.006706722
0.006598436
0.0056372657
0.0061131776
0.005862685
0.0063334634
0.0061599985
0.0058619417
0.00739581
0.0077007343
0.007240556
0.0061914274
0.00674153
0.0061655366
0.0062910453
0.006484222
0.0059425794
0.0061109993
0.00601973
0.005774706
0.006059702
0.0057185013
0.0059957616
0.006736405
0.0062396503
0.005667176
0.0061113457
0.0056067896
0.006339393
0.0068781325
0.006146334
0.0055401255
0.00620407
0.006067461
0.0053756987
0.0051738103
0.0051099234
0.005246729
0.004709256
0.0053753965
0.0048843515
0.0063666515
0.0060346704
0.00603048
0.0055660517
0.0049914536
0.0049278378
0.005230972
0.005043057
0.0051483517
0.0054738917
0.0049664886
0.005488593
0.005871111
0.0062100883
0.005152472
0.005428817
0.005041197
0.00671863
0.0071650892
0.0050407685
0.0078483485
0.008816812
0.007412814
0.007196287
0.0063157487
0.006324619
0.0062913564
0.0049768854
0.006239081
0.00696878
0.0061285957
0.0054511293
0.005705709
0.0057437364
0.004877376
0.0058772913
0.0060008
0.0053351
0.005087757
0.005398979
0.0053792424
0.004759755
0.0045085046
0.0052880174
0.0045987093
0.005435361
0.0058884597
0.004985996
0.004966265
0.004966083
0.0048986967
0.004467793
0.004484613
0.0044141584
0.0043073264
0.0044466467
0.0039977417
0.004558403
0.004521308
0.0043169074
0.0042212624
0.003984228
0.004404412
0.0044817734
0.0039877514
0.0048227687
0.004901284
0.0044730366
0.0040200176
0.0042884233
0.004351944
0.0042022523
0.0040710205
0.0040818374
0.0042541213
0.0043412647
0.0044380217
0.004056698
0.0048253764
0.005011047
0.0048855413
0.0039659855
0.0060409573
0.0062605874
0.005300604
0.004951859
0.0041196025
0.003740234
0.0042315857
0.004046491
0.005172098
0.0054372647
0.004872488
0.0040718312
0.0051117237
0.0051413686
0.0038659628
0.003962608
0.0044793584
0.004217019
0.003922947
0.0036977371
0.0041260566
0.003937408
0.0044763116
0.004643924
0.003567485
0.0039390274
0.0038885034
0.0039143227
0.0036960922
0.0037141498
0.0035366297
0.0044047385
0.004501778
0.0036730154
0.0035434403
0.0037094492
0.0035492887
0.003931347
0.003539418
0.004323187
0.004138124
0.0033966892
0.0033688033
0.004324867
0.0042633824
0.0036117472
0.0035453876
0.0036197037
0.0032573517
0.004168181
0.0042076632
0.00414923
0.004026544
0.0033095784
0.0033258696
0.0038235548
0.0035349957
0.003578351
0.0036984074
0.0032642456
0.0031085021
0.0038158533
0.0035816822
0.0033275194
0.003285853
0.0035539104
0.003316264
0.0035164186
0.0035010905
0.0031313447
0.002960463
0.0032051082
0.003126666
0.0042222324
0.0041910917
0.003102878
0.0038124153
0.0037011656
0.00411946
0.0039024185
0.003688951
0.0037298973
0.0033624594
0.0038197178
0.0036164976
0.0034203466
0.0033749638
0.0031629067
0.0030662827
0.003623478
0.0034165066
0.003134123
0.00301751
0.0032622926
0.003177882
0.003258093
0.0031616648
0.0035974754
0.0036842327
0.003289789
0.004525717
0.004581433
0.00408796
0.0035886827
0.0036169079
0.0032435402
0.0031349938
0.0031775108
0.0029199235
0.003190456
0.0028686794
0.0038184014
0.00368671
0.0028908208
0.0033834416
0.0028184934
0.0041429126
0.004677172
0.003356778
0.0031285768
0.0034392986
0.0030194044
0.0032019897
0.0032488543
0.003145776
0.0033754082
0.0031079128
0.0034957558
0.0032033157
0.0033499019
0.0030203927
0.002974851
0.0030459864
0.0037328696
0.0034514766
0.003147303
0.0029678566
0.003016619
0.0028615382
0.0030261658
0.002829112
0.0033441845
0.00329218
0.0030372452
0.0027425976
0.002977948
0.002835661
0.0031528485
0.0029723279
0.0029429812
0.0029716922
0.0027699515
0.0028015878
0.0028767355
0.0027140956
0.0026306303
0.002712502
0.0024749506
0.0027214412
0.0025999553
0.0024958765
0.0025966743
0.002414317
0.0029381004
0.002869245
0.0030790542
0.0032991618
0.002675891
0.0030530596
0.0031512727
0.003160675
0.0027866352
0.0030496113
0.0032480296
