0.29043105
0.046204757
0.063933164
0.045496125
0.02575449
0.028602734
0.027892351
0.024055809
0.02550377
0.026297381
0.024110384
0.022946402
0.024174469
0.02392714
0.022911206
0.022930214
0.023531571
0.022459323
0.022698214
0.023155669
0.022516241
0.022219235
0.02229382
0.022102252
0.021964232
0.021893414
0.021816574
0.021578329
0.021736063
0.02144485
0.0214772
0.021319823
0.021020815
0.02076512
0.020848885
0.020568624
0.02007366
0.019999275
0.019758731
0.019388737
0.01925417
0.01902767
0.01897008
0.018674178
0.019199446
0.019136406
0.018481487
0.0185565
0.018476969
0.01842269
0.01816184
0.018419942
0.018412648
0.018087698
0.018030562
0.01812739
0.01788436
0.018143838
0.018088656
0.01795539
0.017799867
0.018216494
0.018145895
0.01750669
0.017839374
0.017652111
0.017594486
0.017622532
0.017402438
0.017518064
0.017435074
0.017504094
0.017449925
0.017345056
0.017317364
0.017290175
0.017243063
0.017231444
0.017189814
0.01708162
0.017479232
0.017568149
0.01733279
0.017060999
0.017639874
0.017920015
0.017253723
0.017363498
0.017651303
0.017453944
0.017400118
0.017122142
0.017244289
0.017366657
0.01698603
0.017630083
0.017668229
0.01723711
0.01710991
0.017138526
0.017224522
0.017098054
0.016936002
0.016975008
0.016934475
0.016900634
0.01690823
0.016892573
0.016804172
0.016915439
0.016740734
0.017154558
0.017296242
0.016840924
0.017036341
0.017201839
0.016955273
0.01669125
0.017092327
0.017080376
0.016590623
0.017185856
0.017461943
0.016966924
0.01699491
0.016988419
0.016837195
0.016855283
0.01679117
0.016847368
0.016726395
0.016565347
0.016640978
0.016613819
0.016422007
0.01652421
0.01638607
0.01654342
0.016575044
0.016435906
0.016452866
0.016364692
0.016255634
0.016251436
0.016197205
0.01623223
0.01616359
0.016100533
0.016019268
0.016011398
0.015985994
0.015825339
0.015895376
0.015671834
0.015619084
0.015503109
0.015499708
0.015386683
0.015125672
0.015313394
0.015056496
0.01511402
0.014918449
0.015207347
0.014759951
0.015571758
0.015623172
0.0143269
0.015174252
0.015388767
0.015379716
0.014579165
0.014694747
0.014996299
0.014618327
0.014131728
0.014065124
0.014287426
0.013730335
0.013557094
0.01380062
0.013549488
0.013871427
0.013490707
0.013850502
0.013501391
0.013478701
0.013259609
0.013471469
0.013211186
0.01286609
0.012737122
0.012889815
0.012542901
0.012281884
0.013439703
0.013293047
0.012549144
0.012736774
0.012475436
0.012233061
0.012280029
0.0123175485
0.012305781
0.011767704
0.012850319
0.012601927
0.0120113
0.012057245
0.011901565
0.011620261
0.011927709
0.011725442
0.011687278
0.01151956
0.0115326755
0.01142691
0.011652686
0.01136668
0.011503776
0.011522555
0.011274143
0.0112841325
0.011049113
0.01104845
0.011043114
0.0107725635
0.011111204
0.011019263
0.0109937005
0.010769227
0.010866751
0.010664433
0.010778814
0.010896638
0.01046179
0.010786819
0.010644473
0.010399771
0.010336079
0.010233176
0.01027191
0.010039302
0.010598808
0.010942486
0.010316343
0.010557228
0.010579427
0.010579999
0.009922187
0.010585181
0.010583754
0.010598709
0.010350324
0.0099492455
0.009907819
0.009722303
0.009530996
0.009461998
0.00988348
0.009423961
0.010857818
0.010848732
0.010259327
0.010123935
0.010128203
0.009858315
0.009716656
0.009378378
0.009124161
0.009224996
0.009098119
0.00903809
0.0090959435
0.009308929
0.008783297
0.008993325
0.0089831315
0.008427403
0.008356574
0.008512727
0.008284514
0.00866048
0.00827432
0.009586853
0.010062528
0.009575817
0.008647072
0.008773749
0.008579898
0.008405838
0.007890506
0.0085956985
0.008763899
0.008265246
0.008055878
0.009159897
0.008213295
0.008523715
0.008311823
0.00790896
0.007919929
0.008017275
0.007921584
0.008035054
0.007689344
0.0076413304
0.0075831544
0.007664627
0.007830958
0.0077181277
0.0074176155
0.007871873
0.007783904
0.0072662137
0.0072789453
0.0070309564
0.0069143246
0.0071706516
0.0071274177
0.0071419287
0.0067798253
0.0073884293
0.007085173
0.007233523
0.0072188526
0.0069538313
0.0068009496
0.0067242086
0.006515074
0.0068679512
0.0069584916
0.0069858977
0.0066031683
0.006805394
0.006622102
0.0068605836
0.007185109
0.006516494
0.0067809075
0.007240551
0.006648045
0.006993784
0.0076980796
0.007547932
0.006341578
0.007561227
0.00861114
0.007927583
0.007215254
0.006517613
0.007437917
0.0075051743
0.0071324133
0.006912364
0.006656079
0.0072734165
0.006608264
0.0067496025
0.006788323
0.0060885358
0.006915637
0.007093744
0.0070886817
0.0066696857
0.0068164575
0.0064654774
0.0068200394
0.006580301
0.0068094037
0.006943395
0.0063148825
0.0061812648
0.006110815
0.005854044
0.005860033
0.0060072285
0.0063853343
0.0057322397
0.0060476228
0.006782156
0.006310237
0.0061855665
0.005900832
0.0063774693
0.0062146783
0.006071485
0.0058960877
0.005438986
0.005539878
0.0053626485
0.005338702
0.0055483803
0.0053491816
0.005258312
0.0054966244
0.0053314026
0.0053402246
0.0055878214
0.0053247698
0.0055263243
0.0056274305
0.005382729
0.0054630884
0.005349962
0.0054857824
0.005114891
0.0055929604
0.0057767467
0.0055823326
0.005018296
0.0051445016
0.005272709
0.0053266548
0.005275003
0.005030435
0.0048017506
0.005312069
0.0054560155
0.005480683
0.00517643
0.0054867375
0.0055827857
0.0050935075
0.0062882993
0.005649747
0.0058213472
0.0058703846
0.0052149273
0.0049660723
0.0049582757
0.004871439
0.0051661152
0.004896468
0.004968882
0.005234597
0.0045547397
0.00490376
0.004981082
0.005093721
0.004700946
0.0050631566
0.005016912
0.0049478714
0.0051966067
0.0047957455
0.0044116336
0.004361827
0.004587482
0.004350634
0.004689065
0.005138314
0.004381129
0.0049246866
0.005334078
0.0046298304
0.004402516
0.005009103
0.0050743483
0.004640719
0.004737384
0.004807033
0.0045801788
