0.2894915
0.09302377
0.053838532
0.029556528
0.036585
0.031044653
0.022925613
0.026177967
0.02344825
0.024507701
0.025047014
0.022377163
0.024628928
0.025524704
0.022942603
0.02230683
0.02294696
0.022006065
0.021613603
0.022335174
0.021285536
0.021909261
0.02215154
0.021683387
0.02076886
0.020787865
0.020705862
0.020774642
0.020693101
0.02048712
0.020366834
0.020659039
0.02023447
0.020407941
0.020752052
0.020500317
0.02056185
0.020220082
0.021765491
0.021594666
0.020008033
0.020095276
0.020260917
0.020145567
0.020156821
0.019711157
0.021025673
0.02085456
0.019514197
0.02008857
0.02009665
0.019468626
0.019443275
0.019385882
0.018736348
0.018922644
0.01846218
0.01859619
0.018345794
0.018103978
0.018506328
0.017955517
0.019244002
0.019755369
0.018069811
0.02025415
0.021849701
0.019370444
0.018901236
0.019576862
0.018258447
0.019149778
0.019834457
0.017893748
0.01941157
0.021063609
0.019105023
0.017849827
0.01850036
0.017979754
0.017917529
0.01793235
0.017843856
0.017686104
0.01769092
0.01762419
0.017379684
0.017362894
0.017349094
0.017184893
0.017755726
0.017815443
0.01696415
0.018124009
0.018765958
0.017536538
0.016954545
0.017306464
0.017206693
0.016673865
0.0168131
0.016637588
0.016560553
0.016832741
0.016137391
0.016666748
0.017132768
0.016297678
0.016012037
0.016213963
0.015764931
0.016045123
0.01599379
0.015353934
0.015665315
0.015904093
0.015255209
0.015293166
0.0155451335
0.01520115
0.015086082
0.014825098
0.014519739
0.014281631
0.014430081
0.014268315
0.014128032
0.013966031
0.01393653
0.013879478
0.013383001
0.013991609
0.014165644
0.013595857
0.013407759
0.013559133
0.013028237
0.013531491
0.013780621
0.013366806
0.012868351
0.013261381
0.013305343
0.012561177
0.012731726
0.012721716
0.012225318
0.012596697
0.012530829
0.012291762
0.012224801
0.012157901
0.011889208
0.011884294
0.011900179
0.011828433
0.011790643
0.011885442
0.011651953
0.011822656
0.011862482
0.011603613
0.011503793
0.011870429
0.011797816
0.011982848
0.011740185
0.011672179
0.011459053
0.011265951
0.0112254685
0.011471669
0.011251651
0.011397466
0.011437006
0.010909494
0.0108548
0.011261432
0.011278284
0.011146679
0.011227635
0.011078452
0.010920028
0.011036691
0.010808479
0.011135337
0.011242581
0.010625072
0.010766861
0.010659399
0.010655976
0.010708815
0.010565109
0.010385559
0.010558746
0.010512944
0.010425317
0.01028348
0.010351558
0.010364681
0.010171564
0.010506737
0.010253138
0.010457198
0.010345802
0.010306907
0.010321925
0.010169219
0.0106002195
0.010392969
0.010368483
0.010567316
0.010526578
0.010133574
0.010869945
0.011183288
0.010221543
0.011128533
0.01200742
0.011616345
0.010803923
0.010454004
0.0112457825
0.011143349
0.010234601
0.010353467
0.010610301
0.010392819
0.010176855
0.010378709
0.010161049
0.010189797
0.01031275
0.0102581
0.010016101
0.010634298
0.010466804
0.010026897
0.009895437
0.010511783
0.010340308
0.010083287
0.010220851
0.009918356
0.00967537
0.010571909
0.0107375635
0.010592263
0.010301705
0.009967706
0.009774306
0.0098624
0.009944205
0.009818339
0.009695328
0.010102633
0.00988487
0.009615068
0.010116454
0.010203459
0.0100832945
0.009603777
0.010683288
0.011264905
0.010085921
0.0107791945
0.01094025
0.010295646
0.010404543
0.010171726
0.010291711
0.010248586
0.010043513
0.00996494
0.009429728
0.009521029
0.009767324
0.009551491
0.010123409
0.010139044
0.009576153
0.009486425
0.009867783
0.0097460495
0.00990766
0.009874606
0.009539324
0.009468458
0.009954543
0.009810482
0.009587642
0.009575506
0.009691536
0.009592039
0.009617959
0.009478391
0.009647961
0.009633332
0.009474167
0.009428964
0.009487337
0.0093812505
0.009606807
0.009552739
0.00931793
0.009217411
0.009684839
0.00958838
0.009262827
0.009206524
0.009518848
0.009435284
0.009281815
0.009236756
0.009394677
0.009279618
0.009384577
0.009388044
0.009167609
0.009111576
0.009508639
0.009365888
0.009343504
0.009251426
0.0091982735
0.009235767
0.009137011
0.009037265
0.010240954
0.010106596
0.009000434
0.009055343
0.009127238
0.008988188
0.009785789
0.009868126
0.009058322
0.009663008
0.009914254
0.009571288
0.009342174
0.009448513
0.009429735
0.009351331
0.009093399
0.0090951715
0.009233009
0.00898167
0.0088770315
0.009316511
0.0089453
0.0096490085
0.009452162
0.009464131
0.00941467
0.00920356
0.009128368
0.009426687
0.009176248
0.00901443
0.008989967
0.009010841
0.008914978
0.009217692
0.009129914
0.009361607
0.009226344
0.0088183405
