0.28827623
0.071574874
0.05959119
0.033062816
0.02572456
0.025033211
0.022734506
0.024572289
0.022139313
0.025954204
0.027190356
0.02248097
0.024590753
0.026470283
0.024050027
0.02314199
0.023195716
0.022399798
0.022908822
0.02304546
0.021801285
0.022197833
0.0229242
0.022169286
0.021369249
0.022378454
0.022565348
0.02209626
0.021108469
0.022708828
0.023473365
0.021945653
0.022533355
0.02168878
0.021086132
0.021419624
0.020877495
0.02067102
0.021387806
0.021355806
0.021002585
0.02080538
0.020858811
0.02081825
0.021022433
0.020898467
0.020762673
0.020743681
0.020677645
0.02058488
0.020988936
0.02084752
0.020602768
0.020593844
0.020706356
0.020644682
0.020584801
0.02052924
0.02068039
0.020581288
0.020549957
0.020500945
0.020627728
0.020572806
0.020404847
0.020371623
0.020533519
0.020418651
0.02043586
0.020388788
0.020325812
0.020277008
0.020367248
0.020318152
0.02019457
0.020143902
0.020251306
0.020165088
0.020136952
0.020073453
0.020110251
0.019976737
0.02014141
0.020084562
0.019822376
0.019728687
0.020023419
0.019887226
0.01961909
0.019500872
0.01959473
0.019399945
0.019309804
0.01921782
0.019054223
0.01891522
0.018895097
0.01868842
0.018621476
0.018426945
0.018139903
0.018149849
0.018121378
0.018038763
0.018229203
0.018367937
0.018276187
0.018034559
0.017680207
0.017680189
0.017566686
0.017398946
0.017721111
0.017618624
0.017706912
0.017529184
0.01717204
0.017074496
0.017681846
0.017834082
0.017264022
0.017358983
0.01732283
0.01736684
0.017303878
0.016830722
0.01739245
0.017578565
0.016961148
0.017476989
0.017782712
0.016974108
0.017197842
0.017796852
0.017186927
0.017097091
0.017368862
0.016544199
0.01699471
0.01746781
0.01657067
0.01697321
0.017645158
0.01693561
0.01697976
0.017210672
0.016580531
0.016694942
0.017003225
0.016347656
0.016521052
0.01681122
0.016185636
0.016573554
0.017010882
0.016197624
0.016269716
0.016831184
0.016174994
0.016038219
0.01645041
0.015874663
0.016137613
0.016760321
0.01601245
0.015794644
0.016321175
0.015647298
0.016212314
0.016803812
0.015792664
0.015839146
0.016262574
0.015497699
0.01569392
0.015721524
0.015430175
0.015482087
0.015730599
0.015552182
0.01535403
0.015402906
0.015515849
0.015473382
0.015302256
0.015503462
0.015096075
0.016013278
0.015925834
0.014895101
0.015621864
0.015448955
0.0149869295
0.015228152
0.01528535
0.014631808
0.015320321
0.016059967
0.015127276
0.014436155
0.01481288
0.014360097
0.014609884
0.014790286
0.014380075
0.014476654
0.014622341
0.013996308
0.014705072
0.015337636
0.0143583445
0.01392436
0.014338344
0.013908733
0.013894789
0.014024177
0.013505102
0.015260507
0.015275985
0.014289573
0.01367259
0.015572331
0.015754111
0.013469212
0.017306153
0.018258413
0.015511167
0.01591696
0.016555464
0.014924299
0.0151453065
0.0153300045
0.014320211
0.013866031
0.013727069
0.013629275
0.013717294
0.0134297805
0.014302954
0.014041218
0.01387341
0.014235678
0.013500503
0.014087401
0.0138733415
0.013322587
0.01342163
0.0132307485
0.013194058
0.012990043
0.012843452
0.012573109
0.012583971
0.01245148
0.012423555
0.012251303
0.011946383
0.012321123
0.012255064
0.012160315
0.011883178
0.01183599
0.011443484
0.012221661
0.011594917
0.012805183
0.011956617
0.012556334
0.0125148175
0.011698405
0.0115951
0.011267476
0.011043377
0.012031353
0.011648886
0.01156653
0.011823869
0.0110465465
0.010629513
0.011615734
0.011684984
0.010786365
0.010573893
0.010719262
0.0104985535
0.010296314
0.0105919605
0.01042996
0.010591892
0.010515317
0.010486948
0.010594313
0.010345799
0.010227981
0.009865173
0.011079135
0.010857366
0.009903976
0.010007835
0.010150592
0.009823156
0.010717622
0.010549654
0.0096798455
0.009545836
0.0104196435
0.0098059485
0.010100733
0.009925693
0.009537056
0.009316438
0.009985875
0.009887298
0.009579492
0.009518382
0.009208511
0.009162077
0.009052615
0.008878785
0.008918607
0.008754533
0.008957073
0.009327094
0.008679286
0.010324119
0.010912786
0.009345108
0.00921179
0.009382167
0.009597284
0.008446475
0.01017189
0.010921504
0.010028462
0.009617141
0.009043555
0.009802009
0.010376756
0.008695373
0.00912365
0.010338861
0.009561614
0.009135038
0.009160299
0.00910785
0.00908354
0.00846308
0.008631953
0.0088147195
0.008373872
0.008641736
0.008590918
0.008787126
0.008335109
0.008506108
0.008533294
0.008164422
0.008226526
0.007965409
0.008048009
0.0077501014
0.008544224
0.008349584
0.007622071
0.007849955
0.0074277073
0.008329823
0.008030803
0.0074640852
0.0073263333
0.0076767285
0.0073877014
0.008383696
0.0082299495
0.0072953557
0.0073242686
0.007249705
0.007177399
0.0070839594
0.0071782484
0.0071231215
0.0069112885
0.0070405677
0.0070619932
0.0071236417
0.00677938
0.007070899
0.006953413
0.007111305
0.006675113
0.009057869
0.010211498
0.007984654
0.0076914257
0.007992501
0.0076009543
0.007915364
0.0071528484
0.008048876
0.008448462
0.007565227
0.006864482
0.007789489
0.0076143667
0.006846756
0.0067029204
0.006917777
0.0069968826
0.00643817
0.007258935
0.0072328863
0.008700329
0.0073485672
0.007176988
0.007925469
0.0065203146
0.0067479326
0.006648559
0.0067357235
0.0068602064
0.0060537625
0.006586958
0.006599517
0.006937251
0.0067142285
0.006240573
0.00636177
0.0061857235
0.0065031517
0.006063352
0.006984676
0.0068120067
0.0071770935
0.006747924
0.006715678
0.0065133465
0.00612782
0.005954066
0.0068285703
0.0065305955
0.006822565
0.007188535
0.005694099
0.0063627376
0.0059331083
0.00610253
0.0061725136
0.0056228493
0.006209504
0.0061754384
0.005553942
0.0059163254
0.0053041265
0.006815257
0.0067833345
0.0058568656
0.0063675246
0.0058491216
0.0054675764
0.0065370076
0.006533429
0.0061348355
0.0061040595
0.0056961044
0.005366929
0.005940298
0.0054589645
0.007042618
0.0074424823
0.005261212
0.006796329
0.0074015628
0.005679535
0.0072272928
0.008660835
0.007729299
0.0058246343
0.007072512
0.0077145523
0.0064592906
0.005912037
0.0068939202
0.0066475724
0.005734474
0.006081118
0.0061744996
0.0060218573
0.0058893226
0.0058583743
0.0055335946
0.005913565
0.005775749
0.005576881
0.0052784937
0.0051648873
0.0054623033
0.00489788
0.0054169353
0.0054446612
0.005755158
0.0059896917
0.0065303952
0.005982492
0.00683211
0.0067208675
0.0064391517
0.0058956183
0.005750476
0.005280435
0.0068671755
0.007017676
0.005933519
0.0062007955
0.005702689
0.0057955235
0.0054801013
0.0060619917
0.0057444857
0.0058668926
0.005595669
0.005746788
0.00530089
0.0064616953
0.00634771
0.0051130657
0.0053102956
0.0051053166
0.005112988
0.0053237565
0.0049416013
0.0056255036
0.0057756803
0.0050519407
0.005185081
0.005493196
0.00474575
0.00607633
0.0064512654
0.005440008
0.0053248075
0.005317518
0.0050859195
0.0047624744
0.004874636
0.004925004
0.0045179315
0.005354447
0.005370592
0.0052357414
0.005512255
0.0049275905
0.0054571056
