0.28852132
0.07079494
0.066194296
0.03769949
0.025164394
0.026971763
0.02253667
0.02733889
0.02715925
0.021711146
0.02555944
0.028276118
0.024881622
0.021257035
0.025779923
0.029994786
0.028168524
0.024941837
0.022012671
0.022289844
0.023994008
0.023011168
0.022094598
0.021328852
0.021922974
0.022501536
0.021935152
0.021041265
0.021673322
0.02210056
0.021638146
0.02127958
0.020925932
0.021403221
0.021497829
0.020915383
0.021080859
0.021252692
0.021363312
0.020909479
0.021174604
0.021449236
0.02138186
0.02129659
0.020789243
0.021486068
0.022036547
0.021510301
0.021613637
0.021586925
0.020763723
0.021704802
0.022684261
0.022032065
0.021281362
0.021623885
0.021306625
0.020601869
0.021818256
0.022765413
0.021879718
0.020642435
0.021986188
0.02318514
0.022051299
0.020593427
0.021934621
0.023404444
0.022805566
0.021003261
0.020852223
0.02197575
0.02177676
0.020669919
0.02084549
0.02157349
0.02111552
0.02029103
0.021831455
0.023566136
0.022986442
0.02103913
0.020310143
0.020882247
0.02083073
0.020038622
0.02055339
0.021265598
0.020627297
0.019921774
0.019901508
0.020200906
0.019652762
0.01932253
0.019293264
0.01889298
0.018953288
0.018858591
0.018890483
0.018595887
0.01875905
0.018478218
0.018250791
0.018553637
0.018499052
0.0187135
0.018475361
0.018018201
0.017972711
0.01829894
0.018125901
0.018170066
0.01786357
0.018113032
0.018071227
0.01806432
0.017983552
0.017777264
0.017727675
0.017788438
0.017613618
0.01797423
0.018025732
0.017557018
0.017592203
0.017522344
0.01735874
0.017573865
0.017410586
0.017487573
0.017454019
0.017222775
0.017131211
0.017170666
0.016972365
0.01715795
0.017155163
0.01670028
0.017040491
0.017124264
0.016701711
0.016665323
0.01686881
0.01642581
0.016788386
0.017221656
0.016798632
0.016103784
0.016461428
0.01619458
0.015747814
0.016303048
0.016129075
0.015614693
0.015528761
0.015682934
0.015363082
0.015088751
0.015269781
0.015186973
0.014668423
0.014616375
0.0143625615
0.014229155
0.014127391
0.013794564
0.013885048
0.0137961665
0.013535191
0.013230964
0.01337634
0.013134968
0.012847404
0.01280798
0.01252607
0.012317625
0.013067509
0.012881599
0.0128691485
0.012198183
0.01271223
0.012472592
0.012021675
0.011930428
0.011945822
0.011347995
0.011581472
0.011142998
0.010975386
0.011323221
0.0108151855
0.011813462
0.011194778
0.011105058
0.0110775605
0.010867438
0.0107882945
0.010380837
0.0101820575
0.010452134
0.009960781
0.010572277
0.010419642
0.009951184
0.009816516
0.009477515
0.00969853
0.009927124
0.009409143
0.009754519
0.009682844
0.009520029
0.009477469
0.009087401
0.00903144
0.008890503
0.008975174
0.008832197
0.008312831
0.009147364
0.009090861
0.00899775
0.008182953
0.008640531
0.008222628
0.008732637
0.008395269
0.00866825
0.008213926
0.00848196
0.0083629275
0.0075978017
0.0074116443
0.007797864
0.007093541
0.00893531
0.009290397
0.007848008
0.0076442217
0.007851623
0.007457422
0.007825148
0.0074528945
0.0074275974
0.0077756275
0.0074247755
0.006708848
0.007158403
0.007639415
0.00742604
0.0073697916
0.006992486
0.008054446
0.008043803
0.007013289
0.0066164336
0.0070652273
0.006816896
0.006881239
0.0065743015
0.0065293596
0.006406876
0.006599901
0.0062160045
0.00631429
0.0061621126
0.006227994
0.0061636497
0.0059380964
0.0066890814
0.0068244473
0.006210126
0.005940415
0.0063332072
0.0056594633
0.0066967406
0.0066760466
0.0062665245
0.006071879
0.0066384585
0.006381672
0.005581696
0.0057621296
0.006067498
0.005695503
0.007110501
0.0076300823
0.005876804
0.0064219423
0.0063171256
0.0061184336
0.006024158
0.005704708
0.005614929
0.0058065155
0.0055197966
0.005648069
0.0057690307
0.0055892547
0.005731041
0.005835239
0.005668093
0.0056355675
0.0053135324
0.005479852
0.005279319
0.0057366267
0.0064042583
0.0059176646
0.005088979
0.005297828
0.005305461
0.005234837
0.0049791723
0.0061421194
0.0069336984
0.0059423274
0.0052121696
0.0067993957
0.007230293
0.005379393
0.006507367
0.007375967
0.008280934
0.0066895634
0.005118836
0.006487983
0.007912879
0.007864554
0.0069336407
0.0057507977
0.0054579847
0.0062516257
0.0059143514
0.0067308582
0.006797722
0.0058701746
0.0051913015
0.0050293976
0.005720747
0.0059708767
0.0054858946
0.0059483047
0.0056000636
0.005332861
0.004913798
0.0057875477
0.0062207137
0.0058857836
0.0050133076
0.0051635224
0.0056274156
0.0054585934
0.0048938408
0.005527506
0.005478758
0.0058108293
0.0055247643
0.005010179
0.005317045
0.005275273
0.0049800905
0.0048364056
0.0054244474
0.005335115
0.005053321
0.0046535437
0.00572424
0.005182382
0.005985455
0.0061761276
0.0048488853
0.0051148045
0.0051203473
0.0054752515
0.005005598
0.004824436
0.0049534026
0.004822781
0.004788236
0.004861923
0.0047749747
0.0046146675
0.004561675
0.0045354995
0.0046127536
0.0044639693
0.0046308213
0.004822284
0.004540254
0.004341152
0.005150998
0.005412569
0.004707944
0.004592942
0.004621253
0.0051169214
0.004981601
0.0046551274
0.0048223617
0.004712825
0.005010853
0.005111624
0.0042735874
0.005163302
0.005727306
0.0048620575
0.005133798
0.006047565
0.004713667
0.0049414905
0.005556135
0.004703093
0.0048483
0.0050513004
0.004368356
0.0049330327
0.005182954
0.0041928175
0.0059462707
0.0076923664
0.0058421344
0.004263198
0.005157718
0.0053555295
0.004919999
0.0048016794
0.0044422895
0.0047999755
0.005075158
0.0042649633
0.0045661307
0.0049626045
0.0044222292
0.004431307
0.004659202
0.0044465307
0.0046591954
0.004749323
0.0050178706
0.0046333787
0.0052296943
0.004790737
0.0046346695
0.004521103
0.004321693
0.004173366
0.004363528
0.0043789935
0.0046183993
0.004361621
0.0042835088
0.004134172
0.004016902
0.004063753
0.0039447835
0.0044024647
0.004824715
0.004372456
0.0043032877
0.0041300985
0.00412239
0.0041181464
0.004335444
0.0041005965
0.0038269951
0.004364136
0.004595741
0.0040998613
0.0039256555
0.004244381
0.0042109084
0.003761173
0.0040870444
0.0041681468
0.0037673153
0.0040641357
0.00400806
0.0037700182
0.004056693
0.0041552107
0.0038201858
0.0042933812
0.0044039674
0.004150204
0.0039427117
0.004291109
0.0040223086
0.0039108614
0.0039467965
0.0037005541
0.004331954
0.004096093
0.0058229454
0.0057393275
0.0047728918
0.004353225
0.0041512116
0.0038996302
0.004156844
0.0048791342
0.0040838732
0.005241172
0.005541275
0.005300852
0.00491258
0.003852083
0.006137166
0.006602272
0.0051012486
0.005912119
0.0056458195
0.0040889117
0.0046497257
0.0043797577
0.004344019
0.0043846807
0.0039208527
0.004109372
0.004224526
0.0044144504
0.0038964152
0.003954247
0.003960347
0.0037938391
0.0036480643
0.0037389172
0.0037883837
0.0036653625
0.0035840317
0.003820365
0.003792708
0.0037199352
0.0034865532
0.0037465163
0.0036513393
0.0039751874
0.0037569571
0.003935263
0.0039827446
0.0035297058
0.0038316278
0.0036342472
0.004245918
0.0042283633
0.0035233526
0.003927976
0.0038581006
0.0036338682
0.0037931306
0.003685075
0.0034030927
0.004010948
0.0046515833
0.003877614
0.004090413
0.0046415157
0.0048060343
0.004131109
0.0038723287
0.0037420413
0.0042189313
0.0041996106
0.0036612817
0.003653406
0.003711675
0.0035657445
0.0034852393
0.0035024546
0.0032919485
0.0033229261
0.0034218328
