0.28935874
0.050820142
0.06990207
0.045274317
0.023463756
0.035623368
0.03538901
0.024828533
0.027088245
0.03067147
0.027576586
0.02360932
0.023818066
0.024473825
0.023500934
0.022464728
0.022264717
0.022877099
0.02231276
0.021133756
0.022062039
0.02252821
0.02140806
0.020798657
0.021727577
0.021039972
0.021068776
0.021389276
0.021063728
0.020576017
0.021257179
0.02112971
0.020376364
0.020455552
0.020462068
0.020129131
0.020511536
0.02043286
0.019964384
0.019638134
0.019919133
0.019649362
0.018898068
0.018689346
0.01848109
0.018235704
0.01806225
0.017811548
0.017903216
0.017743878
0.017896257
0.017625263
0.01704972
0.017275706
0.017050823
0.016594877
0.016598932
0.016300123
0.016479408
0.01642385
0.016079051
0.016087385
0.015912512
0.015744071
0.015665814
0.015426342
0.015737906
0.015306125
0.0153397685
0.015407125
0.015108275
0.015198651
0.015062671
0.014640339
0.014983103
0.014806214
0.014658186
0.014661413
0.01455009
0.014693767
0.014575931
0.014507227
0.014041341
0.01402295
0.014293465
0.014016074
0.014808391
0.014393635
0.014074099
0.013849114
0.014062311
0.013978113
0.013701548
0.01347752
0.01363236
0.013551743
0.013363984
0.013071629
0.013457507
0.013132093
0.013066339
0.01308177
0.012651753
0.012531977
0.012492855
0.012258696
0.012629896
0.012313967
0.012163597
0.012017056
0.0117827365
0.011568521
0.012010592
0.011873924
0.011377923
0.01130041
0.011602875
0.011290791
0.011210538
0.011173661
0.010931812
0.010928792
0.010746733
0.010875449
0.010505081
0.011124668
0.010763896
0.010803831
0.010924627
0.01038304
0.010501993
0.010320596
0.010228086
0.010193363
0.009994883
0.010549835
0.010273541
0.010000361
0.009908891
0.010047487
0.009975343
0.00981143
0.00994183
0.009669983
0.00983169
0.009685086
0.009838618
0.009734358
0.009709361
0.009654369
0.009632346
0.00978296
0.009575645
0.009526275
0.009818188
0.009366521
0.010021574
0.010086404
0.00952107
0.009536102
0.009716076
0.009271705
0.009413858
0.009360796
0.009232787
0.0095096575
0.00921953
0.009850244
0.010058404
0.009376599
0.009316725
0.009324647
0.009344933
0.008847286
0.0092770085
0.009180466
0.009550911
0.009536881
0.0092470795
0.009343785
0.008937232
0.008914805
0.009022909
0.008810149
0.008950538
0.0087954085
0.008873482
0.00880083
0.008801965
0.008698619
0.009043355
0.008955724
0.008864834
0.008880029
0.009019517
0.008456582
0.009369158
0.009497521
0.008498296
0.00891778
0.00915575
0.00862429
0.008468126
0.008782975
0.008448693
0.008662915
0.00882689
0.008347083
0.008463888
0.008539841
0.0081726285
0.008468116
0.008537395
0.008172371
0.008251135
0.008262784
0.008001252
0.008137845
0.008172068
0.00783915
0.008617222
0.008692961
0.008151297
0.008154648
0.008198912
0.00799267
0.008047291
0.0077600777
0.008524202
0.00813434
0.008050711
0.008141559
0.007914671
0.008034468
0.007846486
0.007837483
0.007820673
0.007804875
0.007563783
0.007635314
0.0075695724
0.0074134055
0.0074440534
0.007376595
0.0075197727
0.007235972
0.008015661
0.007883952
0.0076318583
0.0074204723
0.0078239525
0.007461351
0.0072881985
0.0072759483
0.0071482453
0.0074211503
0.007263797
0.007384987
0.0072047724
0.007500025
0.0071043856
0.0073329154
0.0071515464
0.0072385375
0.007081911
0.007579466
0.007440684
0.006886147
0.0074384585
0.007648338
0.007004632
0.0071199364
0.0075929128
0.0071118292
0.0074375495
0.0073840506
0.007098933
0.007053359
0.0067705666
0.007242657
0.0074197464
0.006617551
0.007278752
0.0075825714
0.0067836437
0.0072626793
0.0073497817
0.006931935
0.0069869887
0.006907858
0.0068127066
0.006995926
0.006901623
0.006377501
0.006967377
0.0070665195
0.006614445
0.0062832558
0.0064493977
0.0064559183
0.0063719377
0.006267156
0.0064182803
0.006126456
0.006413281
0.00624563
0.0063840984
0.0063707754
0.006212637
0.0060394076
0.0065994547
0.006119574
0.0065103457
0.006636832
0.006114725
0.006326895
0.006264556
0.006184779
0.0061726533
0.0063369297
0.005765842
0.006292448
0.0063352757
0.005624391
0.0073543005
0.008450874
0.007201536
0.0060131014
0.0066674375
0.0067355945
0.0062473044
0.005845543
0.006220346
0.0064964336
0.0058217547
0.006246542
0.006587463
0.006166335
0.0059569567
0.0060025603
0.005992467
0.0057335906
0.006009078
0.006132442
0.0060000867
0.0055409037
0.0057854615
0.005674748
0.0056141713
0.0055392557
0.0053669675
0.0053745355
0.0054881535
0.0053036306
0.0055567077
0.005584939
0.0051914225
0.005145107
0.005286912
0.0051210085
0.005369932
0.005326977
0.00508003
0.0051934966
0.0051923995
0.005034206
0.005689685
0.0052271746
0.0055784234
0.0056044036
0.005186792
0.005049163
0.0053369584
0.0049874373
0.005245075
0.00500519
0.005520375
0.00541369
0.0049682558
0.005081228
0.0048724688
0.004764194
0.005119899
0.0049473536
0.00540784
0.005464563
0.004701258
0.005037428
0.004664437
0.004845609
0.0046906485
0.0051982333
0.0049705086
0.0048085633
0.0049793003
0.0044629793
0.0053860336
0.005342897
0.0044069276
0.005078493
0.005040825
0.0044294577
0.00465869
0.004521248
0.0046262494
0.0044934223
0.004427967
0.0042880205
0.0045767273
0.004430397
0.0043953843
0.0044146883
0.0043656104
0.004378715
0.0043945205
0.0042472486
0.004140416
0.004110782
0.0045002964
0.0043668183
0.0050319056
0.004951209
0.004552473
0.0046286373
0.004633997
0.00477755
0.004185543
0.004538728
0.0044635306
0.0045390646
0.004322989
0.0048732217
0.0046081166
0.004282668
0.004177802
0.0043010614
0.0042257677
0.004385102
0.0044928472
0.004355932
0.004131406
0.0040229824
0.0040027057
0.004003046
0.004019978
0.0038100565
0.004125153
0.003809264
0.004017426
0.0040486692
0.0037790288
0.003932537
0.003802764
0.0038420793
0.0039815083
0.0036345527
0.004188444
0.004129793
0.0042886683
0.004009414
0.0041576694
0.004264167
