0.28888896
0.0543364
0.06626934
0.03641942
0.030586632
0.030157916
0.024627326
0.025928045
0.026026556
0.023115404
0.023038039
0.023740083
0.022715785
0.022035038
0.02261565
0.02236584
0.021501562
0.02268334
0.023116218
0.021742603
0.021493206
0.021904543
0.021181712
0.021343814
0.021319807
0.020715902
0.020950072
0.020761518
0.02006949
0.020492341
0.020061174
0.02015433
0.02008082
0.019555623
0.019566698
0.01933136
0.019026138
0.018888503
0.01861948
0.018459106
0.018072179
0.018282821
0.017909719
0.017764205
0.017642677
0.017292487
0.017159179
0.017279012
0.017033802
0.016797787
0.016557358
0.016590646
0.016387312
0.016061699
0.015789116
0.01587111
0.015624147
0.0156335
0.015411735
0.015412395
0.015271545
0.015189094
0.01504737
0.014803515
0.014957477
0.014547673
0.015449424
0.015598811
0.014545715
0.015506186
0.016261535
0.014917738
0.014226552
0.014725679
0.014261677
0.014077346
0.014263939
0.013941762
0.014029308
0.013881683
0.013824997
0.013902053
0.013570701
0.014658936
0.015043315
0.013945782
0.014167722
0.014236552
0.014212194
0.014178737
0.013291997
0.014859132
0.016188955
0.01452139
0.013840972
0.014085315
0.0131746335
0.014028584
0.014252876
0.0132669015
0.014174368
0.014689356
0.013101101
0.014268416
0.015631227
0.01383952
0.012851491
0.013520489
0.012925811
0.013320323
0.013850491
0.012897666
0.0128575815
0.013370882
0.012558986
0.012916933
0.013294448
0.012263251
0.01318495
0.014043567
0.012741812
0.012203642
0.012712662
0.011970215
0.012477071
0.013025838
0.011999808
0.012201373
0.012886484
0.011913843
0.011899728
0.012414947
0.011642178
0.012239456
0.01291882
0.012312632
0.011336838
0.0116430335
0.01133136
0.011614636
0.011484451
0.011144578
0.011788882
0.01153447
0.012631968
0.010996277
0.011679362
0.01148058
0.011089507
0.011310448
0.011189622
0.011064399
0.010810201
0.010967064
0.01087945
0.011056584
0.011086714
0.010388638
0.011058822
0.010921512
0.010470163
0.010794371
0.010519159
0.010124663
0.010217567
0.01010221
0.0098170005
0.010204717
0.010239647
0.009869206
0.009754852
0.009675474
0.009784686
0.009666692
0.009489848
0.009536501
0.0092717465
0.00927999
0.009754273
0.009204907
0.01037817
0.010649063
0.009548355
0.009878944
0.009850574
0.009594859
0.00959739
0.00945713
0.009032024
0.008873534
0.008931603
0.00858987
0.008492676
0.008384495
0.00826715
0.008307721
0.008156088
0.008188137
0.0077947453
0.0080271475
0.008106267
0.0077326936
0.0077342303
0.007361017
0.008646764
0.008531447
0.009210634
0.008547416
0.008006293
0.008080485
0.0068601347
0.0069344174
0.006782428
0.0067762285
0.0074008405
0.0067059523
0.008547604
0.0084863035
0.0077092363
0.0073462725
0.007278178
0.0070813186
0.0071502477
0.006948249
0.0077368314
0.00717403
0.006678171
0.0067285835
0.0061384146
0.005976796
0.0061436915
0.00603267
0.005713552
0.006764617
0.0065302947
0.0066602863
0.0065798275
0.006321753
0.0061391164
0.00581798
0.0056741405
0.0058039143
0.0056200437
0.005905828
0.005698184
0.005895306
0.0057507385
0.005310867
0.0053504375
0.005191326
0.0052745193
0.0050695078
0.005248836
0.0049041277
0.0056246244
0.0055226125
0.0050565214
0.0050804266
0.004927028
0.0046569114
0.005315285
0.004938005
0.0050244713
0.005185275
0.004765785
0.0049056932
0.0045289006
0.004877655
0.0046998463
0.0047312966
0.0048676287
0.004344799
0.004536091
0.0041221934
0.0049368627
0.0049796286
0.0042776284
0.0045790095
0.0047021615
0.0041867793
0.0046269814
0.0045492845
0.004626781
0.004336159
0.004256426
0.0044320617
0.004151923
0.0040584044
0.0042562075
0.0041254037
0.0041232225
0.004391059
0.003973198
0.0039464924
0.0040666885
0.003845878
0.0037031292
0.003913829
0.003788568
0.003818516
0.0036859128
0.0040969276
0.003975537
0.0037809594
0.0037359588
0.0037940887
0.0037894994
0.0037212677
0.0038976541
0.003489969
0.003738635
0.003524625
0.0036016523
0.0034956771
0.0035360313
0.003484898
0.0033504658
0.003474742
0.0032091152
0.003514411
0.00320201
0.003883722
0.0040758424
0.0033326074
0.003511345
0.0035598136
0.0032985955
0.003643523
0.0033013439
0.0033930505
0.0034266163
0.0030708823
0.0031911277
0.0031169292
0.00320017
0.0030706935
0.0031945873
0.0032282434
0.00295749
0.0034737058
0.0032844832
0.0035854385
0.003687206
0.0033473608
0.0033680934
0.0031914215
0.0033563562
0.003054656
0.0031403748
0.0032913645
0.0030298214
0.0029508143
0.002946378
0.002988128
0.0027751296
0.0029554183
0.0028322532
0.0029718087
0.0029828853
0.002738265
0.0029059893
0.0026918503
0.0026208917
0.002809422
0.0026674971
0.0027794794
0.0026734192
0.0027297598
0.0029630808
0.0024822128
0.0038136535
0.0038417336
0.0028237312
0.0036759085
0.0039318213
0.0030949675
0.003201559
0.0031336735
0.0032943536
0.0027080972
0.003390272
0.0034832992
0.0031451331
0.0031367156
0.0028344172
0.0028287347
0.0026223417
0.002729131
0.0027751485
0.0024563044
0.0028983206
0.002920986
0.0031612422
0.0028344176
0.0030432902
0.0030216153
0.0029491119
0.0028627198
0.0026856307
0.0029311012
0.0028184357
0.0024980044
0.0027436186
0.0026230335
0.0025606651
0.0024154407
0.002450201
0.002596256
0.0023104677
0.0031826252
0.0032111902
0.0026384594
0.0029727018
0.002663309
0.0025827074
0.0026977432
0.0025426636
0.0023594152
0.002366103
0.0023615314
0.0022954398
0.0022196544
0.0021862278
0.002285811
0.0020814978
0.0026579613
0.002453673
0.002322471
0.0023994772
0.0021966763
0.0024893682
0.0022655155
0.0024580974
0.002409122
0.0023099952
0.0022854665
0.0022712045
0.002161989
0.002500696
0.0021756326
