0.28748986
0.04446393
0.05279043
0.040082004
0.024132296
0.02502773
0.02575624
0.022382818
0.021947406
0.022702262
0.02170316
0.020995155
0.021391759
0.020752061
0.02199986
0.022271886
0.02138202
0.021017492
0.021062141
0.020976901
0.02072351
0.020740027
0.02077865
0.020503728
0.02072837
0.020504786
0.020520987
0.020657618
0.02040963
0.02053164
0.020602258
0.020526627
0.020176858
0.020391844
0.020308722
0.020071896
0.020045029
0.020114375
0.019839728
0.020284599
0.020339718
0.019772096
0.019778892
0.019570196
0.01952661
0.01927708
0.019087566
0.018916449
0.018825294
0.018720169
0.018385595
0.018349735
0.018084623
0.017772304
0.01754942
0.017309204
0.017326832
0.017209753
0.016423715
0.017141944
0.016500684
0.016471365
0.016153194
0.015995406
0.015757632
0.015912753
0.015503425
0.015589536
0.0154251
0.0153913
0.015413347
0.015041329
0.015760513
0.015829293
0.01538058
0.015224646
0.015361258
0.015380691
0.01476488
0.014966637
0.0150823295
0.01467514
0.014958568
0.015093478
0.014766394
0.0145360725
0.014585291
0.014543234
0.014275295
0.014474629
0.014484611
0.014094819
0.014710382
0.014969084
0.015080131
0.01471876
0.014144648
0.014184803
0.01413817
0.014012977
0.01384093
0.013985637
0.013726339
0.01400217
0.013776425
0.014285408
0.014476259
0.013909247
0.013728733
0.013896029
0.013764844
0.013336517
0.013308556
0.0134648485
0.013475369
0.01318624
0.013407213
0.013067898
0.013942321
0.014313442
0.013748899
0.013414045
0.013219487
0.013248391
0.012895174
0.01335019
0.013196737
0.012885922
0.012817201
0.012873039
0.012573914
0.013288326
0.0134534985
0.012652993
0.012697778
0.012617104
0.013106443
0.013027565
0.012209423
0.012726661
0.013250459
0.012718572
0.012078586
0.012419836
0.012327877
0.012223418
0.011892087
0.012276749
0.012185034
0.012043706
0.011897641
0.012218908
0.012310478
0.011613719
0.011845215
0.011811937
0.011868647
0.0117237745
0.011077222
0.011291679
0.011301543
0.01099306
0.011210412
0.011137267
0.011497956
0.011163284
0.010681267
0.010673222
0.010698956
0.010452334
0.01124566
0.011135928
0.010229636
0.010116756
0.010506681
0.010210165
0.010648082
0.010635571
0.010061637
0.010117942
0.0104052285
0.009818303
0.01046532
0.010657117
0.009595071
0.012708719
0.014062644
0.0122515345
0.010438626
0.010846249
0.011094463
0.010527052
0.0102822045
0.010449982
0.009882491
0.010152955
0.010451789
0.009909931
0.0096324915
0.009782482
0.009650118
0.009955565
0.0097622415
0.009766876
0.009510498
0.009588851
0.009511132
0.009508308
0.009379738
0.009193811
0.009142814
0.009280805
0.009109863
0.009283278
0.008955403
0.00913737
0.009126321
0.0088476585
0.008792799
0.008970733
0.008836885
0.008688147
0.008616187
0.008705077
0.00852101
0.008873776
0.0087467125
0.00838561
0.008311401
0.008508853
0.008431465
0.008386452
0.008256942
0.008376575
0.008283608
0.008211982
0.008091699
0.008279177
0.008189453
0.008064401
0.007947401
0.008127044
0.008019552
0.008078351
0.0079733925
0.007857245
0.007765738
0.008089838
0.0080098165
0.0076964013
0.0076748747
0.007834935
0.007674732
0.007904765
0.007900666
0.00753961
0.0075009796
0.0075726286
0.0075403675
0.007548923
0.00747858
0.0074731135
0.0074139447
0.007421145
0.0072822906
0.0077451803
0.0074932748
0.0077164047
0.0077504353
0.0072198645
0.0073097027
0.0074932873
0.007388061
0.0078028613
0.007880967
0.0076967874
0.0076553184
0.0074029844
0.0075054956
0.0075495914
0.0072989124
0.007319763
0.007317024
0.007203825
0.007245423
0.007067289
0.007335704
0.007386999
0.0071207513
0.00705654
0.0072533484
0.007250886
0.0069988393
0.0071146027
0.0069891065
0.0070711025
0.007145574
0.0068914364
0.007117165
0.007232167
0.006922582
0.0074381656
0.0073877336
0.0073852143
0.0073175
0.0071575507
0.007119667
0.007260321
0.0070298314
0.0072153746
0.0072397576
0.0072272955
0.0071006254
0.007031117
0.006954882
0.00712051
0.007008288
0.006921641
0.006857977
0.0070128203
0.006967559
0.007068126
0.0070561445
0.0069004283
0.006852401
0.006800443
0.006850781
0.0067675374
0.0067887246
0.006630651
0.006710419
0.0066477233
0.006575298
0.006615957
0.0065693124
0.006875237
0.0065852036
0.007239554
0.0074147494
0.0067560077
0.0072789527
0.00744212
0.006922545
0.0069879764
0.006977115
0.0067412816
0.0068136514
0.0068061054
0.0067975894
0.0067100856
0.0067085833
0.006772569
0.006588761
0.0066130743
0.0066153123
0.00647621
0.0068139774
0.006783865
0.0069514825
0.006870775
0.006693931
0.006724443
0.0065132636
0.0065290476
0.00649031
0.0065639224
0.0064141066
0.006826294
0.006873358
0.006416034
0.006560698
0.006633678
0.006331744
0.0066682026
0.006487027
0.006566712
0.0066338466
0.0067302226
0.0065513034
0.0064593987
0.0064658537
0.006366825
0.0063744034
0.0063593574
0.0063070976
0.006337069
0.0062198117
0.006331733
0.0062240288
0.00613564
0.006280175
0.0063997526
0.0061866846
0.0061823647
0.006305113
0.0061795204
0.0061886013
0.0061712037
0.0061406693
0.006048175
0.0063780607
0.0060948315
0.0071440204
0.0072594373
0.006249128
0.006896214
0.0072547668
0.00637163
0.00677868
0.0072934576
0.0064420565
0.0065425676
0.006943047
0.0063522025
0.006320294
0.0067063435
0.0062093004
0.006378094
0.0067215855
0.006181056
0.0061982083
0.0062493035
0.006043644
0.0060150106
0.0060911686
