0.28731623
0.053605836
0.06043182
0.032876436
0.031469468
0.025764262
0.024304837
0.025397256
0.023177927
0.021972602
0.022415524
0.021877022
0.021212852
0.021477312
0.021382203
0.020778103
0.021146169
0.021406889
0.020637669
0.0211576
0.021824526
0.020929724
0.020583427
0.020795513
0.020641873
0.020438043
0.020667931
0.020462742
0.020613298
0.020848239
0.020417118
0.020545987
0.020764679
0.020628663
0.020394303
0.020453664
0.020517426
0.020374233
0.02036901
0.020335482
0.020261476
0.020547254
0.020545444
0.020646935
0.02032845
0.02076205
0.020671181
0.020762973
0.020718586
0.020166835
0.020196317
0.020512762
0.020227408
0.020757215
0.020902729
0.02012725
0.020710869
0.020798001
0.02068863
0.020317184
0.020295355
0.020330163
0.020463854
0.020279922
0.020239986
0.020253317
0.020292347
0.020175897
0.02025285
0.020220438
0.020218218
0.020142658
0.020172399
0.020111717
0.020167924
0.020105358
0.020071944
0.020008782
0.020093923
0.020043219
0.01996584
0.019889584
0.020061394
0.020012157
0.019838898
0.019763509
0.01995083
0.01986379
0.019756125
0.019667855
0.019661477
0.019582013
0.01947552
0.019318866
0.019987704
0.019741645
0.019523604
0.019499682
0.019457163
0.019225376
0.019199321
0.018904222
0.018854642
0.01918743
0.019199623
0.01860679
0.018440206
0.018287925
0.018253071
0.01795421
0.017908186
0.018132202
0.017775865
0.018933428
0.018436896
0.01858688
0.01852082
0.01724965
0.017210405
0.017522898
0.017086262
0.017007882
0.017917156
0.01739514
0.016542373
0.01627572
0.015793782
0.01660298
0.016999686
0.015824368
0.01617504
0.01769386
0.016936846
0.015481594
0.01677711
0.018256499
0.017652385
0.017110305
0.016659884
0.016366577
0.01610753
0.015748713
0.016156511
0.015675241
0.015197687
0.015081011
0.015067279
0.015057293
0.015173954
0.014816723
0.015065938
0.014964257
0.014722146
0.014368367
0.014888809
0.01483842
0.014741141
0.014594533
0.014216703
0.014153074
0.0143647725
0.014081414
0.014355878
0.014267638
0.013945627
0.013795252
0.013966353
0.013776409
0.013815108
0.013805155
0.013427749
0.013263161
0.013965654
0.013917153
0.013234564
0.013266276
0.013246181
0.013013666
0.013468001
0.013203878
0.013652581
0.013462589
0.0130714625
0.012839611
0.013754631
0.013543715
0.0129482495
0.012955955
0.013144541
0.013049158
0.013136211
0.013109058
0.012770825
0.012729327
0.013051578
0.012906812
0.012860566
0.012803295
0.012870557
0.012669653
0.013072252
0.013028669
0.012561892
0.0125160245
0.012868485
0.012726456
0.012789793
0.012837728
0.012596597
0.01250093
0.012822739
0.01269402
0.0125362305
0.012527875
0.012606208
0.01249231
0.012757402
0.012682705
0.01247209
0.012432401
0.012522285
0.012436862
0.012690795
0.012595855
0.012590729
0.012508501
0.0125668
0.012299265
0.012844437
0.012680541
0.012397692
0.01239086
0.012439513
0.012356204
0.0125376
0.0125748115
0.012260082
0.012244131
0.012447707
0.012270222
0.012503204
0.012577511
0.012163751
0.012312095
0.012156721
0.012358512
0.012200636
0.012559935
0.012660172
0.012115496
0.012481931
0.012373912
0.012158439
0.012216489
0.012104564
0.012171884
0.012319443
0.012136083
0.012250709
0.012188825
0.012211614
0.012344911
0.01212097
0.012378623
0.012079329
0.012483248
0.012472344
0.0123820305
0.012256858
0.012283877
0.012671113
0.012797794
0.0123255
0.01254208
0.012602319
0.012230535
0.012175952
0.012159243
0.0120525835
0.0119836675
0.012113437
0.0120980255
0.012125769
0.011970338
0.0123152705
0.012414631
0.0118483305
0.012302081
0.011987157
0.012891136
0.013447429
0.012955241
0.01242835
0.012461963
0.012524347
0.012267269
0.012195022
0.012012985
0.012008709
0.012066643
0.011940777
0.011961761
0.01201789
0.012141001
0.011958609
0.011890088
0.012055385
0.011783303
0.012195182
0.012428962
0.012687241
0.012355726
0.012124994
0.011858348
0.012470022
0.012627165
0.012039798
0.01218988
0.012098514
0.01236802
0.012630838
0.012410033
0.012073365
0.011978496
0.011739605
0.011848014
0.011735633
0.011836399
0.011772841
0.011797543
0.011667582
0.0117728645
0.011806223
0.011721936
0.01166261
0.011545279
0.011573817
0.011749645
0.011623385
0.011721007
0.011543154
0.011939528
0.011988816
0.011499849
0.011734006
0.011678353
0.011485614
0.011683238
0.011684875
0.011409978
0.011713184
0.011391812
0.012245645
0.012617916
0.011961806
0.011930537
0.012236736
0.011924463
0.011531435
0.011641058
0.011737918
0.011488055
0.011719901
0.011618898
0.011307746
0.011485517
0.01129431
0.011239636
0.011256773
0.011271517
0.011137098
0.011344341
0.011295107
0.011376839
0.011292458
0.011110745
0.0110247135
0.011170737
0.011076696
0.0112128565
0.011253196
0.011044809
0.010958361
0.01108513
0.010937723
0.011091686
0.011087167
0.010923316
0.01091138
0.011080383
0.010938874
0.01081159
0.010908349
0.010724265
0.010860331
0.010974288
0.010634508
0.01162264
0.011421416
0.011597149
0.011692126
0.01089285
0.01129859
0.011227635
0.011024659
0.011062044
0.010986713
0.010833974
0.010829403
0.010605385
0.010835475
0.010678443
0.010942469
0.010750689
0.010775789
0.010698269
0.010510963
0.010728304
0.010717039
0.010566815
0.0103956545
0.010793085
0.010832247
0.010474824
0.010391743
0.010510783
0.010435947
0.0103309145
0.010390998
0.010251257
0.010230323
0.010176845
0.010328557
0.010173383
0.010353542
0.01021419
0.0103373965
0.010269334
0.010187404
0.010190349
0.010116621
0.00998856
0.01046018
0.010040032
0.010564801
0.010536206
0.009939113
0.010192375
0.010006796
0.010295696
0.010367098
0.00983705
0.01022895
0.01008175
0.009960953
0.009817056
0.009827229
0.009752235
0.009867676
0.009836048
0.009587944
0.009686299
0.009575188
0.0094832145
0.009920882
0.0100527145
0.009707379
0.009631204
0.009606305
0.009773582
0.009648499
0.009488433
0.009509262
0.009344042
0.010179895
0.0098827435
0.00989687
0.009717651
0.010480889
0.009902761
0.010017052
0.009912354
0.009881428
0.009965949
0.009786159
0.009847146
0.009827442
0.00973697
0.009334248
0.009340906
0.00943215
0.009218474
0.00929387
0.009384691
0.009070142
0.009601721
0.009679162
0.009489675
0.009457811
0.00921286
0.009228454
0.0094000045
0.009194818
0.009198296
0.009244262
0.009113471
0.008955511
0.0092939995
0.0092979865
0.009068348
0.00895743
0.009360832
0.009217225
0.009020907
0.009272254
0.009272051
0.008988518
0.009816966
0.009490296
0.01033821
0.010241388
0.009031915
0.0109768845
0.011725281
0.010826811
0.010491672
0.010069071
0.009613397
0.010688412
0.010517766
0.009678402
0.009831387
0.009763915
0.009635168
0.009820814
0.009113018
0.009560476
0.009601125
0.009094781
0.009706247
0.009912114
0.009327582
0.009332503
0.009220046
0.0093876645
0.009297365
0.00893313
0.00920597
0.009169223
0.009043549
0.008923238
0.009191179
0.0090435445
0.008892273
0.008952927
