0.28828642
0.043779716
0.076742075
0.06444408
0.027558938
0.028952293
0.03286589
0.027048966
0.022862608
0.023944208
0.025613822
0.023204712
0.021587731
0.022322655
0.02240721
0.021689085
0.021088846
0.021660214
0.020873284
0.021516124
0.021485597
0.021295613
0.020981932
0.020588554
0.020634824
0.020763263
0.020493947
0.02053854
0.020287493
0.020873358
0.021038912
0.020553475
0.020186262
0.020827873
0.02042296
0.02061706
0.020728989
0.01996717
0.020066716
0.020188322
0.019732827
0.020737244
0.020872721
0.019808678
0.020310406
0.020499669
0.019986348
0.019550763
0.019791313
0.019825255
0.019120876
0.019320672
0.01929293
0.019281343
0.019034898
0.018864797
0.018993331
0.018765518
0.01866348
0.018688545
0.018696392
0.018424599
0.01834168
0.018636322
0.01854746
0.01837592
0.017769745
0.018716058
0.01883847
0.018562071
0.018041397
0.017175443
0.017057687
0.017107377
0.017195635
0.016792439
0.01668827
0.016406797
0.016682187
0.016261414
0.016263576
0.015999785
0.015893862
0.015395556
0.016085045
0.015524886
0.0149828335
0.01507236
0.014727324
0.01450603
0.014651719
0.014344369
0.0139216855
0.01370518
0.013878207
0.013614326
0.013602596
0.013501565
0.01320139
0.013162554
0.013304231
0.013131271
0.013199371
0.01294482
0.012837824
0.012656773
0.012791966
0.012582931
0.012884542
0.012911514
0.012330438
0.012580872
0.012298666
0.012184504
0.012600801
0.012268524
0.012364157
0.012435432
0.012166108
0.012018721
0.011856005
0.012074371
0.011741755
0.0118019665
0.011776313
0.011477468
0.011732687
0.011537157
0.011615716
0.01188494
0.011766466
0.011460816
0.011496724
0.011496034
0.011282708
0.010959326
0.011657243
0.011345099
0.011085958
0.011121631
0.010875558
0.010741524
0.010665073
0.010547702
0.010597362
0.010572415
0.010324278
0.010323822
0.010556397
0.010387281
0.010550648
0.010250946
0.010405153
0.0104141245
0.010047256
0.010055852
0.010022967
0.009769475
0.010034389
0.009943731
0.009763325
0.009695961
0.009828315
0.009587176
0.0095682945
0.009402965
0.009470976
0.009588272
0.009206269
0.009914141
0.009579444
0.009445745
0.009337892
0.009150605
0.008976997
0.009316186
0.009205977
0.009146869
0.008845687
0.009219201
0.009242588
0.00852356
0.009232628
0.009286587
0.008698223
0.008741663
0.008944439
0.008541275
0.008636261
0.00832709
0.008685711
0.008415186
0.008378006
0.008409337
0.008203479
0.008349639
0.008070544
0.008304522
0.008213085
0.007914978
0.008232995
0.007738307
0.0089131
0.00916334
0.00769157
0.00903685
0.009930535
0.008740348
0.0076396205
0.008555461
0.008018435
0.008092203
0.008325294
0.0076279715
0.0076191253
0.007398389
0.007987198
0.007974465
0.0073913564
0.007700859
0.0077624605
0.007028719
0.008439567
0.008925633
0.00774591
0.008910908
0.009674736
0.007988378
0.008252957
0.008350742
0.0074792686
0.0077182627
0.008056222
0.007030642
0.0075233546
0.008089404
0.0074265753
0.0076148654
0.00789187
0.007258877
0.0076973327
0.0077946163
0.0074087842
0.0070682266
0.006934421
0.007607116
0.00704195
0.0077755325
0.0072740666
0.007822832
0.007995279
0.0070978454
0.007086614
0.0068101776
0.006888975
0.0066072047
0.0066315844
0.0067709633
0.006898901
0.0063603693
0.0072592185
0.007467767
0.0070338994
0.0071511013
0.0071885525
0.006713564
0.007025751
0.0070401207
0.0061754794
0.0074074087
0.0077807396
0.006889868
0.006760724
0.006561306
0.00661145
0.006677112
0.0063781696
0.0060523027
0.0062776
0.006187095
0.0061341263
0.0059042294
0.0062882304
0.005956007
0.008793727
0.009038979
0.0071423966
0.008219183
0.009053898
0.0077600144
0.0071769846
0.0072919712
0.0069415686
0.0073298304
0.0072549004
0.0069143535
0.00689228
0.0065029827
0.0063377544
0.006533949
0.00605142
0.0062517985
0.006489495
0.006020715
0.0064374493
0.0063275187
0.00589772
0.00620031
0.0059414613
0.0058521368
0.0059052967
0.0056897164
0.005572463
0.0056993626
0.0054272874
0.005903633
0.0057110502
0.005970324
0.0059588775
0.00554922
0.0055924305
0.005515425
0.0054860325
0.005296163
0.005543789
0.0053408407
0.005639314
0.005565638
0.005510679
0.0054541654
0.0055492274
0.0055947057
0.0054241573
0.005270855
0.0056174435
0.0053490954
0.005847261
0.005799593
0.0051705143
0.005363675
0.0052553355
0.005140353
0.005561445
0.005220668
0.0052247723
0.0054653194
0.0052377596
0.0050172615
0.005019727
0.004922734
0.0048807017
0.0048704892
0.00508756
0.004862058
0.004877873
0.0050475
0.004639819
0.005306641
0.004947543
0.005236762
0.0054174517
0.004770692
0.005145438
0.0048590056
0.0050244597
0.0055217384
0.0049866997
0.0050845216
0.005199577
0.0046088747
0.004945048
0.004882271
0.004697401
0.0048669465
0.0051029893
0.0052622817
0.0054293745
0.005301524
0.0047832113
0.005032196
0.0049470705
0.00481352
0.004950788
0.004559085
0.00500284
