0.28753072
0.058322523
0.058742825
0.036026217
0.027365357
0.026830137
0.024115385
0.02488398
0.02393394
0.022051863
0.023086837
0.02269391
0.021577403
0.022335812
0.022473453
0.021332419
0.02227594
0.023192525
0.02202204
0.021144383
0.021391535
0.021188281
0.02150465
0.021275355
0.021330504
0.020994402
0.020927342
0.020933298
0.02113323
0.020821089
0.02111131
0.021038413
0.02143387
0.02085255
0.021080172
0.021259265
0.020799005
0.020671133
0.020724261
0.020728918
0.020748459
0.020506924
0.021194048
0.02128095
0.020490965
0.020783769
0.020788046
0.020679945
0.020619148
0.020489544
0.020704422
0.020599267
0.02043824
0.02046787
0.020468736
0.020428222
0.020330178
0.020344598
0.020415656
0.020273454
0.020799907
0.02072955
0.020474467
0.020522527
0.020387596
0.020332387
0.02050028
0.020202935
0.020784864
0.020946661
0.020154834
0.021080382
0.021460539
0.02051487
0.021024073
0.021506608
0.020420784
0.020218756
0.020661235
0.020066319
0.019755533
0.019831417
0.019715985
0.019299021
0.019402482
0.019144451
0.018541697
0.018620333
0.018158661
0.018390289
0.017753817
0.018363819
0.018850189
0.017332422
0.017461227
0.016782345
0.016845956
0.016382845
0.016572306
0.01623276
0.015512106
0.015493083
0.015329595
0.015048829
0.015120727
0.014957151
0.015348646
0.014823727
0.01472303
0.014819092
0.014326594
0.01404272
0.01462884
0.014495189
0.014476412
0.0142615065
0.01373808
0.013576135
0.014420311
0.014365976
0.013516749
0.013487314
0.013512502
0.013367702
0.013709262
0.013491456
0.01364956
0.013659944
0.013215424
0.013047229
0.013558929
0.013602085
0.013378794
0.013203318
0.013074157
0.012952849
0.013385922
0.013412681
0.012986283
0.012877293
0.012874451
0.012801231
0.013103507
0.01297854
0.012993485
0.012843788
0.0127412975
0.0127168195
0.01288455
0.012766756
0.012589698
0.012546624
0.012665682
0.012544897
0.012601718
0.0125174895
0.012466063
0.012384196
0.012572617
0.01252808
0.012240441
0.012176367
0.012548871
0.012425081
0.01217027
0.012101047
0.012408979
0.012359056
0.012073153
0.012075095
0.012085182
0.012046735
0.012176655
0.012153112
0.011910684
0.012022805
0.01197378
0.012005411
0.012002371
0.012185144
0.011747693
0.011926331
0.011805392
0.012041189
0.0115502775
0.011508497
0.0117862495
0.011940956
0.011757168
0.011868159
0.011901252
0.011984282
0.01167566
0.011570481
0.011608484
0.011857368
0.011803903
0.011309694
0.011159256
0.011641473
0.011588155
0.012056944
0.012027522
0.0113013955
0.011428232
0.011538719
0.011444099
0.0113518005
0.011105067
0.011503252
0.01158683
0.011265808
0.011113487
0.0111119775
0.011149235
0.01134763
0.011083341
0.011405448
0.011342262
0.011264746
0.011039004
0.011348162
0.011297661
0.011056221
0.011028987
0.0111272335
0.0110543
0.010884573
0.010841704
0.011026944
0.010828923
0.011151408
0.010997292
0.010781705
0.010768924
0.010948072
0.010937568
0.010703306
0.010639598
0.010878142
0.010803419
0.010740519
0.010649239
0.010764487
0.010657619
0.010824367
0.010808021
0.010541331
0.010495737
0.0108475415
0.010766675
0.010493477
0.010410379
0.010860977
0.010762391
0.010469273
0.010391932
0.010716774
0.010558625
0.010542656
0.010471213
0.010606202
0.010545389
0.010462034
0.010466337
0.010423605
0.010322302
0.010506675
0.010458144
0.010368496
0.010276665
0.010478158
0.010342535
0.010394002
0.010293153
0.01041763
0.0103309965
0.010305597
0.010231804
0.010334335
0.010248343
0.010301865
0.010306861
0.010128117
0.010103167
0.010230053
0.01016984
0.010100599
0.010017532
0.010258012
0.010147498
0.010019157
0.009896333
0.010274493
0.010118402
0.009985075
0.009855786
0.010225589
0.010191776
0.009835724
0.009863016
0.009785407
0.009700082
0.010031765
0.009946831
0.009572766
0.009465703
0.00998103
0.009794142
0.009586233
0.009410588
0.009781617
0.009503552
0.009812097
0.009653327
0.00946546
0.0092970105
0.009815725
0.0097973915
0.009184278
0.009207887
0.009370068
0.009257236
0.009239189
0.009111856
0.009147889
0.008933181
0.009481656
0.009364228
0.008883781
0.008806548
0.009185382
0.009076841
0.009047616
0.008850366
0.009144387
0.008908208
0.008903791
0.008722941
0.008960679
0.00877032
0.008790724
0.008655309
0.008862152
0.008744152
0.008605576
0.008596939
0.008565154
0.0085442765
0.008422591
0.008247254
0.00858124
0.008420312
0.008301637
0.008164479
0.008561742
0.008385978
0.008224565
0.007925213
0.008678089
0.008259636
0.008259903
0.008009792
0.008579381
0.008481968
0.00799494
0.008084443
0.008046999
0.008055598
0.008006775
0.007955682
0.008003737
0.007887913
0.007929961
0.0077274777
0.007932403
0.0078111026
0.007695366
0.007591922
0.0077610905
0.0076431646
0.0077265953
0.007830084
0.0073714075
0.0075328574
0.007390497
0.008466968
0.0075932513
0.008418309
0.008721155
0.0077262335
0.0075353608
0.0074350717
0.007553561
0.008111118
0.0076457434
0.007078264
0.0076740333
0.007948625
0.0071455683
0.0075558587
0.0074050245
0.0068979585
0.0076980838
0.0075490945
0.007197924
0.0079685105
0.0076978137
0.008674593
0.008366103
0.0075075193
0.006628932
0.0105782775
0.011654799
0.007947923
0.009726952
0.010314144
0.0089439545
0.009780628
0.010170527
0.0078861825
0.0096380375
0.010926415
0.008657719
0.010746839
0.012222961
0.008833117
0.009165485
0.009763113
0.007695452
0.009422152
0.0117130065
0.009037142
0.008539061
0.009548574
0.008387018
0.007967416
0.008429692
0.0071935155
0.007901599
0.008349374
0.007250166
0.00698697
0.0071542882
0.0074121184
0.00692281
0.006841826
0.0068812557
0.006478989
0.0071640094
0.0075588278
0.007442309
0.006651768
0.007877794
0.0083549945
0.007914227
0.0074726683
0.0070056957
0.006676761
0.006429265
0.0063738525
0.006789221
0.006550336
0.006164897
0.006114151
0.0060069286
0.0067156567
0.006266059
0.006142573
0.006145969
0.0060455217
0.0062047592
0.0060925134
0.0057634157
0.0058023743
0.006544605
0.006090756
0.0057017547
0.006261587
0.0062117875
0.0064863437
0.0063439705
0.006752066
0.0057806876
0.006494727
0.006229347
0.0070245056
0.0063813794
0.0072166394
0.0075566857
0.0068058874
0.0071598142
0.0059701414
0.007514857
0.009965432
0.007839086
0.0081640715
0.009831085
0.0070743016
0.006889177
0.0074824165
0.006035741
0.0064240634
0.0063221105
0.0065488275
0.005962309
0.0059335954
0.005489472
0.006029191
0.005962532
0.0053061103
0.005695187
0.0057198186
0.0055679996
0.0051928316
0.0056455485
0.0054770373
0.005559631
0.0052458574
0.005411428
0.0051681846
0.005139961
0.005132366
0.005062405
0.005168727
0.0052177985
0.0054406445
0.005108752
0.005579228
0.0054360013
0.005511351
0.004956039
0.0055926084
0.004906863
0.0071781166
0.0075563737
0.0056556724
0.0067501594
0.006156869
0.005776947
0.0057967925
0.005473215
0.0054422203
0.005234172
0.0050605848
0.0055792704
0.005205354
0.005474835
0.005260408
0.005030787
0.0048468374
0.0055758185
0.0053628962
0.0048170835
0.0047914567
0.005321777
0.0051242104
0.0049061715
0.004827862
0.00493018
0.0047231284
0.0053513846
0.004954428
0.0051391083
0.004959337
0.004934242
0.004743948
0.0048307315
0.0044580325
0.00541566
