0.2877656
0.04709318
0.07256321
0.050391432
0.022119401
0.03677242
0.037496056
0.027760109
0.023277184
0.026487311
0.028335841
0.023962347
0.021105854
0.023710981
0.02422824
0.02180571
0.021221364
0.022678293
0.02200363
0.021111205
0.021179533
0.021164982
0.021282842
0.020817608
0.021056673
0.02139999
0.020647591
0.021760708
0.022498952
0.021765769
0.02104628
0.02105608
0.021115473
0.02131742
0.021092571
0.020405037
0.021172395
0.021445626
0.020618731
0.0208121
0.021057336
0.020597143
0.020891765
0.02076895
0.020389909
0.02082649
0.020481877
0.020442905
0.020594543
0.0202451
0.020728724
0.020557432
0.020467686
0.020504944
0.020252148
0.020208485
0.020364886
0.020058112
0.020595528
0.020408621
0.020340929
0.020267544
0.020019857
0.019975273
0.020343354
0.020124605
0.020627545
0.02023232
0.019951748
0.01988913
0.020524282
0.020443691
0.019818773
0.019841509
0.019809062
0.019751431
0.019912006
0.019737972
0.020269217
0.020404654
0.019660257
0.021380743
0.022825494
0.021347784
0.019622514
0.02159795
0.023709795
0.022969058
0.020534484
0.020510526
0.021909615
0.021393523
0.020167457
0.019767828
0.02036419
0.02015223
0.019572347
0.019783884
0.019497987
0.019535324
0.019582951
0.019143594
0.01895301
0.018810086
0.018725308
0.018317042
0.018762045
0.018563101
0.017749617
0.01764085
0.017510375
0.017277423
0.017200453
0.016927825
0.017108098
0.017040025
0.01681376
0.016452782
0.016965827
0.016618423
0.016330108
0.01630242
0.016122667
0.015942289
0.016450083
0.016242722
0.015965229
0.015927946
0.015738854
0.01555251
0.016040618
0.01599776
0.015523125
0.015494614
0.015446403
0.015228719
0.015589654
0.015536337
0.015139557
0.01503667
0.015229703
0.014947264
0.015150768
0.015138422
0.014702979
0.01464936
0.014829661
0.0145636415
0.014825988
0.014841826
0.014147437
0.0141245695
0.014105693
0.0138878
0.014353149
0.014373121
0.013661813
0.013617456
0.013575025
0.0134306075
0.013266627
0.013597802
0.013455838
0.013180889
0.013121405
0.013149845
0.012979485
0.012998454
0.012941246
0.012855273
0.012890293
0.012682684
0.012826064
0.01283624
0.012487866
0.012571859
0.012446809
0.01273415
0.012578298
0.012836679
0.012905017
0.012652612
0.012436475
0.012695133
0.012405597
0.012965289
0.013011725
0.012254868
0.012425043
0.012417354
0.01220252
0.012520048
0.0126435
0.0124401525
0.011956965
0.013154965
0.012992587
0.012150683
0.012297913
0.0122545315
0.012020367
0.012263057
0.012205444
0.012393072
0.0121399285
0.0121983
0.012146366
0.012056182
0.012029131
0.012133044
0.012116946
0.011731979
0.011656165
0.0122075975
0.012145705
0.011967148
0.011761025
0.012186542
0.0119727915
0.01205409
0.012262375
0.011683255
0.0116898
0.01194252
0.011727698
0.011746873
0.011724793
0.011857036
0.011592925
0.011883535
0.011860958
0.0115461275
0.011541963
0.011760832
0.011655184
0.011451635
0.011390078
0.011746876
0.011614193
0.011474471
0.01133433
0.011675534
0.011561495
0.011451356
0.011437752
0.011368647
0.011286263
0.011454319
0.011334683
0.011328932
0.011173916
0.011596362
0.011518021
0.011081773
0.011037222
0.011549428
0.011539509
0.010911928
0.010874723
0.011727254
0.0116118565
0.010957568
0.011157564
0.0110764345
0.01106742
0.011212277
0.01125856
0.010979004
0.010913696
0.011116479
0.010865624
0.011359267
0.011351359
0.010698694
0.010646589
0.011469525
0.01132717
0.010691599
0.0106665315
0.0111146895
0.010974933
0.010762773
0.010715113
0.010881747
0.010732467
0.010914348
0.010834967
0.010707964
0.010596904
0.0110123465
0.01098533
0.010524195
0.010471694
0.010978036
0.010908128
0.010498069
0.010401896
0.010976113
0.010785771
0.010556352
0.01050809
0.0107136415
0.010595198
0.0105616795
0.010510226
0.0106245885
0.01053305
0.010517615
0.010441559
0.010563304
0.010506361
0.0104735615
0.010401509
0.010465597
0.01039458
0.010478211
0.010414192
0.010388698
0.010299209
0.01051134
0.010463332
0.01026855
0.010195394
0.0104264235
0.010299024
0.010319189
0.010217008
0.010354942
0.010227772
0.010318693
0.010241721
0.01023168
0.010134559
0.010288984
0.010196199
0.010161437
0.010053515
0.010300043
0.010208267
0.010074417
0.010017913
0.010260609
0.010150104
0.0100423945
0.010185014
0.009995505
0.009906433
0.010509845
0.010428921
0.009926585
0.010500252
0.009936727
0.011324458
0.011042531
0.010530065
0.010245341
0.010742131
0.01000271
0.01117109
0.010865588
0.00993882
0.009752155
0.009954355
0.0096779065
0.010753217
0.01102674
0.00999063
0.010190163
0.010270319
0.01020474
0.0099076545
0.009932916
0.010003285
0.009865962
0.009697939
0.00959494
0.010304372
0.010087986
0.010235195
0.009921704
0.009891727
0.009626975
0.009819671
0.009457921
0.010002577
0.009751541
0.01006322
0.010360796
0.009604611
0.009862157
0.009489
0.009854483
0.009441266
0.009994064
0.009662132
0.009668459
0.009728172
0.009242738
0.009454207
0.0093632
0.009149757
0.009493706
0.009278395
0.009434861
0.009579831
0.009035326
0.009498273
0.009307462
0.009130861
0.009104117
0.008884255
0.010042925
0.009844613
0.00907863
0.009226258
0.0090627475
0.008875039
0.009303226
0.008982572
0.009477969
0.009841408
0.008921591
0.009310111
0.009056778
0.009076954
0.008797598
0.009019545
0.008551083
0.009973697
0.01007555
0.008883829
0.009214965
0.009387023
0.00903575
0.008976859
0.009088683
0.008719954
0.008552741
0.009122045
0.009013713
0.008608832
0.008625097
0.008715663
0.008485747
0.008725464
0.008525286
0.008838936
0.008711287
0.008533035
0.008427652
0.008721576
0.008674196
0.008417091
0.008370227
0.008703689
0.008456235
0.00842621
0.008276234
0.008641585
0.008518011
0.008439018
0.008299466
0.008590992
0.008556607
0.008245493
0.008301973
0.008319218
0.008239034
0.008369887
0.008259289
0.008318958
0.00816382
0.008423063
0.008287597
0.008289824
0.0082307225
0.008208356
0.008146546
0.008226942
0.008205816
0.008182462
0.008053287
0.008268435
0.0081633525
0.008063692
0.008013205
0.008127954
0.008055356
0.008023342
0.007927393
0.008163982
0.008054041
0.008018889
0.007954866
0.008001643
0.00790732
0.008201044
0.008145038
0.007855187
0.007824619
0.007969084
0.007824525
0.008190169
0.008252463
0.007697159
0.007935133
0.0077424278
0.00832007
0.007868685
0.008108023
0.008187339
0.007894994
0.008028436
0.008138323
0.00793193
0.008108736
0.0081159165
0.007679697
0.007895797
0.0077742045
0.0076178536
0.007948887
0.0077240667
0.007999296
0.008211038
0.00771114
0.008469363
0.008447312
0.007878048
0.00810122
0.007927203
0.007861979
0.00811614
0.0076647867
0.008956008
0.0091105485
0.008281156
0.008104773
0.008614592
0.008548694
0.007623064
0.008051056
0.007743413
0.007851265
0.008092146
0.0077563324
0.0076280856
0.008077781
0.008050613
0.0077516087
0.007886275
0.007624058
0.0076695825
0.0076285135
0.0074932934
0.008020516
0.0076748803
0.008397539
0.008165055
0.0078119016
0.008030641
0.007887945
0.0077723265
0.00781671
0.007499035
0.0075841746
0.0074906033
0.007467399
0.0075519644
0.0074299206
0.0077581797
0.007695192
0.007542291
0.0074083023
0.007561086
0.007297152
0.007893889
0.007671123
0.0076754917
0.0075055105
0.0077366033
0.0075796233
0.007650867
0.0074428045
