0.2877554
0.060513403
0.06795538
0.036628246
0.027693346
0.027411675
0.022344546
0.026031077
0.025335742
0.021558642
0.023777442
0.024276743
0.022254603
0.021774435
0.022150887
0.022098655
0.021108061
0.021442065
0.021787763
0.020639407
0.021530265
0.02220804
0.020768022
0.020391041
0.020827381
0.02016496
0.020106463
0.020386444
0.019662179
0.020342916
0.020883858
0.020060422
0.01946316
0.020285308
0.020194186
0.01954917
0.019400233
0.019456586
0.019317063
0.0189336
0.019280136
0.019442894
0.018720167
0.01910165
0.019112937
0.018876987
0.018467441
0.01853731
0.018217457
0.018544339
0.018133702
0.017545188
0.017374506
0.017627088
0.017312696
0.016828662
0.016460747
0.016880654
0.016615333
0.016242068
0.01607614
0.015899932
0.015689837
0.01607911
0.015852407
0.015586007
0.015456363
0.015586422
0.015508413
0.015291949
0.015157402
0.015558511
0.01550896
0.0149814645
0.0149711715
0.015083034
0.014842294
0.015657468
0.015804438
0.014718871
0.016754203
0.01873175
0.017218182
0.014830448
0.016729975
0.019463295
0.018691426
0.015855465
0.015181775
0.016067142
0.015719505
0.014738285
0.015143235
0.015695872
0.01517158
0.014789718
0.014839821
0.0148206875
0.0147142885
0.014611588
0.01465033
0.01460049
0.014298382
0.01478837
0.014869936
0.014412314
0.014365285
0.0144277
0.014168481
0.014337406
0.0142207295
0.014124426
0.014177023
0.01413843
0.014004919
0.014195867
0.014126249
0.014012982
0.014013529
0.0139493225
0.013962046
0.013878425
0.013932936
0.01379538
0.0138946725
0.013820491
0.01379767
0.013753504
0.013787215
0.013735195
0.013692995
0.01364714
0.013725024
0.013706551
0.01354571
0.01366054
0.0134830875
0.013547241
0.013492073
0.013461384
0.013519523
0.0133670075
0.013573103
0.013362265
0.01421706
0.014693732
0.014238429
0.013680841
0.01382418
0.013774618
0.013662513
0.013656809
0.013591573
0.013343205
0.013529043
0.013590403
0.013360195
0.013443747
0.013502092
0.013394106
0.013320216
0.013331561
0.0132288905
0.013325076
0.013285997
0.013148735
0.013659491
0.0135914795
0.013523658
0.01345463
0.013208623
0.013202715
0.013416588
0.01316724
0.013695236
0.013806846
0.013220797
0.013395906
0.013243947
0.013683632
0.013662293
0.01323304
0.01311295
0.013321032
0.013226594
0.013285699
0.013211819
0.01322299
0.013161392
0.013072752
0.013185274
0.013110873
0.013153378
0.013172136
0.01310705
0.013268652
0.013258818
0.013170826
0.013047899
0.013260934
0.013048594
0.0134116085
0.013432257
0.01318762
0.013126369
0.012968228
0.012918522
0.012884587
0.012907836
0.012984991
0.012854129
0.0132176755
0.013132903
0.013242781
0.013255565
0.012932976
0.012893401
0.012936309
0.012857494
0.013152733
0.013170957
0.012864885
0.012807742
0.012870956
0.012760703
0.013071748
0.013090867
0.012923819
0.012901529
0.012757212
0.01270996
0.0128134815
0.01276581
0.012837942
0.0127220405
0.012818754
0.012787561
0.012658027
0.012625344
0.012776561
0.012721221
0.0126334755
0.012541863
0.012774095
0.012722787
0.012615961
0.012546662
0.012582225
0.01255715
0.012580238
0.012500651
0.012622203
0.012588541
0.012467544
0.012438405
0.012463232
0.012410463
0.012515458
0.012443771
0.012423451
0.012369947
0.0124450615
0.012415752
0.012335561
0.012291272
0.012369882
0.012324054
0.012316269
0.012259144
0.012336514
0.012295025
0.0122601865
0.012226359
0.012264968
0.012219198
0.01223543
0.012179102
0.012257707
0.0122293355
0.01214967
0.01211258
0.01224938
0.012206349
0.01210012
0.012065899
0.012250588
0.012207009
0.012063106
0.012020518
0.012217824
0.012146513
0.012078948
0.012031195
0.012135559
0.012033357
0.012134403
0.012109198
0.011988483
0.01196776
0.012173474
0.012145692
0.011999346
0.011966795
0.012117222
0.012002927
0.012019333
0.011974421
0.012002368
0.011927567
0.012023695
0.011900636
0.012132655
0.012006017
0.011895604
0.011827414
0.012075174
0.012060486
0.011823773
0.01182552
0.012124789
0.012256433
0.011843449
0.011878925
0.011965883
0.011724531
0.012158292
0.012269531
0.011824831
0.011954348
0.012365948
0.011914071
0.011785339
0.011853911
0.0117057795
0.011726585
0.011719781
0.011604044
0.01165806
0.0115989745
0.011573824
0.011568771
0.011471793
0.011622642
0.011542551
0.01161129
0.011782481
0.011921011
0.011715654
0.011357911
0.011404921
0.011413094
0.011293822
0.011461747
0.011516462
0.0113793565
0.011234325
0.011319687
0.011245244
0.011478294
0.011380878
0.011145492
0.011137393
0.011177581
0.011088197
0.011206084
0.0110924095
0.011105058
0.011034605
0.011083146
0.011075352
0.01093809
0.010884065
0.01099077
0.010830124
0.011061552
0.011077364
0.010746009
0.010745156
0.010861248
0.010731024
0.011025984
0.011046179
0.010574187
0.010726037
0.010673821
0.0105538415
0.010640451
0.010488699
0.011189987
0.011384753
0.010735019
0.0108609395
0.010696128
0.0108841015
0.0108803855
0.010336424
0.010885094
0.010921503
0.010434472
0.010446885
0.010325398
0.010360836
0.010185633
0.010065156
0.010142553
0.010042653
0.009977843
0.010028556
0.010037216
0.009988527
0.010023818
0.009820212
0.009795
0.0096622845
0.009647882
0.009553109
0.009821743
0.009872464
0.009698637
0.009452175
0.009615714
0.009426269
0.0094930185
0.009398897
0.009665242
0.009282428
0.009523121
0.00935747
0.009142919
0.009132665
0.009302765
0.009350449
0.008977157
0.00901867
0.00887626
0.008778471
0.009025256
0.008951418
0.008843738
0.008689717
0.008748182
0.008652959
0.008761344
0.008677657
0.008617563
0.008461519
0.008505892
0.008290178
0.008788572
0.008708692
0.008128166
0.008051516
0.00853053
0.008326352
0.008395995
0.008388199
0.008157256
0.007990382
0.008238014
0.00792525
0.008397092
0.008405969
0.008018885
0.008461089
0.008030963
0.007938634
0.008034746
0.008098994
0.0077105574
0.007897972
0.0075457804
0.007746505
0.0076661906
0.0076143965
0.007451946
0.0077251443
0.0076070596
0.0074497997
0.0077947625
0.007213635
0.007949091
0.008076554
0.007638486
0.007463557
0.007533267
0.0074379034
0.0071964883
0.0074736476
0.007071618
0.007382933
0.00735507
0.00751627
0.0075319163
0.0071002045
0.007139797
0.00704127
0.0070188665
0.0070204833
0.006857373
0.007505745
0.007553002
0.0069772215
0.0070989705
0.007160285
0.0067380555
0.0073707434
0.0071458616
0.0072868783
0.0069786035
0.007426986
0.006986968
0.007287871
0.007021067
0.0072011887
0.0071093743
0.0067917616
0.0066577145
0.0069999546
0.0069923014
0.006573031
0.006918443
0.0065742987
0.007019849
0.0071872342
0.007196314
0.006851775
0.006967398
0.0071619353
0.006710624
0.006664975
0.006660747
0.0066064554
0.0064794347
0.0063631064
0.0064817914
0.0063904114
0.006304557
0.0065862252
0.0065218
0.0063470304
0.006238159
0.006399751
0.006193588
0.0061300173
0.0064240284
0.0063703903
0.006472836
0.006474382
0.0064339438
0.006436425
0.0063426755
0.006631387
0.0059390143
0.006468388
0.0061625033
0.006640728
0.006714621
0.0061297915
0.006399097
0.0060202726
0.006102059
0.0059413477
0.0058155046
0.0058482178
0.0059405863
0.005638786
0.006060779
0.005925162
0.006368365
0.0061729453
0.005772434
0.00574694
0.00580999
0.0056779906
0.0060112984
0.0058215517
0.005707609
0.005608531
0.005756071
0.0057076537
0.0056047565
0.0055201775
