0.2893281
0.055116344
0.06210032
0.0372975
0.026244104
0.027118877
0.024236837
0.025531217
0.024797924
0.02315099
0.023531988
0.023183158
0.022842243
0.022770854
0.022660285
0.022470715
0.022359781
0.022380188
0.02221107
0.022150397
0.022081057
0.021919588
0.021881362
0.021742428
0.02154996
0.021450743
0.021374933
0.021213902
0.020750929
0.02161166
0.021031776
0.020330528
0.020171335
0.020137357
0.019835427
0.02023664
0.020083236
0.01956923
0.019500256
0.019262964
0.01904156
0.018887235
0.01873369
0.018472128
0.018649846
0.018073972
0.019731328
0.02007746
0.017692829
0.020173771
0.021967486
0.019737428
0.017800022
0.01856281
0.018722031
0.01806579
0.01766739
0.01798089
0.017991124
0.017235072
0.017801024
0.018207802
0.01726779
0.01731989
0.017838007
0.0171045
0.016946832
0.017176302
0.016655818
0.017192682
0.017607285
0.016764017
0.016546048
0.016839683
0.016376892
0.016207127
0.01618318
0.01584172
0.016493253
0.016589858
0.015707461
0.015526957
0.015264809
0.015327682
0.014806005
0.014757611
0.014752294
0.014507405
0.014158632
0.013814782
0.013965957
0.013624576
0.013767511
0.013943152
0.013116903
0.014961988
0.015443474
0.014619537
0.0136490045
0.013594429
0.013990066
0.01352477
0.012811661
0.013248258
0.013151224
0.013105787
0.012693771
0.012716231
0.012985912
0.01282082
0.013047363
0.012598102
0.012774947
0.012784722
0.012258713
0.012159829
0.012107453
0.011945381
0.012480465
0.012356676
0.012053478
0.012037019
0.011719362
0.011601403
0.011799729
0.01163581
0.012141096
0.01227397
0.011550101
0.011844144
0.01212958
0.011895726
0.011337537
0.011737485
0.011651368
0.011089676
0.011274997
0.011194791
0.01098309
0.01095553
0.010849717
0.010784467
0.010733303
0.010705512
0.010575724
0.010492414
0.0104002915
0.010382981
0.010191153
0.01019361
0.010055971
0.010095106
0.010015748
0.009802099
0.009949922
0.009732265
0.0099087795
0.009813078
0.010020806
0.0097564785
0.009393423
0.009361061
0.009446924
0.009247647
0.009589876
0.00943214
0.009293365
0.009140885
0.009263662
0.009134184
0.009148815
0.009019874
0.009106669
0.008978853
0.00891672
0.008842192
0.008967612
0.008901421
0.008799806
0.008736782
0.0087158475
0.008741881
0.008603741
0.008580976
0.008632443
0.008574593
0.008533075
0.008584353
0.008356001
0.008484851
0.008295583
0.008303353
0.008255977
0.008222642
0.008213229
0.008060772
0.008469668
0.008310673
0.008051478
0.00795831
0.00805447
0.007856055
0.008120014
0.007982674
0.0077741533
0.007677388
0.0077940393
0.007606355
0.00786855
0.0078106914
0.0074811657
0.007843344
0.0077554896
0.0072876737
0.0072433893
0.007865148
0.0075884946
0.0073898225
0.0074150884
0.007205567
0.00727622
0.007012481
0.007130435
0.0070821955
0.0068691024
0.0068044965
0.0067517483
0.0066466685
0.006743075
0.006569604
0.007012976
0.0070927613
0.0064847027
0.0066492693
0.0064891614
0.0063893385
0.0063103177
0.0063546523
0.0063397847
0.0060394793
0.0061975946
0.0058499067
0.0062489086
0.0060697594
0.0060128984
0.0057692123
0.0061110556
0.0058991387
0.00573503
0.0056567867
0.0057752742
0.0056995074
0.005444791
0.0053915773
0.0054470296
0.005200139
0.0055097397
0.0053958814
0.005037274
0.0050187046
0.0049605407
0.004913798
0.005185965
0.0051287636
0.0046770107
0.004652237
0.0047986996
0.0045613567
0.0052035935
0.00518731
0.004723779
0.0052652513
0.005079299
0.0051778965
0.005353872
0.004648508
0.0052127857
0.0057097524
0.0049579903
0.004787457
0.004908101
0.004582027
0.0045143217
0.0044317194
0.0043043294
0.004488806
0.0042694355
0.0046329447
0.0045115626
0.004808225
0.0048929793
0.0041553867
0.0045597306
0.004536392
0.0040548495
0.0042661317
0.0038286888
0.004675495
0.004970539
0.0042685135
0.004170235
0.004477198
0.0039692116
0.004660461
0.004825126
0.0043526213
0.0043061115
0.0044089165
0.0042111226
0.003924145
0.0037265134
0.004027631
0.0037559804
0.0039303117
0.00394601
0.0038045754
0.0037709707
0.0037064862
0.0035470482
0.0039894017
0.0038406448
0.0035630364
0.003415318
0.003801145
0.0035897724
0.0034835143
0.003410359
0.0035755115
0.0033524006
0.0038113736
0.003954331
0.0032078568
0.0034351833
0.0033666436
0.00344636
0.0033821668
0.0034861807
0.0033669842
0.0034500845
0.003407741
0.0029910386
0.0031360632
0.002989116
0.002958289
0.0028902695
0.002885915
0.0031498664
0.0029606726
0.0030035053
0.0028845537
0.0031126186
0.003005495
0.0030318089
0.0028705818
0.003304556
0.0029272202
0.0034139417
0.0035072833
0.0028424847
0.0029747116
0.002933434
0.002890312
0.0027909763
0.002978747
0.0028753423
0.0030556442
0.0027981482
0.0031118968
0.0030443154
0.0027867
0.0028251132
0.002719904
0.002843706
0.0025972212
0.0031565474
0.0029875515
0.0028966833
0.0028521668
0.0028275538
0.0026763396
0.0026315402
0.0026280303
0.002482097
0.0023718087
0.0026617919
0.0025593902
0.0027991235
0.0027974423
0.0027854668
0.0027592247
0.0027670686
0.002471437
0.0026814367
0.0026226116
0.0025455677
0.0026860123
0.0025654135
0.0024551072
0.0024654993
0.0024457388
0.0025222807
0.0023672206
0.0026933467
0.0027114844
0.0024051948
0.0024433963
0.0024590106
0.002360435
0.0024328704
0.0023164146
0.0025496457
0.0024535044
0.0023319554
0.0022761647
0.0022460094
0.0021997078
0.0022581427
0.0023116115
0.0020538797
0.0024581635
0.002166638
0.0023886974
0.002431043
0.0023564165
0.002156445
0.0026558957
0.0025493645
0.002095378
0.0021265491
0.0022039665
0.0020300096
0.0026320808
0.0027024967
0.0021712242
0.0025330517
0.0024347825
0.0022464467
0.002261325
0.0022319758
0.002083657
0.0021990486
0.0021416228
0.0020307067
0.001961902
0.0022094361
0.0021232395
0.002037856
0.0019732805
0.0022945895
0.0021690924
0.0022577406
0.00249276
0.0019252921
0.0025031085
0.002764654
0.0020161106
0.002950108
0.003387412
0.002562414
0.0027534554
0.0029078992
0.0024066714
0.0024533134
0.002529655
0.0021653825
0.002348514
0.0024034828
0.002093965
0.0022085002
0.0023038127
0.0023019575
0.0020741797
0.00204009
0.002174339
0.0020695284
0.0020280823
0.0018053752
0.0022906465
0.0022281928
0.00202121
0.0022330612
0.0020235332
0.0020842461
0.0024160817
0.0020099757
0.0020303528
0.0020348707
0.002041553
0.0020418833
0.0019278225
0.0018344348
0.002106521
0.0019998574
0.0018810742
0.0019830586
0.0019814738
0.0017380406
0.0020443203
0.002102728
0.0018211027
0.0023190624
0.0023770267
0.0027345212
0.002361159
0.002078946
0.0021081073
0.002449008
0.0022990804
