0.2876124
0.055456396
0.06234382
0.036623772
0.026660057
0.026936581
0.024243936
0.023687214
0.02372633
0.022253811
0.022237087
0.022381015
0.021550959
0.021544928
0.021607421
0.021047262
0.021420896
0.021621624
0.020787977
0.021644836
0.022438593
0.021481218
0.020701109
0.021221647
0.021264477
0.021029398
0.02054412
0.020584598
0.020483358
0.020233432
0.020888453
0.020509986
0.020682894
0.020415565
0.020033283
0.019942502
0.019804543
0.019421538
0.020239646
0.020264147
0.019064471
0.01941698
0.019150354
0.018985804
0.018874286
0.01828602
0.018457593
0.018308708
0.017857887
0.017643385
0.01744225
0.017210817
0.01683657
0.016558805
0.016489364
0.016197197
0.016174117
0.016074238
0.016331809
0.016303666
0.016051715
0.015635923
0.015942864
0.015807966
0.015302318
0.015157975
0.015200201
0.0150741665
0.015211108
0.015237321
0.015032274
0.01496169
0.014888428
0.014802262
0.014862423
0.014772403
0.014793643
0.01465204
0.014578298
0.0145086525
0.014641861
0.014596115
0.0143827675
0.014297572
0.014591537
0.014452677
0.014333249
0.0143282
0.014277046
0.014186107
0.0144295795
0.014373644
0.014185007
0.014117547
0.0143573405
0.014262396
0.014160267
0.014166276
0.014084092
0.014030885
0.014152959
0.014075123
0.014072642
0.013987991
0.014154618
0.014097621
0.013955937
0.013942492
0.013989228
0.013926153
0.013957474
0.01390751
0.0139075415
0.013833205
0.013969873
0.01390972
0.013810459
0.013762896
0.013895412
0.013839338
0.013721147
0.013668958
0.013831571
0.013774149
0.013640039
0.013594809
0.013721722
0.013626148
0.013630785
0.013620692
0.013454075
0.013392683
0.013543575
0.013454807
0.013283089
0.013217625
0.013280953
0.013171707
0.013138731
0.013056076
0.01308788
0.013032667
0.012935859
0.012859602
0.0130292205
0.012961964
0.01283842
0.012797701
0.012857418
0.012739454
0.012925766
0.012814616
0.012798523
0.012737222
0.012711977
0.012644666
0.012862422
0.01267394
0.0127771525
0.012664735
0.012608669
0.012597159
0.012510084
0.012468922
0.012695494
0.012529813
0.012696978
0.012503252
0.012636322
0.012426973
0.01269813
0.01243037
0.012529437
0.012412992
0.012441118
0.012399265
0.012341034
0.012411182
0.012244445
0.012392529
0.012205009
0.012281836
0.012149841
0.012292832
0.012135699
0.012447474
0.01249243
0.012204897
0.012154497
0.012269122
0.012022838
0.012277481
0.012335554
0.011845271
0.011968836
0.0119778635
0.011895356
0.0122316405
0.012324599
0.011791568
0.012075287
0.012016182
0.011975619
0.012030899
0.011908335
0.011896732
0.011759999
0.011735931
0.011546102
0.011485558
0.011649984
0.011555777
0.01152371
0.011458968
0.011441526
0.011357094
0.011427437
0.011355143
0.011351584
0.01125484
0.011214928
0.011160248
0.011075709
0.011175419
0.011115044
0.010927063
0.011111859
0.01091629
0.010863069
0.010772452
0.010730437
0.010592231
0.0108180195
0.010861218
0.010484018
0.010961015
0.010467402
0.010690031
0.010755601
0.010634576
0.0101804985
0.010216372
0.01022862
0.009934458
0.010338468
0.010328745
0.0100434655
0.009844821
0.010039561
0.009844273
0.009617025
0.009848227
0.00949376
0.00961923
0.009603304
0.009426646
0.009171507
0.009407385
0.009332703
0.009228966
0.009196069
0.009083435
0.009747573
0.0090581225
0.009571282
0.009503473
0.00940458
0.00885848
0.0099252155
0.010290412
0.0088222055
0.009430456
0.009762496
0.009438877
0.008728154
0.010118135
0.010469052
0.009664121
0.009200177
0.008771653
0.008815969
0.008367703
0.008409155
0.008304112
0.0081867995
0.008167689
0.008221472
0.008358652
0.008010543
0.007958251
0.008092594
0.00789249
0.008122602
0.0075928257
0.008152685
0.0077881403
0.008181625
0.007700751
0.007754158
0.0074302056
0.008722766
0.009066724
0.008111543
0.007762101
0.008152275
0.007460574
0.008303837
0.008552086
0.0076752077
0.007439205
0.008194004
0.007841058
0.0074627534
0.00742525
0.0074326326
0.0069915764
0.0075329547
0.007394602
0.007950799
0.007488051
0.007884256
0.007961103
0.0070051327
0.007116874
0.0072454023
0.007001426
0.0074479445
0.0074113985
0.007258113
0.007104916
0.007039293
0.006943839
0.007367786
0.0071648043
0.0067611127
0.0067319237
0.00701802
0.0067997337
0.0067618587
0.006666876
0.0068889097
0.00667049
0.0068899454
0.0068628504
0.00650035
0.0064169634
0.006788254
0.0066077416
0.0066577275
0.006533965
0.0064714532
0.006345959
0.006658515
0.006546229
0.0063614883
0.006209938
0.006667303
0.0065439087
0.00624671
0.006175015
0.0064773615
0.006328631
0.006250769
0.006206947
0.006198803
0.00609043
0.006289143
0.0061834995
0.006108884
0.0060252547
0.00620218
0.0060701366
0.0060423785
0.0059422604
0.006152225
0.0060871686
0.005888836
0.0058342568
0.0060598627
0.0059507117
0.0058244355
0.005729402
0.0060409904
0.0059621693
0.005708506
0.005704001
0.005805114
0.005627477
0.0060731503
0.0059758746
0.005571131
0.005616445
0.00551046
0.0053730956
0.006035246
0.005760728
0.0056480058
0.005533458
0.0056119785
0.005504962
0.005494848
0.005454836
0.00538547
0.0052542477
0.0056795697
0.0055351886
0.005362268
0.0053069913
0.0053833537
0.0052738725
0.005370378
0.0052409577
0.005331475
0.0052904934
0.005245466
0.005189964
0.0051982035
0.005144246
0.005159251
0.0052038035
0.00500334
0.0050710025
0.00504583
0.0052993647
0.004904441
0.0052840635
0.004972574
0.0056134076
0.0052937805
0.0057364763
0.005578215
0.0054239654
0.005465762
0.0053761266
0.005262135
0.0052267364
0.0055486076
0.005366281
0.005124017
0.0050414177
0.0051291995
0.0048802537
0.005226062
0.004956047
0.005147666
0.0051855785
0.005011828
0.005212929
0.0048251334
0.005831551
0.005812423
0.0052402318
0.005100072
0.005167915
0.0050027478
0.004807055
0.0053256364
0.0049198745
0.005639627
0.0057729813
0.0050768745
0.005154045
0.0056054345
0.0052117663
0.0054283277
0.005567091
0.0052824565
0.0048103896
0.005138584
0.005139892
0.005243778
0.0048104203
0.005718492
0.0054734214
0.004983498
0.0051061013
0.005047252
0.0048065786
0.004810913
0.0050571393
0.0048428862
0.004800892
0.004639339
0.0047324286
0.0048136036
0.004713177
0.004964033
0.004651407
0.0052449517
0.0048814546
0.0050433488
0.0050595882
0.0047607347
0.0046077627
0.0047329585
0.004567368
0.004851879
0.004645861
0.0048022238
0.004852743
0.0046677515
0.0043862667
0.004521541
0.00461203
0.0044412147
0.004450051
0.0045760027
0.0042530484
0.005184412
0.004996516
0.004730617
0.004773525
0.0046023084
0.004343971
0.0050115
0.0048252163
0.0049909805
0.004889203
0.00448985
0.00450951
0.004476246
0.004308194
0.0046364153
0.0044657663
