0.2868465
0.054561052
0.0608722
0.03419758
0.026199684
0.025495166
0.022203887
0.023118278
0.021778623
0.021826155
0.021430828
0.020785697
0.020864258
0.020373106
0.020513682
0.020302692
0.019968087
0.020062778
0.019722369
0.019912504
0.019990899
0.019234508
0.020860186
0.021774994
0.020457856
0.019404283
0.020130314
0.019935394
0.019719904
0.019406768
0.01887053
0.019012434
0.018934527
0.018846847
0.018719424
0.018864196
0.018904334
0.018386232
0.019010438
0.019006511
0.018237734
0.018260559
0.017986706
0.018368965
0.018149389
0.017987521
0.017969782
0.017571572
0.017899644
0.01763477
0.017419977
0.01728701
0.01710598
0.017104013
0.016774377
0.017041365
0.01645094
0.018021846
0.018125376
0.016129883
0.017116046
0.017754681
0.016516373
0.016106049
0.01658728
0.016024651
0.015572666
0.015743194
0.015296012
0.016302269
0.01634864
0.015057813
0.017943026
0.02032047
0.018297115
0.015363668
0.017237328
0.019978682
0.019075146
0.016003365
0.015417948
0.017032968
0.01662117
0.01492812
0.016667617
0.018797062
0.017645529
0.015179628
0.015836367
0.017716011
0.017234443
0.015311333
0.015173473
0.016281849
0.015796557
0.014616884
0.016019892
0.01768719
0.01711533
0.015228686
0.014811565
0.015581235
0.015223536
0.014535993
0.015207884
0.015780164
0.015245438
0.014777814
0.015152744
0.014878016
0.014806424
0.014673491
0.014725074
0.014414355
0.014714852
0.014529179
0.015331243
0.015096252
0.014705447
0.014734913
0.0140463635
0.014729105
0.014464202
0.014489417
0.014459048
0.014050386
0.013995939
0.014480196
0.014376764
0.014074962
0.013968474
0.014394981
0.014365009
0.013997205
0.013986628
0.013950359
0.013863082
0.014314536
0.0141284345
0.01399526
0.014033771
0.013897228
0.013793516
0.01415106
0.014141603
0.013814852
0.013722186
0.014136386
0.014131832
0.013900769
0.013862592
0.013766415
0.013677723
0.014063817
0.013972287
0.013763547
0.013674923
0.013873835
0.01384404
0.013782878
0.013726677
0.013696064
0.013570088
0.013973422
0.014049214
0.013536632
0.013615005
0.013640359
0.013562401
0.013781883
0.013559055
0.013782687
0.013771308
0.013562001
0.01346976
0.013660713
0.013648714
0.013552648
0.013530894
0.0135827735
0.013421722
0.013580007
0.013602068
0.013421297
0.013355766
0.01356446
0.013506003
0.013322371
0.013274513
0.013593626
0.013376218
0.013495266
0.013527046
0.013337714
0.013275634
0.01346298
0.013407518
0.013351503
0.013234478
0.013567045
0.013390246
0.0133175505
0.013333374
0.013282062
0.013175017
0.013265024
0.013236503
0.013193853
0.013118991
0.01330723
0.013099089
0.013266918
0.01341154
0.013020694
0.013021628
0.013033907
0.012911369
0.01327968
0.013302057
0.012961462
0.012920377
0.012958343
0.012847164
0.01287542
0.012796377
0.012790181
0.012666624
0.012967776
0.013073626
0.012709282
0.012590061
0.012992966
0.012908409
0.012682721
0.012764212
0.012636304
0.012656716
0.012497183
0.01241075
0.012538618
0.012358571
0.0125796655
0.012500916
0.012225379
0.012118836
0.012425209
0.012315477
0.0124111995
0.012294985
0.012215151
0.011995077
0.01229575
0.012008846
0.012258954
0.012125376
0.011907093
0.011865437
0.011965946
0.011952463
0.01176935
0.011822713
0.0117053045
0.011654273
0.011865802
0.011868887
0.011537872
0.011643113
0.011533968
0.011509796
0.011520531
0.011445622
0.011610936
0.011651519
0.011289139
0.011435341
0.011352654
0.011239049
0.011300239
0.011184968
0.011442577
0.011469271
0.011065652
0.011075366
0.011154748
0.011041515
0.011232421
0.011249659
0.010953774
0.010841224
0.011198106
0.01109635
0.011041329
0.011027782
0.010911661
0.010785495
0.010805824
0.010851726
0.010631248
0.010624222
0.010517891
0.010855038
0.010572503
0.01127107
0.011461197
0.010731537
0.011193782
0.011105376
0.010734762
0.010985537
0.010514132
0.010865163
0.01093405
0.010217088
0.01052808
0.010700679
0.010102891
0.010289843
0.010373138
0.010249483
0.010027819
0.009931471
0.010009679
0.009722312
0.009843849
0.009934369
0.009681841
0.009664749
0.009647071
0.00950591
0.009394031
0.009579043
0.009584249
0.009245392
0.009903848
0.009961292
0.010088863
0.009873885
0.009471121
0.009242644
0.009743606
0.009740803
0.009551316
0.0094076255
0.009102928
0.009018061
0.009276294
0.009001349
0.0097040655
0.009619563
0.008900337
0.00883101
0.008987614
0.008662082
0.009842386
0.010105975
0.009043421
0.009099652
0.009337329
0.009273548
0.008696614
0.009274292
0.009911776
0.0089494325
0.00912192
0.009809576
0.009469426
0.008972541
0.008764085
0.009094943
0.009106009
0.00843007
0.0090248035
0.009135713
0.009038429
0.008712284
0.008791596
0.009025365
0.0083461115
0.0083652595
0.008568441
0.008417874
0.00825592
0.008272854
0.008273068
0.008061664
0.008172554
0.008072167
0.007935931
0.007841987
0.008378662
0.008195089
0.008411144
0.00842256
0.007746738
0.007906008
0.007898294
0.0077242865
0.007840243
0.0077529014
0.00765801
0.0077219554
0.0076649482
0.0074856393
0.007987549
0.007821324
0.0077449116
0.007569965
0.0076077916
0.0074353353
0.0078020315
0.007870485
0.007322853
0.0074551045
0.0075077913
0.007207999
0.0074452446
0.0075357426
0.00725922
0.0071746646
0.0073837265
0.007125447
0.0074518733
0.007544505
0.0070714154
0.007082268
0.0074137556
0.0071782037
0.006931002
0.0070534186
0.0070664524
0.0067674257
0.007217668
0.00717326
0.0070312656
0.0070435517
0.006804006
0.0066280053
0.0070802155
0.0070522814
0.0066382177
0.006697701
0.0066266204
0.00654083
0.006838754
0.0066008717
0.007209375
0.0071055084
0.0077674813
0.007416707
0.006433574
0.0071278675
0.0070764725
0.006627859
0.006537571
0.0066715055
0.0063615576
0.0062695346
0.0068008173
0.006473975
0.006719405
0.0067031677
0.0066713747
0.0063192355
0.006888865
0.007055216
0.006455315
0.006288722
0.006299567
0.0063666212
0.006287196
0.006157478
0.0066760345
0.0063079507
0.0065426365
0.006520922
0.0062816627
0.006198712
0.0060889646
0.00600014
0.006234014
0.005991934
0.0065099616
0.0064757667
0.00589342
0.0058929506
0.0060003474
0.005799737
0.006640259
0.0065982565
0.00566313
0.005777854
0.005851572
0.0056661754
0.0063867494
0.0061916895
0.0059456453
0.005841887
0.0057477984
0.005530586
0.0064333095
0.0064211977
0.005490634
0.0057781287
0.005711891
0.005661866
0.005498212
0.005769728
0.005627719
0.0057621696
0.0054782126
0.005811259
0.0059350175
0.005388214
0.0056164395
0.0055586346
0.0058894586
0.005849323
0.005400691
0.005782654
0.005669044
0.005307294
0.005544796
0.005589454
0.0057159364
0.0055568763
0.005550513
0.005548025
0.0054052025
0.0052202046
0.005517459
0.0052059037
0.0058973
0.0060599856
0.005879694
0.0053158253
0.006408546
0.006606893
0.0056872466
0.0058706044
0.0061335824
0.005818156
0.005202601
0.005557245
0.0055426992
0.0053718495
0.0051105223
0.005600613
0.005126733
0.0058889375
0.0060854554
0.005034014
0.005449489
0.0053233835
0.00522556
0.0053077363
0.0051597706
0.0049716053
0.0048563387
0.005028879
0.004908335
0.004885271
0.0049399617
0.0046893014
0.004609815
0.0047812224
0.0045804917
0.0046966807
0.004466432
0.0052552125
0.0049904785
0.005275125
