0.28879705
0.04944132
0.078442305
0.052677285
0.022613378
0.052583247
0.06399866
0.042696387
0.023413485
0.031219982
0.04181139
0.039066996
0.030137343
0.02442328
0.023710018
0.026588803
0.027435102
0.024648845
0.021869713
0.02428554
0.026704649
0.02580863
0.024558851
0.02326002
0.022620836
0.021950351
0.023199307
0.024058178
0.022419376
0.02178853
0.021607125
0.021588206
0.021460056
0.021643713
0.021318948
0.020312337
0.02255699
0.024404274
0.023202285
0.022155588
0.021391945
0.020941814
0.021427674
0.020891355
0.020776108
0.020438796
0.020827955
0.019790644
0.020891448
0.021835454
0.021144224
0.019980868
0.020072319
0.020146618
0.020118892
0.019937402
0.01926775
0.019847274
0.020245044
0.019558648
0.019423585
0.019417107
0.019551726
0.019329166
0.018710632
0.019242525
0.01903557
0.0194578
0.018475102
0.019636994
0.019752016
0.018454017
0.019549415
0.019161923
0.017710922
0.018500626
0.018463591
0.017687656
0.01769667
0.01712521
0.017246531
0.01671368
0.017183354
0.017126136
0.015927088
0.01714929
0.017774818
0.01643469
0.016034482
0.016132576
0.01569741
0.015644819
0.015470911
0.015686134
0.015517657
0.01497461
0.015166697
0.014934167
0.015205356
0.015160206
0.014745305
0.014615032
0.014847199
0.014838833
0.01470609
0.014554821
0.014782115
0.014721871
0.014485921
0.014407466
0.014373581
0.014261436
0.014433798
0.014389397
0.014163773
0.0140531035
0.014164329
0.014029093
0.014167447
0.014110384
0.013740874
0.013691292
0.013824935
0.013660575
0.013684335
0.013550446
0.013527072
0.013463949
0.013335701
0.013252757
0.013286408
0.0131475525
0.013274168
0.013103108
0.013023109
0.012948942
0.012786887
0.012649224
0.0132773435
0.012709769
0.012958911
0.012639853
0.0126176225
0.012376553
0.012444496
0.012285158
0.012214909
0.012191889
0.012111801
0.012027447
0.011801886
0.011771515
0.011578019
0.011659719
0.011584431
0.011469565
0.011397305
0.011335186
0.011234914
0.011172523
0.011201146
0.011297795
0.011092997
0.011205579
0.011248098
0.011026725
0.011161429
0.011229602
0.011108261
0.010978182
0.011037565
0.011025715
0.010915366
0.01096039
0.010915407
0.010780546
0.010789946
0.010808972
0.010755089
0.010901756
0.010893941
0.010678406
0.010682664
0.010650192
0.010538385
0.010742466
0.010759547
0.010566878
0.01053113
0.010615843
0.010478781
0.010638078
0.010572224
0.0104492605
0.010447767
0.010508959
0.010437257
0.010459055
0.010441792
0.010333524
0.010251667
0.010477788
0.010447604
0.0103014335
0.010236475
0.010370625
0.01030131
0.010276596
0.010215755
0.010229716
0.010191686
0.010243003
0.010194638
0.010128622
0.010092609
0.01014381
0.010111638
0.010140298
0.010124595
0.010058495
0.010109341
0.009999006
0.010023885
0.009972933
0.009882751
0.010346142
0.010309242
0.009863465
0.00997192
0.00986573
0.01005796
0.010104609
0.009855085
0.009812935
0.009804471
0.00974005
0.009859699
0.009801614
0.009639294
0.009913545
0.009761007
0.009981359
0.010034886
0.009903549
0.009898561
0.009629007
0.009629884
0.009662527
0.00941316
0.009968507
0.010019792
0.00962133
0.009580423
0.009610686
0.009576609
0.009374821
0.009313473
0.009312543
0.009233225
0.0092004305
0.009181082
0.009215026
0.009360372
0.009221174
0.009459502
0.00938361
0.009417336
0.009127495
0.00950189
0.009671617
0.009203961
0.0091806045
0.009038806
0.008994174
0.009095056
0.008942351
0.009340632
0.0091879405
0.008959555
0.008872922
0.009021542
0.008938021
0.008918799
0.008800954
0.008944983
0.008863237
0.008902868
0.008799334
0.00877605
0.008792166
0.008730385
0.008618853
0.008802735
0.008731286
0.008659459
0.008575606
0.008733295
0.00855648
0.008755614
0.008750361
0.008442788
0.0084105255
0.008587066
0.008525745
0.008408695
0.00833896
0.008480103
0.0083818175
0.008375522
0.008360706
0.008196221
0.0081538
0.008235992
0.008097193
0.0082263835
0.008072014
0.008171107
0.00799415
0.008101405
0.007848821
0.0080558425
0.007853281
0.007886769
0.007725693
0.0077518877
0.0075543635
0.008438249
0.008183656
0.007575216
0.007733578
0.00753721
0.0074483952
0.007354498
0.00758601
0.0073119043
0.007893835
0.008204177
0.007276395
0.007881042
0.008333898
0.007595055
0.007490045
0.0075237826
0.007332064
0.007351098
0.006997434
0.0073559657
0.007213893
0.006828338
0.007329795
0.0069729313
0.0072083673
0.007168097
0.006859018
0.0068978816
0.006886195
0.0068055145
0.00687406
0.006555274
0.006998662
0.006863301
0.006703316
0.006743992
0.006554328
0.006496336
0.0064183995
0.0063269697
0.006444691
0.006214407
0.0066739223
0.006649663
0.0063078837
0.0065203533
0.0061162002
0.0066216844
0.0064101596
0.0064979177
0.006774412
0.0062318793
0.0062730922
0.006243942
0.0059307143
0.0060518063
0.005999422
0.0057824873
0.0059382827
0.0058777533
0.0058370256
0.005724114
0.0057587163
0.00578703
0.005667904
0.0055117323
0.005766552
0.0055389344
0.005773408
0.0055430657
0.0061139613
0.0061382563
0.0058545303
0.0060417545
0.0057430454
0.0060603097
0.00613676
0.005902011
0.005738927
0.0058277766
0.005713232
0.005611405
0.0054246173
0.0057520233
