0.28828642
0.054767366
0.062370133
0.04405929
0.022387497
0.034363147
0.0354321
0.025894796
0.025553485
0.026484549
0.024715299
0.024223248
0.023182785
0.022812175
0.023311898
0.022452483
0.021628594
0.022388926
0.022093639
0.021154284
0.021871842
0.021817364
0.020799125
0.022389887
0.022901153
0.02179978
0.020540118
0.022322154
0.022849783
0.020671466
0.021079486
0.021509899
0.021448618
0.020314636
0.02035143
0.021058368
0.019990461
0.02010343
0.020388843
0.020152649
0.019539816
0.020189194
0.02026148
0.019505568
0.019550353
0.01977815
0.019229425
0.019649705
0.01988226
0.019186882
0.019205132
0.019484622
0.019223215
0.018878154
0.018895306
0.018767016
0.018900799
0.018688008
0.018946096
0.018638806
0.019896591
0.020218356
0.018741973
0.019701071
0.020980397
0.019644894
0.01827846
0.018896349
0.018556846
0.017973404
0.017868022
0.017733036
0.0177921
0.017777855
0.01762939
0.017358387
0.01941779
0.018791122
0.0177833
0.017960226
0.017471062
0.017330065
0.01813127
0.017808905
0.017798746
0.017414128
0.017423427
0.017256288
0.017624332
0.017518459
0.016971642
0.017003287
0.016747981
0.016587056
0.016721742
0.01654311
0.016191108
0.01705399
0.01690535
0.017034598
0.016762769
0.016079677
0.015742816
0.016261226
0.016051667
0.016355032
0.016369404
0.015403691
0.015511732
0.015351705
0.0150071
0.015936855
0.015989276
0.0154228
0.015139583
0.014936055
0.014753585
0.015145954
0.015133637
0.014911537
0.014567236
0.014891028
0.014439893
0.015251587
0.015715374
0.014550013
0.015948832
0.016547285
0.0147465905
0.015966684
0.01735122
0.014782961
0.014962965
0.015537019
0.014603227
0.014753955
0.015397306
0.014728624
0.014238638
0.014530711
0.01422922
0.014356196
0.014132244
0.014232631
0.01423303
0.013844426
0.014337808
0.014367427
0.013767687
0.0139312595
0.014032078
0.013689324
0.013622932
0.013692051
0.013583842
0.013469313
0.013566092
0.013334028
0.013405784
0.0134937065
0.013243236
0.013487867
0.0136020705
0.013630033
0.013156485
0.013555287
0.013795826
0.013360034
0.013178273
0.012991088
0.013156001
0.012918363
0.01295847
0.013037919
0.012747566
0.012647443
0.012984541
0.012874156
0.012529957
0.012841232
0.012591373
0.012571539
0.012552775
0.012504294
0.0124524785
0.012390443
0.012276112
0.012305657
0.012174293
0.01213826
0.012153212
0.011861901
0.013076406
0.013274219
0.012104756
0.012346712
0.012627717
0.012465522
0.011906192
0.012616995
0.012996051
0.011963141
0.012925311
0.013913453
0.013244755
0.013589807
0.0135674225
0.01213301
0.012202705
0.012966239
0.0123259695
0.012614648
0.012777623
0.011577356
0.012360993
0.013774981
0.012524183
0.011423576
0.011371848
0.011169267
0.011252944
0.011259257
0.010997482
0.011151548
0.010904969
0.011304052
0.011380281
0.010895479
0.010803744
0.010989164
0.010542416
0.010773833
0.010624509
0.010554001
0.01038273
0.010648366
0.010436957
0.010568512
0.0105365
0.010086237
0.009943758
0.00990709
0.009666369
0.010107079
0.010018849
0.00985341
0.009681221
0.009786308
0.009442874
0.009848977
0.00959587
0.009400066
0.009362214
0.009267922
0.009153259
0.009213624
0.009182273
0.008860436
0.008762448
0.00904207
0.008913098
0.008901832
0.008862395
0.008837216
0.008563943
0.008716499
0.008535844
0.008673875
0.008589502
0.008524775
0.008532731
0.008396131
0.008450808
0.008069116
0.008483964
0.008368585
0.008126211
0.008413951
0.008090718
0.008604028
0.008710871
0.00821995
0.008397186
0.008444753
0.008548918
0.008251562
0.008609821
0.008216672
0.008482377
0.008260905
0.008283739
0.00822382
0.0077384464
0.007729746
0.0077472725
0.0076964647
0.007822417
0.0076083825
0.008219533
0.008179865
0.007922276
0.0077647455
0.007720554
0.0076714493
0.0074776784
0.007392559
0.007882657
0.007832639
0.007274974
0.0071507148
0.0075629503
0.007392034
0.0073465793
0.007203761
0.0076521276
0.0075655333
0.0071834424
0.0071239523
0.0069878376
0.006860783
0.0074275397
0.007273426
0.0069735465
0.006783581
0.00761641
0.007383282
0.0068733785
0.006864574
0.006871386
0.0067305453
0.007026879
0.0067733135
0.007285181
0.0071512833
0.00662828
0.006636517
0.0067451694
0.006532397
0.006905573
0.006698627
0.006952329
0.0069726347
0.0065020346
0.00636087
0.0068798414
0.006630577
0.0066083074
0.006532505
0.006563001
0.0064112754
0.0066187656
0.0065116487
0.006558951
0.0063733906
0.00651365
0.006237158
0.007001879
0.0069214585
0.006270364
0.0063251867
0.006422719
0.0061326423
0.0066071195
0.006744703
0.006448319
0.0064141094
0.00646822
0.0063488954
0.0065970644
0.006906915
0.0062274323
0.0062801163
0.0063218772
0.0062386026
0.006513612
0.00635816
0.00651174
0.006324151
0.006297048
