0.28837833
0.081751384
0.058252323
0.031206986
0.03271756
0.03058292
0.022096628
0.03176253
0.03310103
0.0236469
0.025108844
0.029179221
0.025958179
0.021817327
0.02535987
0.028434219
0.025750348
0.022512412
0.022261241
0.02409956
0.02390367
0.021622619
0.021475628
0.022449365
0.021664098
0.020939598
0.021146959
0.021211213
0.020822605
0.020602698
0.020807248
0.020470383
0.020456426
0.020567236
0.02038179
0.020410748
0.02033157
0.020285198
0.020487543
0.020242013
0.020733222
0.020661546
0.020616436
0.020422561
0.020231772
0.020250218
0.020424196
0.020194922
0.020422159
0.020498697
0.019992396
0.020404847
0.020352041
0.02014902
0.020022133
0.020025076
0.02004206
0.019754121
0.020056218
0.019946592
0.019892624
0.01958814
0.020147236
0.020185405
0.019295966
0.020831717
0.021917978
0.020421023
0.019826328
0.019998929
0.019234026
0.019437829
0.01985388
0.01889894
0.018610798
0.018721102
0.018525802
0.018279448
0.017930748
0.018115489
0.017769923
0.017628789
0.017642584
0.017268773
0.01708504
0.01701385
0.016700739
0.016878748
0.016684074
0.016152307
0.015998444
0.015963858
0.015502312
0.015913323
0.015834115
0.014789156
0.0148523515
0.014819642
0.014427868
0.013930875
0.013515753
0.013269964
0.013271942
0.012704293
0.012631014
0.012122455
0.011891526
0.011545189
0.011532475
0.011433733
0.011281323
0.010907841
0.010887953
0.010659509
0.010415438
0.0107012065
0.010698866
0.01013896
0.010747305
0.010424838
0.01218345
0.010851227
0.01075082
0.011337598
0.010012125
0.012227516
0.014104848
0.01232293
0.012013055
0.012907401
0.011606353
0.011220296
0.011791371
0.010860033
0.009768199
0.010149388
0.009979982
0.009606061
0.009248181
0.0088214995
0.008938217
0.008814807
0.008514996
0.008523687
0.008469037
0.008364302
0.008110869
0.008351252
0.007998864
0.00983603
0.009856918
0.008196295
0.00822657
0.008230171
0.008069569
0.007995572
0.00782157
0.0076853037
0.0074520595
0.007335605
0.007383103
0.0072569274
0.0070376694
0.0075709685
0.0078071263
0.007368069
0.007957181
0.0078123403
0.007802259
0.0074245543
0.007902008
0.007997625
0.007081289
0.0068319105
0.0074216104
0.0069552083
0.006994536
0.0070893113
0.006988264
0.006396428
0.007756137
0.00812557
0.0066779554
0.0078004985
0.008232391
0.0075762183
0.0072558573
0.0067765065
0.007688156
0.0072808173
0.0072170966
0.0074917055
0.006725209
0.006520415
0.006475039
0.006839001
0.0065201097
0.0066544884
0.006829954
0.0061356574
0.0062707174
0.0064425026
0.0061886017
0.006071679
0.005985362
0.0061991047
0.005928322
0.00602386
0.0060531087
0.005710446
0.0060868547
0.006053505
0.005670801
0.005727826
0.0056977016
0.0055251285
0.0055846195
0.0058122203
0.0053475485
0.006596262
0.0066790297
0.0063523618
0.006352912
0.005327843
0.0073200874
0.008622165
0.006951002
0.006779633
0.006231159
0.0057203043
0.00647583
0.005823964
0.005744887
0.0058940775
0.0054472177
0.005547782
0.0057423003
0.0055564884
0.005341509
0.0056413934
0.0054034456
0.0054258667
0.005268352
0.0056893006
0.0059913695
0.00537964
0.0053184493
0.005691456
0.005487628
0.0048758257
0.005114015
0.0049802405
0.005492388
0.0055285306
0.0052140276
0.005225872
0.0051160506
0.005216852
0.005096461
0.0049063065
0.004783863
0.004874231
0.0046276967
0.0048547997
0.004902736
0.004688473
0.004557964
0.004702117
0.004599079
0.004438774
0.0043724305
0.00450313
0.0044498625
0.0043684826
0.0044748858
0.0043493547
0.0043744068
0.004306093
0.00420636
0.004379382
0.004277053
0.004154133
0.004280478
0.003954781
0.0041950424
0.0041948273
0.004140942
0.00428763
0.0042279027
0.0040128194
0.0039009107
0.003959317
0.003884883
0.0035941254
0.0037781063
0.00367123
0.003762496
0.0037004354
0.003538915
0.0036165707
0.0035335862
0.0033737177
0.0037825673
0.003660637
0.0037276717
0.0035785816
0.0036419036
0.0034738146
0.0035339808
0.0037440483
0.0032754429
0.0035215013
0.0033313576
0.0036271717
0.003378598
0.0037943178
0.003880264
0.0032239135
0.0037409086
0.0039101853
0.0034277868
0.0034353677
0.0032688144
0.0033480935
0.0031514077
0.003297488
0.0032463912
0.003383061
0.0030219357
0.0035190943
0.0036617469
0.0029331928
0.0043680524
0.0052028154
0.004476801
0.0041312478
0.004079152
0.0036826283
0.003911389
0.0043276665
0.0038241958
0.003535596
0.0035260825
0.0031282029
0.0032780953
0.0030331686
0.003103653
0.0032232993
0.003052554
0.002888006
0.0029579643
0.0027735129
0.0029162865
0.0027465206
0.0027996544
0.0028044877
0.0027302701
0.002703525
0.0027149029
0.0026249934
0.0025379767
0.0025764755
0.0025414368
0.0025632558
0.0024183383
0.0026770737
0.0025470296
0.0024463797
0.002646542
0.0025420908
0.002626938
0.0025211452
0.0027098272
0.0025301515
0.0026151582
0.0025726191
0.0026017027
0.002428623
0.0028752799
0.0030014997
0.002471754
0.0026378985
0.0026550107
0.002506933
0.0025025078
0.0025860553
0.0023860184
0.0026254056
0.0023906997
0.0025266393
0.002444582
0.0027815558
0.0026962813
0.0023906168
0.0027195432
0.0024971499
0.0026143845
0.002560292
0.0023837786
0.002454602
0.00222877
0.002665679
0.002398542
0.0026609276
0.0026583637
0.0023449175
0.002485039
0.002353558
0.0023382632
0.0023392339
0.0023349177
0.0022529613
0.0022340964
0.0023670027
0.0022108713
0.0026187312
0.0028733723
0.0027421534
0.0025071295
0.002255569
0.0023895695
0.0022027392
0.0021411346
0.0024111017
0.0023333929
0.002446744
0.002433399
0.0021626388
0.0022102126
0.0020314127
0.0022735137
0.0020973897
0.0024381445
0.0025082922
0.0021234553
0.0022098506
0.002167511
0.0020740486
0.002381169
0.0022264635
0.0021024712
0.002024316
0.0023445562
0.0021534895
0.0022884952
0.0022307788
0.0022274735
0.0023060509
0.0019565981
0.0025827906
0.0022987553
0.0022228498
0.002343798
0.0021722498
0.0021237687
0.0020957335
0.0021910744
0.0023997438
0.0021409623
0.0021532734
0.0024165178
0.002280918
0.0021144007
0.0024953187
0.0023623894
0.0021239466
0.0022557399
0.0021820955
0.0021132682
0.002090533
0.0020837544
0.0019930336
0.0020918234
0.0020454945
0.0019947458
0.0020556168
0.0019274927
0.002375631
0.0022643113
0.0020272254
0.0020147944
