0.28770432
0.061277896
0.07544679
0.044298265
0.023851456
0.031325627
0.028146276
0.021784037
0.025298713
0.025777891
0.02227676
0.021842524
0.022795662
0.02201677
0.021010594
0.02204352
0.021833828
0.02068439
0.022577897
0.022828445
0.021634916
0.020783067
0.022080148
0.022025807
0.020718277
0.021007767
0.021452239
0.020792665
0.020907855
0.021229437
0.020964107
0.020488424
0.021560406
0.021552822
0.020526389
0.020957375
0.021147788
0.02086194
0.020512283
0.02100426
0.021071697
0.020467691
0.020888068
0.02108804
0.020604698
0.020596586
0.020783296
0.020692242
0.02033333
0.020757822
0.020471882
0.020732379
0.02087458
0.02033143
0.020881204
0.021020925
0.02035614
0.021087063
0.021711247
0.020904487
0.020499624
0.020810708
0.020707473
0.020478426
0.020509368
0.020482017
0.020475743
0.020356089
0.020417599
0.020404661
0.020241203
0.020395895
0.020318707
0.020201027
0.020235946
0.020114318
0.02037172
0.02021801
0.02022638
0.020242946
0.020057185
0.020067776
0.020010693
0.019988986
0.01999468
0.01990355
0.020063234
0.01997072
0.019852916
0.019909447
0.019729711
0.019958792
0.019895248
0.019670911
0.019686306
0.019573947
0.019450713
0.019446129
0.01939641
0.019290408
0.019271819
0.019192196
0.01907316
0.019199638
0.019049538
0.019015783
0.018902417
0.01884778
0.019035123
0.0186076
0.018885752
0.018436505
0.018253405
0.018140502
0.017662274
0.017398015
0.017011711
0.016688557
0.016677296
0.016201144
0.01595162
0.015447653
0.0152708115
0.0151547445
0.014806934
0.014521391
0.014559481
0.014505477
0.014509189
0.014261643
0.014169228
0.014138433
0.013915486
0.013845471
0.013891783
0.013862599
0.01358961
0.0137841
0.013629809
0.013573525
0.0134003535
0.013788223
0.013487995
0.014149047
0.014374905
0.013420016
0.013791065
0.0138328895
0.013532353
0.013543428
0.013514776
0.013558169
0.013250948
0.01332324
0.013281282
0.013283466
0.013227514
0.013292893
0.013198161
0.013208325
0.013266434
0.012915604
0.01297681
0.012928893
0.01290956
0.013286364
0.013176669
0.012895261
0.01296452
0.012848191
0.012815869
0.0128842965
0.012805802
0.012877256
0.012776499
0.012814812
0.012779012
0.012743934
0.0126863755
0.012819299
0.012758188
0.012706277
0.012634306
0.012707711
0.012569219
0.012893647
0.0128288
0.012519698
0.0124755455
0.012823042
0.012727213
0.012524274
0.012483682
0.012621882
0.012498684
0.012682003
0.01271867
0.012425634
0.012488939
0.012458745
0.012430576
0.012520296
0.012426558
0.012530789
0.012394
0.012645802
0.012581368
0.012386787
0.012411336
0.012374991
0.012358905
0.01235029
0.012310654
0.0123607395
0.012270614
0.012482124
0.012442368
0.012275892
0.012300388
0.012245932
0.012245686
0.012222241
0.012175456
0.012419158
0.012288932
0.012489303
0.012471893
0.0123951165
0.012392871
0.012429807
0.012372467
0.01220278
0.012199377
0.0122940885
0.012236307
0.012338977
0.012333892
0.012260745
0.012153509
0.012382922
0.012327372
0.0121527435
0.012129982
0.01233244
0.012279532
0.012227903
0.012210279
0.012120609
0.012085025
0.0122424485
0.012211827
0.012091611
0.012059423
0.012227178
0.012128972
0.012228116
0.012198378
0.012037267
0.011991675
0.012314529
0.01229322
0.011989188
0.0119806165
0.012227497
0.01217861
0.012062098
0.0120846415
0.011998888
0.011965233
0.01212089
0.012091104
0.0119689675
0.01192978
0.012114764
0.012021105
0.012029129
0.011987488
0.012020823
0.01193601
0.012022325
0.01198414
0.011960377
0.011921217
0.011980335
0.011948665
0.011920683
0.011871743
0.011960301
0.011897045
0.011926162
0.011899397
0.011836864
0.01179095
0.011910169
0.011835952
0.0118231205
0.011778208
0.011839266
0.011766787
0.011790213
0.01172891
0.011806406
0.01174529
0.011768758
0.011702162
0.011740811
0.011675939
0.0117088305
0.011630434
0.011789396
0.011779289
0.011572006
0.011614412
0.01160222
0.011547361
0.011708103
0.01166755
0.011639002
0.011607401
0.011478104
0.011515889
0.011474545
0.011398229
0.011543681
0.011453834
0.011653417
0.011699967
0.011344661
0.01194219
0.012171797
0.011752569
0.011643827
0.011669755
0.01147453
0.011509051
0.0114948
0.011369611
0.01139005
0.0113415
0.011236596
0.011317086
0.011292194
0.011130884
0.011236954
0.01111203
0.01114785
0.01105952
0.011112988
0.011002566
0.011207559
0.011129896
0.010954812
0.011008513
0.010886139
0.010846914
0.010996466
0.010997566
0.010830472
0.0111974375
0.011018093
0.0111147715
0.011162192
0.010943933
0.010805972
0.011190371
0.011072534
0.010847081
0.010813075
0.010997817
0.010872722
0.0108628
0.010806109
0.01086538
0.010792822
0.010918421
0.010828562
0.010835073
0.010771203
0.010835223
0.010776353
0.010758896
0.010702764
0.0107629085
0.010649555
0.010821658
0.010797766
0.010580606
0.010518436
0.010884033
0.010867178
0.010474265
0.010476614
0.010739344
0.010710207
0.010620467
0.010660668
0.010558519
0.010519668
0.010632351
0.010565095
0.010563885
0.010525402
0.010585397
0.010522261
0.010508704
0.010465175
0.010530363
0.010455418
0.010522068
0.010467409
0.010407121
0.01034154
0.010587518
0.010539497
0.010343726
0.010302811
0.010374726
0.010275801
0.010543491
0.010527006
0.010272614
0.010296694
0.010309006
0.01016907
0.010421045
0.010308748
0.010382055
0.010510466
0.010101992
0.010776733
0.010494252
0.010434574
0.010504742
0.0102861235
0.010361294
0.010293546
0.010251637
0.010132457
0.010241886
0.010051161
0.010297559
0.010298153
0.010012255
0.01006158
0.010023216
0.009957786
0.010180593
0.010089539
0.009989397
0.010026858
0.0099802455
0.009821415
0.010473994
0.010260541
0.010579464
0.010499601
0.0099319
0.010000478
0.009848343
0.009907386
0.009982818
0.009875742
0.009778543
0.010347138
0.010067626
0.010065441
0.010077081
0.009880618
0.009780133
0.01006169
0.009814184
0.009916381
0.009677547
0.009934132
0.009642455
0.009783044
0.009557108
0.009587015
0.009832625
0.00947126
0.01064957
0.01087756
0.009578662
0.009816606
0.009948901
0.009465238
0.010159937
0.010365487
0.009667191
0.00989564
0.009908115
0.009658533
0.009606545
0.009521664
0.009505243
0.009350259
0.00956105
0.009524087
0.009493785
0.009390198
0.009118664
0.009523074
0.009441059
0.009123422
0.009906482
0.009861846
0.009448019
0.009152324
0.00945387
0.009319986
0.00941339
0.009188771
0.009417183
0.009490701
0.009149212
0.008875475
0.009273558
0.00910946
0.009215424
0.009524276
0.008663381
0.009806774
0.009765038
0.008947947
0.0095722005
0.00948944
0.009001614
0.009567923
0.009375546
0.009098132
0.0091820145
0.008929978
0.008934789
0.009271971
0.009095363
0.010101039
0.010152952
0.009612807
0.009154122
0.010122746
0.009962334
0.009272069
0.009475264
0.009197812
0.009089812
0.008836872
0.009706204
0.009841673
0.0088072205
0.009163705
0.00931805
0.008753348
0.0089381905
0.008676591
0.008928092
0.008805093
0.008394732
0.008399858
0.008523482
0.008300427
0.008439683
0.008474261
0.008398463
0.008175934
0.008133356
0.008030385
0.008334155
0.008101852
0.009217561
0.008572691
0.008501886
0.008619946
0.00844748
0.008415116
0.00857022
0.008162408
0.008238865
0.008026677
0.0086966315
0.008427502
0.008542768
0.008683708
0.008293667
0.008552097
0.00848407
0.008218382
0.008499847
0.008411667
0.00802828
0.0079716025
0.0076235137
0.008321193
0.007954947
0.008183125
0.00800714
0.0077213864
0.007975134
0.008065451
0.008570417
0.008154686
0.0077766776
0.007835968
0.007773125
0.007528541
