0.28748986
0.05001868
0.079378575
0.047207404
0.023510998
0.026752437
0.024400324
0.023482561
0.022773957
0.022620684
0.022175856
0.021494186
0.021943787
0.021325296
0.021306222
0.021530742
0.020952865
0.021161588
0.021093389
0.020869395
0.020882586
0.020904446
0.020724976
0.02083703
0.020834759
0.020514002
0.020593062
0.020886175
0.020494385
0.021783926
0.021908952
0.020437645
0.022112587
0.02311121
0.021379383
0.020720376
0.021226415
0.0208289
0.02059507
0.020638948
0.020509811
0.020332344
0.02049068
0.020309545
0.02025677
0.020201622
0.020178594
0.020117072
0.020149084
0.020104691
0.019993082
0.019929824
0.020045944
0.019942826
0.019978976
0.019927986
0.019801026
0.019712426
0.019976033
0.01989024
0.01957609
0.01951801
0.01953952
0.019311491
0.019565897
0.019488154
0.018981108
0.01884755
0.01877438
0.018415302
0.019099245
0.019228121
0.018045662
0.01865078
0.019041227
0.017710129
0.017950661
0.01823538
0.017139347
0.017010743
0.017091207
0.01644823
0.016384855
0.016343778
0.015879123
0.01564241
0.015507791
0.015204981
0.01567456
0.016315268
0.014961585
0.015250872
0.015874052
0.015294187
0.014788835
0.014716978
0.0153241865
0.014827807
0.01452816
0.014834497
0.014954001
0.014469631
0.014277008
0.014698225
0.014446248
0.014874899
0.014773912
0.01420845
0.014233029
0.0139372675
0.013853177
0.013815671
0.013784692
0.0138010075
0.013717721
0.013677931
0.013725035
0.013507306
0.013555002
0.013588478
0.013395538
0.013561499
0.0134479925
0.013409513
0.013582957
0.013381404
0.013626399
0.013728323
0.013926275
0.013753294
0.013159442
0.013233572
0.013365969
0.013148208
0.014061092
0.014535849
0.013696191
0.013570891
0.013663136
0.01361658
0.013642068
0.013418384
0.013201105
0.013320886
0.013343978
0.013183395
0.012949612
0.013444315
0.013421793
0.013187662
0.013031109
0.012919587
0.012904353
0.013288431
0.0130922
0.012854348
0.012872093
0.012848807
0.012761888
0.0130753135
0.012920293
0.01281793
0.01274689
0.0128691
0.012829576
0.01277744
0.012726425
0.012775667
0.012669574
0.012759914
0.01271998
0.012669794
0.012576324
0.012753493
0.012660183
0.012639851
0.01259594
0.012652409
0.0126274275
0.01256678
0.012523214
0.012606859
0.012495813
0.012649926
0.012589141
0.012449245
0.012400109
0.012664895
0.012632084
0.012386027
0.012322153
0.012706538
0.012611546
0.012340225
0.012271404
0.01268056
0.012567121
0.012306596
0.012242104
0.012617737
0.0125241475
0.012275743
0.012232537
0.012487615
0.012391414
0.012312666
0.012272783
0.012366219
0.012336314
0.012293078
0.012261757
0.01231476
0.012243867
0.012346637
0.012320322
0.012206435
0.01221516
0.012349546
0.012358929
0.012173235
0.012270453
0.012245634
0.012283052
0.012228596
0.01236889
0.012209904
0.012282595
0.012189809
0.012258266
0.012254422
0.012109566
0.012306764
0.012164799
0.012040823
0.012066618
0.012124658
0.01220009
0.0121934265
0.01192775
0.013583753
0.012217693
0.01209728
0.011894055
0.012840498
0.012939889
0.012030062
0.012199133
0.012124521
0.011949807
0.011689551
0.011652169
0.011691657
0.011710927
0.011646375
0.012105871
0.011806433
0.012098186
0.011870814
0.011647883
0.01157105
0.011457707
0.011419848
0.0117355315
0.011677307
0.011100958
0.011138611
0.011056465
0.010883995
0.011295616
0.011102043
0.011084475
0.011234894
0.010933329
0.011478357
0.011543825
0.010845183
0.01063833
0.011316332
0.011593775
0.010943827
0.010715902
0.010698464
0.010661453
0.010493256
0.010551733
0.010278713
0.010776289
0.010601061
0.0105331065
0.010402585
0.010254792
0.0108487345
0.0102222385
0.011646329
0.011689797
0.010096765
0.010760888
0.010448785
0.01015864
0.011220028
0.010776577
0.010177878
0.010479913
0.009911236
0.010049793
0.010024282
0.009874196
0.009768338
0.010006578
0.009620785
0.009740461
0.00951715
0.0097674625
0.009855813
0.009820255
0.010013444
0.009519812
0.009157789
0.009446445
0.009636426
0.009687002
0.009129585
0.0094520915
0.00967446
0.009564895
0.0090194885
0.009703335
0.009540793
0.010082849
0.010041999
0.009011214
0.010535513
0.009142636
0.011105266
0.011546905
0.011995385
0.011282031
0.010044977
0.009465915
0.00931934
0.009081824
0.011401355
0.011769955
0.009882567
0.009484904
0.009224556
0.0087043075
0.009054086
0.009185061
0.009759258
0.009534892
0.0089376895
0.009006336
0.008720086
0.00855283
0.008757625
0.008514796
0.0090323435
0.008852266
0.008980895
0.008842352
0.008207068
0.008438168
0.008006424
0.00826512
0.008013361
0.0079454165
0.008273977
0.008191995
0.008167327
0.0081599895
0.008450572
0.00826281
0.007912244
0.0079719415
0.0077823657
0.007772319
0.008301928
0.008102592
0.007902657
0.007781355
0.008232348
0.00788352
0.008565478
0.009081316
0.007779093
0.009110573
0.009633385
0.008052812
0.009490426
0.01070263
0.008763596
0.0087915
0.009649817
0.008253704
0.0081079705
0.008832599
0.007858326
0.008491913
0.009385432
0.008188041
0.008307002
0.008846788
0.0076504485
0.008615325
0.009559641
0.008046598
0.008259739
0.009375461
0.007880084
0.007717969
0.008132695
0.0072001047
0.008316231
0.009113065
0.0076092817
0.0075980662
0.008168582
0.007363537
0.008172526
0.008907153
0.0075569903
0.008205999
0.0086964965
0.007473074
0.008184787
0.009022609
0.007557004
0.0073414
0.00776122
0.0071655936
0.0078444285
0.008593068
0.0073308037
0.007625096
0.008504947
0.0075458735
0.007936532
0.008625563
0.0073018917
0.0072783264
0.0077345967
0.007315529
0.0069950274
0.0071243704
0.0069876127
0.0067529865
0.0069756694
0.006826224
0.0073573566
0.006841308
0.0076829754
0.007487429
0.0067417123
0.0067970236
0.0070841075
0.0064309114
0.0075845444
0.0073692985
0.0072713066
0.007332592
0.0072143893
0.006845146
0.0077990056
0.008125853
0.0070655174
0.0072424547
0.007583251
0.0072768778
0.0070512355
0.0072883707
0.0070388257
0.008201468
0.0076785055
0.0071730576
0.0075462162
0.0068195076
0.006985547
0.007207053
0.006469579
0.008062783
0.008123628
0.0072052795
0.0072958674
0.007322392
0.0069036265
0.007827715
0.007943564
0.0071279686
0.007095466
0.0069877557
0.0067304336
0.006708807
0.0068286457
0.0063726567
0.0077477577
0.008391249
0.0072518364
0.0072993566
0.007381487
0.0075746994
0.0076841437
0.0068209046
0.0067930254
0.007628551
0.00720562
0.006628603
0.006715551
0.0064638904
0.006516461
0.006498404
0.0064792447
0.006583026
0.0062830504
0.006073022
0.0062328503
0.006347853
0.006128592
0.0062703746
0.006714262
0.0064488687
0.0060562887
0.006493889
0.0065356935
0.00586067
0.008005682
0.008131565
0.0066270195
0.006780684
0.0069033005
0.006776986
0.006336486
0.0065009096
0.0067458265
0.006309077
0.0058122254
0.0064765885
0.005960558
0.0073625185
0.0070294538
0.0072027463
0.007761873
0.0062084026
0.007011413
0.007637815
0.0065728165
0.007072264
0.006807467
0.0070773605
0.0068618655
0.0065773292
0.006461259
0.0059862086
0.0065939873
0.006491073
0.0064793937
0.006668277
0.005901083
0.006349797
0.0061264406
0.0062158206
0.006200953
0.006209545
0.0062253843
0.005756175
0.00658425
0.006008887
0.0069858897
0.00699023
0.0073223407
0.0070783063
0.0057924427
0.0067128055
0.006346961
0.00598976
0.0058862567
0.005681177
0.005832251
0.005873131
0.005770991
0.005784318
0.0061068186
0.005754622
0.0064142463
0.0062045134
0.0056573134
0.005668213
0.006193911
0.0056337095
0.005655043
0.005382661
0.0061374623
0.0056042955
0.0060228785
