0.28778604
0.15150054
0.069115825
0.031375382
0.03806257
0.032308206
0.022527805
0.030832848
0.033472914
0.025328824
0.023465032
0.025015106
0.02484945
0.023669908
0.02204886
0.022728605
0.02333431
0.02163438
0.022384197
0.023823714
0.022543607
0.021346927
0.021836719
0.021653475
0.021500623
0.021210574
0.021017127
0.020995753
0.020612562
0.021842843
0.021248916
0.02139303
0.02139627
0.02081461
0.02080656
0.020941086
0.020772262
0.020713745
0.020647302
0.02085059
0.020635959
0.020998232
0.02079828
0.020600118
0.020576889
0.020568416
0.020435145
0.020731002
0.02069457
0.020354263
0.020326843
0.020476552
0.020334931
0.020546637
0.020461963
0.020308891
0.020277042
0.020284608
0.02020952
0.020224193
0.02014865
0.020160291
0.020080917
0.020083878
0.020008348
0.020002713
0.019912725
0.019933945
0.019841468
0.019827979
0.019740907
0.019791571
0.019720392
0.019628627
0.019545967
0.01963456
0.019553395
0.01952277
0.01946287
0.01949455
0.019430196
0.019410253
0.019344917
0.019403541
0.019334374
0.019241652
0.01915094
0.019323878
0.01928966
0.018964266
0.019167485
0.018853715
0.018985778
0.018749861
0.018879673
0.01870265
0.01865164
0.01848393
0.018928718
0.018868944
0.018356735
0.019053137
0.0190844
0.018403284
0.018253487
0.01878359
0.018348442
0.018390777
0.018413061
0.018315341
0.018060796
0.018115414
0.018058663
0.017911581
0.017747933
0.018340208
0.01813523
0.017483938
0.017347548
0.018129697
0.017904498
0.017356316
0.017287372
0.017205512
0.01706156
0.017392721
0.017164228
0.017197033
0.016961753
0.017040221
0.017006168
0.016616097
0.016458893
0.016888635
0.016720438
0.01639369
0.01621054
0.01662475
0.016334482
0.016128346
0.015959216
0.016224422
0.015956903
0.015730025
0.015610202
0.015742885
0.015366189
0.015796762
0.015709559
0.015143056
0.014925368
0.015194576
0.0149089815
0.014656865
0.014395484
0.01478678
0.01458668
0.014487418
0.014004476
0.013989538
0.013831976
0.014037438
0.0139579205
0.013344492
0.013142732
0.013682164
0.013379898
0.013416304
0.013268606
0.013072739
0.012685113
0.01347556
0.013415272
0.012583676
0.012472932
0.013092411
0.013039409
0.012891811
0.012607299
0.012658018
0.01238956
0.012974293
0.013202864
0.012444799
0.012366961
0.012777445
0.012326357
0.012424788
0.0123862745
0.012773416
0.012312281
0.012097587
0.012135997
0.011961564
0.011541475
0.014066219
0.015161432
0.012393456
0.014550909
0.017609155
0.0155927325
0.012147694
0.014912784
0.018318726
0.017236114
0.013713781
0.01309111
0.015103564
0.014814167
0.013542703
0.01240721
0.012953766
0.013604737
0.012516658
0.011956337
0.011916704
0.011676446
0.011674446
0.011675465
0.011459123
0.011109111
0.011446825
0.011703906
0.011328842
0.011390273
0.011449928
0.011072527
0.010898218
0.010981794
0.010945782
0.010835593
0.01088396
0.0107943015
0.010504249
0.010587253
0.010522723
0.0107752485
0.010579295
0.010898436
0.010424358
0.010908795
0.011056651
0.010316818
0.010126275
0.01018623
0.010088522
0.010420655
0.010095829
0.010445598
0.010436109
0.009766663
0.0096743945
0.010246183
0.010157925
0.009559431
0.009455422
0.009868634
0.009562658
0.0098963715
0.009952807
0.009235377
0.009115242
0.009762187
0.009551655
0.009126976
0.009047594
0.009277303
0.009006139
0.009278896
0.009239065
0.00882662
0.008695267
0.009220018
0.009153246
0.00873292
0.008863379
0.008550155
0.008580876
0.008952846
0.008545472
0.008572407
0.008456871
0.008410916
0.008393643
0.008313772
0.008064415
0.008262602
0.007935644
0.008614046
0.008694391
0.007997177
0.00820448
0.008196239
0.007624995
0.0085927835
0.008877858
0.0076289214
0.0082267495
0.008626128
0.008169652
0.0075610727
0.007995858
0.007947476
0.0074674482
0.007614579
0.0075933174
0.0071104043
0.007608772
0.0074349456
0.0070637134
0.0077521857
0.00761644
0.0070593744
0.0075294585
0.0075198044
0.007180337
0.0069651506
0.0070331753
0.006882263
0.0067703463
0.006610369
0.0066069565
0.007000851
0.006705949
0.007032878
0.0069871377
0.007581621
0.007931321
0.0066889226
0.007076062
0.0071804393
0.0071255695
0.007353164
0.0065872096
0.0064657778
0.006498991
0.0064618294
0.006498037
0.0064238845
0.0060069007
0.005857879
0.006376451
0.0062926277
0.006117113
0.005968267
0.0058727674
0.005901905
0.0058141374
0.005795818
0.0055516753
0.005630996
0.005553124
0.0053599314
0.0057109366
0.0053840945
0.006935786
0.0072456934
0.0055362
0.0069297478
0.007365957
0.0058712675
0.0060391854
0.0056322776
0.005988101
0.0056803436
0.0056909695
0.0060005127
0.0054817596
0.0054715998
0.0057771504
0.0053718896
0.0060591586
0.0066267014
0.0058161826
0.0053842366
0.0053303414
0.0054668076
0.005475421
0.0051036184
0.0060131117
