0.28929746
0.09142069
0.055415165
0.03400603
0.032227922
0.028062984
0.024079368
0.02716124
0.026286146
0.021157281
0.026904171
0.031108567
0.026390174
0.020847477
0.026816385
0.0340876
0.033258054
0.02687039
0.021351894
0.022799194
0.02641117
0.026979873
0.023777222
0.020809917
0.021627182
0.02342827
0.0234608
0.021652237
0.020543708
0.02209205
0.023261448
0.022730544
0.02189175
0.020509472
0.021076068
0.021932239
0.02191273
0.021178046
0.02051524
0.020985505
0.021616846
0.021419413
0.02088807
0.020504957
0.020635357
0.020871753
0.020631647
0.020363396
0.020633759
0.020841664
0.02069339
0.020552466
0.020278515
0.020903066
0.020619327
0.02058751
0.02057862
0.020611731
0.0204339
0.020749228
0.020687554
0.02030667
0.020291638
0.020540621
0.020441758
0.02042331
0.020459073
0.020360963
0.020409726
0.020338112
0.020417893
0.020396044
0.020348562
0.020354798
0.020339439
0.02031246
0.020262389
0.020422881
0.02030006
0.020524232
0.02056629
0.02034395
0.020325245
0.020473706
0.020352475
0.020322882
0.020332886
0.020275427
0.020231865
0.02040291
0.0202814
0.020423304
0.020410383
0.020171495
0.020129481
0.020540716
0.020504974
0.020110032
0.020154865
0.020182887
0.020044459
0.020549225
0.02060655
0.020006092
0.021367209
0.022679592
0.02156718
0.020128043
0.020918572
0.021885654
0.021336839
0.020586057
0.02081246
0.020854695
0.020725308
0.020554917
0.02053882
0.020586276
0.02020309
0.020789986
0.021232769
0.020524386
0.020506045
0.020723516
0.020437473
0.02046917
0.02033458
0.020408869
0.020454194
0.019998344
0.020903526
0.021684384
0.020976046
0.020178886
0.020397503
0.02038479
0.020365302
0.020355785
0.019908382
0.020328075
0.020726284
0.020123385
0.020214688
0.020200739
0.020052275
0.020134259
0.019775333
0.020049417
0.02029591
0.019810742
0.020037806
0.020173853
0.020001637
0.019953026
0.019609055
0.019920545
0.020017248
0.019853922
0.01938759
0.019654777
0.020016178
0.019807234
0.019180248
0.019346269
0.01993274
0.01972494
0.019211518
0.019180574
0.019324152
0.019823113
0.01950932
0.01908022
0.0188434
0.018687068
0.018588277
0.018376207
0.018572172
0.01838144
0.018335113
0.017936224
0.018509252
0.018841036
0.018946884
0.01848164
0.01794498
0.017689586
0.017498652
0.01750619
0.017381633
0.017080912
0.017024452
0.016914247
0.016655715
0.016530134
0.01654972
0.016128974
0.01640549
0.016505534
0.015810976
0.016897468
0.016947659
0.015505145
0.016340448
0.017135946
0.017397212
0.016492497
0.01630071
0.016679307
0.01650385
0.016582534
0.015919963
0.015962021
0.015790127
0.015566106
0.015544515
0.015249177
0.014777937
0.015164602
0.015399422
0.015157233
0.014640878
0.014671918
0.01473556
0.014945508
0.014954936
0.014346314
0.014141143
0.014621769
0.014543322
0.014087629
0.013969804
0.013928771
0.01374881
0.014537639
0.0145784775
0.013787649
0.014315247
0.01407564
0.014128894
0.014331002
0.013509196
0.014254984
0.014813513
0.014170268
0.01445496
0.014024996
0.013722512
0.0135305105
0.013334659
0.013172527
0.013512599
0.013213344
0.013189587
0.013909132
0.013892149
0.013294724
0.01308564
0.013362574
0.013101283
0.012907785
0.012836811
0.012991309
0.01289983
0.013020876
0.012993003
0.012584762
0.012521561
0.0127726495
0.012563799
0.012764424
0.012839337
0.012345607
0.012334441
0.012437902
0.012295281
0.012445882
0.012426647
0.012360173
0.012414757
0.012190278
0.012201515
0.0120571675
0.012455464
0.012006324
0.012852694
0.013166923
0.012971324
0.012840129
0.012361716
0.0129881175
0.013699447
0.012319815
0.012913517
0.01374992
0.01269311
0.012362848
0.01297494
0.012156043
0.0130181685
0.013499141
0.012203433
0.012315418
0.012732622
0.011884178
0.0128821395
0.013779081
0.012780591
0.011971652
0.012111009
0.011760861
0.012514181
0.012693584
0.011750627
0.01245926
0.013234598
0.012165605
0.011923575
0.012213483
0.011754294
0.011993078
0.0121884765
0.011688377
0.011897164
0.012025501
0.011737469
0.011533226
0.012135468
0.011510704
0.011786491
0.011682351
0.011281584
0.011729264
0.0116176875
0.011473876
0.0115887
0.011400637
0.011342995
0.011292581
0.011474953
0.01134465
0.011140223
0.01121485
0.011157843
0.011227553
0.011065081
0.011394118
0.011307637
0.010967433
0.011329695
0.011207044
0.010890146
0.011283913
0.011051168
0.0109688165
0.011008222
0.010705349
0.011196662
0.011043564
0.011022282
0.011185887
0.010757546
0.011134997
0.0110126175
0.0110748885
0.011226636
0.011105088
0.010753284
0.010565137
0.010721579
0.010583495
0.010509983
0.010674818
0.0105898185
0.010612853
0.010652897
0.010489665
0.010599087
0.010531322
0.010617561
0.010443092
0.010558474
0.010508105
0.010279487
0.010457587
0.010356624
0.0102106305
0.010685104
0.010370567
0.011033535
0.010952984
0.010374056
0.010708895
0.010555553
0.010136227
0.010542482
0.010408976
0.01028162
0.010287798
0.010338973
0.0102169765
0.010301595
0.010315253
0.010411304
0.010098656
0.01012198
0.0101873
0.01006999
0.010079454
0.0104282675
0.010186824
0.010310764
0.010211738
0.01006223
0.00993635
0.010344225
0.010210857
0.009990516
0.009932213
0.00996935
0.0097999135
0.010060403
0.0099744275
0.009891142
0.009789006
0.0099502755
0.009923351
0.00979462
0.009837958
0.009775157
0.009707597
0.00993991
0.009829623
0.009704441
0.009612682
0.00986354
0.009754179
0.009700152
0.009687672
0.009725732
0.009663511
0.009602745
0.009553806
0.009675535
0.009589546
0.009541341
0.009464426
0.009754536
0.00968054
0.009635267
0.00968352
0.009397092
0.009759317
0.009439719
0.010218236
0.010369141
0.009709492
0.009923286
0.010065747
0.0098110875
0.009620434
0.0098030465
0.009432542
0.009361789
0.009491497
0.009336714
0.009640605
0.009504668
0.009553607
0.009643315
0.009526641
0.009548694
0.00955662
0.009416639
0.00931413
0.009610827
0.009321366
0.009272359
0.009473405
0.009278776
0.009435766
0.009338527
0.009428018
0.009485401
0.00931449
0.009163004
0.009261494
0.009413769
0.009564518
