0.28848046
0.0658546
0.057006318
0.035802137
0.028522307
0.027261904
0.024397
0.025744503
0.024079785
0.02203607
0.023070736
0.022027677
0.021761835
0.021738475
0.020995572
0.02150186
0.021158433
0.021208227
0.02142898
0.020823376
0.021545121
0.021579815
0.020947047
0.021428376
0.021646356
0.021174362
0.020860301
0.021423608
0.021062868
0.020971747
0.021114193
0.020946195
0.020777807
0.020761533
0.020861289
0.020790514
0.020770745
0.020713342
0.02071313
0.020547213
0.021133902
0.021112919
0.020605661
0.020791072
0.020781754
0.02061063
0.020578228
0.020753788
0.02066181
0.020542277
0.020677257
0.020415647
0.021129742
0.021274814
0.020421976
0.020922145
0.02112093
0.020789392
0.02035559
0.020643612
0.020669885
0.020209454
0.020106405
0.020227129
0.019757064
0.020443248
0.020502733
0.019399634
0.019779073
0.019877775
0.019249162
0.018665684
0.018833568
0.01882938
0.018136224
0.018721772
0.01913962
0.018223012
0.017774135
0.018040141
0.01768011
0.017940635
0.018204002
0.01775639
0.017614674
0.017751409
0.017466744
0.017693514
0.01776086
0.017680261
0.017409422
0.017646631
0.017482648
0.017913198
0.017679788
0.017235337
0.01729917
0.017396864
0.017155657
0.017385274
0.017477153
0.017104184
0.017033227
0.017211827
0.016981708
0.017412523
0.017385544
0.017026186
0.016989568
0.01697829
0.016879143
0.017122082
0.017084338
0.016878605
0.016857373
0.01696942
0.016805625
0.016902013
0.016916284
0.016770696
0.016668791
0.016876884
0.01678735
0.016629498
0.016614344
0.016744124
0.016685823
0.016644714
0.016567247
0.016597271
0.016519109
0.016636914
0.016633948
0.01645753
0.016392201
0.016598133
0.016515763
0.01637656
0.016330486
0.016444225
0.01638189
0.01632071
0.01627965
0.01629622
0.01621774
0.01628436
0.016261702
0.016151285
0.016137475
0.016181713
0.016129926
0.016251763
0.01628405
0.015981156
0.015916845
0.016137928
0.015989633
0.01594253
0.01590868
0.01584246
0.015741069
0.016057087
0.015999831
0.015577515
0.015634246
0.015797904
0.015902968
0.01571987
0.016081916
0.01566985
0.016115969
0.0162618
0.015713364
0.01584801
0.015675006
0.015710915
0.0153657
0.015435371
0.015279206
0.015229537
0.015241142
0.015081008
0.015200175
0.01513693
0.014869004
0.014843315
0.014840301
0.014763571
0.014846516
0.014634798
0.014798206
0.014729687
0.014547591
0.014526427
0.014546978
0.014294497
0.014779453
0.014704083
0.014214226
0.015430394
0.015181745
0.014398548
0.01464155
0.014360723
0.01425045
0.014407772
0.014009539
0.01478561
0.015089877
0.014031132
0.014731
0.015357177
0.014366791
0.014214092
0.014682595
0.014120462
0.014055684
0.0143296
0.013915393
0.013858166
0.013972898
0.013844341
0.013740336
0.0135858925
0.013517174
0.013565381
0.013533153
0.013348967
0.01334092
0.013333115
0.013245066
0.013223256
0.013141736
0.013073452
0.013076104
0.012942054
0.013067134
0.013022329
0.01318378
0.013105962
0.012866214
0.012909164
0.012806262
0.012805891
0.012460853
0.012390769
0.012906827
0.012378469
0.01320387
0.013233848
0.012043611
0.012116921
0.012261785
0.011846035
0.011786415
0.011592396
0.011776465
0.011839571
0.011489275
0.01107873
0.010960997
0.01088202
0.011392687
0.010680433
0.012913211
0.013057041
0.01159126
0.011795621
0.010605607
0.011488597
0.01156989
0.01098118
0.010513269
0.010335336
0.010441519
0.010078988
0.010331216
0.009810918
0.010045401
0.009753958
0.010557085
0.010063067
0.009789858
0.010096464
0.00909656
0.010697354
0.011151187
0.009473202
0.009871865
0.009938553
0.009463394
0.009923714
0.00909508
0.009127767
0.009552691
0.009048619
0.008581431
0.009151712
0.008771761
0.00847597
0.008619338
0.008474667
0.008685887
0.007974015
0.0091655115
0.009112687
0.008620786
0.008530752
0.008255762
0.008181085
0.008075159
0.007898352
0.008053008
0.0076640225
0.007603852
0.008081306
0.0077428706
0.008949246
0.008607421
0.008321263
0.008046727
0.007838375
0.0076666675
0.007409387
0.007313844
0.008028244
0.007842804
0.007494734
0.00744045
0.0072167604
0.006949159
0.0074649197
0.007046474
0.007612864
0.007696125
0.006858042
0.006878694
0.00692624
0.0065422007
0.007310054
0.006943906
0.0072332174
0.007485818
0.0069348016
0.0067829173
0.0068853623
0.0067356345
0.006696751
0.006542308
0.0067840926
0.006361634
0.007088198
0.006984851
0.0061434
0.0063702934
0.006246655
0.006271386
0.006172965
0.006091515
0.00606159
0.0060101137
0.005953537
0.0057730596
0.0058018253
0.0056191683
0.006266792
0.005913798
0.0069143563
0.006911702
0.0060835867
0.0061760624
0.0059498413
0.0062576314
0.0059305304
0.0059848563
0.0057289456
0.0058664693
0.0058428883
0.005578873
0.0054965564
0.005851761
0.005745471
0.0054059178
0.0053496626
0.0053802766
0.005231939
0.0056151734
0.005539523
0.005323781
0.0054413006
0.005298113
0.005010877
0.005841264
0.005929183
0.0057866555
0.005668277
0.0051581827
0.005629783
0.005309036
0.0056198835
0.005272096
0.0052863914
0.0051875925
0.0051177354
0.005075064
0.005078607
0.0049122446
0.005014058
0.004934815
0.0049876045
0.0049664876
0.005165193
0.0049156877
0.00557732
0.0052626044
0.005609624
0.005496502
0.0048720124
0.0047203563
0.0051541016
0.004857346
0.0053481385
0.0053225867
0.004866458
0.0049169622
0.0049053673
0.00477594
0.004782507
0.004627165
0.004859255
0.0046343203
0.0052443836
0.0052903607
0.004654496
0.004671234
0.0048686024
0.004509239
0.00492758
0.0048998496
0.0045236875
0.0044574994
0.0048260246
0.00466714
0.0046755937
0.00470396
0.004417172
0.0043152035
0.004786219
0.004469798
0.0047410033
0.0046884813
0.0043942127
0.0044427766
0.004313069
0.0041118083
0.0054235533
0.005545024
0.0045004613
0.004705657
0.0048398874
0.0046299086
0.0044032573
0.0048342017
0.004792658
0.0041927397
0.0043480205
0.004329521
0.004053967
0.00494267
0.0047307755
0.004522439
0.0044645327
0.004496152
0.004517315
0.0042448896
0.004584348
0.004268289
0.0048537976
0.0044222926
