0.2870201
0.04956704
0.06886382
0.04697317
0.021658152
0.039229136
0.04291584
0.028498525
0.023349928
0.025924861
0.025785089
0.024264848
0.02252277
0.021768251
0.02318891
0.022392863
0.020598248
0.022249175
0.02326279
0.02150037
0.020341428
0.021916822
0.020642744
0.020933876
0.02048272
0.020336209
0.02031908
0.020070935
0.020095626
0.019752996
0.019544646
0.019994995
0.01975675
0.019703142
0.019233512
0.019900806
0.01917248
0.019204613
0.019193714
0.018058183
0.018276902
0.018129865
0.017635757
0.017598212
0.017478937
0.01709614
0.01688571
0.01686343
0.016278636
0.017605267
0.017904788
0.01599402
0.01732337
0.018852653
0.017564682
0.015979981
0.017085515
0.017836114
0.016851848
0.016286565
0.016283952
0.01620314
0.016058384
0.0154594155
0.0155189065
0.015655825
0.01497143
0.015513669
0.015966827
0.01528124
0.014945225
0.01501285
0.01497237
0.014844902
0.01449095
0.014740053
0.014734949
0.014236535
0.015005082
0.015309382
0.014582257
0.0142961005
0.014455959
0.014381874
0.014137437
0.01394135
0.0140712
0.014007716
0.013532643
0.0137429135
0.01366816
0.013185051
0.013151456
0.013063486
0.012748831
0.012633041
0.012399048
0.012222667
0.012037724
0.0119554
0.011864896
0.011641994
0.011563125
0.011474703
0.011317627
0.011189693
0.011319582
0.010984648
0.011283789
0.011464082
0.011159086
0.010709599
0.011740836
0.011415276
0.010728265
0.010851362
0.011005278
0.010791463
0.010563697
0.010478991
0.01059626
0.010562991
0.010932502
0.010825341
0.010409451
0.010167628
0.01024913
0.01012666
0.010207052
0.0101773795
0.010385311
0.010174368
0.010214509
0.009765263
0.010251219
0.010191033
0.009876121
0.009770284
0.00959421
0.009538746
0.00977826
0.009423051
0.010086827
0.010198967
0.009449902
0.009484475
0.009647229
0.00937337
0.009591839
0.009559217
0.009571253
0.009493795
0.010120789
0.009974971
0.009284022
0.009159953
0.009255762
0.009100224
0.009283248
0.009124364
0.009285153
0.008977606
0.009443789
0.009448058
0.008828669
0.008550405
0.008946718
0.008770256
0.009596115
0.009444295
0.008466332
0.008420118
0.008734234
0.008522694
0.008789831
0.008692905
0.008558395
0.0082630785
0.00859525
0.0083277365
0.00804806
0.00820766
0.008319573
0.0077670203
0.008409359
0.008541561
0.00870797
0.007986367
0.008670366
0.008926801
0.008540773
0.008078623
0.007879817
0.0077178925
0.0076377927
0.0074155834
0.007763751
0.0073891864
0.0077061835
0.0074092154
0.0084317615
0.008316842
0.0076830895
0.007272087
0.008013652
0.0077606216
0.007893815
0.008019061
0.0071052834
0.0069787167
0.0073434827
0.007213456
0.0075811655
0.0071856156
0.0074531883
0.0072175018
0.0070251212
0.006825337
0.0074053705
0.0071813357
0.0068171057
0.006629175
0.0072756545
0.0071891863
0.0066673136
0.006568914
0.006944301
0.006854169
0.006804906
0.00677562
0.0067533865
0.00675887
0.0067904056
0.0064719818
0.0073421965
0.006945009
0.006526599
0.006243018
0.007123155
0.0065590143
0.0066728326
0.006777181
0.006655067
0.006481167
0.006456684
0.0065546483
0.0059717074
0.0062749623
0.0060883276
0.005906911
0.005889511
0.0066619976
0.0057961405
0.007206707
0.0070956373
0.0063196025
0.006841334
0.006280847
0.0066114455
0.0065851375
0.006117406
0.006185751
0.0062860902
0.0058186785
0.0064041265
0.0061466224
0.00624151
0.0062331087
0.006177476
0.0057530715
0.006673727
0.0066353153
0.00579804
0.005739692
0.006009936
0.005710392
0.00647922
0.006293883
0.005590501
0.005529053
0.0060386304
0.005749116
0.006085474
0.0061904117
0.0054808124
0.005508145
0.0055929306
0.005389169
0.0058682575
0.0057973177
0.0053454116
0.0051940545
0.0059977714
0.0056928634
0.0054926854
0.005445596
0.005302017
0.0051330593
0.0059101298
0.0059468187
0.0053406707
0.0053105666
0.005179995
0.0050826613
0.005329274
0.0050627342
0.005435951
0.0053311014
0.005199478
0.0050317817
0.0052799974
0.0050145006
0.005505258
0.0055999453
0.0047784876
0.005184213
0.005299402
0.0049251732
0.0051364484
0.005166787
0.004905967
0.005212636
0.0056517324
0.005279342
0.005224271
0.0055239243
0.0052152644
0.005248245
0.0050930753
0.0049214237
0.005011908
0.0048849178
0.0052780085
0.0049884464
0.0052266135
0.0053183124
0.0044878647
0.004565749
0.0049145715
0.004539121
0.005442293
0.0057257363
0.005590625
0.005320633
0.0048844256
0.005030451
0.005187645
0.0049279695
0.0047029965
0.004478896
0.0046200347
0.0045744497
0.004516521
0.0042764195
0.004982797
0.004486662
0.0047839526
0.005664366
0.005010314
0.004908594
0.0050854175
0.0045040855
0.0051158187
0.0048125037
0.0045075086
0.0046867286
0.004448067
0.004333069
0.004455915
0.0046479045
0.004034787
0.005528549
0.0051966584
0.005651403
0.0050517195
0.005057593
0.005092388
0.0047787037
0.0052424488
0.0048433444
0.004648233
0.004802315
0.0043438063
0.0048180046
0.0046188436
0.004365343
0.0040755733
0.004416655
0.0045129484
0.0038668895
0.0054125986
0.0048604934
0.0046225837
0.00503885
0.004161161
0.004681947
0.0046897023
0.0038865951
0.0042258757
0.004410776
0.0043828846
0.0042943545
0.003960349
0.003934039
0.0043633506
0.0038177185
0.0041815205
0.0040983562
0.003924755
0.0044025066
0.0040190592
0.0043330765
0.0041309367
0.00432127
0.0042194133
0.0037831466
0.00368311
0.0036692526
0.0038790274
0.0038840596
0.003484857
0.004193632
0.004598644
0.0039348467
0.0037849874
0.0039759898
0.003605454
0.0036605902
0.0037271567
0.0038911812
0.0035971522
0.0033507727
0.0035461492
0.0033755656
0.0037479922
0.003459161
0.0036340838
0.003504418
0.004250932
0.003763241
0.004041699
0.003942369
0.0038611877
0.0034957658
0.003952879
0.0036547184
0.003758651
0.0036212231
0.0035469371
0.0032867792
0.00423474
0.0040889014
0.0033233315
0.00348692
0.0036238339
0.00345579
0.0035342649
0.0034093645
0.0038461173
0.0036359287
0.0034034003
0.003299134
0.003716646
