0.28732646
0.06350226
0.05893593
0.0317153
0.033155773
0.030096432
0.023141349
0.025885766
0.026823396
0.022086876
0.02163822
0.02275155
0.021174505
0.020715453
0.02110598
0.020915484
0.020059811
0.022188043
0.022571513
0.020449527
0.02141262
0.022571446
0.021350084
0.020728556
0.021071369
0.020442776
0.020734789
0.020942226
0.019885816
0.020662047
0.021513635
0.020478869
0.01982739
0.020095304
0.019871386
0.01990951
0.019737711
0.019660672
0.01971065
0.019272387
0.0204505
0.02097857
0.020062417
0.018887646
0.019302009
0.019758977
0.018894397
0.018314956
0.018358804
0.018350715
0.017566733
0.017405013
0.017307691
0.016677758
0.016434448
0.016181743
0.015803227
0.016124262
0.015711116
0.015468943
0.016736096
0.016878242
0.01603658
0.016102042
0.015503775
0.016166158
0.01622813
0.015186052
0.016224576
0.016803375
0.01584059
0.016136872
0.015971942
0.015108
0.016063794
0.016233372
0.014820638
0.016128138
0.017418794
0.016196677
0.015260488
0.015626084
0.01514148
0.014748397
0.014935873
0.014457196
0.015191817
0.015528243
0.01475475
0.015208329
0.015407086
0.014403065
0.015449162
0.016257238
0.015012651
0.014547531
0.014981058
0.014409949
0.014782928
0.015260081
0.014281885
0.014531302
0.015204579
0.014334266
0.014384635
0.01484218
0.014161892
0.014533368
0.015041262
0.014205851
0.014318393
0.014773782
0.0140469475
0.014253225
0.014769796
0.013954003
0.014145429
0.014659077
0.013903598
0.014121496
0.014657241
0.013849872
0.014059161
0.014539761
0.013777417
0.013989232
0.014456944
0.013665763
0.013962798
0.01447254
0.013630795
0.013826531
0.0144385
0.01357269
0.013652296
0.014131273
0.013399969
0.013700962
0.014233793
0.013367317
0.013548004
0.014066845
0.013290141
0.013447788
0.01398119
0.013172589
0.013376477
0.013891156
0.01312003
0.013234418
0.01374431
0.012964685
0.0132030295
0.013703634
0.012908351
0.013096757
0.013645098
0.012826736
0.012983333
0.013498825
0.012745303
0.012881414
0.0133983595
0.012624239
0.012862812
0.013350547
0.012573488
0.012749013
0.013260764
0.012481284
0.012704175
0.013232321
0.012476079
0.012541867
0.0130163245
0.012289479
0.0126713365
0.013204993
0.012371446
0.0123909265
0.012835465
0.012142721
0.012593289
0.013133142
0.012274119
0.012274995
0.012718207
0.012025621
0.012484343
0.013002667
0.0121532725
0.01222738
0.012639015
0.011985667
0.012279927
0.012704826
0.012004786
0.012181297
0.0125561645
0.0119622275
0.012158272
0.012427121
0.011951756
0.012042823
0.01227856
0.012039974
0.011820319
0.011901379
0.011985925
0.011551685
0.012365196
0.012655479
0.011948012
0.0117777875
0.011693791
0.01178893
0.011706072
0.01170426
0.011755162
0.011438238
0.011298344
0.011573692
0.011610716
0.011438082
0.011354011
0.01141044
0.0112897875
0.011168219
0.011064142
0.011364062
0.011451726
0.011029072
0.011004369
0.010883887
0.01110551
0.010981567
0.010791383
0.010906658
0.01061365
0.010695417
0.010488185
0.0104928585
0.010374947
0.010350141
0.010258096
0.010199101
0.010199455
0.010178733
0.009967185
0.009960598
0.009739886
0.010248891
0.009783618
0.010328276
0.0104792295
0.011269028
0.011433661
0.01051188
0.010907311
0.0111653665
0.01060428
0.010279867
0.010178606
0.010055776
0.010195933
0.009649396
0.009997807
0.00991696
0.009540016
0.009563002
0.009466305
0.009315246
0.009329744
0.00910798
0.008937209
0.008891581
0.008724181
0.0087846285
0.0088034915
0.008643393
0.008489322
0.008444411
0.008405586
0.00835218
0.008255586
0.008143471
0.007976767
0.007886517
0.007994433
0.00771242
0.007648036
0.0077079837
0.007389954
0.008082318
0.008251001
0.007971601
0.007788154
0.007741852
0.007301782
0.0070886775
0.0072857887
0.0072124028
0.006923653
0.0068436377
0.006900972
0.0068222056
0.006848728
0.006706501
0.006683757
0.0067540635
0.006565375
0.0063664443
0.0065133795
0.006643145
0.006699773
0.006393028
0.0066006533
0.006555932
0.0063451366
0.0060618664
0.006095858
0.006023435
0.0060099433
0.006473487
0.0064466167
0.006074224
0.0058398135
0.0057482407
0.005793147
0.0058963313
0.0057602474
0.0057324744
0.0057550916
0.005506572
0.0055754376
0.005589659
0.0056158067
0.0057934723
0.005427757
0.0053068832
0.005518611
0.0059649176
0.0053488943
0.0054828883
0.0056932173
0.005525257
0.005133318
0.00528891
0.0060082055
0.0055746785
0.005605563
0.005549032
0.0053091277
0.005250612
0.0052008852
0.0055629704
0.0053772056
0.004989535
0.0049797674
0.005024798
0.004955677
0.0048369975
0.0049075675
0.0048134355
0.0048079053
0.0046304544
0.0047270134
0.004657489
0.0049721575
0.0048964075
0.0046358136
0.0046048625
0.00462162
0.004426195
0.005032982
0.00519828
0.0044741626
0.0050558248
0.005269
0.004974695
0.0049593337
0.0044794935
0.0050618383
0.00544145
0.005269854
0.004882921
0.0050520543
0.0049061175
0.004712868
0.0049229297
0.0045686197
0.004877899
0.0049274396
0.0045611793
0.0046626306
0.0046884282
0.00483262
0.004466728
0.004766794
0.004828951
0.0046246885
0.00427701
0.0044861515
0.0045545474
0.004413949
0.004253598
0.00423618
0.0043596704
0.0041376604
0.004313191
0.0039991383
0.0042761494
0.0043081096
0.0041041486
0.0040579746
0.0040067183
0.003945063
0.004068809
0.0040307585
0.0039630593
0.003914727
0.0038863197
0.0037780784
0.0040062363
0.0038715794
0.0040934724
0.0044682412
0.004030518
0.0044889464
0.0047615683
0.0041850186
0.004189857
0.0044772155
0.0038512095
0.004273969
0.0047125486
0.0039212704
0.004069693
0.004626998
0.0039436813
0.003924794
0.0044404273
0.0038295817
0.0037979868
0.0039786934
0.0034254126
0.004194505
0.0046537207
0.0038783718
0.0043317424
0.005142094
0.0043152315
0.003738122
0.0049407305
0.004616673
0.0037437251
0.0042236974
0.0043606255
0.0039952477
0.004010333
0.0040587806
0.0035080314
0.003983637
0.0039238404
0.0038042713
0.004304097
0.0041803177
0.003876942
0.0037065304
0.003784977
0.0035648395
0.0036212865
0.0033046573
0.00352634
0.003452704
0.0033589734
0.0034739173
0.003573436
0.0031860676
0.004226355
0.0045347908
0.0039002292
0.003931627
0.0036057003
0.003801624
0.0036717907
0.0034224838
0.0033291725
0.003508972
0.003553189
0.0034898988
0.0033437752
0.003384608
0.0032173016
0.0033435693
0.0034180756
0.0032823954
0.0032919163
0.003260496
0.0032260704
0.0032048568
0.0033053851
0.0031799988
0.0030776083
0.003161729
0.0032178916
0.0031258662
0.0033712003
0.0035059385
0.0034199476
0.0031925857
0.0033685386
0.0031934504
0.0033651087
0.0031783136
0.0032452543
0.003061982
0.0034211634
0.0035340295
0.0030137934
0.0032415756
0.0033699695
0.0033597548
0.0031250461
0.0032820508
0.0031532838
0.0030923642
0.0030112509
0.0031829427
0.003153573
0.0029408038
0.0028421448
0.002955085
0.0029191372
0.0027835805
0.0027069692
0.0030447866
0.0029347448
0.002870675
0.0030174463
0.0026412408
0.003601569
0.0034328427
0.0030351216
0.002867031
0.002889157
0.0028144505
0.0027885388
0.0030376064
0.002717478
0.0030815306
0.0030399982
0.0029276086
0.0029127987
0.0026117333
0.0033185724
0.0032471882
0.0028625836
0.0030498065
0.0031588727
0.0027176857
0.003431528
0.003117828
0.0029061388
0.0035663098
0.003306817
