0.28803113
0.042425673
0.12004751
0.12971282
0.13210608
0.12967816
0.12140902
0.097307146
0.08700975
0.09283622
0.09334818
0.08734765
0.081492804
0.08154922
0.08398062
0.083229296
0.07967166
0.078399785
0.07994104
0.07985951
0.077983275
0.07828283
0.079389565
0.07828394
0.07742743
0.07765005
0.07733167
0.078214556
0.0784494
0.07749189
0.07806642
0.07891422
0.078152604
0.07729921
0.077708
0.07757888
0.07705609
0.077267595
0.07699985
0.07515762
0.04197431
0.021679292
0.042131588
0.06940829
0.07279775
0.056664754
0.03587516
0.02382224
0.025162974
0.02978489
0.030192869
0.027314534
0.024591947
0.023741664
0.023475165
0.022680635
0.022315376
0.022933548
0.022993848
0.021775195
0.02062139
0.021490723
0.022448802
0.021823265
0.020586105
0.020728728
0.02148451
0.02130117
0.02049447
0.020534903
0.02098724
0.020709956
0.020333467
0.02046187
0.020550488
0.020404298
0.020324344
0.02034044
0.020384839
0.020260317
0.020292459
0.02035162
0.020177068
0.020520348
0.020757318
0.020460943
0.020214118
0.02037671
0.020479416
0.020256633
0.020186992
0.020248728
0.020241257
0.020084664
0.02017001
0.020239424
0.02006936
0.02006076
0.020120924
0.019990964
0.01999633
0.020006895
0.019927733
0.019888815
0.01989393
0.01979593
0.019891389
0.019902023
0.0197301
0.019700468
0.019660873
0.019639844
0.019533338
0.019546313
0.019513594
0.019335635
0.019497488
0.019495828
0.019172588
0.019164065
0.019195562
0.019000852
0.018924823
0.018828103
0.018631259
0.018563876
0.018366849
0.01819016
0.018073104
0.017776487
0.017834751
0.017815128
0.017461447
0.017086314
0.017008448
0.016778363
0.016645337
0.01643121
0.016348286
0.01630296
0.015976137
0.016049443
0.016131477
0.01578433
0.015659137
0.015609782
0.015328981
0.015531003
0.01573455
0.0154530145
0.015102324
0.015564729
0.015651466
0.01519439
0.015209465
0.015374638
0.01523415
0.014898649
0.015002672
0.014779034
0.014944293
0.014980386
0.0147308335
0.014848821
0.014864323
0.014652256
0.014893007
0.014835679
0.014635985
0.014652483
0.014761291
0.014461367
0.015028196
0.015327695
0.014724442
0.014746364
0.015055065
0.01466269
0.0147045
0.014685144
0.014534004
0.014570378
0.014420521
0.01444653
0.014556092
0.014449826
0.014339879
0.014384075
0.014269531
0.014194801
0.014162221
0.014257054
0.014289438
0.014229369
0.014172311
0.014211682
0.01416863
0.014086318
0.014065333
0.014154634
0.014084947
0.0140551375
0.014044821
0.013986983
0.013968381
0.014025857
0.013970368
0.013951953
0.013929799
0.0139002735
0.013864455
0.013909013
0.013880084
0.013831231
0.013798078
0.01387673
0.013848302
0.013769135
0.013746659
0.013793055
0.0137461675
0.01374163
0.013708337
0.013708127
0.013662416
0.013687126
0.013631838
0.013646376
0.01359911
0.013584099
0.0135285705
0.013528638
0.013485859
0.013448916
0.013414722
0.013368278
0.013231892
0.013539274
0.013504618
0.013178411
0.013297324
0.0133320615
0.012916871
0.013382819
0.01336171
0.012899068
0.01292188
0.012994585
0.012858433
0.012823635
0.012765196
0.012661185
0.012832474
0.012825042
0.012799099
0.012595016
0.01262632
0.012650352
0.012468944
0.012724263
0.012658641
0.012610969
0.012486696
0.012452713
0.012497556
0.012447099
0.01228338
0.012498659
0.012482737
0.012258895
0.012257195
0.0122502195
0.012164645
0.012269077
0.01208314
0.012291125
0.012250189
0.012141127
0.012104832
0.012117189
0.012138921
0.011906087
0.012121431
0.012101074
0.011961906
0.011867912
0.011966371
0.011777935
0.011964586
0.01190076
0.011812548
0.011753869
0.011833926
0.011656798
0.01182099
0.011793382
0.011691253
0.0117120175
0.01157965
0.01154274
0.011521972
0.011557671
0.011431609
0.011538945
0.011383176
0.011364843
0.011467428
0.011321026
0.011268675
0.011648643
0.011377737
0.011887394
0.01186752
0.011300323
0.011240341
0.011500724
0.011266105
0.01180999
0.011910033
0.011260075
0.0115785925
0.01133288
0.011663253
0.0119466605
0.01116088
0.01240926
0.013033581
0.012221421
0.011835313
0.011955601
0.0115146125
0.011602265
0.011791095
0.011380388
0.011339687
0.011430875
0.011416998
0.011114861
0.01117817
0.011212335
0.011043906
0.010962434
0.0110908775
0.010861126
0.011407669
0.01127097
0.011105336
0.011210576
0.010859395
0.010968772
0.010904261
0.011192895
0.010963448
0.0112280585
0.01132561
0.010761033
0.011375673
0.011546302
0.011016909
0.010877271
0.011046049
0.011007545
0.010716344
0.010746841
0.01078032
0.0107449815
0.010632561
0.01077122
0.010580633
0.010818574
0.010736306
0.010952027
0.010835707
0.010912967
0.01088953
0.010717775
0.010694593
0.0104128765
0.010445948
0.010660072
0.010436875
0.010969557
0.011100038
0.01055237
0.010696072
0.010823472
0.010846905
0.010514099
0.010827481
0.010759746
0.010546434
0.010547365
0.0103218155
0.010346146
0.010430609
0.010343519
0.010210312
0.010663812
0.010584523
0.010421716
0.010370697
0.010492799
0.010457712
0.010214192
0.010185466
0.010377748
0.010201379
0.010638843
0.010532315
0.010167076
0.010122499
0.010380591
0.010249375
0.010353972
0.0103369625
0.010165509
0.01010011
0.0102956025
0.010264291
0.010137662
0.010045097
0.010290998
0.010184247
0.010199233
0.010222348
0.010056777
0.010025057
0.010241505
0.01014847
0.0101451455
0.010149293
0.009936103
0.009889562
0.010280181
0.010174028
0.0100171985
0.0099780345
0.010101561
0.009976751
0.010177138
0.010126001
0.009915927
0.009898265
0.010128052
0.010055811
0.0099914
0.009962015
0.009893532
0.00982725
0.010093241
0.010077664
0.009834609
0.009795981
0.009987322
0.009870148
0.010061401
0.010021277
0.009783954
0.0097342655
0.0100009935
0.009836013
0.010045681
0.010120404
0.009730526
0.010067861
0.009836704
0.010068991
0.01018946
0.009719302
0.010251614
0.010231472
0.0099062985
0.009903575
0.0099579105
0.010026331
0.009666092
0.010303673
0.010592884
0.009983874
0.009988691
0.010443612
0.009988883
0.010057241
0.010290711
0.010133996
0.009954132
0.009899267
0.009892849
0.009934504
0.009739201
0.009737766
0.009722301
0.009599692
0.009664964
0.009544749
0.009715532
0.009655034
0.009494907
0.009523102
0.009545106
0.0096128555
0.009457228
0.009571802
0.00968564
0.009445687
0.009683318
0.009664409
0.0097868275
0.009702483
0.009540497
0.009537264
0.009483466
0.009452428
0.009533179
0.0094637545
0.009527477
0.009377508
0.009616259
0.009540564
0.009329245
0.009332908
0.009372515
0.009258716
0.00946675
0.009408203
0.009293924
0.009265161
0.009292877
0.009217563
0.009395371
0.009274551
0.009318999
0.009336249
0.009104877
0.009087581
0.00925116
0.009091648
0.009436824
0.009502601
0.008972655
0.009173083
0.008970126
0.009225997
0.0091331545
0.009027702
0.009054384
0.009015526
0.008876483
0.009379454
0.009316971
0.00904584
0.009236402
0.009146216
0.008907161
0.009274953
0.008998579
0.009269706
0.009317961
0.008903441
0.008995151
0.008957766
0.008803056
0.00929156
0.009292602
0.008760972
0.00912191
0.008898309
0.009052111
0.009149745
0.008902348
0.00897931
0.008908787
0.00885165
0.008827991
0.008742497
0.008750925
0.008613487
0.00890689
0.00870633
0.00892897
