0.2863665
0.042368818
0.07672088
0.057953116
0.023225823
0.031428836
0.03542909
0.025124053
0.021083483
0.023558179
0.022381073
0.020532971
0.021388968
0.021701416
0.020408683
0.021123871
0.021964
0.021372363
0.020171016
0.020729996
0.021499807
0.021010896
0.019877879
0.020088727
0.020643726
0.02028167
0.019456789
0.019349506
0.019673547
0.019356214
0.018779574
0.01922491
0.019377796
0.019432865
0.01888037
0.01849678
0.018413693
0.018860148
0.018741796
0.017899431
0.017814243
0.017602634
0.017636018
0.01713717
0.017196516
0.016857779
0.016846368
0.016721176
0.016280502
0.016030243
0.015902678
0.015780648
0.01565967
0.015316601
0.016065205
0.016088113
0.015220705
0.015664725
0.015640194
0.0151151465
0.015432931
0.0152835585
0.01476721
0.015145707
0.015041533
0.014638397
0.014572307
0.014418255
0.01433454
0.014328453
0.014231118
0.0139957145
0.014361071
0.01414076
0.013876566
0.013807371
0.013650052
0.013398374
0.013513471
0.013272095
0.013230207
0.013034659
0.012815155
0.012657733
0.012745094
0.012540188
0.012590031
0.012526032
0.0122157335
0.012222495
0.012127799
0.011901754
0.012137112
0.011784587
0.012157063
0.011871357
0.011898633
0.011776756
0.011537783
0.011557098
0.011204452
0.01164978
0.011149079
0.012009625
0.01153744
0.011170124
0.011241811
0.0108078895
0.011143488
0.010895058
0.011326867
0.011652493
0.010765997
0.011562106
0.012360419
0.011559196
0.011211758
0.011289862
0.011346909
0.010705878
0.010729088
0.01080399
0.010426395
0.010868877
0.01103467
0.010292543
0.01046054
0.010634434
0.010393641
0.010233236
0.010344123
0.010330257
0.010008708
0.00990488
0.010000796
0.009775405
0.010145482
0.010350168
0.010001771
0.009842649
0.009981048
0.010018448
0.00959396
0.010224364
0.010490879
0.009856925
0.009830492
0.009804436
0.009819225
0.009718032
0.009548371
0.009801972
0.009541672
0.009765805
0.009756289
0.009483256
0.009548801
0.00946274
0.009272116
0.009517955
0.009423842
0.00957956
0.009550239
0.009664257
0.009505516
0.00930198
0.009192895
0.009307873
0.009133903
0.009141988
0.009187861
0.009023117
0.009524771
0.009497155
0.00899132
0.009180013
0.009077863
0.009087868
0.009086269
0.008977312
0.009138354
0.008990747
0.009096584
0.009177639
0.008787048
0.008997832
0.008838631
0.0090133725
0.009000852
0.008849327
0.008973812
0.008683204
0.009189629
0.009216136
0.0087410165
0.009003658
0.008974957
0.008680868
0.008782989
0.008595872
0.00881102
0.008614006
0.008923468
0.008932018
0.008736715
0.008785292
0.008582116
0.008708683
0.008598113
0.008535078
0.008571091
0.0085051395
0.008435122
0.008583722
0.00849593
0.008459065
0.008443883
0.008382418
0.008311457
0.008315714
0.008234251
0.008472053
0.008464568
0.008271657
0.008212652
0.0081499545
0.00803673
0.008107454
0.007987571
0.008166737
0.008170234
0.007889994
0.007908546
0.007870975
0.007812562
0.0077617546
0.007855095
0.007655063
0.007988487
0.0076859393
0.007901217
0.007859147
0.0076433136
0.007526412
0.007779052
0.0075217113
0.007748229
0.007852863
0.00721894
0.0075306254
0.007390196
0.007285601
0.007230612
0.0071759964
0.0070204274
0.0071866806
0.0070271567
0.007022822
0.006951397
0.006954301
0.006954508
0.006791644
0.0066788658
0.006742421
0.006670019
0.006647168
0.006523684
0.0065890304
0.0065486482
0.0063562407
0.0064127245
0.006335648
0.0062117684
0.0061836042
0.006081095
0.0063177734
0.0061955377
0.0060706153
0.006276332
0.005979979
0.006685072
0.006606761
0.0063091456
0.006191078
0.0061452375
0.006221603
0.005701355
0.0060419054
0.0059098266
0.0055422895
0.005733343
0.005431765
0.00549471
0.005422788
0.0056723803
0.005256448
0.006363705
0.005919146
0.0061727925
0.0063411985
0.005379221
0.0053667426
0.005348384
0.0051475097
0.0053324676
0.0049445513
0.006299082
0.006344879
0.004894771
0.0050601675
0.005146732
0.0047883997
0.0054065827
0.0050202324
0.0058606598
0.005999749
0.0052793794
0.005511711
0.0050917594
0.005877737
0.005991265
0.0047440454
0.0060075647
0.0061425497
0.0054146224
0.0059295744
0.006237099
0.005328016
0.0056114583
0.005297611
0.005044593
0.0052487715
0.004331594
0.0058450345
0.006548121
0.005446516
0.0058858604
0.006686233
0.00545195
0.005926294
0.0066471957
0.005074473
0.0050763073
0.005883818
0.004761677
0.0051280046
0.005429156
0.0044731903
0.005302155
0.0055543208
0.004609408
0.0050525675
0.005000923
0.0046187337
0.0047662086
0.0047981585
0.004368575
0.004796469
0.0046009882
0.004291965
0.004418198
0.0043726326
0.004154372
0.0043839817
0.0044440944
0.0040005646
0.0041115787
0.0040691947
0.0038478693
0.0039862553
0.0039124344
0.0037527203
0.0037327372
0.0037867192
0.0037305455
0.0038057528
0.0036037236
0.0038464172
0.003724372
0.003712288
0.0036916242
0.003462848
0.0034512717
0.0037877979
0.0035939256
0.00397731
0.0038444188
0.0041411933
0.0037159314
0.004343977
0.004362172
0.0032844816
0.0033351777
0.003429938
0.003308046
0.0031612776
0.003794915
0.0033666994
0.004515761
0.004647954
0.0033818036
0.0045794607
0.0045338715
0.003730288
0.0038865097
0.003683677
0.003442832
0.0034008285
0.003320745
0.0032683527
0.0031698365
0.0036925066
0.0037241634
0.0032624223
0.0033710354
