0.28804132
0.047585487
0.07715202
0.05205515
0.023519529
0.03448496
0.036430832
0.026032696
0.02327452
0.026451772
0.024159452
0.02125828
0.022741338
0.022577574
0.021194039
0.021913707
0.022330029
0.021239333
0.021301888
0.02185086
0.021311954
0.02084525
0.021708334
0.021502448
0.020990273
0.020995798
0.021148212
0.02089492
0.020700552
0.020711048
0.02050454
0.021277646
0.02086548
0.020918151
0.020948624
0.020599674
0.020522365
0.020863295
0.020745426
0.02055262
0.020553185
0.020604728
0.020503717
0.020679899
0.020649627
0.020420572
0.020399386
0.020580208
0.020462897
0.020522574
0.020505942
0.020375326
0.020384507
0.020369954
0.020290872
0.020790102
0.020788757
0.020245513
0.020764507
0.020780167
0.020197479
0.021232968
0.021949893
0.020874372
0.020127553
0.02044654
0.020150488
0.020444684
0.02059722
0.02016534
0.020161545
0.02033508
0.020022968
0.020062998
0.020085847
0.019741
0.019800216
0.019651547
0.019575953
0.01948528
0.019451883
0.0193571
0.01933418
0.019267112
0.019261686
0.01926425
0.019163134
0.019216308
0.019051896
0.019099848
0.019209547
0.018874167
0.019119145
0.019227285
0.018850857
0.018855805
0.019447524
0.019438624
0.019307481
0.018596089
0.019813752
0.020279003
0.018944127
0.020820236
0.022264136
0.019932084
0.019138671
0.019986333
0.018772986
0.019308053
0.02021595
0.01874789
0.018579014
0.019064065
0.018131247
0.019348009
0.020062262
0.018373689
0.018417267
0.019225685
0.017999465
0.018112017
0.018602723
0.017470147
0.01868999
0.019912312
0.01824292
0.017029583
0.017380355
0.016781531
0.018079326
0.018872453
0.017217906
0.017109016
0.018022392
0.016969807
0.016657446
0.017191874
0.016137386
0.016595194
0.017444007
0.016128069
0.015926678
0.016369892
0.01552209
0.016098162
0.016293934
0.01557115
0.015434769
0.015448172
0.015235618
0.01513239
0.015181144
0.014837865
0.015262063
0.015376508
0.01536703
0.01450936
0.016729174
0.017906215
0.015593593
0.016709207
0.0183289
0.016038267
0.015165366
0.015797669
0.01451169
0.015908906
0.017136479
0.015503819
0.015245891
0.0159119
0.014604154
0.015083045
0.015925208
0.014696489
0.015343907
0.01639208
0.014964986
0.01459453
0.01528079
0.014284176
0.014899907
0.015724955
0.014453903
0.014729388
0.015590534
0.014440884
0.014538559
0.01525369
0.014180022
0.014621869
0.015434649
0.014260754
0.014474116
0.015225459
0.014118665
0.01449411
0.015354406
0.014153258
0.014363527
0.015150691
0.01408125
0.014290451
0.01500095
0.013940639
0.0143594295
0.015131984
0.013998012
0.014200932
0.014910177
0.013887127
0.014303454
0.01508071
0.013937082
0.01411192
0.014825974
0.013751921
0.014269695
0.01512305
0.013982174
0.013878168
0.014478744
0.013586272
0.014297713
0.015138571
0.0139181325
0.013751385
0.014301289
0.013442121
0.01440845
0.015416889
0.014069475
0.01345241
0.013929551
0.013254922
0.014352563
0.015174657
0.013768495
0.013575937
0.014229362
0.013256977
0.014065879
0.01500094
0.013810004
0.013303779
0.013775275
0.013072397
0.01407
0.014874302
0.013625145
0.013297763
0.013807883
0.01301944
0.013823186
0.01465096
0.01343656
0.013242808
0.013859433
0.013062379
0.013512924
0.014108154
0.013051172
0.013637449
0.014417353
0.013137381
0.0132523
0.013883154
0.012978283
0.013438377
0.014197104
0.013135381
0.013079119
0.013695288
0.012870765
0.013284293
0.013985527
0.012990859
0.013076291
0.013652913
0.01279778
0.013232057
0.013959465
0.012977692
0.012960491
0.0135530485
0.012771379
0.013119652
0.013821013
0.012895882
0.012944527
0.0135507835
0.012773695
0.013070735
0.013766185
0.012892955
0.012963898
0.013567333
0.012883398
0.012927416
0.01351225
0.0127985375
0.013093832
0.013844726
0.013053714
0.012849357
0.013361146
0.012871009
0.013090462
0.01368036
0.013170618
0.012954977
0.013351008
0.012970455
0.0132212965
0.013387516
0.012763336
0.0132764205
0.013691101
0.012718312
0.012940064
0.013385422
0.012532898
0.012884309
0.013480179
0.012496468
0.012819537
0.013534312
0.012607322
0.012567949
0.01317621
0.012397672
0.01279977
0.013567529
0.012667283
0.0125246
0.013113697
0.012460449
0.0127341105
0.013384476
0.012639727
0.01254076
0.013075702
0.01240557
0.012707594
0.013305816
0.01250801
0.012421496
0.012880091
0.012189679
0.012628678
0.013200904
0.0122818425
0.012403474
0.012952119
0.01213221
0.012495856
0.013098161
0.012183319
0.0123397065
0.012912124
0.012073991
0.012452938
0.013122228
0.012217708
0.012190968
0.012712014
0.0120155355
0.012423622
0.013072704
0.012189038
0.01214487
0.012632144
0.012010443
0.012272768
0.012783792
0.012102976
0.012173572
0.012736261
0.012151584
0.012182277
0.012678671
0.012229856
0.012037392
0.012649407
0.0122991735
0.012042449
0.012744646
0.012587554
0.011812937
0.012533486
0.012597551
0.011561163
0.012617891
0.013740606
0.012227006
0.012071975
0.013220675
0.013643302
0.013270157
0.011938044
0.012255949
0.0140103735
0.014255215
0.01229772
0.011670403
0.012615313
0.012906157
0.01242318
0.011813049
0.0116888285
0.011773657
0.011687222
0.0115092695
0.011370126
0.01151257
0.011491142
0.011131025
0.011369121
0.011601637
0.011335905
0.011026821
0.011302232
0.011433072
0.011519921
0.0112935975
0.010831329
0.010725886
0.011131194
0.011110734
0.010807306
0.010536991
0.010808726
0.010864242
0.010946687
0.010859122
0.010392125
0.010374209
0.010376574
0.010542293
0.010161951
0.01057528
0.010452051
0.01038638
0.010448341
0.01005242
0.009926654
0.009978465
0.009990028
0.010177766
0.009970422
0.0098276995
0.009745665
0.010034579
0.009872974
0.009629766
0.009674621
0.009622004
0.009548292
0.009461447
0.009355333
0.009347302
0.009176955
0.009718114
0.009578858
0.009218472
0.009247814
0.0091148075
0.009228866
0.008911229
0.009730033
0.009298968
0.009396742
0.009433039
0.008833236
0.008855347
0.009010806
0.008743747
0.009233239
0.008947449
0.009509628
0.0095876055
0.008634527
0.009493244
0.00944735
0.008716927
0.008823424
0.008605417
0.008948724
0.008646096
0.009365916
0.009527984
0.00883014
0.009240518
0.009035575
0.008676599
0.00887714
0.008654069
0.008884714
0.008759006
0.00873116
0.008694121
0.008641744
0.008689213
0.008486702
0.008398347
0.008435094
0.008336695
0.008505573
0.008337274
0.008509
0.008365322
0.008611584
0.008721762
0.008255075
0.009012681
0.009097885
0.008303038
0.0085286945
0.008483728
0.008183113
0.008399883
0.008165195
0.008411154
0.008700832
0.008207935
0.008394738
0.00886787
0.008215345
0.008323138
0.008652133
0.008155481
0.008313955
0.008728383
0.008241417
0.008204483
0.008571384
0.008364556
0.008058921
0.0084931115
0.008723917
0.008267044
0.008299406
0.008145801
0.008593042
0.0084243165
0.008081379
0.008115669
0.008031065
0.007917489
0.008586378
0.008681149
0.007912444
0.008418206
0.008149105
0.008306784
0.008558031
0.0079712495
0.008429356
0.008417415
0.007831043
0.008484169
0.008390089
0.007946348
0.008033671
0.007876166
0.007866875
