0.287929
0.067554206
0.06574726
0.03581241
0.02587606
0.026747653
0.021489551
0.027076153
0.025285518
0.021154815
0.023472935
0.023022914
0.02114491
0.022556456
0.02311485
0.021164836
0.022185592
0.023586906
0.022077927
0.020916611
0.021830643
0.021330496
0.021031827
0.021385923
0.020993063
0.0210141
0.021115689
0.02084714
0.02090131
0.020864798
0.020678097
0.020880753
0.02070296
0.020917691
0.020755524
0.020911092
0.021001838
0.020597579
0.021863708
0.021856466
0.020694885
0.021183616
0.021220751
0.02094222
0.020924069
0.020830039
0.02078171
0.020672755
0.020800613
0.02085407
0.020669017
0.02078087
0.020535171
0.02104626
0.02067843
0.021328993
0.021521756
0.02052827
0.021347439
0.021624118
0.020754417
0.020889683
0.02121076
0.02067163
0.020894805
0.021159062
0.020370955
0.021740997
0.022814147
0.02165511
0.020347366
0.02169238
0.022470966
0.020975053
0.020589463
0.021205148
0.02064392
0.020437472
0.0207605
0.020299565
0.020725785
0.021012528
0.020180816
0.021078268
0.021914339
0.02085287
0.020224469
0.020636825
0.020360395
0.020407317
0.020399874
0.02011169
0.020146554
0.01989369
0.020729661
0.02060684
0.020053862
0.02002485
0.019937282
0.019876016
0.01963837
0.020272559
0.019947385
0.019928264
0.019945784
0.01954101
0.019474572
0.019616416
0.019325104
0.019746343
0.019682912
0.019065281
0.019236509
0.018825697
0.019818325
0.01955642
0.018623931
0.018848967
0.018177371
0.018356884
0.018344494
0.017098853
0.017555108
0.017009186
0.015785772
0.016121238
0.015319031
0.015739819
0.014709537
0.014621737
0.015547596
0.015202311
0.016435973
0.016154382
0.015251582
0.014769636
0.014213604
0.01449158
0.014546479
0.0140871005
0.015670875
0.015714092
0.014676304
0.015066254
0.015148841
0.014807695
0.014283754
0.014528784
0.013980411
0.014098742
0.014159337
0.013670146
0.013601218
0.013518937
0.013488196
0.013485369
0.01338429
0.013614398
0.013240957
0.014016385
0.014125063
0.013353149
0.013605997
0.013776018
0.013464719
0.0130933225
0.013603275
0.013291709
0.013185118
0.013233316
0.013146049
0.012996907
0.01317294
0.013066366
0.012836397
0.012875351
0.012914504
0.012779277
0.012849626
0.012803835
0.012732738
0.012885884
0.012674701
0.013403855
0.013649116
0.013021804
0.013025413
0.0131099215
0.013063907
0.012746494
0.013002015
0.013118037
0.0129259145
0.012814934
0.012702298
0.012803781
0.012532811
0.013562637
0.013504922
0.012966797
0.013001327
0.013235145
0.012740709
0.01287854
0.01282835
0.012810203
0.01264165
0.012678344
0.012603607
0.01257439
0.012500234
0.012711762
0.01264817
0.012748743
0.012542631
0.013051704
0.0128158
0.012641884
0.012611656
0.012665338
0.012593466
0.012735512
0.01267004
0.012433738
0.012416302
0.012631625
0.012484382
0.012617908
0.0125571005
0.012448763
0.01242062
0.01253548
0.012468961
0.012462355
0.012409908
0.012480759
0.012410651
0.012464405
0.012386122
0.012466063
0.012393713
0.012449175
0.012425105
0.012346715
0.012306991
0.012416926
0.012329958
0.012432077
0.012360302
0.012369476
0.012298324
0.012402686
0.0123422695
0.012327979
0.0123008685
0.012332608
0.012298237
0.0122736795
0.012220625
0.012341731
0.012275879
0.012268213
0.012210273
0.012310162
0.012241888
0.012257363
0.012206328
0.012262342
0.012223914
0.012200192
0.012160525
0.012222789
0.012165518
0.012193707
0.012142052
0.012178983
0.01211187
0.012203236
0.012156732
0.012096065
0.012032923
0.01222684
0.012168012
0.012039456
0.01200062
0.012129596
0.012032062
0.0121165
0.012060992
0.012004256
0.011940382
0.012056795
0.011971504
0.012026674
0.012009889
0.0119085135
0.011893523
0.011950164
0.0118546905
0.012094938
0.012050162
0.011814273
0.011837035
0.011817205
0.01171724
0.0125744045
0.012618584
0.011790633
0.013085921
0.014144803
0.013270521
0.0124020735
0.012637399
0.012912545
0.012190263
0.012363471
0.012443017
0.012330347
0.012165892
0.012008353
0.011891988
0.012112032
0.011959396
0.012076068
0.012192407
0.012254454
0.012235656
0.012145049
0.012064802
0.01218503
0.012152125
0.01194902
0.011932713
0.012037243
0.01190767
0.011939279
0.01183362
0.012187865
0.012027803
0.011912957
0.011872481
0.011794377
0.011701286
0.011828274
0.011847998
0.011747219
0.011670817
0.0118062645
0.011763554
0.011748772
0.011722226
0.011595972
0.011632574
0.011595577
0.011522931
0.011474355
0.011641565
0.011474072
0.011952467
0.012046893
0.011458926
0.011736975
0.01179311
0.011441131
0.011691493
0.011656083
0.011438978
0.011519809
0.011358571
0.011666127
0.011637547
0.011566777
0.011495921
0.011506428
0.011457461
0.01142143
0.011333834
0.011420329
0.011298232
0.011475578
0.011321664
0.01136938
0.011314017
0.011186391
0.01110554
0.011532292
0.01164222
0.011093465
0.011501589
0.011495973
0.01122268
0.011196737
0.011258724
0.011116189
0.011194817
0.011115153
0.011115405
0.011117969
0.010846923
0.010876042
0.011026546
0.010779706
0.011059947
0.010964957
0.010884744
0.010961761
0.010672008
0.011265703
0.010970343
0.011099585
0.011127528
0.010630344
0.010777381
0.01073264
0.010500875
0.010639067
0.010345378
0.010575998
0.010307524
0.010893266
0.01087835
0.01024476
0.011100944
0.010732549
0.01143529
0.01157102
0.01080611
0.010956283
0.010588097
0.010959588
0.01060829
0.011071847
0.01078897
0.010527472
0.01049769
0.010228348
0.01021888
0.010282204
0.0100095
0.010089972
0.010005819
0.01022612
0.009905542
0.010633148
0.010814897
0.010096
0.010644712
0.010973628
0.010071595
0.010456019
0.010763689
0.010427274
0.010180743
0.010285094
0.0102211805
0.009977783
0.010193788
0.010038513
0.009884647
0.009911596
0.009955555
0.010060881
0.009866532
0.009751978
0.010103405
0.0101595465
0.009873177
0.009843256
0.010152914
0.009869018
0.010896566
0.01088931
0.012592684
0.01316676
0.010666739
0.012924696
0.014622374
0.011445683
0.011165666
0.01147573
0.010109453
0.013063413
0.015665995
0.012916732
0.011112769
0.012061727
0.010992126
0.010246819
0.010582031
0.010241574
0.010406814
0.010370996
0.0101813665
0.010053926
0.010012581
0.010124942
0.009861981
0.010065994
0.010028529
0.00998361
0.009897147
0.009882516
0.009875491
0.009707251
0.009789727
0.010007561
0.009754265
0.009660038
0.010171617
0.010073998
0.01000908
0.009697628
0.010627832
0.010747001
0.009816916
0.009760759
0.009787931
0.009629906
0.010229028
0.009877454
0.010227094
0.010225073
0.00977296
0.009653216
0.009907665
0.009849131
0.009827367
0.009636643
0.00989471
0.009873406
0.009749889
0.009659673
0.0096630445
0.009572587
0.009836281
0.009695726
0.009595188
0.009568135
0.009654641
0.009582295
0.009602913
0.009522718
0.009652381
0.009505655
0.009690195
0.009598681
0.009564797
0.009557713
0.009540629
0.009520897
0.009482905
0.009420112
0.009617355
0.009569406
0.009440203
0.009352262
0.009569436
0.009369567
0.009652987
0.009662981
0.009274461
0.009281714
0.009511743
0.009379848
0.009551995
0.009616475
0.009208166
0.00924322
0.0092862975
0.009190158
0.009196801
0.009151294
0.0094900755
0.009234528
0.009875236
0.010069544
0.0097743245
0.009787418
0.009642802
0.009431693
0.009493362
0.009391197
0.009581443
0.0092769405
0.009644275
0.009689078
0.009632821
0.009546969
0.009256073
0.009136614
0.009643319
0.009536622
0.009244765
0.00922325
0.009286524
0.009212519
0.009377629
0.009236503
