0.28885832
0.04957813
0.07111471
0.05228159
0.023210831
0.04266792
0.0498322
0.03465982
0.022871932
0.02935131
0.03522015
0.032439712
0.029070238
0.024798231
0.022541726
0.025874466
0.02580908
0.022582525
0.022878459
0.023961566
0.023392918
0.02275376
0.022369152
0.022109726
0.0227184
0.0221418
0.021744499
0.022281075
0.02179662
0.021817146
0.021577433
0.021740844
0.0215484
0.020913893
0.021365592
0.021084072
0.020822143
0.020698877
0.020653224
0.02053257
0.02047418
0.020336645
0.020345569
0.020174416
0.0200202
0.019962499
0.019705791
0.019486245
0.019737592
0.019443149
0.018987691
0.01880504
0.018969454
0.018780954
0.018420087
0.018656002
0.018294
0.0183373
0.018054718
0.018460495
0.018375551
0.018164935
0.017925292
0.01841478
0.018351847
0.017891938
0.01811455
0.01803847
0.01793026
0.017847484
0.018017597
0.017940616
0.01775212
0.017961938
0.017727757
0.018157197
0.018283704
0.017755872
0.01798357
0.018238267
0.017952358
0.017574325
0.017779486
0.017456716
0.018134063
0.018253265
0.01784001
0.017522529
0.018145794
0.018409293
0.017720738
0.017696507
0.01768979
0.017939726
0.017623676
0.017431537
0.017497852
0.017470002
0.017282836
0.017867481
0.01783613
0.01725368
0.017516114
0.017430557
0.017300077
0.017428922
0.017397815
0.017233491
0.017269162
0.017162418
0.01736199
0.017342461
0.017119532
0.017296141
0.017213998
0.017098244
0.017189028
0.017065857
0.017079642
0.017095568
0.017026534
0.017055927
0.017045287
0.016967649
0.017095
0.01694402
0.017231572
0.017238708
0.017115576
0.01690079
0.017374266
0.017277177
0.016875569
0.016853023
0.017084258
0.016981242
0.016879147
0.01683507
0.016896507
0.016786318
0.016878918
0.016835677
0.01678733
0.016666964
0.016728759
0.016608119
0.016717544
0.016616082
0.016563306
0.016440494
0.01649817
0.016419599
0.016356297
0.016297258
0.016311048
0.01617396
0.016227562
0.016165897
0.016054397
0.01603095
0.016052881
0.01586285
0.015998116
0.01584355
0.015795512
0.015622093
0.015785152
0.01564379
0.015612726
0.015525189
0.015415835
0.015402521
0.015810413
0.015693331
0.01563681
0.0154292025
0.015764095
0.014968194
0.016884984
0.018381765
0.017374154
0.01600249
0.015653173
0.016902601
0.016414115
0.015732333
0.015948283
0.015887583
0.015777063
0.015255913
0.015243729
0.015541297
0.015011073
0.014843519
0.014911505
0.014820441
0.014603843
0.014619309
0.014554608
0.014439024
0.014247074
0.014248773
0.014270098
0.013933726
0.013894927
0.013801907
0.013682713
0.013474308
0.013530046
0.013409221
0.013273944
0.013131465
0.0131777115
0.013002307
0.013252857
0.013220885
0.0128317075
0.012532662
0.01276106
0.012394327
0.0123718465
0.012168081
0.01201781
0.011913593
0.011687535
0.011440455
0.011354193
0.011348911
0.0111123575
0.010962962
0.010955653
0.010617103
0.011134192
0.011161876
0.010452512
0.010510918
0.010349818
0.009998277
0.010368175
0.009933122
0.009966494
0.010073362
0.009546232
0.009593662
0.009590043
0.009095912
0.009306463
0.009239627
0.008724901
0.009145586
0.00942167
0.008994804
0.008627456
0.009121892
0.009104506
0.008552478
0.008772026
0.00867744
0.008118596
0.008817315
0.008915617
0.008226165
0.008323541
0.008660565
0.007998276
0.0079830885
0.008651767
0.008083408
0.007734814
0.007940244
0.007564096
0.007652066
0.007821486
0.0074122283
0.007798472
0.007823712
0.007349195
0.007657083
0.007597156
0.0072826496
0.00787375
0.007809499
0.0076104538
0.007339136
0.008037418
0.00838121
0.007017243
0.008979543
0.01025582
0.008548059
0.008111743
0.008455599
0.007471481
0.007971575
0.00841234
0.0075650103
0.0071465597
0.007542953
0.0073453016
0.006755512
0.0074457084
0.007891558
0.0069071962
0.006895197
0.0074280184
0.0070590745
0.006879182
0.006713604
0.006856501
0.0066550206
0.0072441124
0.007484631
0.0069470606
0.0064759604
0.00683653
0.006899577
0.0064061903
0.0063329567
0.006318929
0.0060123447
0.0062538497
0.006104315
0.0060964003
0.0063671228
0.00618598
0.0058002584
0.0065858853
0.0062252567
0.0061490736
0.006061966
0.0060009877
0.0058694207
0.0061103646
0.006050929
0.0059409994
0.0059572686
0.0057516084
0.006038312
0.005681781
0.005669762
0.005706443
0.0054854434
0.005736372
0.005645199
0.0056147366
0.005725919
0.005377224
0.005287685
0.0053261644
0.005227814
0.0052142334
0.005181361
0.005116839
0.005047205
0.0050723082
0.004946421
0.0050196648
0.0048811887
0.005033761
0.004992569
0.004746286
0.004801148
0.004762529
0.004746388
0.0048206267
0.0045879353
0.0055530164
0.005321981
0.004714666
0.005135475
0.0045323013
0.0049940287
0.004919494
0.004569951
0.004671999
0.004508906
0.004665553
0.0045040585
0.0045593493
0.004541136
0.004488664
0.0049091936
0.0043194476
0.0053071636
0.0059322403
0.0047655567
0.0048283692
0.005704853
0.005121053
0.004287909
0.0046492494
0.004683312
0.00448842
0.004765566
0.0045108013
0.0045680464
0.0045254542
0.004432883
0.004277184
0.004341504
0.0041109077
0.004614542
0.004332103
0.004185745
0.0042043417
0.0039662016
0.0038610697
0.0042206333
0.0041880873
0.004045471
0.0041624927
0.0038889877
0.0038649582
0.003910248
0.0038067605
0.003782507
0.0037038082
0.003728897
0.0036002658
0.0037582677
0.0037371467
0.0036651383
0.0037131112
0.003665233
0.0036684691
0.003640268
0.0035478913
0.0037331106
0.003616713
0.0038399019
0.0038305668
0.0038480274
0.003712047
0.003650178
0.0035115604
0.0035628872
0.0034961626
0.0036233652
0.003539469
0.003621608
0.0035354365
0.003415715
0.003351206
0.0034833327
0.0033478774
0.0034967735
0.003446059
0.0033260714
0.003259641
0.0034786053
0.0034667614
0.0032540457
0.0032121018
0.0034085324
0.0033606559
0.003396007
0.0033531748
0.0031942127
0.003215953
0.003273959
0.0031333305
0.0035583328
0.0036328537
0.003137125
0.003737013
0.003575437
0.003546274
0.0035525344
0.003232544
0.003206348
0.0033035201
0.003216204
0.0031625477
0.0032902807
0.003039278
0.0031887125
0.0031659345
0.0032184068
0.0030947048
0.0033203617
0.0032020758
0.003469596
0.003588222
0.0032111758
0.003375692
0.0032560255
0.0031852257
0.0033624999
0.0030826742
0.0032367955
0.0030876708
0.0030611511
0.0029851731
0.0030500442
0.0029967807
0.0032125611
0.0031217348
