0.2900736
0.04382469
0.061413288
0.054213982
0.026090406
0.03158744
0.037338194
0.028850423
0.022731828
0.02610319
0.027671808
0.025594883
0.023125136
0.023192467
0.024886822
0.023769049
0.022470966
0.02217114
0.022994183
0.022509977
0.021115663
0.021422027
0.02164948
0.02075948
0.019802136
0.019802114
0.019312412
0.019364068
0.019453626
0.018971268
0.019191802
0.019104427
0.020072399
0.019044975
0.018592855
0.01882758
0.0186339
0.018286789
0.018332636
0.01811068
0.018167913
0.018185617
0.017876606
0.018154211
0.017693544
0.017666854
0.017615097
0.017574506
0.017496439
0.017467307
0.017586155
0.017443584
0.018373156
0.018387228
0.01788271
0.017820671
0.017579438
0.017741611
0.017780751
0.01731806
0.017511675
0.017657267
0.017120259
0.018184572
0.01884288
0.01808749
0.017394632
0.017625403
0.017668694
0.017379628
0.017099945
0.017344004
0.017462794
0.016944313
0.017008552
0.017225392
0.016815173
0.01695089
0.017200774
0.01690763
0.01663364
0.016719932
0.016655551
0.016440207
0.016561488
0.016469734
0.016271243
0.016596029
0.016444387
0.01648128
0.01621679
0.016447455
0.01644202
0.016122287
0.01599806
0.015943142
0.015905237
0.015913066
0.015709184
0.015792826
0.015711762
0.015667444
0.0155128045
0.01559024
0.01557976
0.015417523
0.015163002
0.015325052
0.015137327
0.015259948
0.015229116
0.015171002
0.014976531
0.014785784
0.014637726
0.014866534
0.014707878
0.01441579
0.014356978
0.014572874
0.0143383145
0.014211665
0.014084739
0.014081369
0.013908245
0.014219429
0.014132082
0.013759437
0.013712007
0.013622657
0.013334148
0.013753141
0.013655993
0.013122752
0.013108362
0.013124436
0.012757299
0.0131855225
0.013188194
0.0126086995
0.01232614
0.01266986
0.012235376
0.012493833
0.012741403
0.012244691
0.011811872
0.011669937
0.01153481
0.011297352
0.011206004
0.011005455
0.011147328
0.010651073
0.011219646
0.011792098
0.011882185
0.01145421
0.010380028
0.010598143
0.011287327
0.011312724
0.010567644
0.009718941
0.009596084
0.009974234
0.009641238
0.009603786
0.009510909
0.010110009
0.01022813
0.009510784
0.009338391
0.009052498
0.00909869
0.009136627
0.0088607995
0.008453605
0.008883479
0.008886241
0.008697265
0.00891421
0.0084791565
0.008242181
0.008104645
0.008279239
0.008218131
0.008087045
0.008044823
0.007814402
0.007857412
0.007718257
0.007922195
0.0076990924
0.0077487933
0.007799981
0.007510547
0.0075511155
0.00748496
0.007305614
0.0073965765
0.0072269547
0.007522804
0.007336706
0.0074016447
0.0072692796
0.007186922
0.007042781
0.007228844
0.0071515795
0.0069113127
0.0068711266
0.0070515857
0.006950084
0.0068839747
0.0068433895
0.0068463185
0.0067359167
0.0067401766
0.006621303
0.0067005525
0.0065855444
0.006579599
0.0065132454
0.0064674076
0.006377375
0.0065586553
0.0065244213
0.006271716
0.006260359
0.00630023
0.006115069
0.006345097
0.0061931144
0.0061399825
0.0060344
0.0061053406
0.0059081297
0.0061684866
0.0059457286
0.0060155042
0.005864494
0.005879873
0.005686412
0.0060591563
0.0059543266
0.0056004208
0.0055250395
0.0058467616
0.0057115215
0.005637175
0.0056648687
0.005490102
0.0054919757
0.0055363066
0.005475978
0.0055292994
0.0055659194
0.0052831857
0.005405826
0.005270876
0.0052594133
0.0054547563
0.005259344
0.0054342686
0.005405843
0.0049946457
0.0053112325
0.0050603
0.004999735
0.0049301335
0.0050249672
0.0049272585
0.004984191
0.00486895
0.0047544925
0.0049217567
0.0047022654
0.0047917212
0.004662832
0.004925275
0.004705368
0.0047275336
0.0047704284
0.004563658
0.0045201876
0.00464626
0.0045529394
0.0043473695
0.00466229
0.004776495
0.004415982
0.00562535
0.005660037
0.004475421
0.004864871
0.004992012
0.0044724285
0.005341683
0.00542382
0.005470226
0.005426179
0.004538016
0.0044574
0.005078223
0.0044790623
0.004658367
0.0050123674
0.0052351058
0.005007096
0.0044343416
0.004273031
0.004744597
0.004446678
0.004471849
0.004497428
0.0044174367
0.0042594518
0.0043995627
0.0040108836
0.004747286
0.0047642156
0.0039114207
0.004046744
0.004116317
0.0039824084
0.004366416
0.0043117846
0.0047130464
0.0046877107
0.0039989916
0.0043597906
0.0044907723
0.0040665474
0.004047922
0.0039565694
0.0038629037
0.0039862813
0.0037525895
0.003958794
0.0039390423
0.003582754
0.0035548676
0.0037494365
0.0036266828
0.003724287
0.0037467666
0.0035463471
0.0037083987
0.003448058
0.0037643202
0.0034854717
0.0036879948
0.0036202793
0.0035783509
0.003694021
0.0034094646
0.0036147994
0.0034991254
0.0033317339
0.00365956
0.003329504
0.00376347
0.00390674
0.003625382
0.003266642
0.004073943
0.0037240796
0.003604565
0.0037847527
0.003426234
0.0033087705
0.0034067917
0.003275075
0.003376297
0.003334788
0.0035161208
0.0033186239
0.0032364447
0.0031908518
0.0032584572
0.0031474298
0.0034013137
0.003335425
0.003223438
0.0031889947
0.0031023931
0.0030056194
0.0032654342
0.003086523
0.0033149756
0.0031488985
0.0031229954
0.0030019532
0.003182456
0.003032023
0.0032055161
0.0031447832
0.0029588938
0.0028606865
0.0032003094
0.0030498027
0.0029559059
0.0028984768
0.0030238375
0.0028930528
0.0030560235
0.0029613886
0.0029032647
0.0027978776
0.003084492
0.002994261
0.0028207654
0.0027895726
0.0029868837
0.002936868
0.0027949885
0.0027783534
0.0028883365
0.0028185488
0.0028429746
0.0027835562
0.0028109264
0.0027658714
0.0028008951
0.0027930327
0.0027105587
0.0026493992
0.002895888
0.0028057566
0.0026925274
0.0026319055
0.0028206462
0.0027248233
0.0026899942
0.0025938563
0.0028053776
0.0026937432
0.002664543
0.0026365232
0.0026392408
0.0025520574
0.0027421473
0.0026771238
0.0025358233
0.0024834694
0.0027147038
0.002649528
0.0024945925
0.0024774864
0.0026486432
0.0025605566
0.002558875
0.002538487
0.002478414
0.0024583677
0.0024923638
0.002427912
0.0026331458
0.002597661
0.0023474663
0.0023266166
0.002650481
0.002462789
0.0025237754
0.002561925
0.0023135603
0.0023254408
0.0025429076
0.0025902574
