0.28898087
0.06550507
0.058558393
0.033507764
0.033983123
0.02956844
0.024727633
0.02682481
0.026258426
0.022816429
0.023345051
0.024440834
0.022330567
0.022583434
0.02361629
0.022649936
0.021996416
0.022394424
0.02254974
0.021886295
0.022058593
0.022524992
0.02190791
0.022199681
0.022515042
0.022298396
0.022023255
0.021904552
0.021993265
0.02198252
0.021579042
0.022116587
0.021952918
0.021960368
0.021746805
0.022048587
0.02203586
0.021801487
0.021746278
0.021814466
0.021794016
0.021644628
0.021581419
0.021844367
0.021683311
0.021648338
0.021650633
0.021560304
0.02147665
0.021636518
0.02154415
0.021229452
0.02112203
0.02120086
0.02097175
0.02092892
0.020816226
0.020538492
0.020380694
0.020304779
0.019957846
0.019875469
0.019627439
0.01933978
0.019170163
0.018869007
0.018739596
0.01843999
0.018097103
0.017832354
0.017708782
0.017353417
0.017237594
0.017007949
0.017220175
0.016946934
0.017019816
0.016832782
0.016586805
0.016547974
0.016472138
0.016782017
0.01660974
0.016167296
0.016880158
0.01617598
0.015975874
0.0164505
0.016466463
0.015560235
0.016404899
0.017137742
0.016355645
0.015743004
0.015640277
0.015582289
0.015429662
0.015449102
0.015472573
0.015178057
0.015145064
0.015065644
0.015482512
0.015407432
0.01503908
0.01479768
0.014841125
0.014772174
0.014956637
0.014761823
0.014470656
0.014354861
0.014357711
0.014316051
0.01418553
0.014048799
0.014065054
0.013959095
0.013873563
0.013724281
0.013817124
0.013636817
0.013562935
0.0134266885
0.013608545
0.013559201
0.013067584
0.013053139
0.013147275
0.013044443
0.012877739
0.012836012
0.012731443
0.012508643
0.012603179
0.012472455
0.012272812
0.012204717
0.012002568
0.011967677
0.0118410215
0.011761163
0.0115835825
0.011747081
0.011445932
0.01172971
0.01179717
0.011322033
0.011320933
0.011268325
0.011028784
0.011019225
0.010977111
0.010657199
0.011102556
0.010636074
0.0106896795
0.010594085
0.010658654
0.01071505
0.010720036
0.010501391
0.010522542
0.010325502
0.010247968
0.010166193
0.010198083
0.0100564845
0.010154441
0.009948802
0.010214421
0.009966845
0.010000703
0.010073443
0.009575345
0.010535371
0.009864498
0.010622813
0.011033453
0.010044877
0.009888545
0.010323844
0.009543148
0.010311706
0.009948601
0.010001541
0.010040388
0.009600074
0.009673477
0.00960471
0.009389983
0.009359543
0.009204247
0.009201198
0.009175557
0.008970495
0.00895391
0.008966651
0.008817571
0.008980784
0.008834205
0.008727098
0.008851503
0.008706407
0.008734553
0.008538637
0.009037368
0.008831552
0.00871811
0.00872066
0.008515767
0.008617468
0.008387301
0.008730606
0.008265603
0.009290914
0.009395687
0.008322706
0.009075686
0.009399046
0.008526144
0.008982473
0.009347583
0.008672393
0.008646189
0.008852435
0.008221491
0.008814801
0.009134616
0.008110606
0.008666462
0.009265357
0.008445185
0.008280018
0.00857608
0.008090519
0.008437959
0.008518938
0.007899355
0.008610808
0.00882847
0.007884316
0.008471568
0.008894536
0.008123419
0.00820878
0.008377035
0.007971868
0.008112585
0.008304542
0.007990941
0.007918679
0.007969617
0.007801888
0.007981766
0.007972169
0.008130394
0.008105581
0.007836965
0.007930902
0.007904691
0.0076454766
0.007976984
0.008095771
0.007911901
0.007996474
0.007723812
0.007791272
0.0077128126
0.0076828226
0.0075664558
0.0076358696
0.0075333174
0.0077316426
0.007675909
0.0075115487
0.007633234
0.0073894695
0.007536342
0.00745468
0.007342489
0.007343178
0.0072104447
0.007258773
0.007116741
0.0073706056
0.0072708824
0.0073495414
0.0075255223
0.007125201
0.007209378
0.007342415
0.007449571
0.0070584356
0.007567029
0.007549575
0.0073731714
0.0071467073
0.007484603
0.007192219
0.0077592395
0.0078057926
0.007207935
0.007348431
0.0070990087
0.007217214
0.007113023
0.0071873665
0.007061736
0.0071059563
0.007088169
0.006971427
0.0070530525
0.007035769
0.0068851537
0.0069128643
0.0069001117
0.006748939
0.006916232
0.0068513616
0.006868243
0.006735552
0.007024301
0.0068344357
0.0069082244
0.0068197176
0.0068486184
0.006826494
0.006675087
0.0066588894
0.0067365426
0.0066725104
0.0066855997
0.0066713206
0.0066358806
0.0065111383
0.0067826496
0.006674114
0.0065900986
0.006609486
0.0064011775
0.006498763
0.0063795834
0.0063578524
0.006445416
0.006308964
0.0064012907
0.0062641054
0.0066910754
0.0066339467
0.0063523077
0.0065342686
0.006322097
0.006405695
0.006321913
0.006271411
0.006303391
0.0061943145
0.0064700977
0.0062228157
0.0070300023
0.0070211156
0.0064055617
0.006474408
0.006551169
0.0064860056
0.006306453
0.0063936748
0.0062074238
0.006156735
0.0063157342
0.0062264833
0.006328234
0.0063428157
0.0063836672
0.0062353685
0.0065087643
0.0063451584
0.0062083476
0.0062901154
0.0060334266
0.006217081
0.0059324303
0.005803482
0.0063804425
0.006209132
0.0061709085
0.006228673
0.0059593464
0.0062077916
