0.29029825
0.2075475
0.08290717
0.03293232
0.04815327
0.039470363
0.022788564
0.041281357
0.050019752
0.035606544
0.022729421
0.033089418
0.042918276
0.0373182
0.026035191
0.023326203
0.026653165
0.02763925
0.02494029
0.021790778
0.026404366
0.031489473
0.02889239
0.022812182
0.022989208
0.025987305
0.025569662
0.022844935
0.02234263
0.023658037
0.023042902
0.021781733
0.022011733
0.021840086
0.021065427
0.021549508
0.02190323
0.020646336
0.020874321
0.021680022
0.020670312
0.020091869
0.02042949
0.01991383
0.020546963
0.020663247
0.020247651
0.020155236
0.019876646
0.02050785
0.020335251
0.020300334
0.019356588
0.019660221
0.019880999
0.019357624
0.01936554
0.019932752
0.0196054
0.020116843
0.019376814
0.020111753
0.020020885
0.019170148
0.019089485
0.019096447
0.018680818
0.020328144
0.020480495
0.018622272
0.018872939
0.01856046
0.018595157
0.018545056
0.018098054
0.018786995
0.019107088
0.018727222
0.017898079
0.018429274
0.018262638
0.018539174
0.017789677
0.018805012
0.01881468
0.018676477
0.018579205
0.017679913
0.017539965
0.017917309
0.017752098
0.017449496
0.018122973
0.018130265
0.018039534
0.017663954
0.017925132
0.017803295
0.017621418
0.017592028
0.01766769
0.01743257
0.01726332
0.017209932
0.017616017
0.017319446
0.017233463
0.017165752
0.017148182
0.016998684
0.017241282
0.01715984
0.016787907
0.016688991
0.017150428
0.016947245
0.016709572
0.016593365
0.016850203
0.016705101
0.016549679
0.016469462
0.016451258
0.016282484
0.016545601
0.016426018
0.016098253
0.0159621
0.016479911
0.016363451
0.015781779
0.015665391
0.01647414
0.016348055
0.015460339
0.015343069
0.016338555
0.016186243
0.0152379675
0.015114367
0.015619204
0.015243697
0.015647197
0.015714182
0.014796183
0.0148514835
0.014927712
0.014540865
0.015122662
0.015094812
0.015227417
0.015148227
0.015403524
0.015066749
0.014810632
0.0148807885
0.014405534
0.014227371
0.014717112
0.014618686
0.014368757
0.014135942
0.014784545
0.014687213
0.014047991
0.013960223
0.014452495
0.014249958
0.013996028
0.013912015
0.014373563
0.014269825
0.0137626
0.013720783
0.014009521
0.013874691
0.0138663985
0.013777778
0.013787481
0.0137308715
0.013712074
0.013629333
0.01365935
0.013580956
0.013684254
0.013536648
0.013631691
0.013561424
0.013515468
0.013453024
0.013439666
0.013323966
0.013596582
0.01350076
0.013284422
0.013233398
0.01345197
0.013383287
0.0131917335
0.0131597
0.013243941
0.01312871
0.013217141
0.013134408
0.0130783925
0.013001603
0.013085906
0.012985624
0.012982033
0.01290301
0.0129059
0.012819347
0.012904967
0.012879439
0.0126833515
0.012600918
0.013000048
0.012781169
0.01256479
0.012457319
0.012799218
0.012699355
0.012454967
0.012561396
0.012510184
0.0125806825
0.01276451
0.012777354
0.012632799
0.01269522
0.012426953
0.012710322
0.0122840805
0.012741829
0.012920126
0.012318737
0.012561602
0.012399004
0.012203641
0.012144436
0.012042169
0.012274
0.012070052
0.012300037
0.012559892
0.012317295
0.012251462
0.011928608
0.011980045
0.0122504
0.011974196
0.01185255
0.011915685
0.0117528355
0.0114021255
0.01199684
0.012301564
0.011786848
0.011562351
0.011466407
0.012294449
0.012589174
0.011802524
0.011242434
0.011687358
0.0113814175
0.0116293905
0.0120026665
0.011474301
0.011123368
0.011630163
0.011329741
0.010885964
0.010906202
0.011556911
0.011053577
0.010754059
0.010796334
0.01075602
0.01118845
0.011195305
0.011237671
0.011005512
0.011356775
0.0106195435
0.010642628
0.0109479455
0.010927956
0.010763026
0.010442212
0.010185649
0.010450248
0.010338948
0.010452692
0.010437953
0.010099778
0.010070179
0.010028842
0.009949501
0.009871101
0.009759843
0.010094901
0.009789162
0.01045679
0.010733537
0.010505204
0.009903483
0.010449663
0.010899432
0.009985916
0.0097310105
0.010228731
0.010011385
0.00957298
0.009589036
0.009966002
0.009683496
0.009665321
0.0096820425
0.009452329
0.009300038
0.009874416
0.009931832
0.009317268
0.009193842
0.009463858
0.009282838
0.009525094
0.009498685
0.009271151
0.009048282
0.009348596
0.009332687
0.009131927
0.0090287775
0.0092044035
0.009084181
0.009020665
0.008986305
0.00898528
0.008833914
0.008942629
0.008861276
0.008913997
0.008830042
0.008805579
0.008727151
0.008636805
0.008549273
0.008837
0.008707541
0.008588427
0.008469617
0.008703338
0.008646461
0.008444267
0.00833453
0.008530644
0.008368949
0.00846082
0.008432285
0.0082990825
0.008162469
0.008349505
0.008160223
0.008458949
0.008432093
0.008143092
0.008196046
0.008088193
0.0080584595
0.007926018
0.0078496775
0.008163138
0.007850683
0.0086256405
0.00887819
0.00812672
0.0081638545
0.008325256
0.007961798
0.0077081155
0.008013158
0.007718716
0.008006796
0.008102005
0.007961173
0.007802528
0.008128079
0.007965303
0.007925667
0.007874853
0.007561028
0.0076745455
0.0075563877
0.007535839
0.007593949
0.0077168182
0.007089729
0.0069907154
0.0075549595
0.0073484983
0.0074091274
0.007307975
0.0071220435
0.006890975
0.007467691
0.0072538625
0.007058622
0.0070122113
0.0070704105
0.00699654
0.0068167076
0.0067637227
0.006982206
0.0067700334
0.0069882334
0.0069182995
