0.2903085
0.04590274
0.08671412
0.11418142
0.08270856
0.07593248
0.082074404
0.08130885
0.07377844
0.077011935
0.082027756
0.07905893
0.07457065
0.073203094
0.07546189
0.07619137
0.07315913
0.073221564
0.07448115
0.073784985
0.07294955
0.072100945
0.07323924
0.073005505
0.07149869
0.072394595
0.07285432
0.07203468
0.071048744
0.07141573
0.07199835
0.0710754
0.07075519
0.070991896
0.07105286
0.07052194
0.07101097
0.071418725
0.07089772
0.0706096
0.07066216
0.070808955
0.07035353
0.071066625
0.07162129
0.07117138
0.070513695
0.07064583
0.071001686
0.070678174
0.070468895
0.07046076
0.07004499
0.06922591
0.06315339
0.026340028
0.06650374
0.120392
0.10657033
0.06729161
0.038469624
0.028539628
0.031606346
0.033929665
0.030834071
0.025151722
0.021936068
0.024491988
0.027156858
0.025334284
0.021411195
0.020201193
0.021172382
0.02064656
0.019922396
0.020204244
0.02011628
0.019841975
0.01999181
0.019956952
0.019801686
0.019723067
0.019812584
0.01973901
0.019586606
0.019558573
0.01956688
0.019422198
0.019530386
0.019388802
0.019644238
0.019616684
0.019302795
0.019403921
0.019243946
0.019468213
0.01931896
0.019489987
0.019433046
0.019371988
0.019298568
0.019321559
0.019306637
0.019286165
0.019234093
0.019329235
0.01925332
0.01919396
0.0191783
0.019162957
0.019120472
0.01913375
0.019074986
0.019096354
0.01904252
0.019092096
0.019050678
0.019019157
0.018989595
0.01897598
0.018930685
0.018939804
0.018887363
0.018860111
0.018815808
0.018780617
0.018723255
0.018725405
0.018624784
0.018721601
0.018677028
0.018434346
0.018569713
0.018324459
0.018771825
0.018854467
0.01816737
0.018468885
0.01859223
0.01815998
0.01795263
0.018089069
0.017910847
0.017553855
0.017640952
0.017355194
0.017480025
0.01733463
0.01713447
0.016912282
0.01684039
0.016658649
0.01651021
0.016272735
0.016334074
0.016011577
0.01603192
0.015968202
0.015464264
0.0155949965
0.015308686
0.015464749
0.015374936
0.015038829
0.0150708705
0.014924017
0.014769803
0.01480542
0.014587141
0.014695525
0.014441666
0.014807445
0.014526543
0.014614557
0.014420733
0.014449422
0.014461674
0.014229927
0.014170478
0.014121602
0.014008809
0.014100342
0.013886188
0.014183135
0.014096539
0.013702366
0.013553006
0.014071632
0.014019278
0.013383123
0.013300128
0.013618623
0.013314356
0.013300893
0.013276234
0.012867403
0.012708199
0.01298776
0.012815158
0.012635176
0.0123999715
0.012624253
0.01237308
0.012216729
0.012208603
0.011927805
0.011845863
0.012165911
0.011835985
0.01197826
0.011870933
0.01163358
0.012075779
0.011674669
0.012233558
0.01214088
0.011428324
0.011399284
0.011445801
0.011216401
0.0111194365
0.011700864
0.0113269985
0.011643864
0.011781819
0.010952416
0.011658213
0.011698291
0.011579153
0.011434108
0.0109659955
0.011061214
0.011128295
0.010871013
0.010924256
0.010866051
0.010680926
0.010627984
0.010916884
0.01089406
0.010600548
0.010724331
0.010485355
0.010813966
0.010410552
0.011352108
0.011662859
0.010715976
0.01100566
0.010889375
0.010839351
0.010693382
0.010933866
0.011315265
0.010609227
0.010823962
0.01125893
0.010789559
0.010515481
0.010710503
0.010770798
0.0103054745
0.010517526
0.010609108
0.010300627
0.010305181
0.010265111
0.010084471
0.0100932615
0.010025978
0.010019026
0.010123139
0.010019448
0.010281212
0.010055456
0.010250433
0.010125474
0.010065853
0.009951801
0.01016084
0.010045565
0.01002621
0.009974659
0.010002247
0.009924444
0.009850041
0.009742604
0.00997132
0.009956366
0.009725266
0.009720717
0.009984306
0.009941354
0.009667738
0.01020216
0.010090965
0.009622762
0.009697991
0.009605578
0.009768282
0.009425621
0.010309252
0.0103001185
0.009457858
0.009950365
0.009631173
0.01006328
0.010166018
0.009291788
0.011439159
0.01231467
0.010828924
0.010504787
0.01135086
0.011188567
0.010286317
0.009818537
0.010319085
0.010481899
0.009589852
0.009647268
0.010347958
0.0095963
0.009775755
0.0103978915
0.010273694
0.009735554
0.009564469
0.010066517
0.010063049
0.010167089
0.010234977
0.0099351
0.009279544
0.009787901
0.0099928165
0.010064347
0.009817343
0.009553359
0.00954518
0.009726637
0.009504908
0.009762314
0.009724402
0.009286133
0.00916772
0.009345333
0.009318691
0.00982817
0.009700893
0.009000183
0.008966501
0.009087474
0.008979926
0.009176991
0.008922592
0.00950068
0.009485929
0.00889394
0.009623006
0.009165184
0.009066239
0.009442751
0.0089564035
0.009125295
0.008950092
0.008941763
0.0090696905
0.008702166
0.009281032
0.008958629
0.008986328
0.009187351
0.009019278
0.008739432
0.009280324
0.0090998
0.0086367605
0.00868724
0.008905313
0.008801271
0.008995529
0.008822155
0.0087613845
0.008642119
0.0088228835
0.008810624
0.0086775385
0.008620521
0.00881186
0.008712179
0.008625336
0.008481846
0.008874412
0.0088224085
0.008517096
0.008496911
0.00873592
0.0085989805
0.008581181
0.008471614
0.008702344
0.008602328
0.008502513
0.008448821
0.008672991
0.008620628
0.008405351
0.008328624
0.008675528
