0.28904215
0.043001454
0.096372984
0.124034606
0.077934414
0.031024188
0.033186223
0.053155165
0.05362093
0.036183726
0.022392415
0.032004613
0.043475125
0.043446038
0.034632448
0.024424909
0.023461089
0.028300101
0.02795629
0.023591017
0.02219633
0.02392394
0.022683838
0.021507999
0.02450107
0.025042897
0.022644976
0.021912694
0.02165095
0.02245827
0.021876931
0.020327844
0.020750297
0.02047083
0.020468252
0.020743877
0.020393228
0.020250646
0.02032649
0.020004654
0.01998134
0.019723902
0.019907916
0.020086557
0.019766105
0.019784736
0.01955908
0.019674173
0.01913302
0.020496426
0.020771032
0.019027263
0.019936088
0.020033441
0.01994023
0.02000469
0.019036392
0.020712418
0.021268139
0.01912067
0.02106259
0.0236357
0.021734424
0.018828519
0.022589795
0.026556918
0.02484543
0.020389847
0.01965936
0.021845108
0.022136068
0.020308347
0.0189107
0.020146253
0.020802332
0.019205177
0.019009832
0.019853072
0.019143661
0.018656807
0.019127006
0.018998971
0.01837936
0.019017154
0.018966416
0.01862523
0.018478746
0.018911587
0.018928614
0.018238641
0.019141832
0.019510826
0.018926026
0.0185566
0.0185356
0.018401554
0.018112237
0.018476686
0.018282576
0.018262517
0.01821408
0.018142218
0.018082125
0.017986393
0.017889086
0.017951695
0.017845174
0.017908515
0.017845796
0.017839458
0.01773812
0.017817514
0.017739972
0.017627953
0.017563453
0.017553693
0.017476946
0.017441154
0.017350113
0.017443603
0.017302213
0.017304322
0.01720838
0.017121067
0.017010726
0.017142914
0.01706077
0.016794354
0.016698852
0.016889585
0.01676161
0.016487831
0.016363503
0.016663803
0.016558941
0.016088838
0.015977
0.016470322
0.016340688
0.015711948
0.01578255
0.0155956
0.015504924
0.01539623
0.015198894
0.015247258
0.01509301
0.015215497
0.015043538
0.0159731
0.016550107
0.015397278
0.015243481
0.01571823
0.015571319
0.015072984
0.015204456
0.014937133
0.0151932435
0.0149239
0.014491
0.014766843
0.014491332
0.014296525
0.014282032
0.014251103
0.0141191585
0.014224928
0.014222987
0.014032458
0.014225629
0.01421447
0.013987764
0.014093548
0.013958961
0.013747609
0.014056978
0.014045234
0.013809961
0.0138635
0.013819302
0.01371447
0.013721953
0.013672286
0.013653905
0.013482918
0.013763758
0.013529517
0.013847333
0.013947065
0.013648439
0.013475192
0.013572275
0.013528612
0.013539858
0.013440645
0.013656578
0.013611171
0.013297793
0.013262934
0.013224942
0.013219427
0.013198928
0.013099556
0.0132581545
0.013280254
0.013151076
0.013169686
0.013045696
0.013027258
0.013031553
0.012955781
0.012872562
0.013170734
0.0131013505
0.012964102
0.012831621
0.013012245
0.01265163
0.013061888
0.012881108
0.012985534
0.012886775
0.012974023
0.012709142
0.012850848
0.012791325
0.012637115
0.012575132
0.012788907
0.012740272
0.01265689
0.012711589
0.012608886
0.012574066
0.012430473
0.012515525
0.012319069
0.012544878
0.012322756
0.012816101
0.012879255
0.012299101
0.012742485
0.012888797
0.012391214
0.012579081
0.012500983
0.012568288
0.012382236
0.012316274
0.012426245
0.012090825
0.0127085745
0.013063431
0.012339406
0.012669727
0.013059433
0.012865408
0.012523239
0.012566584
0.012317777
0.012714416
0.012661519
0.012024324
0.012540609
0.012954082
0.012402701
0.012112078
0.012400308
0.012179549
0.01228824
0.012228307
0.012078814
0.012116838
0.01190707
0.012162223
0.01219226
0.011989002
0.01199431
0.011938172
0.011981524
0.011984438
0.011753877
0.012191894
0.012284541
0.01178341
0.011931658
0.011968615
0.0117321415
0.011903805
0.0118039595
0.011889335
0.0119808735
0.011701451
0.011721834
0.011703231
0.011600834
0.011863645
0.011862316
0.011815528
0.011683811
0.011697531
0.011685912
0.011523977
0.011536459
0.011473904
0.01155744
0.011447611
0.011460211
0.011401844
0.011533621
0.011504549
0.011523276
0.011522581
0.01149116
0.011566624
0.011437929
0.01166635
0.011656108
0.011723793
0.011618595
0.011603008
0.011483136
0.011811835
0.011665623
0.011488974
0.011454486
0.011657142
0.011697947
0.01128734
0.0112440875
0.0115873935
0.011445177
0.011465696
0.011389524
0.011423682
0.011331488
0.011432017
0.011406946
0.011398585
0.011328198
0.01129477
0.011237967
0.011441682
0.011342504
0.011257514
0.0111898305
0.0114006
0.011338714
0.011214048
0.011188395
0.0112948185
0.011243254
0.01118503
0.011121455
0.011306799
0.011242556
0.01113873
0.011089134
0.011290264
0.011245559
0.011070061
0.011018132
0.011312182
0.011247166
0.011035114
0.0110027855
0.011201277
0.011111182
0.011130887
0.011125456
0.011050373
0.011093867
0.0111608235
0.011002372
0.011214778
0.011097205
0.01115825
0.011049806
