0.2871937
0.04178809
0.09972975
0.11979228
0.07134279
0.02528886
0.03831592
0.06402353
0.06072996
0.040549498
0.025156975
0.02282148
0.0290766
0.031724233
0.02667131
0.021522367
0.02135113
0.023339083
0.024267102
0.022227243
0.020067036
0.020915039
0.021932134
0.021840533
0.0203233
0.019834816
0.020147042
0.0210085
0.020472705
0.019701188
0.019387359
0.019932888
0.020026295
0.019660316
0.019260906
0.019071108
0.019581338
0.019118054
0.019896848
0.019388387
0.019612005
0.019915296
0.019469036
0.019161621
0.018560529
0.018462004
0.018858576
0.018666426
0.01846389
0.018219694
0.018301673
0.018072683
0.018133622
0.01769416
0.018174836
0.017977944
0.017612666
0.017464632
0.017318701
0.01719804
0.017234057
0.016914966
0.017069979
0.016916655
0.016704017
0.016555475
0.016508745
0.016361773
0.016514553
0.01636113
0.016167574
0.016084988
0.016069848
0.015978923
0.015974158
0.015868505
0.015876899
0.015792856
0.015744561
0.015676841
0.015717054
0.015627414
0.015613034
0.015549007
0.015546083
0.015483958
0.015503283
0.015456592
0.015421757
0.015380386
0.015383764
0.01532311
0.0154058905
0.015373622
0.015245448
0.015206378
0.015423384
0.015365141
0.015183568
0.015419475
0.0151848
0.015852092
0.016025547
0.015212257
0.015557076
0.015573531
0.015562531
0.015341072
0.01534639
0.0153827695
0.015157326
0.0150645
0.0153685985
0.015170436
0.015323336
0.0153908925
0.0152237145
0.015111248
0.015209327
0.015157096
0.015026589
0.014984749
0.015191262
0.015040185
0.015123931
0.015105039
0.014980764
0.01497933
0.015013974
0.0149095915
0.015102603
0.015101519
0.014820929
0.014810674
0.015008758
0.014866919
0.015073405
0.015092789
0.014760149
0.014777589
0.01485502
0.014729361
0.01520262
0.015232124
0.014721408
0.015213676
0.015408911
0.014848206
0.015104808
0.015481192
0.015194002
0.0147828795
0.014961434
0.014826794
0.014728882
0.0148535445
0.014738709
0.014789008
0.0148598105
0.01461523
0.014946031
0.014909208
0.014680669
0.014737968
0.014731251
0.014621775
0.014788963
0.014679159
0.014738279
0.014714259
0.014579068
0.014564376
0.014663741
0.014575931
0.014735016
0.014742338
0.014486949
0.014530444
0.0145063
0.014450281
0.014536147
0.01443066
0.014666066
0.014626685
0.014433007
0.014454755
0.01442756
0.014374849
0.014392612
0.014341044
0.014331926
0.014315851
0.014265028
0.014382715
0.01428062
0.014390792
0.014319525
0.014260486
0.014220971
0.0142779155
0.014245977
0.014214846
0.014210741
0.014140788
0.014130808
0.01411097
0.014069767
0.014122784
0.014041349
0.014178105
0.014125157
0.014026374
0.014017932
0.014008635
0.013962953
0.014053266
0.013978839
0.014047976
0.014059248
0.013888143
0.01395369
0.013857585
0.013908249
0.013850719
0.013920046
0.013825561
0.01408508
0.014031752
0.013832265
0.013882021
0.0138138095
0.013962965
0.013888073
0.013867073
0.013869044
0.013763235
0.013768762
0.013741019
0.013744106
0.013743806
0.013698205
0.013906893
0.013833255
0.013794023
0.013827068
0.013683391
0.013719988
0.013665267
0.0137179075
0.013629239
0.013795885
0.013789639
0.013618432
0.013668992
0.013581607
0.013744581
0.013675141
0.013653931
0.0136263715
0.013598104
0.0135812685
0.013550416
0.013671796
0.013588513
0.013778021
0.013843492
0.013460617
0.0137842335
0.013843459
0.013590778
0.013615139
0.013750213
0.013573997
0.01358233
0.013588346
0.013547145
0.013525379
0.01354685
0.013484031
0.013589728
0.013522431
0.013453215
0.013488245
0.013414289
0.01338541
0.013465121
0.013364021
0.013558671
0.013599179
0.013272193
0.013519123
0.013475098
0.013466147
0.013511295
0.013388692
0.013422667
0.013385857
0.013264719
0.013429082
0.013396531
0.0132607035
0.013304804
0.013193861
0.013460604
0.013481416
0.013410117
0.013347276
0.013237174
0.0132819675
0.013129729
0.013381562
0.013381188
0.013124428
0.013387258
0.013274945
0.013508772
0.013595349
0.013245522
0.013212663
0.013285331
0.013204671
0.013002706
0.0130573725
0.013046307
0.012956203
0.013062954
0.013021015
0.012998476
0.01297934
0.012911379
0.013125475
0.013081727
0.0129054515
0.012928004
0.012945433
0.0127315195
0.013324465
0.013211462
0.012722209
0.0127164535
0.012942377
0.012795295
0.013030193
0.013027604
0.012725939
0.012742877
0.012733006
0.0125903785
0.013154934
0.013279048
0.012552239
0.013737199
0.014289425
0.0136734145
0.013247043
0.012950567
0.01323033
0.013449438
0.012804071
0.012846745
0.01316068
0.012842364
0.012540131
0.012759674
0.012810804
0.012560353
0.012534139
0.01256114
0.012508565
0.012513963
0.01247257
0.012467538
0.0124523835
0.012376328
0.012396067
0.012340695
0.0123632485
0.012457121
0.012325087
0.012338221
0.012585417
0.012401037
0.012557981
0.012660447
0.0126942545
0.012333344
0.012871782
0.013045416
0.012873291
0.012827416
0.012212581
0.0129418345
0.013069906
0.013200589
0.013180886
0.0124197155
0.0131743075
0.013456243
0.013058399
0.013282634
0.012728259
0.012848121
0.01297995
0.012594921
0.012628421
0.012398337
0.013079543
0.013173911
0.012538724
0.012568253
0.012370965
0.012807456
0.01284254
0.01237457
0.012404061
0.012275706
0.0123144165
0.012161938
0.012434156
0.012285788
0.0123881055
0.012230024
0.012399119
0.012436126
0.012241618
0.0122050345
0.012238775
0.012208372
0.01230425
0.012206028
0.01220871
0.012153513
0.0123586655
0.012260298
0.012083066
0.011961997
0.012061226
0.011948489
0.012244195
0.012322817
0.011777376
0.012115229
0.012004155
0.012192577
0.012059393
0.012170029
0.012138431
0.011909347
0.011917393
0.011908052
0.011767812
0.012032896
0.012064114
0.011802507
0.011731963
0.011890677
0.011752601
0.011852547
0.011816929
0.011861424
0.011747529
0.011802636
0.011786862
0.011638542
0.011556752
0.011941326
0.011777348
0.011693289
0.011670691
0.011597321
0.011508382
0.011941734
0.011938521
0.011463173
0.011476725
0.011571354
0.01140574
0.012049149
0.0119980015
0.011487988
0.0116942
0.01161128
0.011541538
0.011563104
0.0115011195
0.011436871
0.011383385
0.0115041435
0.01147231
0.011503178
0.011423058
0.011371058
0.011455352
0.011327836
0.011709017
0.011749295
0.011418498
0.01140101
0.011534981
0.011302364
0.011866211
0.011928833
0.011271514
0.011564691
0.011540613
0.011344361
0.011434699
0.011364735
0.011235055
0.011248983
0.011140396
0.011159363
0.011465351
0.011220071
0.012036736
0.012076311
0.011224168
0.012464893
0.01304515
0.011864957
0.011793894
0.012396592
0.0117203025
0.011807906
0.011807171
0.011513297
0.011683252
0.011343315
0.011785731
0.011937392
0.011086826
0.0130622955
0.0139623955
0.0126753375
0.011505046
0.012179684
0.012029993
0.011322342
0.0116667375
0.011587913
0.01148238
0.011309815
0.01147722
0.011425569
0.011355956
