0.28862342
0.048733007
0.08750475
0.06410849
0.023915658
0.045794398
0.058012873
0.04237464
0.027293375
0.02540618
0.029062113
0.030748328
0.028546676
0.023373777
0.023211343
0.026505122
0.025164964
0.02185799
0.024186635
0.02744889
0.02674616
0.023374474
0.02211838
0.023991352
0.024414653
0.022807196
0.021992097
0.0225103
0.022687122
0.022122165
0.021509862
0.021764284
0.021921614
0.02126453
0.02131121
0.021595238
0.020984748
0.021407343
0.021912986
0.021274107
0.020902628
0.021160379
0.021102251
0.020644272
0.021245807
0.021358863
0.02058429
0.021097146
0.021449625
0.021209717
0.020625701
0.020508341
0.020897886
0.020893283
0.020381516
0.020192737
0.020257138
0.020260574
0.01988997
0.020137325
0.020152181
0.019718146
0.020008257
0.01957942
0.020517098
0.020793743
0.01934203
0.019998847
0.020323094
0.01938884
0.01996091
0.019515036
0.01888391
0.018885642
0.018730223
0.018683707
0.018271098
0.018406942
0.01820104
0.018915737
0.018884705
0.01797477
0.018457038
0.018512765
0.017762737
0.01813222
0.018389946
0.017788535
0.01729603
0.017551878
0.017382778
0.017125482
0.01692859
0.01704976
0.017004974
0.016819658
0.016743077
0.016714133
0.016633542
0.016378332
0.016641777
0.016550729
0.016042186
0.016004566
0.015817674
0.015830375
0.015517764
0.016074883
0.016018836
0.015358519
0.015496877
0.01580385
0.015192303
0.015163682
0.015355718
0.0146852555
0.015032597
0.015322137
0.014670302
0.0144134825
0.014613527
0.014472214
0.014187154
0.013797435
0.014200932
0.014059489
0.013307501
0.013733893
0.013685315
0.013171648
0.013120354
0.012752306
0.012697539
0.012504794
0.012439611
0.012178935
0.01239324
0.012430392
0.011777963
0.011858426
0.01193924
0.011463471
0.011301718
0.01130687
0.011311282
0.010895248
0.010711522
0.010677879
0.010450554
0.01055904
0.010199573
0.010243586
0.010455179
0.010090995
0.010555812
0.010403455
0.010216396
0.009752521
0.010719673
0.01055482
0.010334599
0.0098508885
0.009810216
0.009901985
0.009754646
0.009614528
0.00930741
0.0094404975
0.009319426
0.009106891
0.009249214
0.009203542
0.008944724
0.009104498
0.009242525
0.008934614
0.008833601
0.0088053895
0.008818712
0.00873438
0.00897194
0.00882449
0.008619744
0.009005111
0.0088459095
0.009047777
0.008940118
0.008849588
0.008809698
0.008842121
0.008579532
0.009013635
0.008885591
0.008592733
0.008524538
0.008665204
0.008625847
0.00843552
0.008455605
0.008307072
0.00815263
0.008645031
0.00850017
0.008337206
0.0081711775
0.008426669
0.008259318
0.008427899
0.008430944
0.008081591
0.008112582
0.008147605
0.008168947
0.0080226585
0.008344759
0.007974401
0.008518496
0.008430164
0.008331679
0.008541159
0.008053616
0.008120947
0.00801806
0.008320255
0.008045158
0.008218094
0.008323287
0.007843479
0.008087638
0.0077669
0.008459297
0.008392096
0.008009961
0.0083084395
0.007878004
0.008089258
0.007980846
0.007693999
0.0077819736
0.007787237
0.0078096115
0.0077946666
0.007851903
0.007709483
0.007959685
0.007655635
0.0077491975
0.007595571
0.007661468
0.0076534725
0.007552019
0.0076440643
0.007446252
0.0076685585
0.0074137324
0.0077812746
0.0077452254
0.0075927563
0.0074830647
0.0078606615
0.007617528
0.007444979
0.007438434
0.0073894113
0.0072819465
0.0074853725
0.007299775
0.007660843
0.0076573268
0.007218562
0.007260151
0.0072325952
0.007101485
0.0075507797
0.007569365
0.0071548787
0.007129907
0.0073069017
0.0071144556
0.0073758163
0.007356483
0.007146075
0.0070457472
0.007455736
0.007248162
0.007233703
0.007142793
0.0070337076
0.0070692967
0.0071949456
0.0069658733
0.007824614
0.0077952784
0.0069510173
0.007632371
0.007507676
0.007430326
0.0071149827
0.007311277
0.0071229464
0.0072047072
0.0073640444
0.0070774816
0.007252772
0.0072678532
0.0070122764
0.0068766554
0.0068702823
0.006828507
0.0069709592
0.006921044
0.0068463576
0.0068074963
0.0068384004
0.006903647
0.0065659904
0.007888952
0.007912218
0.007141719
0.0073838327
0.007168922
0.0072960462
0.007330198
0.0072797337
0.007157425
0.006977886
0.007112121
0.006831637
0.006720984
0.0067319362
0.0067032278
0.0066299313
0.0065081394
0.0068553477
0.0067769564
0.0065867766
0.0069445577
0.0066589373
0.006958612
0.0071862736
0.007118331
0.0069656274
0.0070004626
0.0069987793
0.0065460796
0.00719041
0.007252848
0.0068762153
0.006504591
0.0070921485
0.0069737416
0.0069035576
0.0068814717
0.0067240573
0.006707368
0.0062951096
0.0065505095
0.0063935905
0.0065327943
0.006373583
0.0067410525
0.0065063895
0.0066982605
0.006653812
0.00677681
0.0064424104
0.00689646
0.007012967
0.0066199363
0.0065950355
0.0067090816
0.006645043
0.0063802786
0.0068437494
0.007020375
0.006319159
0.006565386
