0.28634608
0.077933006
0.06680537
0.033854563
0.02620319
0.025031341
0.022135451
0.023114398
0.021653952
0.021936918
0.022830324
0.020476645
0.024743853
0.02598986
0.022434182
0.021743603
0.023173293
0.02295518
0.020977536
0.021837657
0.02218295
0.021162644
0.020857474
0.020641284
0.021016723
0.02028842
0.020323629
0.02062327
0.01981646
0.021182353
0.021789053
0.020307425
0.020320646
0.020528281
0.020628776
0.020018324
0.01983178
0.020433474
0.019810474
0.020231806
0.020365719
0.02003005
0.019919362
0.019652253
0.019865908
0.019816384
0.019464774
0.019478487
0.019801753
0.019384887
0.020614227
0.021010237
0.0196232
0.020729214
0.021240717
0.019949907
0.020440677
0.021134099
0.019895094
0.019687608
0.020247143
0.019406088
0.020259334
0.020891597
0.019727752
0.019998306
0.020559808
0.019697765
0.0195733
0.020111157
0.019477682
0.019468399
0.019698134
0.019208055
0.019665552
0.019706616
0.019200692
0.01951147
0.019369274
0.019197725
0.01939592
0.019045472
0.019672424
0.019753536
0.019631153
0.01904556
0.020565048
0.020683631
0.01927949
0.02039135
0.02028353
0.01972648
0.019810155
0.019015089
0.019734796
0.01941801
0.020099932
0.02027352
0.019143727
0.019401908
0.019133782
0.020251486
0.020269578
0.019004053
0.01965742
0.019505328
0.01976522
0.02007486
0.019137098
0.019429272
0.019219244
0.019605828
0.019785667
0.019138223
0.01878704
0.018834094
0.01894633
0.019297054
0.01891386
0.018976599
0.018980904
0.018625999
0.01857795
0.018701488
0.018457307
0.018945934
0.019071318
0.018177487
0.018630505
0.018371113
0.019272663
0.019186558
0.017387114
0.01760565
0.017458102
0.017683845
0.017893367
0.016870944
0.01744378
0.016045699
0.017221177
0.016914068
0.016297167
0.016033242
0.015406336
0.015361282
0.015100535
0.015091579
0.015305813
0.014907648
0.014823859
0.014706139
0.014308862
0.014853324
0.01502768
0.014716825
0.01440974
0.014326333
0.014394182
0.014132087
0.013832991
0.014510844
0.014596361
0.0139963105
0.013916318
0.013820999
0.0136024235
0.0138814645
0.013591823
0.013691381
0.013876135
0.013551372
0.013560154
0.013418678
0.01321998
0.013142108
0.013044797
0.013112389
0.013019192
0.0130528025
0.012957801
0.012825918
0.012679198
0.012940761
0.0128328875
0.012634573
0.012515552
0.012805727
0.012728485
0.012486515
0.012421876
0.012444806
0.0123844
0.012311443
0.012188721
0.012602995
0.012593755
0.012142476
0.01210758
0.01218735
0.0120454235
0.012210318
0.012134542
0.012020367
0.011846195
0.012293103
0.012174328
0.011813581
0.011821461
0.01184902
0.011740488
0.011835272
0.011733554
0.011648476
0.0114640845
0.012110986
0.011950684
0.011372916
0.011339652
0.0116528245
0.011457059
0.011815664
0.011761504
0.011139668
0.011259117
0.011267998
0.011131854
0.011560599
0.011776693
0.011225466
0.011108159
0.011212836
0.010968373
0.011005786
0.011035296
0.011030428
0.01101141
0.010958086
0.011027123
0.010990898
0.010778134
0.011001165
0.010890134
0.011098833
0.011572232
0.010886736
0.011064301
0.010687951
0.010645903
0.010550279
0.010431762
0.010463197
0.01053463
0.010339786
0.010682036
0.011043083
0.010219627
0.010755092
0.010457012
0.010615739
0.01127394
0.010541056
0.010181564
0.010230775
0.010398823
0.009981374
0.010254556
0.010491163
0.010236058
0.010219155
0.0098819025
0.010616551
0.010844384
0.010056076
0.010387729
0.010506287
0.010012456
0.010466919
0.0102253305
0.010058335
0.010381207
0.010059801
0.009714685
0.010045161
0.010029384
0.00963061
0.009898507
0.00975769
0.0098042
0.009819304
0.010346584
0.01021099
0.00949178
0.00990128
0.010315919
0.009877596
0.0097718015
0.009373874
0.009529148
0.009491927
0.009545327
0.009466064
0.009291109
0.009248055
0.009512536
0.009445204
0.00909823
0.009541161
0.010572601
0.009401293
0.00920812
0.009287086
0.009261902
0.0092384005
0.009246636
0.009065012
0.009226976
0.009050948
0.009699647
0.0097775115
0.008891932
0.009992628
0.009706248
0.009291936
0.009269663
0.009408743
0.009206325
0.0088400515
0.008960177
0.008665997
0.008866802
0.008857259
0.008759038
0.008684895
0.008765791
0.008495596
0.009072904
0.008820805
0.009156163
0.009144315
0.008747842
0.009985393
0.008591463
0.008938453
0.008590399
0.009974514
0.009483579
0.008934266
0.009833119
0.009356356
0.0090361135
0.009212286
0.008536709
0.009071063
0.00874799
0.008667902
0.008838971
0.008634552
0.008777908
0.00833929
0.009033888
0.008876976
0.008343005
0.008327252
0.00885284
0.008626551
0.008230496
0.008552798
0.008294672
0.008237955
0.008337672
0.008020207
0.00893076
0.009069185
0.008744591
0.008584918
0.008363005
