0.4074074
0.37363124
0.34480235
0.3205066
0.30038044
0.28408673
0.27190912
0.26403332
0.25926942
0.25627246
0.25432354
0.25302163
0.25212896
0.25150144
0.2510499
0.25071722
0.25046787
0.250279
0.25012988
0.2500087
0.24990745
0.24982196
0.24974756
0.24968122
0.24962123
0.24956481
0.24951078
0.24945815
0.2494063
0.24935402
0.249303
0.24925469
0.24920838
0.24916135
0.24911273
0.2490635
0.24901594
0.2489709
0.24892378
0.24887367
0.24882273
0.24876806
0.24871024
0.24865119
0.24858984
0.24852689
0.24846244
0.24840161
0.24834317
0.2482829
0.248221
0.24816094
0.24809384
0.24801794
0.24794267
0.24786194
0.24777608
0.24768023
0.24758112
0.24749207
0.24741377
0.24734588
0.24728128
0.24721266
0.24714097
0.24706599
0.24698655
0.2468997
0.24681135
0.24670947
0.24660091
0.24648474
0.2463583
0.24621958
0.24606109
0.24587604
0.24567498
0.24547982
0.24530672
0.24514093
0.24498414
0.24482134
0.24465355
0.24448591
0.2443344
0.24418908
0.24405126
0.24391337
0.24376294
0.24360439
0.24343649
0.2432495
0.24304476
0.24282463
0.2425958
0.24235317
0.2420945
0.24181786
0.24155515
0.24130547
0.24104431
0.24075438
0.24044786
0.24012928
0.23980239
0.23950613
0.23923525
0.23895057
0.23864451
0.23832253
0.23799464
0.2376729
0.23735335
0.23702545
0.23668894
0.23635226
0.2360248
0.23570041
0.23535629
0.23499139
0.2346333
0.23428354
0.23393731
0.23357463
0.233204
0.232825
0.23242918
0.23200943
0.23157391
0.23112747
0.23067005
0.23019588
0.2297146
0.22921175
0.22869591
0.22817723
0.22764756
0.22708257
0.22648928
0.22587019
0.22523056
0.22455832
0.22386563
0.22314847
0.22237127
0.22148629
0.22049597
0.21942718
0.2183047
0.21714425
0.21595821
0.21475612
0.21355169
0.21235286
0.21117288
0.21001351
0.20888403
0.20779695
0.20675258
0.20574576
0.20477092
0.20383237
0.2029389
0.20208801
0.20127545
0.20049989
0.19975473
0.19903351
0.198327
0.19762515
0.19692491
0.19622244
0.19551784
0.19481505
0.19411376
0.19340876
0.1926911
0.19194707
0.19116597
0.1903559
0.1895292
0.18869096
0.18784349
0.18698257
0.18610406
0.18520977
0.1843011
0.18338278
0.18245049
0.18151012
0.18056656
0.17961352
0.17865302
0.17768943
0.17672427
0.17576778
0.17483042
0.17392169
0.17303656
0.17215857
0.17130011
0.17047599
0.16968928
0.1689439
0.16825218
0.16761394
0.16701925
0.16646098
0.16593336
0.16543563
0.16496052
0.16450292
0.16406365
0.16364048
0.16323517
0.16284831
0.16247575
0.16211596
0.16177262
0.16144295
0.16112126
0.16080523
0.16049832
0.160199
0.1599044
0.15961474
0.15932791
0.15904292
0.15876324
0.15848733
0.15821312
0.15793908
0.15766563
0.15739067
0.15711525
0.1568378
0.15655912
0.15628283
0.15601073
0.15574092
0.15547104
0.1552035
0.15493722
0.15467307
0.15441279
0.15415947
0.15391463
0.15366976
0.15342362
0.15317978
0.15293467
0.1526869
0.1524358
0.15218076
0.15192325
0.15166706
0.15140958
0.15115194
0.15089892
0.15064572
0.15039414
0.15014535
0.14990094
0.14966424
0.14943455
0.14921416
0.1489969
0.14877817
0.14854686
0.14830083
0.14804782
0.14778839
0.14752932
0.14727569
0.14702801
0.14678371
0.14654255
0.14630443
0.14607257
0.14584361
0.14561668
0.14538604
0.14514934
0.14491352
0.14467834
0.14444786
0.1442152
0.14398004
0.14374451
0.14351343
0.1432876
0.14306775
0.1428505
0.1426321
0.14240992
0.1421879
0.14196515
0.14174324
0.14151731
0.14129193
0.14106938
0.14084755
0.1406298
0.1404103
0.14019018
0.13996764
0.13974755
0.13953407
0.13932444
0.13911498
0.13890535
0.13868804
0.13846534
0.13824514
0.13801964
0.13778687
0.13754651
0.13729407
0.13703167
0.13676557
0.13650154
0.13623977
0.13596869
0.1356958
0.13542382
0.13515085
0.13486901
0.13457982
0.13427745
0.13396636
0.13364471
0.13330403
0.13293089
0.13253312
0.13212079
0.13169216
0.13126223
0.13081141
0.13034125
0.12984411
0.12932451
0.12874228
0.12812674
0.12747408
0.12677626
0.1260045
0.12510504
0.124289766
0.123371996
0.12281321
0.12220107
0.121632315
0.12153263
0.12051262
0.120176524
0.11945993
0.11934782
0.118649065
0.11849694
0.11838905
0.11751855
0.11777579
0.11702516
0.11723708
0.11740419
0.11625153
0.117460124
0.11791246
0.11576532
0.11693969
0.119065054
0.11697932
0.11459384
0.1165535
0.11736748
0.11468978
0.11459457
0.11641291
0.114745505
0.11332503
0.114464216
0.113575965
0.112845995
0.11337785
0.11231394
0.1136627
0.11502179
0.112898454
0.11261441
0.11426236
0.11283624
0.11198534
0.11300959
0.11175688
0.11181448
0.112800464
0.11129317
0.11188675
0.11365681
0.11181433
0.11074437
0.111863546
0.11080436
0.11112908
0.112383075
0.11089813
0.11140601
0.11306075
0.11144915
0.11048862
0.111390926
0.1102105
0.11064733
0.111628525
0.11006998
0.110442854
0.11122259
0.10990632
0.1112072
0.112387165
0.11020036
0.109689325
0.11049899
0.10915807
0.109852545
0.11056296
0.10905701
0.10977508
0.11006567
0.109217405
0.11029125
0.1106864
0.10995722
0.11027511
0.1101763
0.110303186
0.111185394
0.1109682
0.11013982
0.11011182
0.10996802
0.109847486
0.109788075
0.109666415
0.10967591
0.109530054
0.10948229
0.10944767
0.10931373
0.109182775
0.10900629
0.10873258
0.10847008
0.10823852
0.108011946
0.10780607
0.1076094
0.107360534
0.10709877
0.106864244
0.1066512
0.10647512
0.1062941
0.106092766
0.10588113
0.105661675
0.10545238
0.10524969
0.105039336
0.10482481
0.10460672
0.10438891
0.104172915
0.1039506
0.103723295
0.10350118
0.10328192
0.10305791
0.102818795
0.10258859
0.102373995
0.10216015
0.101927444
0.101688325
0.1014608
0.10124959
0.10103364
0.10080125
0.10056451
0.10033015
0.100108415
0.09988951
0.09966809
0.09944627
0.09922405
0.09899978
0.09876776
0.09852689
0.098282635
0.09804252
0.09780587
0.09757142
0.09734185
0.09712169
0.09689801
0.09666303
0.096427366
0.0961867
0.09593871
0.09568269
0.095424525
0.09516931
0.094924144
0.09468779
0.094451725
0.09421251
0.09396851
0.09371641
0.09346113
0.093212225
0.092962265
0.092709675
0.09245556
0.092204995
0.09195089
0.091689885
0.091445945
0.091209024
0.09095208
0.09068782
0.090434685
0.09018573
0.08992979
0.08968706
0.08945119
0.08920374
0.088942714
0.08868385
0.08842154
0.08814947
0.08787848
0.08761699
0.08736095
0.08711115
0.08686605
0.086619005
0.08636348
0.08610738
0.085852176
0.08559884
0.08534421
0.085090175
0.0848259
0.08455975
0.08429136
0.08403056
0.08376898
0.08350891
0.08325221
0.08298318
0.08273246
0.08246908
0.08219167
0.08193885
0.081660904
0.08138784
0.08116329
0.08089008
0.08061412
0.08037166
0.08008844
0.07981331
0.079599105
0.07932932
0.07907143
0.07878092
0.07844846
0.07813768
0.077859715
0.07765647
0.0770974
0.07678282
0.0762033
0.07573996
0.075758815
0.07540517
0.07598169
0.075727515
0.07548332
0.07535624
0.07545806
0.07522663
0.07519532
0.075244404
0.07518969
0.074754715
0.07461797
0.07478625
0.07447845
0.07434874
0.07423654
0.07450691
0.07426139
0.07436266
0.07448372
0.07467482
0.07437406
0.07437236
0.07491347
0.07486545
0.07391816
0.07382666
0.07368141
0.073598996
0.07267853
0.0723495
0.07258155
0.07301022
0.07143202
0.072260864
0.07124704
0.07208123
0.07205463
0.07149133
0.071612485
0.072001755
0.07306334
0.071660064
0.071664065
0.07129683
0.07204824
0.07170047
0.07118986
0.07126214
0.07160714
0.07158388
0.071074165
0.07101447
0.07172647
0.07184397
0.07087049
0.071020275
0.07104037
0.071842134
0.0710051
0.070861466
0.070619226
0.070712484
0.070249
0.070000164
0.069783375
0.06943678
0.069376886
0.069279924
0.06910547
0.06904268
0.06892752
0.06904754
0.06869839
0.06859565
0.068606265
0.06805723
0.06788621
0.06767503
0.06747625
0.06738667
0.06736556
0.06733133
0.06722313
0.06715648
0.066978134
0.06685379
0.06670065
0.06645121
0.06618061
0.06621011
0.066106424
0.065898046
0.065735504
0.0655375
0.06528141
0.06498849
0.06474511
0.06447286
0.06418834
0.06377259
0.063392006
0.06309841
0.062802374
0.06276748
0.06265676
0.06231191
0.062219836
0.062086463
0.062094208
0.0619539
0.061771132
0.06157639
0.061448604
0.06125112
0.061185047
0.061118223
0.060827274
0.060456213
0.0600917
0.059863657
0.05967735
0.05956834
0.05935076
0.058989774
0.058633823
0.058491696
0.05900792
0.05874912
0.058742538
0.059165064
0.059141777
0.058634907
0.05829768
0.05794821
0.057609554
0.057199053
0.0571877
0.056772925
0.056736063
0.056449115
0.056148533
0.056032434
0.05588443
0.055699654
0.05547034
0.05548633
0.055408448
0.055474896
0.05513898
0.05516501
0.05539294
0.05547358
0.055488132
0.054952107
0.05539301
0.055323314
0.05539919
0.055126492
0.055154327
0.05566618
0.055394508
0.05521272
0.055266097
0.055220947
0.054729093
0.05462745
0.05498217
0.055919718
0.055043872
0.05467867
0.05457426
0.05420888
0.053930704
0.05361242
0.053368434
0.053254962
0.052786343
0.052797645
0.05255652
0.05234154
0.05212394
0.051908243
0.05161777
0.051532112
0.051367197
0.051189046
0.05101995
0.050786264
0.0505445
0.05046109
0.050973408
0.051442157
0.05156361
0.05148828
0.051253
0.050847486
0.050682843
0.05048505
0.0504115
0.050616026
0.050199002
0.05006936
0.049809463
0.049432065
0.049227744
0.049258575
0.04817493
0.04875183
0.048054058
0.048550583
0.048444826
0.04840872
0.048406117
0.048374023
0.048197247
0.04803583
0.048541494
0.048354957
0.04821762
0.04882815
0.049023103
0.048164442
0.047882397
0.04774883
0.047446348
0.047107317
0.046839565
0.046651717
0.046569515
0.046352744
0.046154335
0.045920797
0.045766667
0.045613937
0.045482792
0.045333795
0.045081526
0.044633817
0.044233836
0.04399876
0.043814484
0.044098057
0.044242892
0.04413018
0.043901592
0.04360871
0.043462746
0.043430228
0.043460034
0.04375145
0.043804303
0.04338625
0.043018382
0.042470843
0.04187404
0.04121303
0.041549932
0.040810872
0.0416559
0.041645028
0.04162962
0.04164124
0.041631173
0.040894065
0.040502544
0.040518608
0.040864404
0.04148167
0.041738443
0.041676138
0.042318787
0.04470948
0.042953078
0.04075591
0.04079692
0.04060913
0.040336862
0.04026829
0.039696302
0.041606173
0.041384608
0.0389638
0.037772123
0.037268076
0.03674224
0.037250355
0.03663844
0.037542637
0.03883582
0.039521415
0.040218346
0.040728766
0.040844683
0.040607493
0.04034347
0.040226556
0.04011563
0.039738122
0.040110547
0.040428843
0.04053152
0.040469337
0.041157674
0.04120322
0.040079318
0.040098675
0.040700536
0.040459994
0.039643165
0.039625246
0.03972237
0.03980162
0.03996364
0.039674584
0.039542906
0.04044324
0.041756164
0.040953357
0.040409897
0.039838057
0.039789014
0.04095573
0.042501166
0.041204233
0.04025223
0.039657135
0.039648797
0.04122232
0.041533984
0.03983913
0.039097514
0.038232014
0.037607763
0.037606463
0.03734832
0.037435696
0.03801469
0.038225397
0.03879051
0.03870512
0.03850167
0.03840625
0.038293272
0.037877973
0.037446555
0.037864357
0.037785433
0.03750383
0.037533365
0.037486315
0.037225455
0.037137248
0.037906695
0.03777526
0.037581872
0.03783633
0.038476802
0.03763651
0.037064046
0.03672412
0.036745302
0.037050217
0.036887564
0.036915313
0.037640166
0.04256978
0.042178128
0.035326384
0.03825293
0.039150774
0.03491028
0.038734782
0.038361195
0.03674268
0.036217865
0.035600442
0.035099342
