0.4074074
0.35251382
0.3100299
0.27925476
0.26226407
0.25466156
0.2511895
0.24966139
0.24906997
0.24891518
0.24873497
0.24868403
0.2487645
0.2489048
0.24906057
0.24920735
0.24933186
0.24942942
0.24949907
0.24954242
0.24956186
0.24955985
0.24953973
0.24950472
0.24945617
0.24939647
0.24932626
0.24924792
0.24916196
0.24906911
0.24897054
0.24886589
0.24875644
0.24864092
0.24851978
0.24839368
0.24826226
0.24812715
0.2479875
0.24784243
0.24769332
0.2475403
0.24738272
0.24722013
0.2470504
0.24687251
0.24667983
0.24646516
0.2462527
0.2460429
0.24582256
0.24559884
0.24537148
0.24513313
0.24494028
0.24473773
0.24451193
0.24426991
0.24401134
0.2437341
0.24343562
0.24312517
0.24283089
0.24255735
0.24228704
0.24202007
0.24174982
0.24146771
0.24117893
0.24088378
0.24058218
0.24027243
0.23995613
0.23963204
0.23929481
0.23894863
0.23858964
0.238225
0.2378651
0.23749171
0.23710349
0.23668669
0.23628968
0.23593149
0.23559484
0.23526965
0.23494944
0.23464748
0.23434405
0.2340211
0.23369555
0.23337542
0.23304296
0.23269713
0.23239815
0.23213287
0.23187448
0.2316187
0.23134533
0.2310881
0.23082265
0.23056078
0.2302205
0.2297639
0.22920772
0.22861384
0.22789028
0.22746836
0.22695568
0.22644715
0.22573033
0.22505346
0.2242765
0.22361842
0.22273071
0.2215754
0.22063825
0.2192823
0.21847956
0.21742946
0.21627805
0.21573389
0.2146741
0.21404225
0.21348926
0.21285541
0.2127113
0.21199054
0.2114515
0.21122205
0.21042444
0.21021649
0.20962365
0.20872998
0.20828429
0.2071914
0.2065411
0.20566724
0.20436731
0.20369726
0.20249528
0.2014327
0.20049775
0.19879198
0.19770002
0.19666661
0.19514813
0.19427246
0.19284408
0.1913657
0.19033693
0.18875943
0.18768826
0.18655747
0.1849036
0.18401115
0.18275939
0.18142737
0.18044244
0.17887697
0.17777146
0.17629261
0.17516507
0.17395857
0.1723582
0.17147171
0.16984245
0.16905034
0.16808854
0.16676962
0.1661006
0.16485332
0.16438481
0.16340312
0.16282856
0.16218382
0.16198987
0.1616189
0.16066745
0.16050334
0.15999316
0.15970272
0.15948373
0.15931994
0.15898225
0.15877303
0.15876211
0.15859687
0.158265
0.15769842
0.15766838
0.15771572
0.15726472
0.15751259
0.15686746
0.15729803
0.15768835
0.15679964
0.1564778
0.15632476
0.15583228
0.15612341
0.15577322
0.15531547
0.1555083
0.1549917
0.15470023
0.15415514
0.1533821
0.15319982
0.15291145
0.15301406
0.1526798
0.15231694
0.15211144
0.1521022
0.15234572
0.1521397
0.1520929
0.15191865
0.15207317
0.15197717
0.15201502
0.15183482
0.15162893
0.1514943
0.15115955
0.15127008
0.15119173
0.15163141
0.1513767
0.15071027
0.15035477
0.14994155
0.1496911
0.14949219
0.14938524
0.1491995
0.14899327
0.14854445
0.14818306
0.14793415
0.14771298
0.1476114
0.14756061
0.14745842
0.14733534
0.14712898
0.14697227
0.14677751
0.14669849
0.14659359
0.14650486
0.14646181
0.14631502
0.14613917
0.1460237
0.14592311
0.14589757
0.14602062
0.14604452
0.14600283
0.14598319
0.14596823
0.14601332
0.14616525
0.14619757
0.1461247
0.14614905
0.14614406
0.14612779
0.14613639
0.14600994
0.1458107
0.14564121
0.14550269
0.1454549
0.14548579
0.14553113
0.14556202
0.14552332
0.14541565
0.14529723
0.14541335
0.14554688
0.1457618
0.14598846
0.14614516
0.14634378
0.1464277
0.1465729
0.1466949
0.14698508
0.14728008
0.14765361
0.14809144
0.14829572
0.14855045
0.14888638
0.14914246
0.149499
0.14975499
0.1499094
0.15013869
0.1504601
0.1508061
0.15117641
0.1514086
0.15150777
0.15163492
0.15185817
0.1521057
0.15254408
0.15292507
0.15335733
0.15365797
0.15392397
0.15424046
0.15440607
0.15459472
0.15503722
0.15556882
0.15610978
0.1565379
0.15692234
0.15720625
0.1575833
0.1578072
0.15812707
0.15856868
0.15907288
0.15959986
0.1601598
0.16078669
0.16142762
0.16221517
0.163051
0.16393447
0.16471209
0.16557184
0.16680714
0.16774966
0.1687317
0.1694259
0.1700011
0.170558
0.17038913
0.17016871
0.16921212
0.16811481
0.16775526
0.16740969
0.16689706
0.16663092
0.16660877
0.16663308
0.16642126
0.16589673
0.165493
0.16551083
0.1658283
0.16611962
0.16691564
0.16787139
0.16869497
0.16901849
0.16919073
0.16949649
0.16977118
0.17003427
0.17020552
0.17035934
0.17093414
0.17156808
0.17142317
0.17008784
0.16771784
0.16587885
0.16480406
0.16410771
0.16359417
0.16291286
0.16214426
0.16195396
0.16211335
0.16236852
0.1624782
0.16197482
0.16146782
0.16123538
0.16122048
0.16148892
0.16186962
0.16242945
0.16292515
0.16379067
0.16446792
0.16498332
0.16594473
0.16693269
0.16762505
0.16814068
0.16860333
0.16915596
0.16958345
0.16998354
0.17065409
0.17133965
0.17240429
0.1733451
0.17442691
0.17572126
0.17675248
0.17765741
0.17853999
0.17930584
0.18017162
0.18092762
0.1816439
0.18168557
0.18127792
0.18080978
0.1791983
0.17622052
0.17372271
0.17171374
0.17094982
0.1705159
0.17038529
0.17006207
0.16952465
0.16937436
0.16965978
0.1695634
0.16868582
0.16709645
0.16609277
0.16550861
0.16523129
0.16518936
0.16554372
0.16632451
0.16689195
0.16734113
0.16809914
0.16932204
0.17092976
0.17220366
0.17302687
0.17356521
0.17432562
0.17493568
0.17562239
0.17649393
0.17746991
0.17888236
0.18033595
0.18180735
0.18238127
0.18269166
0.18299219
0.18337502
0.18339331
0.18339358
0.18418552
0.184886
0.1857723
0.18645565
0.18694842
0.18763182
0.18859316
0.18976569
0.19066167
0.19191729
0.19317459
0.19451049
0.19570199
0.19668981
0.19717771
0.1969753
0.19604933
0.19476503
0.19422762
0.19361158
0.1922235
0.19049942
0.18806067
0.1848739
0.18054238
0.1760561
0.17136635
0.16680871
0.16290143
0.15965988
0.15735939
0.15656105
0.1563111
0.15613748
0.1561068
0.15618053
0.15597148
0.15642527
0.1568952
0.15739705
0.15818225
0.158777
0.15954846
0.16035743
0.16108686
0.16156366
0.1618865
0.16246195
0.16313592
0.16391963
0.1650144
0.16624232
0.16737369
0.16861655
0.16984648
0.17118241
0.1728311
0.17459714
0.17616653
0.17790191
0.18006352
0.18227464
0.18497072
0.18718359
0.18833448
0.1887089
0.18995352
0.19102527
0.19132619
0.19199839
0.19243495
0.19200628
0.19162874
0.19158961
0.19196191
0.19247378
0.19344045
0.1947579
0.19678134
0.19824478
0.19921641
0.19951488
0.19840635
0.1945584
0.18976097
0.18143305
0.17138122
0.1643073
0.15928018
0.155444
0.15235746
0.15088029
0.15054049
0.15031601
0.14967497
0.14906447
0.14890423
0.15007597
0.15132514
0.15274242
0.15438044
0.15646644
0.1583363
0.15985344
0.16108379
0.16248338
0.16384985
0.16525581
0.16649675
0.16831098
0.17023188
0.17190991
0.17349373
0.17497382
0.17669474
0.17857863
0.18062516
0.1827527
0.1846466
0.1859809
0.1875784
0.18906993
0.19048814
0.19167261
0.19254786
0.19290462
0.1924091
0.19277674
0.19311367
0.19368829
0.19473761
0.1956658
0.19658019
0.19717838
0.19778201
0.19811139
0.1985605
0.19925676
0.20033796
0.20122667
0.2021555
0.2019054
0.20048618
0.19914359
0.19830066
0.19810009
0.19800866
0.19813387
0.19856086
0.19904327
0.19981404
0.20097925
0.20200732
0.20257086
0.20271909
0.20177096
0.19886005
0.195057
0.19155979
0.18630403
0.17918162
0.17361587
0.16984612
0.16668081
0.1642882
0.16267458
0.16211858
0.16113278
0.15961805
0.1571887
0.15479608
0.15400235
0.15404804
0.15441345
0.15504336
0.1556407
0.15585855
0.1563292
0.15723145
0.15785645
0.15820645
0.15882872
0.15995347
0.160995
0.16300139
0.16541095
0.16749331
0.16952583
0.17137437
0.17368774
0.1764424
0.1788603
0.18118158
0.18352325
0.1855317
0.18735038
0.18886997
0.19007032
0.19149254
0.19254659
0.19410464
0.19683719
0.1986792
0.20059352
0.20234509
0.20320608
0.20315042
0.20359443
0.20435771
0.20514876
0.20559603
0.20583439
0.20647241
0.20736007
0.20759602
0.20732547
0.20734419
0.20780934
0.2084191
0.20912209
0.20990053
0.21077937
0.21143888
0.21150635
0.21034077
0.20852104
0.20686911
0.20567721
0.20470695
0.20415847
0.20347592
0.20234644
0.20024617
0.19797644
0.19602117
0.19395521
0.19216166
0.19040991
0.18855119
0.18844792
0.18860404
0.18880758
0.18908308
0.18853697
0.18743429
0.18441647
0.17949252
0.17477949
0.1721365
0.16698752
0.16072719
0.15638871
0.15389638
0.15219454
0.15081641
0.15028083
0.14986631
0.14969246
0.14974976
0.15078908
0.15222842
0.15386091
0.15581663
0.15813433
0.16018564
0.16220485
0.16472125
0.16756892
0.17027454
0.17317876
0.1759462
0.17857441
0.18138601
0.18390286
0.18600434
0.18779516
0.18914884
0.19047962
0.19218671
0.19373646
0.19524086
0.19713259
0.19950612
0.2013152
0.20230512
0.20390572
0.20454146
0.20447049
0.20221476
0.19754575
0.19155777
0.18545814
0.17991178
0.17458469
0.16860935
0.16372104
0.16048701
0.15844578
0.15691018
0.15594481
0.15507628
0.15442084
0.15350664
0.15261003
0.15225214
0.15269627
0.15383773
0.15525809
0.1569536
0.1585261
0.15996233
0.16176477
0.16390486
0.16650532
0.16912104
0.17169422
0.17364578
0.17560042
0.17851737
0.18139495
0.18362437
0.18594071
0.1876327
0.19001031
0.191726
0.19256361
0.19365233
0.19325913
0.19517471
0.19674942
0.19905078
0.20142268
0.20358476
0.20427059
0.20381686
0.20390007
0.20411354
0.20486657
0.20428139
0.20280448
0.20107496
0.1998406
0.19805017
0.19458582
0.1884064
0.18105796
0.1754611
0.17103492
0.16652393
0.16254382
0.15973257
0.15862893
0.15812019
0.15779021
0.15750436
0.15762633
0.15776461
0.1581601
0.15868905
0.15968272
0.1608041
0.16190457
0.16240741
0.16234389
0.16233025
0.16272396
0.16407257
0.16631484
0.1681068
0.17081852
0.1733559
0.17577203
0.17831282
0.18158118
0.18556596
0.18817677
0.18928108
0.18884936
0.18663213
0.18163149
0.17413679
0.1668044
0.16267066
0.1589011
0.15587613
0.15314329
0.15100805
0.15059848
0.15094209
0.15157393
0.15282294
0.15377851
0.15406759
0.15441161
0.15567103
0.15681386
0.15816814
0.16059953
0.16259871
0.1650633
0.16747758
0.17057914
0.17353018
0.17684114
0.17980757
0.18265128
0.1852472
0.18730816
0.18880698
0.18996468
0.19003043
0.18848594
0.18718538
0.18609357
0.18533176
0.18518712
0.18638763
0.18894574
0.19152163
0.19307144
0.19224787
0.18959016
0.1859591
0.18061404
