0.4074074
0.36434624
0.3287874
0.30028906
0.27847978
0.264942
0.25774977
0.25374702
0.25144294
0.2500764
0.24923882
0.24870479
0.24834375
0.24808086
0.24786916
0.24767037
0.24747373
0.24729392
0.24713433
0.24698567
0.246841
0.24669644
0.24655083
0.24640526
0.24625711
0.2461051
0.24595094
0.24579601
0.24564195
0.24548876
0.24533169
0.24517344
0.24501628
0.24485601
0.2446967
0.24453494
0.24437094
0.24420302
0.24403301
0.24386044
0.24368462
0.24350587
0.24332985
0.24314995
0.24295917
0.24274617
0.2425152
0.24227151
0.24203637
0.24180822
0.24158469
0.24136387
0.24113329
0.24090075
0.24066395
0.24042346
0.24018286
0.23993894
0.23969491
0.23944587
0.23919523
0.238946
0.23869434
0.23843992
0.23818205
0.23792
0.23765437
0.2373797
0.23709835
0.23680821
0.23652309
0.23624451
0.23596928
0.23569892
0.23543487
0.23518334
0.23492754
0.23467414
0.23442441
0.23417455
0.23392896
0.23368831
0.23345552
0.23321803
0.23298673
0.23276313
0.23254499
0.23232591
0.23211868
0.23189169
0.23162457
0.23128189
0.2310124
0.2306474
0.23032641
0.2300491
0.22961417
0.22903138
0.22854106
0.22805354
0.22811677
0.22879893
0.22953692
0.22810338
0.22281541
0.21715508
0.21294184
0.20965904
0.2064281
0.20155336
0.19747263
0.19523317
0.19199274
0.1871287
0.1830423
0.18102999
0.18025716
0.17971878
0.17936452
0.1791337
0.1789607
0.17880274
0.17861556
0.17840204
0.17818353
0.17799118
0.17788514
0.17786582
0.17792268
0.17805284
0.17823103
0.17843303
0.17865783
0.17889582
0.1791205
0.17931157
0.1794713
0.17958915
0.17966636
0.17970678
0.17972343
0.17971882
0.17969713
0.17966218
0.1796095
0.17953919
0.17946067
0.1793832
0.17929325
0.1791895
0.17905933
0.17889911
0.1787095
0.17848979
0.1782458
0.17797604
0.17768137
0.17737289
0.1770622
0.17674617
0.17642598
0.17609994
0.17576703
0.17542617
0.17508116
0.17473386
0.17439532
0.17405361
0.17370743
0.17335503
0.17299892
0.1726409
0.17227975
0.17191054
0.17154613
0.1711798
0.17082043
0.17045476
0.1700985
0.16974285
0.16939285
0.16904172
0.16869482
0.16836417
0.16803035
0.16770808
0.16738528
0.16706859
0.16675423
0.16643883
0.16611882
0.16581586
0.16550429
0.16520905
0.16489905
0.16457976
0.16426098
0.16396432
0.16367662
0.16340822
0.16312712
0.16283277
0.16253214
0.16223063
0.16192742
0.16161864
0.16130517
0.16100535
0.16071257
0.16042681
0.16014336
0.15985362
0.1595603
0.15927163
0.15898237
0.15868191
0.15836987
0.15805426
0.15773012
0.15739913
0.157064
0.1567379
0.15642172
0.15611288
0.15581316
0.15551819
0.15522692
0.15492196
0.15460439
0.15428151
0.15394811
0.15360504
0.15325429
0.15289621
0.15253483
0.15217741
0.15181746
0.15145396
0.15108402
0.15070401
0.15031596
0.1499344
0.14956045
0.1491958
0.14883538
0.14847486
0.14811617
0.14775386
0.14738463
0.14700504
0.14662476
0.14624637
0.14586587
0.14549063
0.14512537
0.14476632
0.14442176
0.14408165
0.14373639
0.14338791
0.14305077
0.14271863
0.14237185
0.14200318
0.14162059
0.14123203
0.14084773
0.1404635
0.14006881
0.13966249
0.13926606
0.13887113
0.13848193
0.13808446
0.13768491
0.13729057
0.13688345
0.13646647
0.13604271
0.13561505
0.13518693
0.13476376
0.13432543
0.1338819
0.13343501
0.13298851
0.13253486
0.1320736
0.131615
0.13115373
0.13072051
0.1303022
0.12990023
0.12950774
0.12910375
0.1286778
0.128227
0.12775868
0.12727928
0.12677285
0.12623984
0.12569691
0.12514932
0.12457404
0.1239713
0.12335721
0.12275231
0.122147486
0.121533535
0.12091448
0.120266296
0.11959859
0.11890298
0.11817754
0.117450334
0.116728775
0.116009474
0.11527647
0.114533454
0.1137934
0.11303966
0.11223022
0.111389995
0.11057012
0.109745316
0.10887157
0.1079339
0.1069226
0.10590246
0.10493588
0.103950694
0.10286796
0.10172255
0.10053404
0.099330075
0.098127015
0.09669963
0.09508864
0.09350238
0.09200204
0.090516336
0.08882008
0.08690278
0.08488385
0.08278045
0.08048968
0.078028575
0.07575247
0.07362233
0.071599334
0.06984784
0.06817292
0.06657551
0.06492054
0.063359275
0.06195374
0.060574315
0.059308562
0.05791757
0.05646666
0.055095095
0.053458963
0.05171651
0.05017346
0.04889203
0.048241675
0.046861008
0.045764122
0.044397704
0.043424528
0.042641968
0.041304726
0.0420227
0.042082984
0.0395042
0.040556055
0.03982463
0.037968412
0.03945785
0.03793061
0.03731985
0.037217945
0.035946593
0.0351489
0.034719665
0.033334207
0.033968013
0.033836544
0.031897258
0.032652102
0.032273956
0.031474914
0.031663366
0.029593866
0.02894238
0.028121538
0.027581278
0.026944175
0.026285706
0.025400661
0.024808686
0.02441769
0.02369691
0.023547204
0.022446739
0.024592733
0.02514501
0.022082552
0.022990838
0.02338285
0.020637197
0.020981945
0.020250827
0.019849857
0.019807812
0.01892391
0.018251404
0.017942648
0.016925666
0.016317263
0.016680764
0.015166667
0.017426753
0.017113358
0.013950332
0.019093191
0.019823592
0.013211176
0.017632948
0.019175421
0.015108728
0.013547501
0.01482835
0.01250896
0.0158486
0.016908221
0.01314318
0.013855414
0.014698748
0.011589544
0.014662635
0.014830995
0.011345578
0.01591009
0.019975545
0.012156992
0.013871603
0.017738566
0.014976879
0.010444131
0.02229134
0.027673952
0.012580435
0.015088476
0.021790717
0.02011452
0.013078443
0.013440302
0.01875038
0.01388999
0.0111359535
0.011432586
0.010777773
0.01042707
0.010877965
0.009847696
0.012419039
0.01134239
0.009166566
0.008867415
0.010421419
0.009399728
0.008821621
0.008530397
0.008842358
0.008278705
0.008662231
0.00827478
0.008103483
0.0076850746
0.008336013
0.0079122195
0.0077317827
0.0073669283
0.007978049
0.007571341
0.0074834656
0.007120311
0.0075865164
0.0071891537
0.007385343
0.0070276693
0.007120299
0.0067400862
0.007433037
0.007028864
0.006688015
0.006364583
0.007450618
0.006988635
0.0063434388
0.006056158
0.0073975176
0.006916098
0.006014679
0.0057494645
0.0073430785
0.0068392805
0.0056865383
0.005450043
0.007269281
0.00673636
0.005374857
0.005161746
0.0071794703
0.006632262
0.0050610756
0.004875594
0.0069906716
0.0063947537
0.0047738617
0.0045932406
0.0066612763
0.0060684886
0.0044953497
0.0043225656
0.0062953527
0.005714408
0.0042467155
0.004068047
0.0059458134
0.0054088184
0.0039930516
0.003823813
0.005624413
0.0050802557
0.0037871175
0.0036202085
0.0052296994
0.004717468
0.0036006253
0.0034319668
0.004855464
0.0043757968
0.003447309
0.0032682603
0.004509353
0.0040742573
0.0033100396
0.003118359
0.0042600185
0.00386764
0.0031561996
0.002964024
0.004080177
0.003698684
0.0030037514
0.0028175085
0.003909998
0.0030872233
0.0044230004
0.0050844434
0.0028400875
0.0070643034
0.008295038
0.0029600614
0.008700005
0.014029992
0.01152132
0.0048652883
0.0054062353
0.008224079
0.003855992
0.0055770436
0.00840723
0.005548353
0.0035010031
0.0039521065
0.0034104546
0.0031876967
0.0031332274
0.0035019396
0.0029997148
0.0054452764
0.0054523665
0.0028169488
0.008117218
0.011262073
0.0052013034
0.0028609368
0.0035065345
0.0023921027
0.0023846827
0.002804446
0.0022317308
0.0046201353
0.0047671497
0.0020575626
0.008071785
0.010653803
0.0034923663
0.0038617712
0.005918757
0.0031606846
0.0034801096
0.004589048
0.002201192
0.00562576
0.0072785523
0.0034963805
0.0028654449
0.0039619957
0.0020989105
0.0050621596
0.006549238
0.0029793065
0.002984653
0.004274418
0.0020600013
0.0042713564
0.005637892
0.0024899044
0.0031832776
0.004654947
0.00206129
0.0036256004
0.0048877117
0.0021648165
0.0033310116
0.004916267
0.002063156
0.0031853518
0.0043377546
0.0019408818
0.0034554976
0.005136747
0.0020606322
0.002838265
0.0039171483
0.0017708422
0.0034960276
0.0052008787
0.001997545
0.0026364683
0.0037063204
0.0016275941
0.0034399733
0.005174793
0.0019142712
0.0024727774
0.003522833
0.0015045918
0.0033491836
0.005068039
0.0018182786
0.0023394334
0.0033743873
0.0013937937
0.0032344814
0.0049273125
0.0017141547
0.0022177221
0.0032438005
0.0012884024
0.003123691
0.004805305
0.0016203126
0.0020859363
0.0030868931
0.001187141
0.0030154353
0.0046747075
0.001536862
0.0019505321
0.0029279871
0.0010832978
0.002923502
0.004567402
0.001451503
0.0018362271
0.0028013983
0.0009951105
0.0027817518
0.004366455
0.0013448659
0.0017479624
0.0027089887
0.00091465696
0.002633297
0.0041672946
0.0012475854
0.0016614507
0.0026188826
0.0008378094
0.0024775849
0.003971497
0.0011435555
0.0015741182
0.0025151453
0.00077240966
0.002327355
0.003761426
0.0010464602
0.001505626
0.002442547
0.0007079184
0.0021802783
0.0035732028
0.00095413905
0.0014416405
0.0023683207
0.0006504994
0.002039759
0.0033895285
0.0008714231
0.001371045
0.0022878137
0.0006061537
0.0018776912
0.0031331172
0.0007699419
0.0013573699
0.0022979544
0.00057627604
0.0016652461
0.0028445367
0.0006781993
0.001308647
0.0022190772
0.0005469147
0.0015240557
0.002636949
0.00060186157
0.001262594
0.002167965
0.0005098057
0.0013813883
0.002431114
0.00052523334
0.0012164287
0.002101569
0.00048827915
0.00123426
0.0022073567
0.0004537177
0.0011814357
0.0020569086
0.00045849796
0.0011077871
0.0020287265
0.0003934009
0.0011235639
0.00198089
0.0004295287
0.0009934331
0.0018525766
0.0003348652
0.0010843015
0.0019486914
0.00039808088
0.0008798303
0.00169029
0.00028157368
0.0010241341
0.0018613298
0.0003723461
0.0007803287
0.0015255116
0.00023433373
0.0009896369
0.001831577
0.00034464462
0.00067449996
0.0013661231
0.00018963231
0.0009448934
0.0017664668
0.00031728126
0.0005914868
0.0012337386
0.0001523667
0.0008911304
0.0017021374
0.0002831574
0.0005240725
0.001130142
0.00011902842
0.0008402006
0.0016307182
0.00025637797
0.00045201514
0.0010072174
9.002301e-05
0.00080702815
0.0016025876
0.0002265469
0.00037906517
0.0008922937
6.394025e-05
0.0007620561
0.0015493048
0.00019936085
0.00032050387
0.00079039834
4.2923126e-05
0.0007380526
0.0015335894
0.00017087023
0.00027157212
0.0007151852
2.8758475e-05
0.0006734578
0.0014333467
0.00015030998
0.00021839769
0.00060874067
1.4894142e-05
0.000672846
0.0014707807
0.00011959519
0.00018333115
0.0005633188
7.633082e-06
0.0005562227
0.0012537836
9.279764e-05
0.00017650487
0.0005463939
2.498406e-06
