0.4074074
0.36653817
0.3320068
0.30366334
0.28140658
0.2672507
0.25958657
0.25525188
0.25272083
0.2512043
0.25027046
0.24967532
0.24927613
0.24898884
0.24876174
0.24856447
0.24837816
0.2481926
0.24800687
0.24782681
0.24765603
0.24749458
0.24734224
0.24719563
0.24705128
0.24690963
0.24676795
0.24662457
0.2464784
0.24633005
0.24618149
0.24602996
0.24587667
0.24572669
0.24557157
0.24539068
0.24524654
0.24507475
0.24491419
0.24474837
0.24458475
0.2444381
0.2442577
0.24406555
0.24388279
0.24370223
0.24352442
0.24334234
0.24315989
0.24297003
0.24277924
0.2425895
0.24238849
0.24217278
0.24195313
0.24172103
0.24146976
0.24121474
0.24094251
0.2406682
0.24038608
0.24008591
0.23976974
0.23942998
0.2390602
0.23866382
0.23824601
0.23780265
0.23733744
0.23685166
0.23636305
0.23584218
0.2353184
0.23480815
0.23423176
0.2336603
0.23318103
0.2327965
0.23224044
0.23162049
0.23114783
0.23086314
0.23089328
0.2305382
0.22983754
0.22902432
0.22842684
0.22787772
0.22767133
0.2274046
0.22674596
0.22570007
0.22473875
0.22369854
0.2226178
0.2214687
0.22037025
0.21895559
0.21719755
0.21559604
0.21398199
0.21237244
0.21049812
0.20874724
0.20701368
0.20537539
0.20349278
0.20174064
0.2011035
0.19892032
0.19574426
0.19369088
0.19160576
0.18940645
0.18702956
0.18446991
0.18278034
0.18085946
0.1784736
0.17619202
0.174299
0.17255074
0.17128897
0.16995135
0.16834278
0.16667631
0.16520135
0.16374114
0.16219977
0.16098227
0.15970868
0.15843904
0.15719606
0.15587138
0.15434562
0.15277858
0.15143962
0.1500443
0.14876129
0.14762777
0.14642188
0.14502479
0.14378145
0.14262177
0.14156985
0.14062162
0.13962638
0.13842745
0.1372081
0.13606565
0.13506445
0.13409789
0.13305634
0.13201044
0.13099606
0.12999049
0.12896012
0.12798385
0.12695794
0.12596473
0.124932475
0.12389278
0.12283192
0.121811025
0.12074703
0.11981093
0.11953626
0.11789235
0.11864786
0.116263315
0.12000548
0.11969977
0.1141088
0.11453714
0.113206886
0.11426799
0.11090811
0.110371225
0.11343049
0.11492844
0.107905105
0.11381077
0.10867917
0.109333485
0.11453794
0.10633891
0.10690557
0.105950885
0.10482775
0.11299143
0.111696646
0.102811955
0.108837225
0.1039866
0.10477339
0.11147779
0.10476326
0.10255098
0.109118804
0.10006038
0.1080919
0.119196385
0.11066741
0.09758578
0.10560453
0.10156953
0.09661331
0.10498225
0.10600235
0.09591567
0.10234141
0.10311493
0.09450408
0.105365165
0.1134812
0.10298188
0.09348845
0.09932526
0.09301421
0.097374074
0.10903061
0.10680611
0.09265037
0.0977419
0.102315724
0.091202684
0.10047548
0.112639114
0.10550801
0.08998097
0.10211757
0.1101123
0.09374203
0.092081934
0.1073982
0.11195969
0.09879281
0.08937531
0.096061856
0.08984519
0.091269776
0.10355556
0.10571761
0.09273328
0.08781816
0.08860032
0.08768487
0.092630215
0.0961291
0.091395564
0.08873812
0.088498965
0.09056639
0.09284142
0.08704184
0.08995673
0.08870861
0.08620115
0.0927915
0.09228769
0.084548004
0.09418838
0.094569154
0.08366505
0.09786053
0.11153638
0.10238817
0.08333205
0.09413557
0.108447246
0.09064978
0.08145624
0.09371595
0.096834324
0.08433568
0.08269384
0.0851144
0.07956559
0.083193004
0.08445059
0.07918852
0.083806016
0.08220035
0.07832258
0.08231829
0.078852765
0.07835647
0.07828825
0.07663195
0.07956252
0.076770745
0.07437183
0.07360949
0.07703825
0.07993878
0.073725246
0.07796485
0.0812952
0.07133694
0.08256079
0.08841117
0.07547434
0.0748106
0.08937239
0.07605843
0.071749285
0.07984185
0.07368999
0.07007909
0.07631351
0.06832744
0.07360764
0.0816682
0.073026426
0.06770386
0.07487815
0.0666803
0.06957727
0.08010932
0.075477764
0.06355226
0.08160937
0.08901454
0.06758227
0.06881073
0.086985126
0.0869757
0.06839358
0.06628731
0.075769745
0.06471833
0.06710771
0.08076576
0.07814955
0.063054904
0.07091484
0.07723951
0.06267136
0.07031355
0.08320253
0.07486227
0.060948282
0.08605373
0.11251258
0.08684917
0.059961896
0.0820836
0.1082029
0.10300086
0.07585957
0.059847962
0.07203389
0.067024365
0.057549324
0.06363793
0.06881095
0.06367086
0.057062086
0.058411207
0.05584139
0.061251275
0.06652635
0.062162433
0.054723565
0.06290247
0.06648121
0.053680714
0.06733138
0.08445193
0.07562577
0.054819945
0.067097545
0.08833759
0.06757676
0.05291368
0.061724715
0.060998835
0.053012475
0.059910037
0.06352863
0.051945295
0.06620146
0.08273799
0.07254901
0.051986802
0.07020924
0.09687507
0.07381773
0.04987315
0.071147345
0.08895303
0.07778633
0.05304339
0.060387928
0.07506199
0.058171872
0.052309792
0.06702695
0.07096557
0.056349095
0.04916623
0.052259184
0.047471892
0.05757146
0.06825407
0.061280306
0.04755091
0.05800793
0.06735826
0.049737442
0.054234833
0.06987983
0.06620411
0.050481062
0.049912322
0.05889426
0.050507974
0.04776786
0.051144943
0.047698516
0.047264405
0.04720539
0.04619761
0.045916487
0.04709879
0.04620891
0.04530215
0.04460294
0.04621219
0.045316257
0.04345866
0.042798012
0.044858195
0.043801446
0.04163874
0.041053288
0.04318987
0.042010054
0.040051136
0.03947612
0.04120939
0.039391503
0.040989928
0.041734137
0.038167786
0.045604978
0.04500786
0.03774344
0.040232774
0.038205095
0.04047564
0.04133086
0.03732529
0.04395191
0.046686415
0.039933834
0.03741276
0.038938113
0.035899833
0.04147191
0.043214932
0.03695589
0.038627405
0.04199852
0.035965506
0.03737788
0.038892046
0.034577776
0.039781176
0.04144967
0.033790328
0.041413054
0.04435248
0.037311237
0.034507874
0.0364537
0.033188853
0.038634222
0.040275488
0.034015365
0.03589494
0.039400097
0.03222984
0.04178282
0.05034591
0.044396985
0.033013754
0.041957866
0.04782398
0.03246741
0.04663824
0.062581405
0.0540404
0.03484806
0.04437218
0.058014397
0.037313603
0.03851338
0.049198564
0.045559905
0.03440597
0.040776294
0.0518873
0.03736597
0.036862664
0.043855976
0.03906335
0.032687817
0.033112396
0.03212147
0.03176306
0.03168275
0.030823296
0.030879732
0.030218134
0.02988667
0.029666446
0.028995996
0.029193537
0.028250655
0.028553592
0.02753474
0.027739381
0.026944762
0.026885958
0.026388526
0.026295658
0.025784407
0.02586756
0.025201539
0.025471207
0.024628483
0.025122324
0.024097333
0.024620876
0.02366093
0.024005665
0.023183301
0.023423856
0.022749627
0.022903517
0.022364357
0.022505468
0.021945953
0.022216553
0.021519685
0.021889757
0.021179788
0.02145107
0.02083264
0.021080727
0.020508409
0.020688696
0.020187268
0.02038556
0.019835504
0.020084435
0.01950006
0.019832414
0.019137153
0.019555261
0.018786525
0.018810991
0.019755075
0.01870252
0.022566272
0.020094424
0.021049125
0.02273601
0.018610248
0.026024608
0.025865644
0.018735992
0.022158552
0.01971868
0.021709612
0.022892848
0.018816622
0.024987632
0.025871983
0.01927407
0.025112858
0.03203771
0.019269304
0.027053906
0.036668196
0.031271335
0.019535858
0.029362565
0.040711876
0.020947397
0.027470656
0.039429456
0.035167493
0.021952903
0.027619144
0.042151153
0.02483625
0.02301366
0.029078757
0.0237088
0.0191999
0.019976469
0.01892601
0.018321902
0.019270815
0.017542934
0.017686762
0.017242787
0.016545579
0.017082015
0.0160188
0.016537717
0.015641265
0.015847836
0.015446285
0.015290123
0.015354152
0.01486233
0.015282398
0.014531999
0.015204098
0.014206404
0.015058408
0.013925511
0.014627783
0.013728879
0.014222702
0.013541006
0.013902524
0.013312316
0.013678939
0.013104216
0.013458538
0.012934952
0.013264988
0.012713016
0.013188842
0.012434824
0.013148648
0.01220651
0.012946329
0.011999068
0.012668626
0.011812807
0.012473471
0.011599337
0.012272967
0.011413334
0.012113077
0.011209853
0.012005352
0.010988897
0.011823932
0.0108462265
0.011613109
0.010637333
0.011483985
0.010437235
0.011185072
0.010325704
0.010853594
0.010161172
0.010678492
0.009979271
0.010530379
0.009821218
0.010395507
0.009655788
0.010250966
0.009472853
0.010132722
0.00930168
0.010004639
0.009135563
0.009794856
0.009002946
0.009589073
0.008838782
0.009495274
0.008652156
0.009382824
0.008478037
0.009156257
0.008366426
0.008921813
0.008213782
0.008773214
0.008023031
0.008668821
0.007835366
0.00858004
0.0076408093
0.008471728
0.0074572368
0.008373485
0.0072572543
0.008273476
0.007050382
0.008053859
0.0068519833
0.007848981
0.0066479873
0.007580383
0.0064414744
0.0071697384
0.0063372795
0.0068060877
0.006202787
0.0066041974
0.0060132258
0.00651856
0.0058263256
0.0064375517
0.0056751124
0.006275715
0.0055542975
0.0061129946
0.005415103
0.006029878
0.0052667153
0.0060062753
0.0051104934
0.0060125845
0.0049550817
0.005892362
0.0048300857
0.0057505514
0.004662364
0.0057081273
0.0045084707
0.005614198
0.00436918
0.0054384465
0.004219331
0.0052499636
0.004087403
0.0050851926
0.003949715
0.004941738
0.004135468
0.0038503762
0.004591007
0.0040718843
0.004001241
0.004534621
0.0037337502
0.0046033557
0.0034501061
0.00427898
0.0033320724
0.003917045
0.003364587
0.003561529
0.003479345
0.0032439232
0.003672042
0.0029757766
0.003937351
0.0027754826
0.004291393
0.0026693384
0.008011841
0.007836031
0.0026377838
0.022543715
0.025693884
0.0023899626
0.024580818
0.044401843
0.038929604
0.014713607
0.0034334075
0.0123173725
0.0042191325
0.008996212
0.013728659
0.0075588403
0.003951271
0.005402349
0.0031998176
0.0030862454
0.004094316
0.002757791
0.011639473
0.0075717624
0.0039167623
0.005061236
0.002525294
0.0023388453
0.0065239626
0.0038535486
0.0040166494
0.0038998886
0.0028536678
0.0022728555
0.005184217
0.00442154
0.002271296
0.0019751103
0.004891095
0.003998975
0.0022746748
0.0019621376
0.0041524796
0.0033628887
0.0024712086
0.0020692125
0.0035327594
0.002849434
0.0027391654
0.002248391
0.003074105
0.0024828468
0.0030247315
0.0024391944
0.0027308026
0.0022121412
0.003257072
0.0025974815
0.002473003
0.0020123182
0.0034631554
0.002757372
0.0022417894
0.0018260913
0.0037184155
0.0029566444
0.00201626
0.0016403777
0.0040437505
0.0032197877
0.0017926646
0.001468784
0.004376746
0.0034646797
0.0016161152
0.0013333628
0.0047076414
0.0037549376
0.0014341956
0.0011998616
0.005093389
0.0040493733
0.0012785019
0.001097333
0.005432653
0.004330643
0.001136115
0.0010036024
0.0056530884
0.0044275518
0.0010417994
0.00091767305
0.005728804
0.0044997944
0.00092711544
0.0008453414
0.0041216533
0.0024789278
0.0017626862
0.0015891851
0.0019975966
0.0013703391
0.0022457077
0.0017142041
0.0015207817
0.0011427619
0.0020986244
0.0016154004
0.0014638668
0.0011136465
0.0019855779
0.0015344823
0.001403934
0.0010480855
0.0018986951
0.0014707716
0.0013453269
0.0010025768
0.0018325183
0.0013938862
0.0013493412
0.0010121112
0.0016679601
0.0012612662
0.0014158627
0.001055207
0.0015198172
0.0011562111
0.0014627875
0.0010799941
0.0014004337
0.0010619104
0.0015251563
0.001125274
0.0012720424
0.0009586543
0.0016140246
