0.4074074
0.36880833
0.33598858
0.3087387
0.28687418
0.27252567
0.26442477
0.2595679
0.25652283
0.254539
0.25319892
0.25226256
0.25158548
0.25107798
0.25068322
0.25036445
0.25009704
0.24986543
0.24965855
0.24946946
0.24929234
0.24912271
0.24895816
0.24879748
0.2486405
0.24848662
0.24833398
0.24818403
0.24803402
0.2478839
0.24773611
0.24759024
0.24744374
0.24729906
0.24715345
0.24700567
0.246844
0.24668737
0.24652927
0.24636999
0.24619839
0.2460286
0.24586257
0.2456937
0.24552904
0.24535698
0.2451855
0.24501196
0.24482597
0.24464217
0.24444354
0.24419202
0.243885
0.24355741
0.2432069
0.24282797
0.24241723
0.24197398
0.24150822
0.2410296
0.24054697
0.23999898
0.23945138
0.23888777
0.2382989
0.2377054
0.2371062
0.23648854
0.23584716
0.23515451
0.23440325
0.23358782
0.23274307
0.23189084
0.23094654
0.23011823
0.2289572
0.22785184
0.22705841
0.22657149
0.22562465
0.22377686
0.22206457
0.22064549
0.21948828
0.21871457
0.21770948
0.21591975
0.21361691
0.2114039
0.20947827
0.20768066
0.20599635
0.20438315
0.20266575
0.20063746
0.19805966
0.19516625
0.19233312
0.1895182
0.18675019
0.18392712
0.18100975
0.17912497
0.17748703
0.17502116
0.17287937
0.1711497
0.16930592
0.16753094
0.16616867
0.16475552
0.16317444
0.16180697
0.16057962
0.15926605
0.15793091
0.15662396
0.15532316
0.1540195
0.15270369
0.15138249
0.15005046
0.14870667
0.14731786
0.14590934
0.14447771
0.14304565
0.14161178
0.14016902
0.13869503
0.13720335
0.13570204
0.1341725
0.13265388
0.13115697
0.12966192
0.12819289
0.1267159
0.12522349
0.123723514
0.12223352
0.12076053
0.11928265
0.1178364
0.11638258
0.11493327
0.11351403
0.112095304
0.110645175
0.10919415
0.1077521
0.106290385
0.10486013
0.10346412
0.102465935
0.1007208
0.09996256
0.0985409
0.098413534
0.096151754
0.0961155
0.09317357
0.098616205
0.10240084
0.09383618
0.09019265
0.09532612
0.08861763
0.091289654
0.099035695
0.09330089
0.0851931
0.08806724
0.08437139
0.08639908
0.09136401
0.086651534
0.08413034
0.08545294
0.08173611
0.08816915
0.092393786
0.084375314
0.082002655
0.0888841
0.08213598
0.08085277
0.08822619
0.0851194
0.076955065
0.08558515
0.08630332
0.07595575
0.08403123
0.09608697
0.09152274
0.0769633
0.07569036
0.07778353
0.07297646
0.082215086
0.09161952
0.08541363
0.07280332
0.078818046
0.08294395
0.07351214
0.07591471
0.09031445
0.09499568
0.08366229
0.07107042
0.08483708
0.092541724
0.078840084
0.07031277
0.080006145
0.08527033
0.076582715
0.069192156
0.07237856
0.06981273
0.07010317
0.07864883
0.07985948
0.07002936
0.06901391
0.06974804
0.06725505
0.07110279
0.0705874
0.06663119
0.06888421
0.06637638
0.07162998
0.07840464
0.070524484
0.06503824
0.06920406
0.063566424
0.069779485
0.07842156
0.070655815
0.061602518
0.06449399
0.060993068
0.06832345
0.07581037
0.06746645
0.060035557
0.06380848
0.059064727
0.06517816
0.0786192
0.079518475
0.064968705
0.05843838
0.05950366
0.058542974
0.061988406
0.060382087
0.057823107
0.05758518
0.057207268
0.056565806
0.05586763
0.05501824
0.055076387
0.053437702
0.052648615
0.053409345
0.05113458
0.057845015
0.059970576
0.050497737
0.06289726
0.07228397
0.05409445
0.055904828
0.06990298
0.06305494
0.048534237
0.070528954
0.086128466
0.062327188
0.049111903
0.061399303
0.061010525
0.048556075
0.060980365
0.07018219
0.052803356
0.05456391
0.06805555
0.061539736
0.047527205
0.07089517
0.09161198
0.06860413
0.04699799
0.06898289
0.090398654
0.08246142
0.05656911
0.050098475
0.0681817
0.058725525
0.045235287
0.051329162
0.056546632
0.0557102
0.049293227
0.048090868
0.0489293
0.048872955
0.054246403
0.051254466
0.04697721
0.046369217
0.04913904
0.05272687
0.046808872
0.04950912
0.05145124
0.04470964
0.046694405
0.044742793
0.044911906
0.043827645
0.04454593
0.044629708
0.042458534
0.041968394
0.041521773
0.042094473
0.040505912
0.043640457
0.042863928
0.039202005
0.038767304
0.038851954
0.037693612
0.039950382
0.037326846
0.041561097
0.04139292
0.03641009
0.03681026
0.035367332
0.035313614
0.035236698
0.03454199
0.033956498
0.03488307
0.033124816
0.033371862
0.032556858
0.032329936
0.032633398
0.03161177
0.03127457
0.03327659
0.03116044
0.036681745
0.03909996
0.033116914
0.033309005
0.033372592
0.032508053
0.03656592
0.03284426
0.03292945
0.034414124
0.030947093
0.030726485
0.032247294
0.031218126
0.032617413
0.03231575
0.030939454
0.030362371
0.032660276
0.031595413
0.030308722
0.029921489
0.031356264
0.03053095
0.030526424
0.030000819
0.03027106
0.029553268
0.030814338
0.030170316
0.02929077
0.028720958
0.03128225
0.028956609
0.03269382
0.03472654
0.029103227
0.03419522
0.034127217
0.029172154
0.03362223
0.030359415
0.030726291
0.03190944
0.02897429
0.029584587
0.028559411
0.028019909
0.028346408
0.02784497
0.027497418
0.027853126
0.027075216
0.027374221
0.026802814
0.026802255
0.026641486
0.026327034
0.02649074
0.025914647
0.026333584
0.025523504
0.02624853
0.025105666
0.025967682
0.024368389
0.025662446
0.024210885
0.02353939
0.038556326
0.026988259
0.041245826
0.055477172
0.0399937
0.025411138
0.040594004
0.032203935
0.027269768
0.038999878
0.03398459
0.023450328
0.048832756
0.056831315
0.025940118
0.041145366
0.063227795
0.05352631
0.02693106
0.048184168
0.08420152
0.048301306
0.024465593
0.036964297
0.03900415
0.026745806
0.0357801
0.043625873
0.024847254
0.047194716
0.0682623
0.058697227
0.028846048
0.042873003
0.07713001
0.04721012
0.024684364
0.03486708
0.03586677
0.02747303
0.030640736
0.032132834
0.026755765
0.031150684
0.028247613
0.030295448
0.028602388
0.033357836
0.043552678
0.039052002
0.027576787
0.0416729
0.047261357
0.02706532
0.05441442
0.075491145
0.06460709
0.03213535
0.05110689
0.09473602
0.059585422
0.027337756
0.04164144
0.05171137
0.04116073
0.027933678
0.033298805
0.027488306
0.040481996
0.055731058
0.045083977
0.027449882
0.033322245
0.027268259
0.02854014
0.02694481
0.02760578
0.027417015
0.028271627
0.025899403
0.03537902
0.04174564
0.029757988
0.03076373
0.036917545
0.02448872
0.045019533
0.055129487
0.03527348
0.036112025
0.062696055
0.028198048
0.042462353
0.065187536
0.059723206
0.030820867
0.03813416
0.06243621
0.03484709
0.029662132
0.047763515
0.047571033
0.030278755
0.03048504
0.032806214
0.025908973
0.03262397
0.025562959
0.0341766
0.028990965
0.02992609
0.034603354
0.025136054
0.040783986
0.0378631
0.026917491
0.035902236
0.026027717
0.047657013
0.04815787
0.026350854
0.038793802
0.031776067
0.028468352
0.03204986
0.025351046
0.033231087
0.031160947
0.025416056
0.024996167
0.030457616
0.028076863
0.025723685
0.024862535
0.027158542
0.025409171
0.026909143
0.025874542
0.024712069
0.023361735
0.029813541
0.028417535
0.022607615
0.021813
0.036213875
0.028194172
0.026430037
0.029831072
0.021393016
0.051755153
0.045814328
0.024549544
0.042205952
0.032996606
0.026206898
0.046109907
0.02455392
0.03697969
0.04417574
0.023517698
0.060291164
0.08590098
0.028643781
0.037536334
0.051317975
0.033169832
0.026943965
0.035318676
0.022113714
0.040448043
0.04791911
0.028119976
0.03244965
0.04837139
0.024919732
0.033195045
0.04518113
0.034576505
0.021750567
0.02474939
0.021324275
0.02528777
0.025847683
0.02027762
0.035233
0.03630433
0.0194448
0.030499741
0.03408608
0.02436558
0.021789895
0.02577501
0.019173771
0.027308194
0.030414337
0.021450723
0.021809641
0.025871206
0.01843202
0.02404513
0.027133355
0.01981278
0.021729866
0.025675004
0.01824055
0.022695126
0.025614755
0.018704673
0.021984719
0.025985004
0.016674805
0.031364013
0.0415123
0.030145496
0.01641897
0.019494971
0.016213082
0.023347128
0.024853457
0.017135045
0.025504917
0.03327125
0.016928216
0.027033817
0.036944516
0.031594083
0.017983025
0.026901718
0.043534037
0.024344828
0.018901287
0.025211917
0.020513684
0.016447024
0.016845962
0.016407052
0.015564118
0.021248108
0.020997055
0.014972816
0.024959408
0.026930893
0.016514871
0.03147593
0.03643243
0.015110991
0.019148342
0.015560388
0.03102433
0.025272233
0.016536709
0.018085234
0.015037948
0.014637771
0.017341252
0.014173609
0.022224762
0.023021322
0.014136403
0.04325248
0.045973174
0.013606726
0.018078098
0.014195076
0.02546053
0.028595999
0.013573873
0.030097084
0.038210355
0.021407466
0.023635743
0.03872216
0.014068845
0.03407889
0.04944317
0.036868952
0.0136839915
0.103013046
0.21340375
0.1439211
0.03180406
0.024625672
0.051413562
0.051177695
0.025327578
0.020937197
0.05128798
0.03424998
0.015168628
0.022506353
0.020672137
0.014145005
0.03380055
0.038579375
0.014628623
0.031547993
0.04858772
0.04058293
0.015907094
0.050603174
0.09837126
0.04313994
0.014837437
0.029093385
0.031170228
0.02048743
0.015208431
0.018303283
0.01424679
0.021019833
0.023258451
0.015778407
0.019270714
0.024740646
0.015761515
0.017023457
0.019178182
0.013969347
0.02247036
0.028930012
0.015202694
0.021084648
0.028586214
0.02260952
0.013449102
0.04030458
0.052289404
0.016995434
0.025352724
0.041355047
0.034660403
0.015727786
0.029134886
0.04552226
0.01754137
0.02240918
0.034170225
0.030140826
0.01675258
0.022220632
0.035825577
0.019477982
0.018049132
0.02422242
0.018681355
0.014364336
0.01515874
0.013844162
0.013159169
0.0133718895
0.014356758
0.012633971
0.018219382
0.017573431
0.012047754
0.01166817
0.016448032
0.01332995
0.015366097
0.015262006
0.013786532
0.01792944
0.011854969
0.026082944
0.025315152
0.010990347
0.010984864
0.018101504
0.015110813
0.012055708
0.011448256
0.016004363
0.014191184
0.011784924
0.010967908
0.016274186
0.014687327
0.010925128
0.010218345
0.018015835
0.01628859
0.009939356
0.0094957575
0.020984013
0.01896693
0.00912115
0.008938599
0.012864596
0.0099664405
0.016063454
0.016705273
0.008431572
0.008362063
0.011459433
0.00891015
0.016738629
0.017462542
0.0078079384
0.013400207
0.0109543605
0.00952349
0.009408655
0.009394527
0.008139735
0.013512044
0.012481797
0.0073012365
0.006662672
0.017400602
0.015585639
0.006374367
0.0061328984
0.0068596816
0.007798811
0.0066592153
0.011615763
0.009545618
0.0068501416
0.006392351
0.008519403
0.0072614118
0.008376943
0.0074669374
0.0072282264
0.006360679
0.009128229
0.0077974396
0.006616559
0.0058860434
0.009216176
0.0054381443
0.014127327
0.01831154
0.009373565
0.009713415
0.015338945
0.0056744027
0.014039113
0.017841691
0.009235485
0.009708603
0.015017716
0.0056128656
0.013510022
0.017113537
0.008603169
0.010516716
0.016642673
0.005837301
0.012529499
0.016052116
0.008052159
0.0107769575
0.016962923
0.0060649924
0.011672595
0.014953633
0.0073872367
0.011669666
0.01825171
0.006271607
0.010933428
0.014175207
0.0069992486
0.011968231
0.018773343
0.006485939
0.0102089755
0.013237282
0.00646712
0.012943093
0.020219749
0.0051104813
0.018265601
0.028712733
0.021684416
0.007011008
0.022550331
0.051886585
0.01906424
0.0077515687
0.013776815
0.009488688
0.0067290673
0.0074654296
0.0060503865
