0.4074074
0.3529343
0.31063062
0.27982375
0.2626367
0.25481898
0.25116545
0.24948972
0.24877603
0.24852584
0.24831355
0.24818629
0.24815653
0.24817571
0.2482122
0.24824668
0.2482686
0.24827424
0.24826184
0.24823187
0.24818534
0.2481237
0.24804941
0.24796383
0.24786733
0.24776106
0.2476463
0.24752341
0.24739225
0.24725156
0.24710272
0.24694581
0.24678159
0.24660765
0.24642102
0.24622585
0.24604964
0.24587153
0.245677
0.24547309
0.24526283
0.24505062
0.24483323
0.24460182
0.24434508
0.24407393
0.24379927
0.24352774
0.24326155
0.24299553
0.24271777
0.24246019
0.24220632
0.24194036
0.2416539
0.24135493
0.24104416
0.24072002
0.2403863
0.24004771
0.23970889
0.23936354
0.23901415
0.23865423
0.23828304
0.23791175
0.23754266
0.23718184
0.2368276
0.236474
0.23612496
0.23577458
0.23541763
0.23506615
0.23470682
0.23435
0.2339973
0.23364353
0.23327696
0.23290323
0.2325199
0.23212929
0.23173194
0.23132697
0.23095034
0.23062027
0.23033457
0.23008668
0.22983153
0.22956067
0.22927773
0.22895885
0.22860247
0.22830072
0.2280479
0.22782573
0.22760785
0.22737703
0.22712703
0.2268402
0.22651428
0.2261676
0.2257823
0.22538207
0.22495681
0.22446981
0.22399329
0.22342113
0.22278017
0.22220261
0.22156794
0.2210233
0.22054909
0.22004242
0.21960166
0.21911071
0.21861757
0.21820149
0.21773435
0.21728888
0.2168891
0.21640731
0.21599834
0.21558136
0.21512158
0.21477881
0.21436393
0.21396124
0.21361987
0.21322326
0.21294072
0.21263972
0.21230358
0.2120468
0.21171689
0.2114358
0.21118745
0.21085781
0.21061425
0.21033527
0.21000595
0.20976025
0.20940964
0.20910724
0.2088706
0.20856518
0.20835884
0.20815396
0.2079389
0.207817
0.2076304
0.20746139
0.20729664
0.20705737
0.20689955
0.2067146
0.2064971
0.20630904
0.20600869
0.20572291
0.20548755
0.20517671
0.20492299
0.20463003
0.20423235
0.20393161
0.2035862
0.20322259
0.20291048
0.2024924
0.20203684
0.20167153
0.2012206
0.20080617
0.20042181
0.19993143
0.1994218
0.19894254
0.19843891
0.19795078
0.19746223
0.19693486
0.19638592
0.19576822
0.19518428
0.19459808
0.19398332
0.19331427
0.19259262
0.19188407
0.19116849
0.19041994
0.18962528
0.18879111
0.18796505
0.18713497
0.18630825
0.18545525
0.18468149
0.18389197
0.18305105
0.18215543
0.18140177
0.18051708
0.17973727
0.17893854
0.17809823
0.17733864
0.17652205
0.17580362
0.17493674
0.17425646
0.17354119
0.1726778
0.17198043
0.17111641
0.17033622
0.16944781
0.16854979
0.16762944
0.1667123
0.16578731
0.1648282
0.16390863
0.16285911
0.1620444
0.16130501
0.16058913
0.15988971
0.15911877
0.15834916
0.15760897
0.15687847
0.15613167
0.15541436
0.15472154
0.15404792
0.1533485
0.15266803
0.15198609
0.15134671
0.15072843
0.15013248
0.14957145
0.14900717
0.14846663
0.14798184
0.14750281
0.14702068
0.14660452
0.14610378
0.14570825
0.14522608
0.14477533
0.14435044
0.1438546
0.1435228
0.14314447
0.14276722
0.1424537
0.14204973
0.14172731
0.14132349
0.14107044
0.14079426
0.14042442
0.14002548
0.13980961
0.13949843
0.13929996
0.13910204
0.13881107
0.13859695
0.13837019
0.13814221
0.13795796
0.13772622
0.13757554
0.13738199
0.13718337
0.13701482
0.13686295
0.13669692
0.13653435
0.13634238
0.13619085
0.1360162
0.13583492
0.135669
0.13547377
0.13537514
0.13525823
0.13515402
0.13516581
0.13510926
0.13511114
0.13512948
0.13510403
0.13508293
0.13522157
0.13531667
0.1353019
0.13566768
0.13599406
0.13620976
0.13647844
0.13663332
0.13694076
0.1373704
0.13767466
0.13789788
0.13821453
0.13843061
0.13882142
0.13920628
0.13939893
0.13958375
0.13997741
0.14016597
0.14048424
0.14087515
0.14108592
0.1411585
0.14155814
0.14182507
0.1420121
0.14224759
0.14252743
0.14269714
0.14286716
0.14317347
0.14354992
0.14382303
0.14400369
0.14425163
0.14448223
0.14460337
0.14478369
0.14487033
0.14491092
0.14512485
0.14533257
0.14548264
0.14562598
0.14573428
0.14593239
0.14599404
0.14604293
0.14610477
0.14607854
0.14617626
0.1462743
0.14647171
0.14667189
0.14676516
0.14691569
0.14708202
0.14723653
0.14734162
0.14747967
0.14760122
0.14782125
0.14805609
0.1483567
0.14863908
0.14886801
0.14918478
0.14934205
0.14931956
0.14936301
0.14937906
0.149331
0.14949295
0.14973207
0.14982827
0.1498504
0.14998056
0.15011473
0.15009902
0.15021208
0.15038967
0.15061921
0.15096536
0.15131086
0.15167326
0.15190998
0.15212621
0.15229316
0.15252979
0.15270185
0.1531393
0.15346192
0.15387757
0.1544146
0.15487136
0.15542059
0.155738
0.1563131
0.156694
0.15701023
0.15735316
0.15746918
0.15776
0.15790321
0.15846066
0.15871352
0.15869646
0.15871778
0.15872824
0.15888278
0.15904468
0.15916756
0.15951246
0.15999022
0.1606196
0.16128123
0.16163832
0.16192861
0.1620206
0.16203605
0.16188392
0.16186635
0.16197778
0.16210118
0.16234188
0.1624943
0.1626194
0.16200644
0.16101664
0.16020457
0.15969932
0.15935966
0.15920606
0.15914004
0.15940765
0.15963483
0.15984955
0.16000332
0.1601999
0.16031565
0.1604383
0.16074741
0.16100483
0.16127887
0.16142336
0.16162252
0.16161442
0.16145827
0.16085173
0.16020663
0.15987174
0.15969105
0.15944424
0.15965484
0.15980114
0.1597806
0.1594235
0.15893601
0.15847391
0.15831788
0.15834583
0.15825705
0.15819463
0.15819219
0.15837242
0.15824322
0.15775837
0.15729208
0.15692611
0.15683444
0.15687346
0.15694252
0.1570212
0.15715338
0.15698518
0.15665196
0.15647501
0.15652235
0.15652137
0.15651485
0.15686263
0.15713501
0.15726468
0.15731288
0.15762451
0.15736367
0.1570529
0.15699206
0.15690985
0.1566553
0.15697849
0.15739924
0.15780604
0.15806268
0.15817808
0.15814273
0.15801825
0.15804988
0.15816338
0.15836754
0.15882798
0.1593723
0.15978582
0.16017176
0.16025858
0.16031474
0.1605145
0.16059262
0.16097645
0.16138794
0.16159472
0.16165017
0.1613474
0.16112259
0.16101459
0.16094185
0.16113715
0.16135187
0.1614721
0.16143592
0.16136535
0.16139284
0.16138858
0.16135351
0.1614915
0.16164044
0.16135196
0.15988418
0.1578863
0.15585129
0.15431778
0.15300825
0.15201691
0.15140505
0.15088797
0.15044062
0.15013498
0.14978458
0.14925893
0.14876239
0.14840439
0.14814022
0.14782101
0.14780654
0.14776354
0.14800082
0.14820133
0.14837341
0.1488048
0.1489175
0.1491104
0.14933136
0.14936534
0.14959285
0.14989227
0.15025426
0.15063387
0.15111062
0.15149747
0.15170735
0.1518715
0.15208906
0.15214844
0.15216266
0.15235195
0.15254654
0.15261166
0.15292066
0.1532295
0.15343615
0.15340649
0.15330166
0.15303501
0.15324365
0.15350817
0.15357357
0.15375666
0.15399875
0.15404086
0.15388577
0.15360558
0.15346302
0.1532903
0.15294784
0.15254317
0.15228494
0.15208252
0.15152074
0.15095699
0.15069884
0.15038493
0.15023729
0.150049
0.15023316
0.15033436
0.15013833
0.1499231
0.1495956
0.14941135
0.14962232
0.14962621
0.14947018
0.14964028
0.14959484
0.14947735
0.14988571
0.15013857
0.14987792
0.14938822
0.14870472
0.14802621
0.14766718
0.14714351
0.14629084
0.1453938
0.14480513
0.14441714
0.14375353
0.14310536
0.14264975
0.1421772
0.14166866
0.1413556
0.14103459
0.14078936
0.1405376
0.14031583
0.14063855
0.14102353
0.14097266
0.14083636
0.14085673
0.1407146
0.1407091
0.13998759
0.13925011
0.13902517
0.13814269
0.13729644
0.13676582
0.13655882
0.13712217
0.13722986
0.13703877
0.13706608
0.13723615
0.13750213
0.13761035
0.13772978
0.13775916
0.13766335
0.13753335
0.137355
0.13716759
0.13670133
0.13659613
0.13674504
0.13695115
0.13680653
0.13640364
0.13578445
0.13506901
0.13448748
0.13400447
0.13360128
0.13372889
0.13393688
0.13389938
0.13385004
0.13340855
0.13318177
0.13299689
0.13279514
0.13308007
0.13278809
0.13195848
0.13176973
0.13215864
0.1323018
0.13214418
0.13196348
0.13175431
0.13171197
0.1316374
0.13145758
0.13096184
0.13092712
0.13111047
0.13124251
0.13096668
0.1306032
0.1306493
0.13099462
0.13150607
0.13149633
0.13117586
0.1303543
0.12969753
0.12861177
0.12763403
0.12746654
0.12695687
0.12645632
0.12601212
0.12584352
0.12578185
0.12531298
0.1247783
0.12456677
0.12445767
0.1240722
0.12340789
0.12365268
0.124097005
0.12435281
0.12388156
0.12344847
0.123238765
0.12308301
0.122906625
0.122710675
0.122708775
0.122285165
0.12183654
0.12124746
0.1207107
0.12031054
0.12022797
0.120414235
0.11985084
0.11866508
0.11805286
0.11752178
0.11667851
0.11697563
0.117295444
0.11671522
0.11760065
0.11786366
0.11661621
0.11573874
0.11557563
0.115554035
0.11557541
0.11507076
0.11581742
0.1162214
0.11625771
0.116363294
0.115186945
0.11515956
0.11566524
0.11634474
0.11649841
0.115883246
0.116217434
0.11692046
0.11724974
0.11622017
0.11439951
0.11342502
0.11308889
0.11219775
0.110874586
0.110597275
0.110266
0.11033089
0.11055658
0.109938756
0.109615795
0.10936786
0.10943541
0.1088345
0.10836162
0.108172506
0.1079772
0.107289486
0.10745548
0.108488664
0.10920156
0.10934073
0.110629044
0.112105176
0.11303398
0.112922944
0.11239254
0.11372125
0.115098916
0.11446146
0.11307795
0.113431156
0.11344762
0.11342869
0.11314064
0.11307895
0.113772795
0.11516643
0.11552838
0.113961145
0.11192251
0.11063248
0.11374814
0.11632007
0.117297366
0.11652096
0.11569759
0.11585703
0.11608467
0.11562752
0.11358277
0.11135271
0.11096681
0.111725025
0.112330474
0.11276905
0.112614125
0.111622594
0.1106883
0.111912526
0.113818236
0.115300566
0.11378279
0.11064464
0.10767858
0.108549096
0.1099252
0.10925838
0.107699074
0.10715782
0.108451664
0.1096448
0.11039857
0.110582694
0.109308325
0.10774603
0.10662444
0.107169054
0.108432874
0.108788796
0.10810893
0.10808745
0.10948594
0.1109486
0.111844346
0.11105704
0.105768874
0.10382833
