0.4074074
0.35464734
0.31306297
0.2822182
0.26457494
0.25627023
0.25219682
0.25019157
0.24923596
0.24881695
0.2486586
0.24845955
0.24834943
0.2483116
0.24830982
0.24831001
0.24829826
0.2482661
0.24821104
0.24813426
0.24803749
0.24792507
0.24779582
0.24765073
0.24749337
0.2473273
0.24715579
0.24697849
0.2467956
0.24660942
0.24641812
0.24622105
0.24601929
0.24581149
0.24560869
0.2454164
0.24522495
0.24503542
0.24484958
0.2446643
0.2444798
0.24429373
0.2441066
0.24391611
0.24372032
0.243503
0.24330519
0.24308597
0.24285221
0.24262813
0.2423936
0.2421705
0.24193415
0.24170172
0.24146332
0.24123637
0.24100037
0.24074827
0.24048291
0.24022783
0.23994902
0.23967822
0.23940125
0.23910072
0.2388028
0.23848723
0.23816366
0.23782839
0.237476
0.23713097
0.23678762
0.23643085
0.23607083
0.23573829
0.23538579
0.23504765
0.23472276
0.23439725
0.23407492
0.23374358
0.23344463
0.23315825
0.23287922
0.23261409
0.23238325
0.23212364
0.23184586
0.23156062
0.2314323
0.23115186
0.23084193
0.23055245
0.23026565
0.22993909
0.22948875
0.22895266
0.22843382
0.2278135
0.22719257
0.22668065
0.22627959
0.22598898
0.22545171
0.22494827
0.22426586
0.2234677
0.22264606
0.22159751
0.22092697
0.22014843
0.2192371
0.21869886
0.21803251
0.21749765
0.21712066
0.21641344
0.21609014
0.2157068
0.21504931
0.21459827
0.21393508
0.2132555
0.21244772
0.2112563
0.21021923
0.20932329
0.20842329
0.207806
0.20703599
0.20623687
0.20588736
0.20522416
0.2048599
0.20452605
0.20392877
0.20365138
0.20320976
0.20278342
0.20254816
0.20197196
0.20159121
0.20117497
0.20058991
0.20026799
0.19958389
0.19918199
0.19872388
0.19807208
0.1977372
0.19702782
0.19660972
0.19619998
0.19542845
0.19505444
0.19438894
0.19367196
0.1932093
0.19240484
0.19197041
0.1914444
0.19065325
0.19028446
0.18966566
0.18895867
0.18852915
0.18788208
0.18743674
0.18689942
0.18624255
0.18575852
0.18510589
0.18452203
0.18391322
0.18317162
0.18257044
0.1818408
0.18112217
0.18041939
0.17958827
0.178803
0.17795146
0.1770471
0.1760982
0.17505683
0.17397583
0.17274879
0.17145175
0.17018628
0.16918243
0.16808455
0.1670978
0.1660874
0.16509905
0.16413614
0.1631167
0.1620951
0.16107976
0.1600068
0.15892877
0.15789402
0.15692736
0.15596952
0.1550302
0.15402389
0.15321207
0.15237339
0.15172073
0.15093231
0.15027042
0.14966412
0.14918302
0.14877017
0.14842024
0.14823951
0.14810678
0.14786981
0.14792721
0.14790419
0.14835103
0.14869234
0.14886846
0.14937152
0.14973149
0.15028834
0.15081008
0.15112036
0.15157346
0.15175213
0.15210398
0.15242551
0.15278164
0.1533406
0.15359284
0.15411413
0.15443428
0.15458687
0.15490659
0.15503024
0.15513825
0.15529749
0.15544422
0.15572037
0.1558269
0.15592584
0.155966
0.155873
0.1558258
0.1556323
0.15552951
0.15541093
0.15525706
0.15510179
0.1550103
0.15494937
0.15485726
0.15473197
0.15467235
0.15467826
0.15459183
0.15451263
0.15436977
0.154215
0.1540511
0.1539568
0.15385617
0.15381859
0.15370387
0.15351778
0.1534403
0.15334894
0.15326598
0.15318146
0.15306489
0.15288605
0.15271792
0.15252861
0.15249433
0.15238497
0.15218028
0.15212718
0.15198833
0.15188944
0.15185325
0.15191089
0.15181781
0.1518165
0.15172161
0.15166509
0.15186612
0.15203944
0.1520773
0.15218721
0.15215671
0.15218857
0.15218917
0.15223059
0.15223765
0.15230219
0.15227574
0.15226004
0.1523396
0.15240456
0.15255457
0.15250355
0.1525257
0.15253498
0.15257138
0.15259671
0.15291701
0.15299226
0.15329598
0.15346569
0.15418501
0.15461466
0.15495528
0.15517639
0.15499806
0.15505157
0.15501197
0.1551722
0.15510997
0.15516827
0.15536357
0.15524241
0.15547398
0.15550639
0.15575841
0.15591681
0.15591697
0.1560744
0.15563479
0.15555996
0.15532228
0.15538546
0.15547569
0.15530941
0.15575832
0.15605189
0.1567703
0.1573626
0.15801793
0.15852891
0.15840656
0.15850958
0.1587811
0.15874034
0.15913182
0.1592898
0.15980086
0.15978964
0.15969165
0.1596377
0.1590952
0.1590976
0.15879498
0.158615
0.15831114
0.15829907
0.1585055
0.15861507
0.1588652
0.15868293
0.15856896
0.15835243
0.15855934
0.15895662
0.1594345
0.16008878
0.16024897
0.16025348
0.1602595
0.16038789
0.16043897
0.1603679
0.16021737
0.16010658
0.16026977
0.16067657
0.1612448
0.161601
0.16178237
0.16195938
0.16217627
0.1625382
0.16289754
0.16319942
0.16343305
0.16364622
0.16389799
0.16418467
0.16444467
0.16458221
0.16481483
0.16497405
0.16531931
0.16570759
0.16604583
0.16631447
0.16654058
0.16678198
0.16728541
0.1678708
0.16829698
0.168556
0.16869602
0.16891755
0.16935618
0.16957152
0.169702
0.16969632
0.1696001
0.16975367
0.16983096
0.1700004
0.17030276
0.17076673
0.17133977
0.17184372
0.1724123
0.17302224
0.17330481
0.17323014
0.17291494
0.17298526
0.17317276
0.17363022
0.17404959
0.17434093
0.17490979
0.17540428
0.17592719
0.17630537
0.17690402
0.17727567
0.17727625
0.1767076
0.17580505
0.17524895
0.17508188
0.17529084
0.17543368
0.17553252
0.17594318
0.17667073
0.1775053
0.17742471
0.17648228
0.17536874
0.17400575
0.17278837
0.17145446
0.17037223
0.16982678
0.17006326
0.17055474
0.17081508
0.17122366
0.17147945
0.17165546
0.17155242
0.17136832
0.17086196
0.17056997
0.17040522
0.1698688
0.1697284
0.16975631
0.16986696
0.17002423
0.17053606
0.171273
0.17209333
0.17289522
0.17375967
0.17489038
0.17605549
0.17761049
0.17884187
0.17987256
0.18103872
0.18216568
0.18297884
0.18324861
0.18336158
0.18349956
0.18378554
0.18409874
0.18471617
0.18573388
0.18714342
0.18844135
0.18924646
0.18965404
0.18987362
0.18917708
0.1877729
0.18682948
0.18657312
0.18666933
0.18669344
0.1868799
0.18745857
0.18823907
0.18875296
0.1890796
0.18916143
0.18959601
0.19017889
0.19081847
0.1916667
0.1925894
0.19348039
0.19455245
0.1950611
0.1954428
0.19586869
0.19657809
0.19654231
0.1960197
0.19541411
0.19473943
0.19448942
0.19467925
0.19571124
0.19702095
0.19799322
0.19862613
0.19866155
0.19732636
0.19526
0.19253272
0.18977621
0.18712261
0.1844202
0.182245
0.1806887
0.17964014
0.17905965
0.17935406
0.18023527
0.1812658
0.18225117
0.18345936
0.18456598
0.18524587
0.18528688
0.18430376
0.18280405
0.1819011
0.18125817
0.1810884
0.18121716
0.18157162
0.18242335
0.18343106
0.1845048
0.18504587
0.18569693
0.18657018
0.1882201
0.18970972
0.1902986
0.19108921
0.19179508
0.19252633
0.19367172
0.19433089
0.1950188
0.19580801
0.19725323
0.19888258
0.20080972
0.2028951
0.20496729
0.20720412
0.20826462
0.208892
0.20943148
0.20931982
0.20819142
0.2071828
0.20682754
0.20749979
0.20666806
0.2023309
0.19812283
0.19431682
0.19059573
0.18564837
0.18066372
0.17649278
0.1729624
0.17049973
0.16867176
0.16733406
0.16667041
0.1667483
0.16703495
0.16762426
0.16848013
0.16940832
0.17046319
0.17179699
0.17286675
0.17423056
0.17547019
0.17693888
0.17838629
0.18004392
0.18161866
0.18300587
0.18424256
0.18537003
0.1859704
0.18663208
0.1874859
0.18857837
0.18937445
0.19070414
0.1924333
0.19448751
0.196446
0.1983391
0.20016818
0.20219058
0.20335142
0.20423897
0.20477505
0.20487379
0.2050928
0.20557103
0.20630187
0.20805348
0.20927347
0.20966722
0.21007857
0.21026231
0.20802677
0.2042243
0.20035769
0.19770394
0.19528702
0.19313642
0.1919834
0.19138293
0.19169436
0.19248845
0.19402061
0.19529024
0.19661322
0.1978694
0.19829382
0.19875295
0.19834258
0.1976127
0.19728917
0.1971056
0.19727579
0.19783767
0.19840433
0.199653
0.20165896
0.20412354
0.20512903
0.20508099
0.20504157
0.20357868
0.19968072
0.194652
0.19053361
0.18780684
0.1861063
0.18571699
0.18605219
0.18688391
0.18777867
0.18924797
0.19146338
0.19332272
0.19460125
0.1953054
0.19593431
0.19645919
0.1969848
0.19752482
0.19889188
0.1999045
0.20050131
0.20135437
0.20308357
0.20558305
0.20852141
0.21141182
0.21373425
0.21516684
0.2130176
0.20906879
0.20584056
0.2029707
0.20097993
0.20072182
0.19990505
0.19949214
0.1992872
0.19970003
0.20047252
0.20112336
0.20133455
0.20114897
0.20015894
0.19867763
0.19708504
0.1957967
0.19572367
0.19598415
0.19645105
0.1974723
0.19922388
0.20159073
0.20425835
0.20683329
0.20986053
0.21237603
0.21420677
0.21309668
0.20897919
0.20502853
0.20239128
0.20131378
0.20222026
0.20207214
0.20223874
0.20228256
0.20330133
0.20442548
0.20280866
0.19932516
0.19607997
0.19302136
0.19136298
0.19102418
0.19168946
0.19253093
0.19314212
0.19406253
0.19566756
0.19717912
0.19897485
0.20121694
0.20423041
0.20643075
0.2083597
0.20993562
0.21134473
0.21338648
0.21484958
0.21605772
0.21702828
0.2180354
0.21977063
0.22162028
0.22355722
0.22476412
0.22587898
0.2256817
0.21875659
0.2090501
0.20069169
0.19650716
0.1933255
0.19012174
0.18823105
0.18693928
0.18534629
0.18337378
0.18061769
0.17756338
0.17520098
0.17375737
0.1729706
0.17357203
0.17445026
0.17590451
0.1773587
0.17840087
0.17994432
0.1818435
0.18358631
0.18538249
0.18677144
0.18791169
0.18885279
0.1895933
0.19031604
0.19139451
0.19242892
0.1942224
0.19581617
0.19724432
0.19910814
0.20100366
0.20253877
0.2037859
0.20534728
0.20649482
0.20757209
0.20862202
0.20969324
0.21047254
0.2116889
0.21332353
0.21458505
0.21585348
0.21769986
0.21946736
0.22187974
0.22546895
0.22901288
0.22791027
0.22350696
0.21870904
0.21513277
0.21067657
0.20593259
0.20234239
0.20006697
0.19944283
0.19970085
0.19972663
0.19886701
0.19681804
0.19450389
0.19261171
0.19139753
0.19090064
0.19101162
0.19160374
0.19193153
0.19251612
0.1935322
0.19559668
0.19741713
0.19995584
0.20209429
0.20385043
0.20526922
0.20613383
0.20649867
0.20695773
0.2073657
0.20867896
0.21000499
0.21186922
0.21471864
0.21723779
0.22033744
0.22407074
0.22660264
