0.4074074
0.35580844
0.31471977
0.28378835
0.26575634
0.25705856
0.25262395
0.25028718
0.24902338
0.2483196
0.2479114
0.24764952
0.24740887
0.24721837
0.24707848
0.24696873
0.24687216
0.24677718
0.24667971
0.24657936
0.24647158
0.24636163
0.24625275
0.24613185
0.24600165
0.24586199
0.24571648
0.2455686
0.2454223
0.24526708
0.24510717
0.24494329
0.2447762
0.2446036
0.24442534
0.24424544
0.24406771
0.24389239
0.24371319
0.24353205
0.24334681
0.24315526
0.24296117
0.24276237
0.24256514
0.24235293
0.2421242
0.24188983
0.24165133
0.24140994
0.24116154
0.24090949
0.24064761
0.2403744
0.24009292
0.23979802
0.23949578
0.23917836
0.23885164
0.2385084
0.23815547
0.2378201
0.23750094
0.23719598
0.23688482
0.23656921
0.23624776
0.23595321
0.23566867
0.23538683
0.23510073
0.23480879
0.2345252
0.23423852
0.233965
0.23368886
0.23339833
0.23310639
0.23279017
0.23250437
0.23228928
0.23204781
0.23175608
0.23143966
0.23111998
0.23083916
0.23056369
0.23029345
0.23003414
0.22977659
0.22955221
0.22936854
0.22919829
0.22903894
0.22887021
0.22870414
0.22853939
0.22835803
0.22814535
0.22789313
0.22759338
0.22729146
0.22695507
0.22657569
0.226155
0.2256861
0.2251798
0.22465993
0.2240995
0.22350404
0.22283064
0.22213098
0.22141637
0.22064514
0.21984725
0.21899483
0.21843214
0.21804775
0.21743053
0.21680577
0.21609783
0.21522163
0.21475881
0.21436243
0.21425743
0.21395648
0.21328683
0.21256712
0.21187784
0.21148108
0.2111149
0.2107138
0.21030077
0.20985024
0.20946045
0.20902787
0.20860057
0.20841567
0.20817295
0.20779906
0.2075692
0.20742598
0.2072426
0.20701338
0.20676656
0.2065822
0.20637888
0.20605075
0.20581019
0.20551594
0.20515358
0.20476179
0.20437917
0.20392892
0.20347147
0.20300287
0.20246959
0.20190166
0.20131561
0.20070453
0.2000575
0.19936582
0.19863749
0.19787787
0.1970769
0.19625963
0.19540003
0.19454363
0.19363788
0.19268188
0.19173142
0.19072096
0.18973146
0.18865985
0.18759805
0.18647859
0.18526338
0.18413636
0.18288067
0.18152498
0.18020852
0.1787514
0.17717183
0.17578483
0.17437099
0.17287405
0.17141473
0.16989368
0.1683906
0.16695538
0.16545376
0.16404004
0.16267893
0.16138521
0.16011615
0.15892625
0.15774527
0.1566319
0.15553343
0.15448044
0.15348794
0.15251848
0.15156877
0.15064324
0.149686
0.14878415
0.14795227
0.14722706
0.14653474
0.14593935
0.14540051
0.14488348
0.14449449
0.14411315
0.14382468
0.143522
0.14333338
0.14320023
0.14295669
0.14273864
0.14262876
0.1425569
0.14252287
0.14237602
0.14222899
0.14216575
0.14214365
0.14228135
0.14229389
0.14218989
0.14205469
0.14205752
0.14200439
0.14192739
0.14179905
0.14161444
0.14146973
0.14152288
0.14145066
0.14141461
0.1413622
0.14142486
0.14141439
0.14149506
0.14152414
0.14156519
0.14148034
0.14136828
0.14121808
0.14112782
0.1411335
0.14102119
0.1407277
0.14048186
0.14021386
0.14002912
0.13984539
0.1397021
0.13936335
0.13914566
0.13895202
0.13876347
0.13856229
0.13839217
0.13822296
0.13810974
0.1380185
0.13797672
0.1377771
0.13778354
0.13774431
0.13775578
0.13789594
0.1378687
0.1380274
0.1381293
0.13834183
0.13860147
0.13881877
0.1391849
0.13960887
0.13999487
0.14025182
0.14042544
0.14066714
0.14098115
0.1413878
0.14160666
0.14209853
0.14249346
0.14294417
0.14327604
0.14346911
0.14374046
0.1439697
0.1443267
0.14454472
0.14460655
0.14471762
0.14488934
0.1451156
0.14537951
0.14547208
0.14556962
0.1457856
0.14599226
0.14621252
0.14640842
0.14661792
0.14677642
0.14696567
0.14735356
0.14746232
0.14753464
0.14760679
0.14780638
0.14814405
0.1482964
0.14847974
0.14870621
0.14890172
0.14919885
0.14961852
0.14993633
0.15020408
0.15039678
0.15061145
0.15099595
0.15124181
0.151296
0.15145805
0.15160906
0.1519577
0.15233268
0.15253411
0.15280458
0.15311442
0.15345064
0.15381333
0.15404849
0.15425862
0.15437426
0.15446743
0.15479393
0.15503931
0.15518999
0.15532161
0.15556543
0.1558531
0.15622808
0.15648498
0.15673889
0.15696098
0.1571628
0.1573662
0.15757896
0.15773797
0.15786098
0.15801124
0.15818706
0.15843256
0.15863779
0.1587282
0.15879774
0.15881236
0.15880235
0.15882517
0.15892603
0.15908068
0.15921664
0.15945163
0.15974925
0.16008008
0.16029663
0.16038214
0.16029876
0.16012284
0.1599426
0.15983526
0.15990946
0.16004479
0.16019183
0.1603792
0.16056919
0.16077176
0.16082409
0.1607651
0.16067377
0.16067086
0.16081302
0.16097736
0.16117862
0.16145535
0.16181841
0.16208169
0.16228573
0.16245328
0.16262221
0.16273576
0.16269527
0.16262637
0.16262294
0.16277945
0.16302179
0.16337214
0.16382715
0.1643099
0.16463073
0.16475415
0.16474389
0.16479357
0.16485988
0.16493183
0.16499622
0.16515522
0.16534686
0.16554537
0.16583236
0.16634914
0.1668485
0.16736268
0.16771437
0.1678687
0.16781585
0.16791111
0.16799358
0.16820003
0.16860816
0.1689031
0.16912697
0.16929373
0.16947049
0.16973151
0.17024596
0.17082335
0.1715002
0.17199062
0.17229195
0.17235458
0.17222036
0.1721303
0.17250258
0.17308556
0.1736783
0.17435412
0.17499776
0.17583324
0.17629455
0.17636275
0.17645377
0.1764374
0.17685728
0.17735632
0.17770398
0.17867832
0.1794267
0.17963794
0.18029381
0.18078257
0.1811226
0.18171456
0.18203673
0.18205813
0.18162817
0.18103957
0.18079945
0.18089023
0.18042105
0.18054847
0.180033
0.17975229
0.17936054
0.17930663
0.17911959
0.17863001
0.17864542
0.17857812
0.17866
0.17878857
0.17872119
0.17881913
0.17913978
0.17961228
0.18029487
0.18104513
0.18237753
0.18351752
0.18444648
0.18500735
0.18546024
0.18616992
0.1866004
0.18691719
0.18705083
0.18704724
0.18777159
0.18857443
0.18927318
0.18980666
0.19028401
0.19065818
0.19082311
0.19056866
0.19017096
0.19064043
0.19161588
0.19238757
0.19326031
0.19426467
0.1951485
0.19548504
0.19501057
0.19346589
0.19225396
0.19141927
0.19047627
0.19041112
0.18978763
0.18917972
0.18890636
0.18909371
0.18918546
0.18878198
0.18823446
0.18718672
0.18652466
0.18622452
0.18638179
0.18698318
0.18748648
0.18783017
0.18814188
0.18884823
0.18962212
0.19051996
0.19146132
0.19220614
0.1926301
0.19312865
0.19339812
0.19364879
0.19385529
0.19476987
0.19608557
0.19712432
0.19815357
0.19976015
0.20103896
0.2023522
0.20323819
0.20368965
0.20431904
0.20411159
0.20270354
0.20160352
0.20178637
0.20203413
0.20214462
0.20190677
0.2017564
0.20200716
0.20203038
0.2019256
0.20220573
0.20205313
0.20093437
0.19956821
0.19738935
0.19361575
0.18937536
0.18687122
0.18460093
0.18333429
0.18094249
0.17736758
0.17536427
0.1738636
0.17306304
0.17223848
0.17138651
0.17095369
0.17097974
0.17110653
0.17105772
0.17103286
0.17122215
0.17180638
0.17260773
0.1732328
0.17394619
0.17487222
0.17593117
0.17686862
0.1778484
0.17858694
0.17950971
0.18031411
0.181062
0.18179846
0.18248262
0.18303242
0.18346335
0.1837131
0.18387781
0.18406653
0.18442956
0.18491803
0.18533465
0.1856489
0.18632595
0.18720657
0.18815838
0.18899153
0.18990044
0.19106364
0.19224995
0.19325282
0.1946211
0.19572312
0.19639942
0.19709773
0.19823498
0.19908552
0.19971336
0.20033085
0.2013625
0.20238279
0.20335753
0.20444952
0.20542677
0.20609224
0.20676225
0.2077969
0.20892058
0.20978232
0.21063516
0.21135391
0.21136552
0.21102946
0.21062638
0.21052934
0.21084824
0.21120334
0.21101974
0.21075362
0.21055725
0.20997036
0.20921244
0.20858048
0.2080549
0.2073267
0.20725194
0.2074018
0.20781204
0.20866494
0.20928499
0.20944278
0.21020444
0.21072882
0.21091399
0.21087301
0.2110804
0.21077143
0.21012847
0.20985208
0.2094987
0.20920251
0.20906557
0.20919694
0.20963004
0.2100198
0.21052395
0.21093135
0.2114011
0.2116685
0.21202785
0.21251403
0.2132448
0.21394779
0.2144804
0.2152626
0.21664102
0.21764381
0.21865462
0.21962894
0.22057344
0.22169712
0.2216783
0.22040516
0.21390565
0.20516498
0.19844025
0.19262792
0.19017597
0.18681349
0.18333709
0.18092601
0.17844638
0.17708793
0.17601393
0.17485133
0.17461543
0.17512304
0.17525974
0.17521548
0.17511635
0.17509623
0.17576234
0.1763861
0.17718178
0.17823996
0.17910698
0.17959565
0.18017744
0.18120569
0.18208951
0.18305387
0.18409824
0.18517423
0.18623145
0.18749703
0.18896231
0.19055787
0.19156635
0.19236045
0.1932478
0.19434248
0.19560859
0.19657661
0.19732082
0.19801123
0.19861755
0.19934148
0.19994877
0.20050588
0.201054
0.20165113
0.20188826
0.20192246
0.20202848
0.20214434
0.20209417
0.20254335
0.2026303
0.20246619
0.2022492
0.20209792
0.20205227
0.20260936
0.20346944
0.2043252
0.20531295
0.20674357
0.20859657
0.21091726
0.21350704
0.21561442
0.2166129
0.2180918
0.2193442
0.2189147
0.21581553
0.21160178
0.20856495
0.20569746
0.20344333
0.20158076
0.1999459
0.19937867
0.1992876
0.19978279
0.20077644
0.2022135
0.20411557
0.20524244
0.20539777
0.20559879
0.20599462
0.20590611
0.2064453
0.20734142
0.20786336
0.20816009
0.20875174
0.20919232
0.20949337
0.20979734
0.20996884
0.21003345
0.2101795
0.21033806
0.21064155
0.2110271
0.21127215
0.21144705
0.21156281
0.21169798
0.21209402
0.21244664
0.21271862
0.21309689
0.21351328
0.21375023
0.21376944
0.21373722
0.2136137
0.21351027
0.21362902
0.21400124
0.2146885
0.21519592
0.21580552
0.2167552
0.21765696
0.21842542
0.21878053
0.21878327
0.2187118
0.21858393
0.21839897
0.21822125
0.21805364
0.21791336
0.21803187
0.21861617
0.21930647
0.21965659
0.21990135
0.22009604
0.21981315
0.21973291
0.21920085
0.21822597
0.2170631
0.21614006
0.21547079
0.21487315
0.21448211
0.21435979
0.21431671
0.21416034
0.21415867
0.21451876
0.21552236
0.21706343
0.21873827
0.22000337
0.22051848
0.21696667
0.20534253
0.19083755
0.17936869
0.17133234
0.16586462
0.16269189
0.1595921
0.15691069
0.15464547
0.15353504
0.15320979
0.15305766
0.15287702
0.15322725
0.15463047
0.15550531
0.1558272
0.15663669
0.15729152
0.15837938
0.15960637
