0.4074074
0.35539407
0.3143889
0.2837955
0.26605025
0.25752652
0.25321525
0.25098434
0.24982432
0.24922566
0.24891725
0.24874334
0.24858542
0.24849088
0.24844097
0.24841274
0.2483881
0.24835795
0.24831666
0.24826233
0.24819429
0.24811412
0.24802364
0.24792543
0.24781895
0.24770483
0.24758424
0.24745734
0.24732418
0.24718718
0.2470465
0.24690226
0.2467541
0.24660198
0.24644509
0.24628383
0.24611816
0.24594647
0.2457683
0.24558488
0.24539539
0.24519946
0.24499534
0.2447814
0.24456689
0.24435635
0.24414334
0.24392629
0.24369985
0.2434832
0.24326491
0.24302335
0.24277146
0.24250644
0.24223435
0.24195082
0.24166939
0.24139334
0.24110505
0.24081387
0.24051447
0.24020265
0.23987925
0.23954625
0.23919885
0.23883897
0.23846726
0.23808086
0.23768264
0.23728374
0.23690188
0.23652747
0.23615792
0.23578924
0.23542544
0.23505682
0.23468146
0.23429184
0.23388568
0.23344743
0.23310421
0.23279749
0.2324431
0.23206045
0.23166794
0.231288
0.23093301
0.23059165
0.23025848
0.2299321
0.2296134
0.22931866
0.22904213
0.2287694
0.22850612
0.22825636
0.2280136
0.22777927
0.22753695
0.22729768
0.22706336
0.22682218
0.22659162
0.22635582
0.2261396
0.22590068
0.22567162
0.22544767
0.22520144
0.22493823
0.22468704
0.22443628
0.22415754
0.22381698
0.22351545
0.22312829
0.22285731
0.22246431
0.22213133
0.22182398
0.22140186
0.22113793
0.22069627
0.22026616
0.21988739
0.21933138
0.21898407
0.21848981
0.21780054
0.21733105
0.21668315
0.21616526
0.21581666
0.21523084
0.21482651
0.21436357
0.21382414
0.21350197
0.21297403
0.21245582
0.21215
0.21160066
0.21120806
0.21083613
0.21023877
0.20987634
0.20961355
0.2092484
0.20915379
0.20890753
0.20846643
0.20824113
0.2078405
0.20740299
0.20714538
0.20664805
0.20622176
0.20592576
0.20539774
0.20506409
0.20472232
0.2041762
0.20386581
0.20349948
0.20303683
0.20276858
0.202336
0.20192736
0.20161286
0.20112747
0.20084065
0.20049958
0.19999312
0.19967616
0.19924855
0.19885248
0.1985469
0.1980527
0.19765297
0.19728956
0.19677043
0.19642402
0.19594575
0.1953968
0.19496445
0.19437268
0.19389401
0.19339289
0.19274278
0.19223969
0.19164187
0.19101262
0.19046578
0.18975472
0.18909684
0.1884348
0.18770444
0.18706325
0.18629222
0.18551634
0.18474667
0.18389124
0.18307969
0.18216847
0.18125884
0.18032618
0.17937322
0.1784278
0.1773993
0.17639193
0.17533253
0.17429274
0.17322932
0.17214999
0.17107576
0.17000099
0.16893555
0.16785203
0.1667602
0.1656676
0.16455756
0.16344836
0.16232884
0.16118796
0.1600389
0.15889789
0.15775667
0.15664007
0.15559351
0.15455793
0.15354654
0.15263304
0.15176234
0.15092559
0.15009221
0.14929315
0.1485563
0.147799
0.14705695
0.14634675
0.14579566
0.14522833
0.14466648
0.14429611
0.14399256
0.14386709
0.14381228
0.1439842
0.14407603
0.14430393
0.14448717
0.14482902
0.14498869
0.14526337
0.1454151
0.14577347
0.14608541
0.14635412
0.14670739
0.14710805
0.14752318
0.14780365
0.14811787
0.1483413
0.14851417
0.14862974
0.14873603
0.14879629
0.14883481
0.14890866
0.14895901
0.14901914
0.14904076
0.14902495
0.14900382
0.14898777
0.14891033
0.14884207
0.14875813
0.14867981
0.14858559
0.1485505
0.14846475
0.14839716
0.14833282
0.1482719
0.14820798
0.14814909
0.14805378
0.148008
0.14796904
0.14796278
0.1479002
0.1478508
0.1477847
0.14778414
0.14771761
0.14766711
0.14764926
0.14738227
0.17619836
0.14075582
0.13993755
0.13784456
0.13850081
0.14134723
0.14532478
0.14863975
0.14941224
0.15164919
0.1528755
0.15080936
0.14859392
0.14759645
0.1437556
0.13971816
0.13838999
0.13668185
0.13681935
0.13735144
0.13781321
0.13842
0.13889039
0.1395368
0.14044943
0.14067191
0.14133812
0.14112669
0.13944714
0.13857861
0.1374385
0.13686389
0.13735676
0.13782522
0.13829716
0.13879563
0.13968602
0.1405483
0.14158423
0.1421321
0.14218016
0.14191248
0.14177482
0.14198305
0.14246306
0.14286035
0.14295931
0.14358391
0.14418946
0.14450781
0.14495087
0.14522368
0.14518294
0.14515589
0.14504804
0.14485921
0.14509402
0.1453014
0.14549316
0.1460122
0.14627619
0.146533
0.1466091
0.14625454
0.14604983
0.14568277
0.14572851
0.14569284
0.14553098
0.14571252
0.1456446
0.14591245
0.14625804
0.14605415
0.14618699
0.14609474
0.14583246
0.1461731
0.14625713
0.14655107
0.14704186
0.14724575
0.14753132
0.14769636
0.14758505
0.1480712
0.14822449
0.1482179
0.14882784
0.1491386
0.14954774
0.15000793
0.15030754
0.15046832
0.15074533
0.15094094
0.15124434
0.15162787
0.15200396
0.15241422
0.15281187
0.15318176
0.15364733
0.15412305
0.15452941
0.15509671
0.15557063
0.15613958
0.15647465
0.1570105
0.15757723
0.15808815
0.15855731
0.15914904
0.15962143
0.16012828
0.16069622
0.16120194
0.1616578
0.16220814
0.16269293
0.16324714
0.1638069
0.16438092
0.16492057
0.16535503
0.16583784
0.16639388
0.16703564
0.16747023
0.16814649
0.1685004
0.16861233
0.16918422
0.16970491
0.17004491
0.17036547
0.1705493
0.17057107
0.17093769
0.17141047
0.17195775
0.17232074
0.17246747
0.1730161
0.17345281
0.17413291
0.17494418
0.17586243
0.17662461
0.17712791
0.17778572
0.17821747
0.17902547
0.17980747
0.18041135
0.18052147
0.18076248
0.18134266
0.18225566
0.18292317
0.18334989
0.18415938
0.1849031
0.18565907
0.1864523
0.18699916
0.18737665
0.18804455
0.188954
0.1897891
0.1904499
0.19107272
0.1915601
0.19228151
0.19106555
0.25738066
0.2074174
0.14251265
0.13827045
0.1356219
0.13203868
0.13309367
0.13879617
0.1469078
0.15649113
0.1651622
0.17040484
0.1721095
0.1705431
0.1608211
0.14924933
0.14158744
0.13576826
0.13138755
0.12801263
0.1257437
0.123924345
0.12342041
0.12475016
0.12603901
0.12756096
0.12919022
0.1306444
0.1322447
0.13351151
0.13465379
0.13548307
0.13609207
0.13692427
0.13829316
0.13963056
0.14095274
0.14245562
0.14396285
0.14569187
0.14749995
0.14929873
0.1513251
0.15316007
0.15504141
0.15683043
0.15851532
0.16010259
0.161557
0.16296515
0.16444431
0.16582628
0.16702454
0.16819051
0.16956441
0.17084433
0.17221275
0.17358512
0.17508116
0.17677256
0.17832685
0.17974512
0.1811737
0.18242273
0.18368295
0.18520373
0.1865672
0.18781804
0.18894568
0.19054012
0.19212839
0.19392702
0.19593413
0.19732112
0.19901332
0.20063455
0.20223317
0.20411031
0.20531555
0.20677856
0.20783083
0.20981541
0.21154553
0.21216553
0.21392666
0.21457337
0.21662223
0.21670051
0.21300948
0.21033294
0.20798588
0.20633708
0.20491822
0.19899069
0.19313659
0.18937378
0.18563482
0.1825272
0.18064652
0.17820932
0.17463693
0.17042847
0.16770612
0.16596746
0.1646237
0.16381134
0.16362959
0.16442233
0.16539934
0.16610682
0.16670229
0.16759282
0.16848335
0.16957696
0.17071325
0.17210102
0.17334065
0.17438333
0.17539795
0.17652632
0.17777945
0.17902267
0.18015252
0.18131885
0.18234815
0.18329687
0.18468708
0.18590924
0.18709493
0.18821004
0.18958288
0.19099165
0.19206566
0.19326966
0.19431683
0.1950849
0.19580424
0.19648045
0.1973576
0.19802506
0.19881849
0.19952096
0.20058556
0.2019812
0.20390311
0.20581768
0.20770955
0.20938294
0.21104756
0.21235648
0.21388856
0.21509744
0.21572323
0.21728131
0.21877381
0.21985617
0.21962367
0.21844383
0.21795562
0.21895789
0.21913679
0.21594626
0.21180142
0.20841126
0.20488705
0.2020653
0.19869186
0.19498073
0.19202524
0.18903406
0.18699583
0.1861736
0.1859898
0.18582258
0.18547788
0.18561397
0.18572909
0.18643077
0.18767524
0.18871823
0.18937187
0.19005935
0.19121903
0.19194058
0.19251016
0.19295114
0.19343427
0.19440618
0.19545822
0.19728231
0.19873175
0.20033635
0.2023835
0.20446278
0.20653486
0.20872901
0.21075946
0.21242195
0.21393593
0.21484849
0.21572797
0.21664804
0.21787642
0.21866977
0.2201013
0.22192389
0.22398321
0.2252007
0.22569667
0.22663227
0.22874445
0.22856359
0.22505955
0.22194076
0.21827757
0.21535316
0.21307103
0.20972374
0.20630978
0.20329319
0.20130157
0.20098731
0.2004964
0.19990736
0.19942555
0.19913387
0.19890857
0.19925454
0.19965634
0.19997074
0.20044369
0.20124556
0.20274505
0.20416158
0.20552494
0.20690061
0.20834105
0.20952347
0.21093288
0.21209311
0.2136305
0.21498919
0.21586376
0.2167713
0.21779867
0.21917108
0.22095828
0.2227331
0.22516264
0.22732644
0.22842498
0.2296666
0.23060478
0.2298897
0.22927849
0.22899017
0.2293839
0.22835809
0.22689322
0.2242073
0.22219183
0.21926889
0.2142291
0.21054286
0.20820111
0.20624255
0.20487085
0.2038313
0.20301162
0.20203422
0.20135655
0.20065503
0.20031558
0.19988385
0.19922031
0.19926427
0.19954662
0.20091529
0.20218617
0.20307916
0.20445883
0.20620435
0.20792945
0.21000507
0.21224694
0.21428403
0.21606119
0.21765406
0.21921106
0.22066137
0.22196369
0.22279105
0.22366036
0.2244802
0.22522709
0.22582829
0.22645186
0.22718741
0.2281537
0.22920698
0.23072784
0.23245023
0.23313902
0.23325454
0.23267445
0.2319498
0.22819366
0.2226119
0.2195197
0.21570799
0.21239482
0.21037039
0.20610982
0.19846296
0.19330488
0.18991756
0.18722677
0.18501657
0.18364757
0.1833358
0.18344434
0.18317097
0.1833981
0.18376575
0.18387328
0.18408228
0.18385641
0.18379149
0.18399072
0.18457636
0.18527146
0.18634889
0.18812518
0.18963292
0.19111322
0.19282061
0.19479336
0.1960793
0.19715036
0.19853823
0.20043547
0.2029746
0.20481567
0.206403
0.20779453
0.208986
0.210985
