0.4074074
0.35792825
0.3180191
0.28743672
0.26914838
0.2599985
0.2550978
0.25235006
0.25074965
0.24977724
0.24915142
0.24871585
0.24838151
0.24809614
0.2478294
0.24756739
0.2473068
0.2470537
0.24681519
0.24659087
0.24638069
0.24614005
0.2459543
0.24578594
0.24562515
0.24547394
0.24536207
0.24523011
0.24506135
0.24487902
0.24470058
0.2445232
0.24434222
0.24416637
0.24395683
0.24370466
0.24342285
0.24313572
0.24284402
0.24256198
0.24226627
0.24194597
0.24158534
0.2412173
0.24082981
0.24042426
0.24000086
0.23954655
0.239058
0.2385439
0.23800342
0.23746224
0.236903
0.23631893
0.23569475
0.23500521
0.23428287
0.23354039
0.23274887
0.23190537
0.2310602
0.23023644
0.22942416
0.22856265
0.22767892
0.2267709
0.22582468
0.22484863
0.2238573
0.22290497
0.22199725
0.2210519
0.220031
0.21884575
0.21761325
0.21636134
0.21492897
0.21353234
0.21181579
0.21082516
0.20820943
0.20600317
0.20393921
0.20200583
0.20060952
0.19741717
0.19586289
0.19333205
0.19169828
0.18972054
0.18683353
0.18611525
0.1839945
0.18177111
0.17873056
0.17633133
0.17470104
0.17316495
0.17120694
0.17006133
0.16871138
0.16708764
0.16549827
0.16395405
0.16236544
0.16065532
0.15910292
0.15738592
0.155682
0.1539835
0.15230969
0.15064406
0.14887859
0.14716741
0.14542894
0.14375727
0.14138877
0.13953146
0.13744783
0.13532992
0.13362142
0.13163775
0.12987302
0.12806557
0.12606904
0.12426467
0.12240782
0.121359855
0.11985271
0.11875088
0.11736828
0.11586432
0.11435004
0.11303773
0.111687824
0.10987119
0.10838222
0.10662768
0.104907684
0.10322717
0.10147392
0.09992897
0.09856108
0.097479254
0.095824905
0.09440196
0.09304938
0.09182192
0.09055992
0.0895921
0.08846262
0.087996736
0.08675879
0.08599057
0.084833376
0.083721995
0.08272896
0.08156091
0.08138353
0.079725444
0.07888748
0.07666402
0.07704899
0.07453915
0.07371791
0.07335732
0.07301761
0.07059629
0.06900613
0.06973921
0.07099569
0.064923555
0.06516921
0.06282456
0.06306805
0.06035668
0.061332464
0.05929929
0.06555657
0.07044795
0.059405375
0.06137022
0.065412164
0.054240413
0.06907853
0.08278749
0.07027451
0.052698325
0.073271774
0.0831382
0.060185708
0.05597431
0.07292471
0.07325845
0.057174727
0.05557345
0.057186525
0.049255356
0.05717277
0.0610649
0.053223275
0.061586052
0.06047308
0.053516507
0.0601732
0.05590701
0.049912963
0.051371578
0.046762012
0.04974235
0.048588492
0.044660196
0.047348812
0.044852596
0.04717395
0.05493949
0.051127434
0.04261969
0.050809994
0.053283278
0.040803958
0.056206718
0.06728581
0.05429011
0.04127186
0.049394816
0.046940885
0.038596433
0.04343277
0.044651758
0.039272673
0.040134452
0.03843151
0.046256486
0.057406634
0.050148875
0.037210595
0.049048837
0.049075916
0.03575413
0.05131859
0.06598541
0.057333164
0.03708818
0.051986277
0.071601175
0.052245192
0.03531466
0.04406073
0.047270454
0.04021065
0.033744287
0.03393949
0.032316413
0.032653596
0.03120595
0.03233069
0.030849537
0.031944454
0.031276125
0.029029373
0.028193373
0.029274788
0.028102696
0.02907318
0.027196357
0.030753706
0.032459855
0.02758354
0.030119222
0.031084362
0.025889209
0.026567679
0.026186844
0.02583146
0.025485054
0.024722848
0.024915596
0.024331508
0.024026558
0.023417717
0.023296354
0.022883486
0.022454092
0.02221731
0.02173579
0.021547083
0.021159392
0.020749312
0.020814274
0.0200057
0.020508446
0.019354418
0.01926619
0.019615488
0.018483888
0.02179435
0.01875237
0.0217075
0.024275092
0.019419806
0.020375935
0.022617614
0.017321987
0.027016826
0.033517096
0.027020885
0.017898785
0.03571466
0.042544868
0.01907238
0.030552069
0.04760506
0.042115647
0.023682626
0.019348208
0.027845135
0.020429874
0.019052139
0.021563902
0.017964771
0.020998914
0.023314562
0.017560534
0.020513613
0.022757692
0.017564325
0.019528786
0.022456938
0.015992345
0.026180534
0.033999454
0.028101658
0.01759191
0.025990533
0.031689357
0.016470026
0.030465527
0.046801843
0.044824474
0.028652364
0.01585672
0.04348211
0.06001135
0.026235845
0.021048896
0.038521256
0.04184859
0.030346362
0.018500423
0.03806835
0.04814461
0.022457307
0.03102711
0.059130184
0.062447168
0.03882401
0.01737964
0.051476326
0.08600312
0.051416293
0.016800232
0.04770999
0.07461482
0.0641554
0.030369522
0.018187998
0.036389254
0.028112486
0.016769014
0.024018092
0.022619784
0.016117219
0.027802838
0.030646313
0.015817417
0.033397347
0.051158614
0.048856497
0.030797498
0.016649058
0.044368964
0.06316301
0.02933346
0.020321378
0.03649267
0.038867906
0.02704255
0.01789046
0.01924551
0.01667282
0.02113477
0.020931168
0.015377916
0.029468194
0.030567024
0.014883604
0.019196047
0.01722133
0.015085887
0.015036692
0.015491633
0.014334516
0.017483208
0.01705758
0.013280387
0.012973094
0.0127994055
0.013789534
0.01232328
0.018075883
0.018202156
0.011331601
0.019886503
0.023687351
0.016496133
0.011070587
0.012025403
0.01059439
0.010162825
0.011175926
0.009794778
0.01770031
0.019266872
0.010187216
0.014961708
0.018159322
0.01236889
0.010445157
0.012372696
0.008676692
0.015754346
0.017991213
0.011653663
0.010657541
0.013922138
0.008582949
0.013010576
0.014826084
0.009547292
0.012540399
0.016900126
0.008277265
0.015878955
0.02173391
0.016755784
0.008401344
0.028200436
0.037559893
0.010644603
0.019235717
0.03314102
0.031449515
0.018198112
0.0092659965
0.012035933
0.008802458
0.0127366455
0.013680457
0.008557312
0.020606078
0.030497694
0.012234573
0.012554713
0.017830195
0.01350444
0.008459527
0.00863385
0.008685191
0.0077803195
0.013729321
0.013629809
0.007391711
0.015614748
0.018616257
0.012147719
0.008189224
0.01020916
0.006900811
0.010949742
0.010335413
0.00684885
0.0066672233
0.008942033
0.007230111
0.007667477
0.007544716
0.0060014958
0.005514526
0.0107821515
0.009806766
0.004989059
0.0047696037
0.004500353
0.008096124
0.005906906
0.005497482
0.0051109074
0.0049614618
0.004172726
0.005399267
0.004646064
0.0045199525
0.00396659
0.0044102306
0.0037414618
0.005096021
0.0044824006
0.0035750465
0.0030782404
0.0059259417
0.00511574
0.0030077647
0.0026474558
0.0067069153
0.00574307
0.0026010307
0.0023405817
0.0074726567
0.006366194
0.002275802
0.0020967042
0.008154032
0.00686382
0.0019481935
0.0018159384
0.0020741455
0.0022232519
0.0014055832
0.0019118477
0.0013036871
0.0015484942
0.0013757328
0.0012405679
0.0010793641
0.00096931664
0.00086417823
0.001006136
0.0007730525
0.0010413022
0.00067668234
0.0009683412
0.0005765025
0.0009238012
0.00051523605
0.0009590867
0.00045371876
0.0010005829
0.00037880027
0.0010702829
0.0003235984
0.0011390677
0.0002730203
0.0011756232
0.00022695631
0.0012297835
0.00017575151
0.00049989455
0.0005350194
0.00013285378
0.0003767024
0.00021905365
0.00011059112
0.00045487075
6.806969e-05
0.0003473907
5.0347873e-05
0.00019278521
8.518712e-05
0.0001327992
7.752384e-05
0.00010758865
5.003855e-05
0.00011922091
3.0311501e-05
0.00013165752
1.4852829e-05
0.00013040386
1.0913005e-05
0.00012558555
6.0146235e-06
0.00012491463
3.0337064e-06
