0.4074074
0.34501147
0.29858172
0.26771405
0.25358805
0.24958675
0.2495446
0.24955507
0.24888198
0.2492854
0.25094125
0.25304183
0.2551689
0.25712124
0.2588163
0.2602327
0.26138034
0.26228327
0.262999
0.26352367
0.26388723
0.26412848
0.26428056
0.26433232
0.26430166
0.2642076
0.2640711
0.26389244
0.2636797
0.26344937
0.26318517
0.26289055
0.26258457
0.2622689
0.2619548
0.26165363
0.26134223
0.2610042
0.2606698
0.26032096
0.25996163
0.25958836
0.25920257
0.25879228
0.2583731
0.257977
0.25759143
0.25721323
0.2568221
0.25649238
0.25612137
0.25571194
0.25529695
0.25489438
0.25452057
0.2541714
0.25381652
0.25363132
0.2533247
0.25281715
0.2522005
0.2515066
0.25079173
0.2500044
0.2491525
0.24843088
0.24776034
0.24709216
0.24638692
0.24578507
0.24518462
0.24457274
0.24398188
0.24339718
0.24280702
0.24217805
0.24164233
0.24096239
0.24034663
0.2396888
0.23904717
0.23847993
0.23779427
0.23713809
0.23651521
0.23574133
0.23519297
0.23454279
0.23385249
0.23333266
0.23257165
0.23187496
0.2313249
0.23050858
0.2298341
0.22914101
0.22829784
0.22771265
0.22720303
0.22655337
0.22621638
0.22566614
0.22514786
0.22479573
0.22425528
0.22398297
0.22353478
0.22293764
0.22263685
0.22213276
0.22197671
0.22167812
0.22111364
0.22093461
0.22054704
0.22025105
0.22011444
0.21957092
0.21920079
0.21899177
0.21848334
0.21833035
0.21800084
0.21740761
0.21727401
0.21690875
0.21665923
0.21662474
0.21620588
0.21570228
0.2156117
0.21521209
0.21521032
0.21514685
0.21476579
0.21445139
0.21438213
0.21436957
0.2144776
0.21434952
0.21412154
0.21413246
0.21399091
0.21410638
0.214165
0.21392894
0.21374811
0.21373436
0.21375808
0.21393386
0.21390446
0.2137011
0.21364343
0.21351165
0.21348572
0.21345645
0.21319635
0.21286756
0.21272258
0.21248311
0.21237203
0.21216162
0.21173935
0.21137306
0.21103959
0.21063504
0.21033156
0.2099222
0.20934945
0.20882505
0.20832375
0.20776539
0.20724624
0.20664835
0.20590828
0.20516182
0.20443644
0.20364211
0.20283306
0.2020235
0.2011099
0.20011437
0.19908829
0.1980255
0.19690286
0.19572663
0.19443096
0.1930016
0.19149762
0.18988782
0.18814142
0.18627855
0.18425272
0.18204455
0.17972428
0.17728359
0.17477582
0.1722894
0.16980456
0.16740003
0.16506402
0.16275989
0.1603922
0.15780973
0.15508768
0.15223941
0.15042429
0.1493174
0.14805827
0.14663835
0.1451035
0.14411315
0.14340696
0.1427419
0.14235803
0.14196953
0.1421851
0.14195164
0.14166291
0.14179742
0.14191836
0.14235604
0.14256394
0.1426272
0.14271607
0.14255524
0.14289366
0.14316067
0.14332144
0.14352812
0.14383225
0.14401412
0.14419088
0.14419207
0.14402138
0.1439689
0.14386417
0.14395665
0.14395642
0.14349169
0.14350857
0.14310361
0.1429239
0.14300305
0.14308055
0.14302216
0.14284104
0.14253172
0.14231642
0.14208917
0.1419886
0.14196065
0.14189723
0.14148353
0.1410329
0.14083894
0.14063723
0.14049059
0.14013486
0.13980608
0.13962358
0.1393523
0.13913606
0.1390435
0.13899754
0.13903321
0.13929895
0.13929266
0.13936618
0.13954376
0.14000323
0.14018692
0.14051075
0.14071244
0.14075156
0.14107999
0.14166532
0.14212072
0.1426947
0.14340198
0.143737
0.1444107
0.14494914
0.14529802
0.1456996
0.1463882
0.14653535
0.14706439
0.14752944
0.14768422
0.14774725
0.14828579
0.14859489
0.1487939
0.14925483
0.1497782
0.15015565
0.15040152
0.15102069
0.15130842
0.15162878
0.15207914
0.15240285
0.15228671
0.15244164
0.1526882
0.15288532
0.15309271
0.15375693
0.1540462
0.15429609
0.15432572
0.15422921
0.15426666
0.15459764
0.15467401
0.15491797
0.15514006
0.15565184
0.1565093
0.15728213
0.15807897
0.15878077
0.15993328
0.16115837
0.16220571
0.16321051
0.16436526
0.1650392
0.16598886
0.16691798
0.16704753
0.1670552
0.16698195
0.16657361
0.16667452
0.16668698
0.16692515
0.1671586
0.16695662
0.16719857
0.16708428
0.16665593
0.16680528
0.16637973
0.16584274
0.16585402
0.16592626
0.16622435
0.16668841
0.16729257
0.16766107
0.1672547
0.16740943
0.16825394
0.16872793
0.16938874
0.16986723
0.16956548
0.16882318
0.1680984
0.16781671
0.16869268
0.16881393
0.16771482
0.1676016
0.16830105
0.1683236
0.16762978
0.16716202
0.16686872
0.16658968
0.1670895
0.16748878
0.16721989
0.16824147
0.16912979
0.16913387
0.16917685
0.17009085
0.17049074
0.17126814
0.17229372
0.17246419
0.17231302
0.17276828
0.17188258
0.17068277
0.17088507
0.17127652
0.17098849
0.1707872
0.17070687
0.17132299
0.17186715
0.17259282
0.17232741
0.1714159
0.17187336
0.17137615
0.17068124
0.17066272
0.1704902
0.16989459
0.16970086
0.16964658
0.16948834
0.16980922
0.1704443
0.17099446
0.17141636
0.17182072
0.17222035
0.17269664
0.17335306
0.17356803
0.17388014
0.17431043
0.17419115
0.1743852
0.1745174
0.17480876
0.17536217
0.17611879
0.17698045
0.17749855
0.17875645
0.17885229
0.17852348
0.17941272
0.17841421
0.17576165
0.175217
0.17463204
0.17271507
0.17065245
0.16982676
0.16940163
0.16857064
0.1677748
0.16774686
0.16733703
0.16707464
0.16716477
0.16694307
0.16719934
0.16801697
0.16876905
0.1689488
0.16968818
0.17071009
0.17043266
0.1706597
0.17103551
0.17101835
0.17076373
0.17074302
0.17003928
0.16924049
0.16987006
0.17059565
0.17051415
0.17017753
0.17051801
0.17054638
0.17048925
0.17044692
0.16950686
0.16877806
0.16831857
0.16830458
0.16875519
0.16925749
0.16931473
0.1692691
0.17004202
0.16984291
0.1703406
0.17014067
0.16939232
0.16863959
0.16717803
0.16542524
0.16465446
0.16412786
0.16335842
0.16287848
0.16310446
0.16319983
0.163637
0.16463909
0.16435175
0.16437347
0.16481955
0.16410919
0.16266695
0.1628139
0.16251855
0.16098921
0.16026148
0.16043788
0.1602626
0.15995763
0.16058175
0.16074006
0.1600784
0.16092288
0.16141155
0.16072969
0.1606119
0.16070993
0.16041262
0.16091056
0.16206084
0.16236274
0.1621403
0.16322319
0.16273473
0.16131768
0.16159509
0.16231003
0.16340868
0.1638606
0.16382411
0.1637143
0.16088524
0.15625261
0.15242758
0.14981718
0.14719854
0.14555019
0.1449982
0.14364679
0.14298281
0.14336559
0.14313477
0.14369273
0.14464521
0.14513016
0.14472643
0.1435377
0.14251862
0.1421083
0.14299156
0.14340521
0.14248325
0.14354269
0.14461581
0.14391473
0.14379084
0.14522733
0.14690638
0.14780957
0.14831999
0.14773616
0.14736675
0.14760818
0.14799768
0.14839323
0.14970425
0.15087241
0.15043111
0.14952938
0.15006731
0.14892927
0.14592844
0.14475982
0.1448836
0.1436259
0.14205126
0.14100721
0.14052585
0.1399885
0.13983119
0.14015426
0.1403407
0.14130272
0.14148614
0.14087555
0.14025617
0.13854553
0.13734227
0.13614818
0.13497469
0.13413687
0.13358396
0.13384366
0.13384122
0.13406871
0.1343822
0.13425444
0.13338986
0.1337614
0.13387091
0.13297872
0.13322267
0.13310298
0.13191025
0.13185485
0.13182527
0.13050601
0.12943594
0.12889493
0.12846227
0.12745701
0.12713668
0.12634434
0.124686144
0.12387939
0.12347668
0.123807065
0.12399036
0.12439433
0.12430732
0.124577925
0.12532625
0.12668602
0.12807795
0.1278267
0.12681092
0.12514041
0.12406737
0.12253516
0.1226495
0.12434268
0.12633923
0.12632686
0.12500913
0.1243127
0.12307158
0.121391356
0.12058278
0.11877264
0.118204854
0.11822872
0.11949478
0.11968634
0.11988622
0.11918681
0.11840898
0.12008452
0.119716816
0.11894987
0.11865462
0.117316104
0.11661223
0.11740524
0.11869144
0.120079786
0.119558975
0.11782539
0.11556893
0.1153573
0.114841074
0.11469941
0.1150289
0.11418122
0.114806734
0.115535274
0.11526888
0.11686057
0.117937125
0.117835365
0.11649046
0.11547004
0.114886686
0.115702696
0.1171961
0.11851151
0.119976066
0.12136145
0.120028265
0.11644257
0.11306956
0.11225095
0.11202118
0.11454512
0.121575676
0.13015425
0.13389407
0.129974
0.12393172
0.11984138
0.1170861
0.11585498
0.11661026
0.11739093
0.11855555
0.11986192
0.12049028
0.12097575
0.120029494
0.116436526
0.113426
0.112419076
0.112732105
0.11285753
0.1138439
0.11473162
0.114865996
0.11283508
0.11147837
0.11009406
0.11030297
0.111165434
0.1114551
0.1102878
0.10909933
0.1088936
0.1079829
0.10960523
0.11187155
0.11349297
0.1121809
0.11130299
0.10982661
0.10827357
0.108789034
0.111131765
0.111904815
0.11081869
0.11091241
0.10996815
0.11101082
0.11538715
0.11872449
0.117485076
0.1138768
0.11246373
0.111091994
0.109999105
0.11060221
0.11133406
0.11064846
0.109085895
0.10714995
0.105034254
0.105704345
0.10659243
0.10661954
0.105771266
0.10550934
0.106372654
0.10728219
0.108314514
0.108175516
0.10755628
0.1071179
0.10572334
0.1056138
0.1060528
0.10618113
0.107370384
0.10668515
0.10558981
0.10644931
0.108016044
0.109103605
0.10871077
0.11048333
0.11442319
0.11708175
0.118138015
0.11783752
0.11686493
0.11528954
0.11390309
0.10966404
0.10872023
0.10874509
0.10697246
0.107298635
0.109055065
0.1081698
0.107367046
0.107189305
0.10799054
0.107847035
0.10643486
0.10727675
0.11078629
0.11216469
0.11020852
0.10851292
0.10790182
0.10587229
0.10363085
0.102773316
0.10191678
0.10385069
0.105732284
0.108000964
0.111171275
0.11390331
0.11579301
0.116621934
0.116969354
0.11700237
0.1165779
0.116582915
0.11665629
0.115450405
0.1115366
0.10691177
0.104795605
0.10477483
0.10595421
0.10555299
0.10526862
0.105821855
0.10543754
0.10426013
0.10326139
0.10259539
0.10284378
0.103387
0.101892054
0.100701265
0.10114787
0.1002009
0.0986723
0.09889829
0.100163825
0.10070994
0.10213864
0.10468675
0.10533488
0.105667576
0.10648131
0.1088037
0.10903796
0.10630583
0.10487883
0.10419764
0.1018867
0.099901006
0.0996175
