0.4074074
0.3523158
0.30915466
0.2777577
0.2607053
0.25343367
0.25040036
0.24930319
0.24908523
0.2488022
0.24872112
0.24906301
0.24958491
0.25014374
0.25066432
0.25111175
0.25147593
0.2517659
0.25198963
0.25214505
0.2522453
0.25229946
0.25232127
0.25231567
0.25228724
0.25223824
0.2521797
0.25210738
0.25202963
0.2519419
0.25184736
0.2517394
0.25161785
0.2514901
0.25133178
0.25112936
0.25087258
0.2505647
0.25022718
0.24986462
0.24948554
0.24909893
0.24870417
0.2483025
0.24790837
0.24751693
0.24711366
0.24667986
0.24620797
0.2457278
0.24522851
0.24469543
0.24412541
0.24352118
0.24291666
0.24230717
0.24169324
0.24106432
0.24042
0.23975801
0.23906721
0.23834187
0.23758136
0.23678973
0.23598422
0.23517513
0.23435965
0.23352501
0.23266707
0.23175682
0.23080213
0.2298121
0.22881746
0.22782223
0.2268807
0.2259632
0.22504552
0.22409943
0.22310941
0.22206163
0.2209799
0.21989056
0.21878763
0.2176348
0.21642353
0.21517362
0.21390803
0.21266657
0.21140559
0.21009164
0.20875892
0.20744455
0.20626493
0.20514639
0.20403104
0.20294952
0.20187302
0.20077506
0.19963196
0.19845799
0.19739501
0.19614364
0.19486928
0.19365898
0.19243018
0.19122171
0.189914
0.18907046
0.18747059
0.18627678
0.18447873
0.18316609
0.18226878
0.18091595
0.17778331
0.17676122
0.17574695
0.17539635
0.17244667
0.17559196
0.17691897
0.17215358
0.16925871
0.16711098
0.16511224
0.16604641
0.16773672
0.1655337
0.16112143
0.15927756
0.15887852
0.15904002
0.16196539
0.16172941
0.15661438
0.15393665
0.15267698
0.15186864
0.15296732
0.15399525
0.15391248
0.15188637
0.14933443
0.14732334
0.14622976
0.1449762
0.14366122
0.14285155
0.14198141
0.14085881
0.13967201
0.13838744
0.136937
0.13546918
0.13437757
0.13305663
0.1322794
0.13072246
0.12943847
0.12803273
0.12673678
0.12499829
0.12361677
0.12206177
0.120620355
0.11882184
0.11738067
0.11584892
0.11406116
0.11248992
0.11091666
0.10912414
0.10699792
0.10543621
0.10401336
0.10174944
0.09944986
0.09992241
0.0977506
0.09568345
0.09408262
0.09790188
0.100811854
0.09212867
0.09839206
0.09579517
0.08771148
0.09356259
0.09332118
0.084441885
0.08849898
0.083686225
0.093091115
0.10345416
0.090739444
0.08273701
0.09353354
0.0828397
0.08441376
0.09359956
0.08366138
0.078884326
0.08818463
0.077768825
0.08173504
0.091060355
0.08189233
0.07585625
0.0834506
0.07522234
0.07864213
0.087918654
0.08056628
0.072111845
0.07585091
0.07031579
0.078600325
0.08895822
0.078526855
0.06714942
0.071368836
0.065781936
0.07382868
0.08581843
0.07845097
0.06384821
0.078374304
0.08315927
0.06658449
0.06993371
0.09171458
0.09946336
0.08274005
0.06319908
0.08133486
0.09216678
0.070614494
0.061905745
0.076121874
0.08372093
0.07073897
0.059588294
0.06461423
0.061911345
0.060364228
0.07021127
0.07211595
0.061288238
0.0614076
0.061833497
0.058627643
0.063440755
0.06567536
0.061558
0.057939902
0.056838356
0.05962128
0.066410065
0.06260814
0.057211086
0.0593217
0.05486069
0.05586945
0.05415694
0.054121546
0.050994292
0.058195177
0.06130821
0.051429763
0.05842428
0.05873083
0.048030514
0.054260314
0.05636962
0.048350923
0.061775323
0.06801547
0.04759098
0.054673046
0.06918433
0.059001777
0.044494808
0.053141795
0.049616307
0.043500848
0.048035532
0.04571391
0.041494463
0.041805223
0.039761167
0.041690186
0.040868927
0.038329724
0.037641417
0.03704244
0.037027538
0.035757203
0.035029262
0.033924747
0.034377925
0.03290811
0.03397313
0.031625286
0.032826453
0.031044709
0.03435576
0.032365147
0.03326627
0.03929443
0.036024064
0.030800665
0.033283643
0.029628297
0.03829798
0.05075694
0.043316495
0.032657675
0.040592235
0.03430947
0.03273295
0.039026055
0.036003854
0.030496204
0.039682392
0.039313372
0.02890212
0.031829756
0.030356705
0.02786541
0.027538154
0.027981091
0.026651867
0.029058604
0.028787399
0.025585568
0.025142549
0.0273197
0.02539789
0.025999699
0.02565215
0.024145681
0.023569087
0.025265116
0.024122873
0.023619456
0.023295842
0.023281187
0.022469373
0.024206737
0.023638165
0.02199961
0.021516353
0.02471429
0.022345338
0.024372332
0.026228383
0.021901943
0.027241936
0.027510192
0.02102069
0.022264937
0.02107846
0.023941314
0.02362765
0.020470243
0.01960514
0.021550756
0.020248601
0.02152594
0.02127411
0.01968339
0.019221257
0.021161908
0.020077333
0.019354094
0.018798007
0.019316744
0.018532576
0.019014966
0.018471118
0.01799185
0.017356006
0.019279774
0.018662384
0.01729413
0.016799405
0.019345177
0.017113894
0.020718507
0.023120131
0.018194124
0.020409832
0.02381191
0.016442182
0.027096517
0.035766482
0.030848466
0.019720847
0.021865696
0.025870547
0.015831316
0.029444704
0.041594442
0.037631314
0.023774592
0.021427637
0.024442079
0.016967118
0.017146157
0.015786102
0.016013855
0.016509706
0.015387465
0.01691037
0.01570706
0.017282493
0.0172722
0.015329895
0.01482177
0.017786771
0.016147573
0.014361409
0.013983968
0.015873766
0.014953364
0.013888933
0.013374985
0.015409437
0.014595454
0.013230208
0.012774635
0.015523097
0.014753539
0.01230678
0.012008004
0.015795857
0.014638497
0.011711312
0.011464541
0.014965711
0.012360126
0.014491301
0.016078688
0.011913147
0.019344507
0.01940003
0.011555221
0.013677523
0.011464786
0.016331792
0.018492086
0.011698383
0.015773965
0.018423587
0.01333939
0.012219019
0.014189262
0.010342724
0.01583655
0.018007066
0.012468362
0.012223954
0.014980378
0.010141917
0.014548489
0.0166517
0.011511648
0.012439082
0.015675632
0.010073825
0.013330465
0.015144399
0.010472207
0.013448274
0.01741828
0.009590082
0.017188363
0.023556674
0.018706815
0.0100642275
0.025612792
0.03280992
0.010055442
0.02291228
0.038071074
0.031781718
0.0155258
0.015052791
0.026462618
0.012682549
0.015693275
0.021725943
0.017634392
0.0100504495
0.026277192
0.03277293
0.010276482
0.023745235
0.039420187
0.032056604
0.013940884
0.016456846
0.035504527
0.019831587
0.010544188
0.012666851
0.01024412
0.015039799
0.017823964
0.010281322
0.013124183
0.015308116
0.010773251
0.011681324
0.014463443
0.00926816
0.013276708
0.015350027
0.010540805
0.011222143
0.014116293
0.008844005
0.012635018
0.014620432
0.009959168
0.0111027155
0.014213183
0.008643395
0.01183462
0.01364249
0.009246764
0.011508404
0.015093398
0.008643408
0.010870918
0.012563726
0.008494516
0.012183304
0.016263887
0.008854824
0.0099380985
0.0115437
0.0078360895
0.013016047
0.01754219
0.00912432
0.009143692
0.010637698
0.0072991187
0.013851406
0.01883738
0.009460761
0.00839046
0.009734601
0.0068072663
0.014970462
0.02048609
0.010035861
0.0076571153
0.008873163
0.0063331076
0.016213274
0.022403035
0.010743718
0.0069078594
0.008036847
0.0059215445
0.016280105
0.021766843
0.0072166165
0.012512452
0.019468116
0.016103806
0.007672876
0.011642011
0.02290185
0.010567498
0.0071691805
0.00960174
0.0067645744
0.00838502
0.010353407
0.0057511097
0.01010895
0.012173305
0.007551446
0.007081232
0.009339178
0.005349982
0.009807246
0.011775737
0.007153661
0.007227363
0.009862588
0.0052137165
0.008652869
0.01036557
0.006123372
0.007819338
0.010958016
0.0053257383
0.007803695
0.0094384095
0.005587528
0.008220472
0.011770869
0.0054474273
0.006982777
0.0085002575
0.004986909
0.009017209
0.013037592
0.005729968
0.0062226914
0.007638493
0.004518995
0.009866805
0.014296526
0.0060798395
0.005557684
0.0068432903
0.0041038957
0.0107915485
0.0156054245
0.006452116
0.0050046626
0.006166894
0.0037465075
0.011584747
0.01687807
0.0068555675
0.0044746534
0.0055203065
0.0034050823
0.012191951
0.017543953
0.0070293336
0.0041142744
0.0050331773
0.0030893355
0.012349618
0.017695962
0.006862341
0.0038243353
0.004837991
0.0027632797
0.011600331
0.013682342
0.0037980895
0.0064723883
0.009580853
0.00570232
0.0035489905
0.0041882927
0.0027208393
0.002570344
0.0032695027
0.0023711785
0.008318762
0.0094662765
0.002633571
0.0062502385
0.008747368
0.004619576
0.0026509983
0.0036067308
0.0018809867
0.001971723
0.0021746096
0.0016360875
0.0016775974
0.0022457289
0.001336784
0.0063244766
0.007379214
0.0016844022
0.005614248
0.008224004
0.0039101588
0.0017103306
0.002559573
0.0009500685
0.0019023849
0.0015486145
0.005891958
0.0039050095
0.0028555968
0.003457536
0.001136925
0.009442941
0.013989307
0.0019334913
0.0049823914
0.010828546
0.007825418
0.0017386266
0.0078005586
0.020001497
0.0054380815
0.0015990066
0.0039683795
0.0021857067
0.0027203383
0.0021778818
0.00080260314
0.00071602076
0.0031150614
0.002706601
0.0008582727
0.0006780878
0.0032524194
0.0021318134
0.00067936775
0.0005946834
0.0017917828
0.001099174
0.00079586916
0.0006239801
0.0011372248
0.00081861514
0.00080330635
0.00056954107
0.0011591621
0.0008751842
0.0005896404
0.00037927926
0.0013917357
0.0010732681
0.00035402214
0.00022270509
0.001801037
0.0014247356
0.00019450109
0.00013296935
0.0019664296
0.0014134003
0.0003855948
0.0002620975
0.0013236867
0.00077114627
0.00031176725
0.00018440829
0.0008241707
0.0005468551
0.00026298934
0.00014177937
0.0007891194
0.0005564332
0.00018359307
9.0120506e-05
0.00072817603
0.00048774978
0.00013865852
6.1701074e-05
0.000788118
0.0005782173
6.2478175e-05
1.6205975e-05
0.0009042727
0.00065237697
2.5333204e-05
5.8350874e-06
0.0009887223
0.0007551832
5.410187e-05
7.1267664e-06
0.00060530135
0.0003203023
0.0001118146
6.0674545e-05
0.00036694336
0.00026267074
9.6358795e-05
1.8813076e-05
0.00031744625
0.00013269216
0.00012821499
7.3597184e-05
0.00015693443
9.0636255e-05
9.2176895e-05
3.121233e-05
0.0001277971
5.6642068e-05
7.1621434e-05
2.9371044e-05
0.00017791954
9.747855e-05
6.689057e-05
1.584619e-05
6.644023e-05
1.2924011e-05
0.00013313102
8.480585e-05
4.1270363e-05
1.3959904e-05
8.795337e-05
1.4663502e-05
3.33312e-05
7.1242266e-06
6.474246e-05
2.3434415e-05
3.2788135e-05
1.7522094e-05
5.21917e-05
5.484167e-06
6.718406e-06
3.9320874e-08
