0.4074074
0.34408706
0.29693842
0.26948535
0.2571039
0.25193098
0.24986666
0.24922012
0.24917018
0.24897155
0.24904233
0.24936415
0.24977583
0.250193
0.25057197
0.2508915
0.2511445
0.25133282
0.251463
0.25154367
0.25158182
0.2515838
0.2515542
0.25149786
0.2514186
0.2513212
0.25120753
0.2510798
0.25093952
0.25079173
0.25064075
0.25049102
0.25033796
0.2501858
0.25002977
0.2498739
0.24971792
0.24955833
0.24939409
0.24922438
0.24904837
0.24887034
0.24868444
0.24848348
0.24825838
0.24801354
0.24775222
0.24747702
0.2471875
0.2468848
0.24657662
0.24625386
0.2459303
0.24561371
0.24529766
0.24497437
0.24465081
0.24431439
0.24396086
0.2435966
0.24321392
0.24282116
0.24240938
0.24198313
0.24154375
0.2410916
0.24065304
0.24026525
0.23985785
0.23941608
0.23895116
0.2384856
0.23803736
0.23760583
0.23719545
0.23684156
0.23656008
0.23631135
0.23607309
0.23585546
0.23565859
0.2354577
0.23524165
0.23501363
0.23477851
0.23454091
0.23430753
0.2340829
0.2338581
0.23363505
0.23341973
0.23320368
0.2329973
0.23279695
0.23259695
0.23238806
0.23216505
0.23192221
0.2316605
0.23137648
0.23106658
0.23072182
0.2303305
0.22988741
0.22941484
0.22904205
0.22865349
0.2281658
0.22765782
0.22718266
0.22677566
0.2264089
0.22602776
0.22552116
0.22500779
0.22453128
0.22406118
0.22364713
0.22317676
0.22267534
0.2221772
0.22167167
0.22120862
0.22072837
0.22020566
0.21972558
0.21921109
0.21873012
0.21830386
0.21785179
0.21745744
0.21710964
0.21667844
0.21627758
0.21583763
0.2153934
0.21503708
0.21467093
0.21442018
0.21419565
0.21395499
0.21376032
0.2135264
0.21318796
0.21294005
0.21266103
0.21241118
0.21220087
0.21185587
0.21151876
0.21120004
0.21088515
0.21063192
0.21034238
0.20998634
0.20965873
0.20934533
0.20906371
0.20878969
0.20847556
0.20814155
0.20785469
0.20756818
0.20725392
0.20697135
0.20662738
0.20629224
0.20593823
0.20558321
0.20526072
0.20489171
0.20448731
0.20409687
0.20369558
0.20332915
0.20290941
0.20247114
0.20205824
0.20162767
0.20119396
0.200744
0.20028374
0.19982493
0.1993412
0.19886816
0.19838162
0.19785278
0.19731173
0.1967494
0.19618073
0.19560106
0.1950254
0.19442876
0.19381155
0.19320554
0.19259362
0.19197018
0.19132242
0.19068617
0.19001757
0.1893393
0.18866014
0.18797345
0.1872443
0.18651183
0.18574467
0.18498774
0.18424295
0.1834766
0.18272936
0.18190913
0.18114515
0.18029995
0.17947875
0.17880534
0.17800921
0.1771647
0.17642719
0.17572539
0.17506179
0.17428742
0.17347784
0.17266399
0.17184654
0.17098127
0.16998544
0.16873455
0.16714816
0.1660886
0.16427402
0.1630157
0.16114932
0.16019796
0.15930384
0.15822333
0.15677375
0.15467803
0.15244925
0.15121573
0.14808585
0.14683795
0.14556547
0.14419062
0.14305273
0.1409605
0.13767196
0.13583289
0.13631536
0.13497011
0.13184707
0.13088281
0.13000122
0.13026738
0.12856157
0.1263666
0.12615368
0.12259528
0.12419122
0.12164339
0.119311206
0.118134744
0.11549882
0.11579386
0.11280796
0.11159222
0.110207096
0.10978155
0.11182582
0.108717695
0.10644033
0.10691285
0.102611594
0.10542222
0.1064674
0.09951999
0.101029694
0.104495406
0.097617626
0.10023701
0.10569217
0.100100525
0.093243375
0.09586159
0.0925409
0.09158189
0.09485838
0.09069236
0.08858121
0.0888703
0.08749398
0.0885076
0.086307235
0.08472213
0.08462191
0.0822462
0.0829051
0.08200909
0.080555044
0.08026915
0.07948498
0.08079429
0.08102196
0.077992246
0.07721422
0.07830698
0.07334697
0.07846154
0.08371821
0.076170966
0.0727425
0.07841505
0.07428016
0.07355716
0.07783441
0.07236907
0.068096265
0.06835193
0.06707043
0.06713283
0.06516549
0.06549284
0.06371725
0.06554727
0.07093916
0.0696924
0.06270904
0.06526836
0.06509643
0.061955385
0.06489239
0.066334195
0.062079545
0.061787523
0.06337426
0.05857405
0.061020296
0.06492509
0.059156764
0.05717627
0.058684785
0.055864807
0.05893021
0.058954913
0.05431719
0.05660715
0.056598634
0.05286846
0.05511459
0.053716965
0.051474594
0.051589567
0.050131537
0.050110616
0.049490504
0.04782203
0.047267884
0.04648364
0.04548356
0.044446584
0.044759035
0.04338506
0.04293501
0.04168361
0.043142147
0.04536127
0.04283346
0.040329583
0.04027162
0.0390063
0.03927301
0.038031735
0.03772559
0.037045915
0.036317136
0.035635024
0.03525908
0.034222394
0.034609754
0.03361286
0.032649253
0.03280204
0.03203488
0.03160214
0.03077104
0.030784762
0.029492034
0.030184366
0.028900558
0.030370576
0.03355235
0.031033823
0.027993482
0.02851989
0.027657485
0.028038528
0.027356785
0.02587076
0.025357647
0.025477221
0.024364335
0.024933197
0.02349324
0.02580001
0.026775273
0.023144254
0.023615763
0.023299443
0.021543272
0.021373108
0.020754397
0.020274075
0.020708501
0.019665252
0.02007775
0.019124204
0.020543907
0.020858
0.018400915
0.020762376
0.01969163
0.018359942
0.01912776
0.017115178
0.01872324
0.017343681
0.018752804
0.020305619
0.017084958
0.017634587
0.018466989
0.015698213
0.018979276
0.019771293
0.01642761
0.017309085
0.01827717
0.015342751
0.017051036
0.018206025
0.014882007
0.016007472
0.017179718
0.014314983
0.015902296
0.017099043
0.014025463
0.0151033085
0.016320681
0.013412479
0.01493245
0.016099496
0.012941318
0.014512792
0.015800202
0.012173922
0.01907617
0.024834264
0.020864591
0.013228215
0.014982249
0.019130556
0.0137276575
0.0141709745
0.017929407
0.015421836
0.01132023
0.015806224
0.01824342
0.012254814
0.016077338
0.02123552
0.01752275
0.011824455
0.01471451
0.014860585
0.010731034
0.013853672
0.014673659
0.01066026
0.012464044
0.014149601
0.010641011
0.011268039
0.012438575
0.0096660135
0.011880541
0.013191789
0.009610517
0.011041611
0.0126679735
0.009455192
0.010310315
0.011475819
0.008626461
0.011134544
0.0129122
0.00920536
0.009287432
0.010298908
0.0077251433
0.008979638
0.008104321
0.009754299
0.009481207
0.0072633647
0.007897037
0.0069123358
0.008034706
0.0073097413
0.00739351
0.0071331426
0.0063738097
0.0059078955
0.0073249303
0.0066751256
0.005643834
0.0053950143
0.0062208967
0.0055882665
0.00550556
0.0051778066
0.005197244
0.004749922
0.0054412195
0.005099932
0.004565012
0.004267375
0.0049727396
0.004446293
0.004705815
0.0044361525
0.004090695
0.0036149144
0.003714521
0.004033395
0.0033791747
0.005104757
0.0044825557
0.0033386475
0.003154658
0.0038703678
0.0032845319
0.0034701105
0.0031774081
0.003011632
0.0026879
0.0033461053
0.0029675057
0.0027535453
0.0025312582
0.002832563
0.0024567435
0.00283586
0.002553108
0.0023562168
0.0020720705
0.0029626854
0.0026478576
0.0019615141
0.001759007
0.0029292777
0.0024839435
0.0018312089
0.0016213186
0.0026939057
0.0023252396
0.0016272556
0.0014470215
0.0024973669
0.0020967948
0.0015083865
0.0011970126
0.001213818
0.001362716
0.0012724
0.0011051319
0.0012890898
0.001073481
0.00089763297
0.0014502796
0.0009400289
0.0022206262
0.0018374918
0.0009933459
0.00083968544
0.0014665134
0.001109824
0.001308719
0.0011106213
0.00090643
0.00066478667
0.0018138442
0.0015908673
0.00053268636
0.0004416497
0.0016237411
0.0010534899
0.00094579306
0.00073204696
0.0009199443
0.00072338263
0.00077759865
0.0005503266
0.001026155
0.00083426124
0.0005090221
0.00036332253
0.0011630277
0.00093021203
0.00037410666
0.00026941072
0.0012083522
0.00095393835
0.00027354952
0.00020042145
0.0011785623
0.0008617548
0.0002602616
0.00017576404
0.0010021786
0.00074268435
0.0002262001
0.00015893576
0.0008306858
0.0005703217
0.00025213743
0.00016376724
0.00064959587
0.00045640933
0.00022129278
6.315675e-05
0.0006526396
0.0005206028
0.00077031204
0.00013339914
0.0015418492
0.0016213582
0.0002627523
0.0016936681
0.0023775601
0.00031758923
0.0020671338
0.003650437
0.0011179465
0.00024169487
0.00052569987
6.271564e-05
0.00031890374
0.00021958463
0.0001886121
0.00017777618
0.00010831769
0.00038735432
0.00016062296
0.001011004
0.0008889081
3.136396e-05
0.00084819586
0.00053651945
0.0006639306
0.0007750957
0.0001064244
1.0735953e-05
0.0011419654
0.0010806599
0.00026668768
0.0014804795
0.0010256594
0.000104503364
0.00034489686
1.0772888e-05
0.00013258719
2.1775866e-05
0.0004832385
0.0002970487
0.0006450381
0.00050342287
2.8133363e-05
2.3900635e-05
0.00029715968
0.00018593088
9.4023264e-05
2.0347128e-05
0.0009215463
0.00074629026
5.9848266e-05
0.00078437396
0.00092953135
1.3073346e-05
0.002175905
0.0045760474
0.0015405797
2.7078699e-05
0.0022326335
0.0023123838
0.000100880694
0.001467188
0.0007688358
4.5761662e-05
0.0010180298
0.0013834566
7.099057e-05
0.00087973
0.0022097423
0.00029326277
8.887428e-05
0.0002429067
5.1314787e-06
6.052723e-07
