0.4074074
0.34898573
0.3039132
0.27227426
0.25634027
0.2506075
0.24914862
0.24933663
0.24903445
0.24871965
0.24912822
0.24985912
0.25066906
0.25143418
0.25209907
0.25264326
0.25306526
0.25337464
0.25359708
0.25374353
0.25381953
0.253833
0.2537952
0.25371885
0.25361142
0.25347793
0.2533209
0.25314245
0.25294244
0.25272202
0.2524782
0.25222614
0.2519946
0.25174847
0.25148967
0.25122163
0.25097165
0.25072038
0.25046104
0.25019622
0.24991937
0.24962653
0.24932235
0.24900694
0.24869637
0.2483903
0.24808726
0.2477616
0.24742936
0.24709992
0.24676962
0.24642599
0.24605687
0.24566291
0.24528499
0.24493757
0.24459489
0.24410622
0.24395178
0.24375133
0.243431
0.2427234
0.24217358
0.24188249
0.24180838
0.24171174
0.24151845
0.24098215
0.24047174
0.2401167
0.23981084
0.23956403
0.23897694
0.23810126
0.2373921
0.23680545
0.2363824
0.23538387
0.23448467
0.2337935
0.23329532
0.23322126
0.23234285
0.23122004
0.23050047
0.23000947
0.22993091
0.22890356
0.22697337
0.22624345
0.2252415
0.22375025
0.22323382
0.22378018
0.22249566
0.21942702
0.21793723
0.21664546
0.2148262
0.21410221
0.21382803
0.21235421
0.20985255
0.20846567
0.20712164
0.20552215
0.20443141
0.20340818
0.20250534
0.20169407
0.20068349
0.19988659
0.19913687
0.19794488
0.19683504
0.19585714
0.19492033
0.19420916
0.1927929
0.19177298
0.19045572
0.18971236
0.18852961
0.18712233
0.18583328
0.18468587
0.18324642
0.18076575
0.17929667
0.17725205
0.17585315
0.17384759
0.17372127
0.17215201
0.17064565
0.16951844
0.16899063
0.16811264
0.1658464
0.16492596
0.16298115
0.16281243
0.16362096
0.16242024
0.16014771
0.15864655
0.1575561
0.1563016
0.15542035
0.15495963
0.15454797
0.1539605
0.15317485
0.15216307
0.1511417
0.15022485
0.14928402
0.14830373
0.14730515
0.14634447
0.145373
0.14439403
0.14331791
0.14217544
0.14095275
0.13974915
0.13851398
0.13728209
0.13602999
0.13472912
0.13335633
0.13192903
0.13052851
0.12910196
0.12761275
0.12608041
0.12452523
0.12289108
0.12122251
0.119569175
0.117957875
0.11628878
0.11465943
0.11304957
0.11146075
0.10975502
0.10814825
0.106637195
0.10519603
0.10378219
0.10237113
0.10094476
0.09950832
0.098059274
0.09661107
0.0951617
0.093702696
0.09224109
0.09077492
0.0893336
0.08791235
0.086515725
0.08515531
0.0838228
0.082536556
0.081295155
0.08003833
0.07879457
0.07761651
0.07645725
0.075287335
0.07415087
0.07300758
0.071907245
0.0708157
0.069746636
0.06871614
0.06764772
0.066604726
0.065549076
0.064513944
0.06349532
0.062438495
0.061384995
0.060346868
0.059348453
0.058314707
0.057300102
0.05629786
0.055285066
0.054280926
0.053335555
0.052400287
0.05149928
0.050643016
0.04978795
0.048917234
0.04804613
0.047190215
0.046374492
0.04558564
0.044865765
0.045545105
0.04635571
0.045199078
0.044157222
0.044584155
0.047032636
0.048942685
0.04358534
0.048307244
0.04366662
0.04861442
0.05937129
0.05007311
0.04190805
0.045401294
0.040894717
0.04379994
0.041102365
0.041945007
0.040927153
0.04954226
0.055965226
0.04443528
0.050904665
0.067588165
0.048863325
0.043132123
0.05749223
0.054960087
0.039675146
0.05746769
0.06984503
0.046092723
0.043814365
0.06312951
0.0632408
0.044012
0.048805796
0.077369936
0.061318904
0.037988666
0.06084345
0.08609245
0.07798499
0.04872278
0.044676267
0.07403356
0.064561814
0.039413556
0.0529381
0.07455457
0.0685436
0.045309883
0.037942562
0.03998402
0.03699247
0.04000046
0.039876636
0.03642059
0.03963282
0.036806207
0.0412437
0.050873846
0.04625391
0.036829777
0.04337553
0.03914157
0.038107377
0.0465817
0.046057787
0.03837514
0.0371892
0.03783953
0.035455722
0.0372469
0.035334546
0.037464216
0.036164433
0.036859993
0.04099229
0.038010973
0.035100844
0.03461672
0.03583281
0.035248917
0.033770643
0.033485692
0.0338262
0.03276135
0.034346588
0.03391286
0.032026112
0.031639922
0.032575794
0.03143573
0.03230644
0.032006577
0.030626435
0.03019531
0.03138758
0.030541396
0.03056131
0.030119365
0.029783089
0.029211951
0.030221874
0.02957318
0.028877204
0.028463375
0.029514205
0.02879928
0.028265918
0.027900675
0.028549654
0.027881548
0.027842728
0.027439274
0.027642393
0.027137427
0.027401244
0.026949538
0.02696064
0.026490605
0.0267929
0.026263379
0.026678216
0.026189283
0.02593604
0.025454953
0.026380857
0.025221672
0.027834263
0.028927013
0.025366144
0.02908532
0.028454043
0.025608158
0.030001326
0.028080165
0.024811847
0.025053462
0.024002198
0.023837376
0.024196297
0.023431959
0.026083976
0.025321085
0.02271431
0.022351291
0.023657493
0.022653637
0.022988895
0.022741223
0.02187851
0.021355228
0.0228081
0.022130767
0.021276481
0.021003567
0.021373022
0.020715162
0.021390751
0.021018792
0.020364262
0.019991264
0.020996427
0.020398865
0.019975405
0.019608226
0.02029325
0.019765304
0.019512841
0.01910732
0.019829346
0.019343259
0.019002989
0.01859648
0.019430157
0.018915907
0.01839536
0.017907867
0.019617306
0.017810782
0.022350837
0.025349429
0.020620497
0.017993163
0.01887653
0.017148446
0.018226365
0.016961362
0.019702649
0.01775764
0.018770026
0.020408431
0.016848795
0.019476589
0.019618448
0.015869576
0.015726298
0.016937245
0.015988205
0.01727119
0.017079443
0.015235662
0.014914268
0.016800977
0.015853478
0.015309291
0.015082444
0.015232996
0.014632585
0.015620321
0.015150225
0.014282072
0.013929034
0.015466341
0.014840891
0.013946175
0.01364052
0.014992673
0.014381594
0.013631858
0.013312682
0.01459844
0.0140319485
0.01332137
0.013006541
0.014161236
0.013580212
0.013120648
0.012777584
0.013690556
0.013152723
0.012926552
0.012580846
0.013262484
0.0127709545
0.01271085
0.012343777
0.012949092
0.01245846
0.012516018
0.012145807
0.012547348
0.012089896
0.012380627
0.011974665
0.012238653
0.011805203
0.012175713
0.011784736
0.011963022
0.011536527
0.011969543
0.011569658
0.011659336
0.011262406
0.011748396
0.01132252
0.011471374
0.01107173
0.011489234
0.011091878
0.011199668
0.010784906
0.0113326525
0.010944846
0.010878671
0.010508039
0.011127691
0.010703029
0.0106645385
0.010297807
0.010880782
0.010478937
0.010431759
0.010055698
0.010626858
0.010212148
0.01023161
0.009854944
0.010364042
0.009960416
0.010012087
0.009621742
0.010145405
0.00973935
0.009804885
0.009407467
0.009917442
0.00950942
0.009575479
0.009184925
0.009725834
0.009311754
0.009365649
0.008988986
0.009467773
0.009057383
0.009154594
0.008774489
0.009236194
0.008817126
0.008952986
0.008568689
0.008990399
0.008594605
0.008739431
0.008362413
0.008743435
0.0083406195
0.008595942
0.0076452284
0.012849079
0.015114093
0.010111098
0.008732026
0.010221685
0.00759886
0.011982313
0.013771975
0.008917122
0.009291439
0.011293522
0.0076389126
0.010319937
0.012008601
0.007983784
0.009843825
0.012140462
0.007053824
0.015161177
0.022506727
0.017830845
0.00838942
0.012898713
0.016253134
0.0071438095
0.021105587
0.03442061
0.03227224
0.015815774
0.0093193585
0.017364925
0.011558185
0.008828952
0.0109772915
0.007887126
0.009475969
0.010926833
0.007113542
0.0109108025
0.01301498
0.008294525
0.0083169965
0.010176457
0.006661806
0.01008344
0.011924669
0.0075640706
0.00861746
0.01081825
0.0066485307
0.009228995
0.011090439
0.007104351
0.008641976
0.010882615
0.0065360432
0.008747974
0.010498814
0.006728033
0.00872232
0.011059754
0.006477667
0.0083254455
0.010064159
0.0064356453
0.008717838
0.0111011565
0.0063798553
0.007995107
0.009670793
0.0061553153
0.008657932
0.011043069
0.0062574972
0.007730032
0.0093254
0.005926722
0.008628793
0.01108596
0.006198217
0.0074117635
0.00902222
0.0057072337
0.008489233
0.010889517
0.0060253674
0.0072066793
0.00878377
0.005490835
0.008436076
0.010956231
0.00599473
0.0068303617
0.008345224
0.005218714
0.008453079
0.010954835
0.005877746
0.006618872
0.008151093
0.005038491
0.00828616
0.010819049
0.0057480033
0.00634853
0.007841826
0.0048161196
0.008256786
0.010814131
0.0056687808
0.0060895775
0.0075599723
0.0046242294
0.008125433
0.010630168
0.0055058473
0.005912302
0.0073755593
0.00446346
0.0079365615
0.010441231
0.005350869
0.005713634
0.0071592154
0.004272662
0.007843793
0.010384817
0.005254102
0.005443419
0.0068445206
0.0040574707
0.0078278305
0.010429272
0.0041961325
0.010077851
0.017223163
0.013004895
0.004856346
0.009988237
0.01831387
0.008212278
0.0055875657
0.009755913
0.006980874
0.0038310857
0.003982941
0.00395664
0.0034406132
0.0069724554
0.0068224585
0.0032497304
0.009082101
0.011551306
0.0062518916
0.0035021524
0.004400576
0.002959762
0.0028664938
0.0036017522
0.0027819148
0.0058745435
0.0061213626
0.0025295732
0.008350188
0.011325219
0.006197693
0.0024448778
0.002969144
0.0023070313
0.0021487616
0.0027390842
0.0020139616
0.00641859
0.00685923
0.0022397076
0.006414167
0.00956819
0.005015007
0.0020522706
0.0025201987
0.0018774021
0.0016638617
0.0022353458
0.0015626192
0.005090859
0.004753397
0.0015026038
0.006532174
0.008506167
0.0037187792
0.0021182224
0.0033330496
0.0012727855
0.005222816
0.006744176
0.00260913
0.0025953962
0.0043132277
0.0014630121
0.0038516638
0.0052530747
0.0019444237
0.0031669047
0.0051181754
0.0015977724
0.0031666008
0.0045060907
0.00162612
0.0033762723
0.005294004
0.0016340835
0.0028888823
0.0042314227
0.001462521
0.003446417
0.005411487
0.0016640896
0.002619211
0.0039130305
0.0013098621
0.0035209167
0.005529196
0.0016836791
0.0024223872
0.0036467086
0.0011771508
0.0035777416
