0.4074074
0.3459861
0.29941836
0.267986
0.2535254
0.24954158
0.24967869
0.2496915
0.24887541
0.2492082
0.25095183
0.2532005
0.25548786
0.25759286
0.25942096
0.2609537
0.26222676
0.26326355
0.26407403
0.2646977
0.26516542
0.26551273
0.265758
0.26589254
0.26595008
0.26595035
0.26590145
0.26581696
0.2656662
0.26554298
0.26541737
0.26538068
0.26525444
0.26505035
0.26483402
0.26452553
0.2642997
0.26404378
0.26387733
0.26357427
0.26305607
0.26266295
0.2622282
0.26207256
0.2613692
0.2604416
0.2598962
0.25933585
0.25870708
0.25812453
0.2576173
0.25717372
0.25670704
0.2562001
0.2556438
0.25506368
0.25444746
0.25376537
0.2531013
0.25298387
0.2514019
0.24983114
0.24834737
0.246802
0.24576849
0.24525627
0.2437
0.24150436
0.24022596
0.23888777
0.23756197
0.23696835
0.23660442
0.23550802
0.234214
0.2332931
0.23256028
0.23183827
0.23128414
0.23101272
0.23021764
0.22905171
0.22835976
0.22768936
0.22711667
0.22706631
0.22613937
0.22496612
0.2243136
0.22364354
0.22306527
0.22273616
0.22210668
0.22106373
0.22017352
0.21940202
0.21860035
0.21800856
0.21710138
0.21612337
0.2152068
0.21464677
0.21383457
0.21256632
0.21173055
0.21122444
0.21017349
0.2093391
0.20874882
0.20792335
0.20689349
0.2059188
0.20646024
0.20468542
0.20336896
0.20242526
0.20061442
0.2018744
0.19920053
0.19667356
0.19580255
0.1933792
0.19342655
0.19374059
0.18896422
0.18767822
0.18632011
0.18356003
0.1843707
0.18348688
0.17773725
0.17698559
0.17502104
0.172122
0.17299494
0.17023851
0.16600758
0.16493177
0.16159731
0.16143565
0.15991546
0.15586607
0.1575284
0.1555164
0.15046148
0.1500142
0.14727224
0.1451635
0.14568236
0.14346279
0.14137727
0.13941526
0.13712044
0.13673106
0.13600428
0.13398278
0.13292526
0.13222896
0.1306538
0.12964775
0.12855299
0.12633888
0.124662906
0.12285326
0.12138571
0.12054022
0.11855516
0.11702932
0.11553354
0.11387214
0.11293971
0.11102095
0.108872406
0.10699658
0.10525304
0.103936754
0.102158025
0.100369215
0.098748714
0.09694853
0.09556877
0.09416364
0.09256041
0.090983875
0.08943289
0.08774829
0.0862001
0.08470248
0.083287634
0.081917204
0.08042793
0.07897812
0.0775184
0.07602878
0.074401096
0.07268647
0.0708825
0.06906318
0.06731649
0.06555337
0.0639934
0.062438425
0.060813773
0.059239544
0.057860736
0.056526043
0.055300396
0.05366609
0.052283257
0.051099062
0.04942057
0.048457626
0.047068242
0.04561959
0.044767633
0.0431242
0.042661812
0.04049037
0.043865472
0.0487354
0.046241976
0.040139463
0.039897826
0.040157896
0.03717943
0.03854875
0.037581727
0.035829704
0.03518363
0.035176452
0.034410547
0.03469022
0.034175165
0.033145506
0.032480624
0.03227737
0.031279337
0.032235578
0.031456694
0.030229708
0.02943004
0.029947815
0.029462593
0.028796619
0.02772295
0.028495524
0.028600162
0.027443375
0.027431723
0.025921104
0.028376065
0.029698642
0.026786324
0.026723621
0.026451774
0.024674706
0.024756776
0.024064023
0.023954853
0.023245595
0.022791108
0.022545382
0.021904195
0.021658823
0.020900616
0.0204646
0.019933822
0.019368298
0.018786099
0.01869304
0.017777251
0.017444033
0.017151048
0.016487366
0.016205538
0.015793258
0.015288989
0.0147772655
0.0148719195
0.014243129
0.014388555
0.013621049
0.01413193
0.013607415
0.013191274
0.013096568
0.012911371
0.012494328
0.0127967475
0.012338576
0.012025718
0.011773691
0.012001919
0.011543811
0.011645688
0.011380806
0.011183479
0.010889832
0.011230061
0.010897338
0.010653698
0.010360402
0.010753646
0.010440181
0.010107547
0.0098521225
0.010257758
0.00992082
0.009613678
0.009341242
0.009787698
0.009470812
0.009104947
0.00884409
0.009372187
0.00905154
0.00861101
0.008361783
0.008979995
0.008651588
0.008136256
0.007908685
0.008481268
0.008137228
0.0077619622
0.007502949
0.007982536
0.0076595037
0.007376792
0.0071338457
0.007498038
0.007192374
0.0070714913
0.006816359
0.007107367
0.0068343403
0.0066926167
0.0064437077
0.0067960112
0.0065293056
0.0063156113
0.006075647
0.0065323217
0.0062713167
0.0059092673
0.0056794714
0.006350343
0.006073454
0.0054801214
0.00527381
0.0061585885
0.0058462345
0.005067774
0.0048860935
0.005816558
0.0054609757
0.004729124
0.0045192544
0.005398506
0.0050566765
0.004386843
0.00421348
0.00473129
0.004366414
0.004320386
0.004097757
0.004176811
0.0039218147
0.004079451
0.003845845
0.0038518757
0.0036174182
0.0038501052
0.0035956574
0.0035928749
0.0033909185
0.0035258199
0.0032807263
0.003441513
0.0032243968
0.0032327569
0.003014698
0.0032742156
0.0030526016
0.0029606738
0.0027552268
0.0031328993
0.0029097649
0.0026925146
0.0025129255
0.002975669
0.0027181755
0.0025073066
0.0023282717
0.002766066
0.0025354396
0.0022966478
0.002123493
0.002618046
0.002381452
0.0020972048
0.0019320591
0.0024780864
0.0022440052
0.0019037223
0.0017548103
0.002303096
0.0020547516
0.001757338
0.0016031613
0.0021235824
0.0019005155
0.0015928202
0.0014488332
0.0019683042
0.0017337737
0.0014689452
0.0013195031
0.0018030258
0.0015883195
0.0013232018
0.0011859727
0.0016314788
0.0014186705
0.0012282373
0.0010800371
0.0014792266
0.0012928772
0.0010965498
0.0009566843
0.0013691917
0.001184802
0.0009825203
0.00084036426
0.0012640926
0.0010871947
0.0008637501
0.0007416709
0.0011499759
0.0009738257
0.0007901048
0.0006582267
0.0010433431
0.0008781054
0.00070429017
0.00058785867
0.0009369324
0.000777625
0.0006434624
0.00051891047
0.0008411676
0.00069203536
0.0005813821
0.00046454277
0.0007516722
0.00060941884
0.0005561087
0.00042713332
0.0006750811
0.0005453342
0.00051022833
0.0003992655
0.00059354765
0.00046603236
0.0005304634
0.00039629257
0.00050299143
0.00039153546
0.0005159815
0.00039971326
0.00041869155
0.0003145232
0.00056895847
0.0004219271
0.0003401637
0.00025299517
0.0005481239
0.00042506855
0.00027105495
0.00019114537
0.00060567644
0.00045258764
0.00021119637
0.00014875256
0.0005783293
0.00043340356
0.00017587494
0.00011957456
0.0005577478
0.00040754885
0.0001463346
9.618604e-05
0.0005082783
0.00036687884
0.00013006941
8.425191e-05
0.00045979244
0.00032502945
0.000113868366
6.895389e-05
0.00041749017
0.00029798134
9.6774886e-05
5.736263e-05
0.00038892546
0.00027003922
8.194006e-05
4.5307937e-05
0.0003569669
0.00024978508
6.5215965e-05
3.5979603e-05
0.00034135496
0.00022781809
5.398507e-05
2.5492232e-05
0.00031838793
0.00021924176
3.7781185e-05
1.8298833e-05
0.00029933668
0.00020252855
2.7908136e-05
1.1089824e-05
0.0002950206
0.00020081832
1.7101936e-05
6.2551703e-06
0.00028252858
0.0001913482
1.0029671e-05
2.9719313e-06
