0.4074074
0.34921753
0.3043272
0.27272132
0.2566465
0.25070897
0.24904631
0.24917749
0.24891572
0.24839862
0.24858052
0.2491702
0.24989487
0.25060898
0.25124082
0.2517674
0.2521841
0.2524966
0.2527101
0.25283384
0.2528798
0.25286222
0.2527885
0.2526675
0.25251338
0.25233147
0.25212002
0.2518846
0.25162306
0.25134522
0.25105816
0.25075907
0.25045234
0.25013778
0.24982515
0.24951458
0.24921528
0.24893296
0.24865773
0.24836084
0.24802604
0.2476845
0.24735132
0.24702361
0.24669284
0.24635589
0.24600083
0.2456242
0.24529754
0.24499151
0.244661
0.2443015
0.24402404
0.2438301
0.24364923
0.24345814
0.2432491
0.24301688
0.24281903
0.24264872
0.24249041
0.2423354
0.24216874
0.24198586
0.24179931
0.24161579
0.24141607
0.24123412
0.24104287
0.24086873
0.24067308
0.24048418
0.24032728
0.24020578
0.2400574
0.23983875
0.23958725
0.23929645
0.23903018
0.2387605
0.23848608
0.23815958
0.23779322
0.23744737
0.23704597
0.23667413
0.23625968
0.23585036
0.23542315
0.23491803
0.23445548
0.23394386
0.23339494
0.23291515
0.23239696
0.23192105
0.23145938
0.23092894
0.23037612
0.22989777
0.22935626
0.22886984
0.22837663
0.22781456
0.22729306
0.2267821
0.22621837
0.2257572
0.22538437
0.2250443
0.22477314
0.22457115
0.22439054
0.22427134
0.22411251
0.2239146
0.22376433
0.22358574
0.22343214
0.2232896
0.22309749
0.2228689
0.22268885
0.22248802
0.22230874
0.2221577
0.22196738
0.22175469
0.2215948
0.22141887
0.22127213
0.22116305
0.22101386
0.22083536
0.22071315
0.22058669
0.22047602
0.2203916
0.22028501
0.2201537
0.22003384
0.21992646
0.2198128
0.21972181
0.21961662
0.21947727
0.21935263
0.21924217
0.21911539
0.2190125
0.21892019
0.21880701
0.21869898
0.21861137
0.21852033
0.21843903
0.2183525
0.21825764
0.21816134
0.21808204
0.21798077
0.21787852
0.21776879
0.21764483
0.21752188
0.21740307
0.21726134
0.21710211
0.21693587
0.21675582
0.21656474
0.2163592
0.21613698
0.21588877
0.215626
0.21534285
0.21504216
0.21472019
0.21437663
0.2140131
0.21362875
0.21321075
0.21276638
0.21229185
0.21177445
0.21120854
0.21060644
0.20996028
0.20925076
0.20848212
0.20767263
0.20681763
0.20591404
0.20496199
0.20396268
0.20292932
0.20183767
0.20069881
0.19949007
0.19822522
0.19691616
0.19556244
0.19414954
0.19268572
0.19116493
0.18959343
0.18797012
0.18630397
0.18461435
0.18291335
0.18120252
0.17945684
0.17770591
0.17600048
0.17430207
0.17266482
0.17109443
0.1695449
0.16800642
0.16653888
0.16513208
0.16365099
0.16243629
0.16102369
0.15958649
0.15848768
0.15734348
0.15609236
0.15524171
0.15430284
0.15338406
0.15272875
0.1521983
0.1519725
0.1514332
0.15082638
0.15013874
0.14954521
0.14926188
0.14941955
0.1491512
0.14888553
0.14845333
0.14844309
0.14825849
0.14772972
0.14714904
0.14710708
0.14689332
0.14706852
0.14711906
0.14713323
0.14771503
0.14792687
0.14824076
0.14861676
0.14878969
0.14876202
0.14851116
0.14865446
0.14841473
0.14870147
0.14909248
0.1490587
0.14909907
0.14875667
0.1485678
0.14861844
0.14855358
0.14834858
0.14817393
0.14808106
0.14848308
0.14884233
0.14863376
0.14900912
0.14897442
0.14847681
0.14890806
0.1490983
0.14853634
0.1486931
0.14867815
0.14821793
0.14842394
0.1476136
0.14710957
0.14635167
0.14596012
0.14619616
0.14623477
0.14589414
0.14578502
0.14551584
0.14574483
0.1460629
0.14564182
0.14510058
0.14496762
0.14504595
0.14536893
0.14561355
0.14562052
0.14507827
0.14486775
0.14476869
0.14508495
0.14570968
0.14584933
0.1454541
0.1456202
0.14627954
0.14701338
0.147471
0.14805466
0.14814363
0.14824495
0.14920357
0.14995335
0.15043382
0.15071686
0.15096226
0.15116794
0.1515673
0.15133862
0.15156281
0.15205649
0.15177546
0.15184729
0.15182692
0.15145285
0.1514079
0.1514011
0.15197162
0.15203744
0.15152776
0.15182954
0.15113555
0.15179177
0.15263164
0.15223397
0.15177502
0.15200514
0.15046452
0.15074147
0.15082932
0.14927155
0.14940903
0.15038462
0.14895646
0.14926031
0.14978598
0.14911191
0.14890423
0.14965546
0.1493315
0.15049194
0.15135743
0.1509901
0.15157387
0.15233684
0.1523218
0.15350153
0.15500356
0.15499434
0.15601943
0.15665837
0.15607958
0.15722138
0.15804271
0.1569849
0.1577431
0.15765667
0.1564274
0.15669864
0.15637156
0.15480195
0.15566523
0.15587181
0.15533127
0.155291
0.15520987
0.15433356
0.15321104
0.15398932
0.15393779
0.15506864
0.15659384
0.15743746
0.15767053
0.15875979
0.15927485
0.15978973
0.1607493
0.16151863
0.16247062
0.16415773
0.16382423
0.16412944
0.16528499
0.16541581
0.16601624
0.16692995
0.166688
0.16751795
0.1669002
0.16633518
0.16736656
0.16617957
0.16468842
0.16482294
0.16432393
0.16301183
0.16291864
0.16282244
0.162165
0.16116932
0.15983757
0.15944359
0.15973969
0.159976
0.16077669
0.16103207
0.16208057
0.16261749
0.162159
0.16270167
0.16341726
0.16359648
0.16442394
0.16618283
0.16756606
0.16966012
0.17130868
0.17278548
0.17457406
0.17657731
0.177415
0.178152
0.17889532
0.17957388
0.18022336
0.18013509
0.17978561
0.17934145
0.17785165
0.17942968
0.17883877
0.17672811
0.17647938
0.17478184
0.17526495
0.17525667
0.17303255
0.17051914
0.16874911
0.16766073
0.1670492
0.16598618
0.16599002
0.16607746
0.16631532
0.16697897
0.16688757
0.16712816
0.16799568
0.16902441
0.1705822
0.17184883
0.17270805
0.1737596
0.17498007
0.17630275
0.17815726
0.17899618
0.17985293
0.18061654
0.18159977
0.18357714
0.18525688
0.18695742
0.18868968
0.1896628
0.19056523
0.19040765
0.1903353
0.18930611
0.18886809
0.18814875
0.18531531
0.18501455
0.18191434
0.17780529
0.17542621
0.17145234
0.16844638
0.16658576
0.16150711
0.1596629
0.15893619
0.15713558
0.15550701
0.15597548
0.15666434
0.15665701
0.1570622
0.15789357
0.15852042
0.15998776
0.16146886
0.16325398
0.16437246
0.16501804
0.16561717
0.16670632
0.16828202
0.17025767
0.17164443
0.1733398
0.17499492
0.17614414
0.17683256
0.17788851
0.17922857
0.18069656
0.18177263
0.18355855
0.1852748
0.18629578
0.18768431
0.18874569
0.18963173
0.19142805
0.19309111
0.19489467
0.19528084
0.19624387
0.19577493
0.19593523
0.19337472
0.1895446
0.18747221
0.18483566
0.18168814
0.17894207
0.17540948
0.1723565
0.16940099
0.16732913
0.16710573
0.16735451
0.1668546
0.16604221
0.16558109
0.1664044
0.1675828
0.1686812
0.16950427
0.16999589
0.1702082
0.17222512
0.17380397
0.17619482
0.17845273
0.18024378
0.181112
0.18124703
0.18143907
0.18158136
0.1825391
0.18378988
0.1856423
0.18764411
0.1888116
0.19042194
0.19222824
0.19455476
0.19706172
0.19876589
0.2009522
0.20280653
0.204521
0.20639396
0.20829478
0.20892386
0.20957384
0.20925349
0.20880514
0.20809415
0.20819886
0.20861734
0.20886667
0.20847596
0.20548004
0.20348665
0.20046091
0.19631925
0.19007285
0.18334173
0.17845146
0.17323835
0.16960749
0.16710857
0.16409776
0.16103695
0.15972671
0.15932228
0.15913908
0.15856974
0.15859583
0.15954116
0.16005889
0.16116151
0.16199926
0.16262068
0.16380915
0.16515628
0.16703948
0.16798271
0.16932154
0.1710047
0.1728089
0.17499655
0.17667685
0.17875665
0.18127899
0.18385173
0.18608037
0.1881492
0.18925115
0.19046573
0.19188513
0.19281356
0.1939521
0.19500136
0.19690977
0.19891448
0.20042351
0.20247567
0.20329411
0.20356086
0.20586368
0.2078248
0.20936473
0.21092367
0.21240109
0.21342324
0.2137811
0.21395175
0.21479769
0.21565223
0.2168112
0.21695615
0.21825874
0.21815376
0.21726991
0.2146954
0.20921737
0.20535149
0.20050353
0.19688036
0.19280778
0.18497524
0.1795514
0.17445962
0.17050055
0.169323
0.1669834
0.16351965
0.16239712
0.16201946
0.16206358
0.16194889
0.16304244
0.16419661
0.16532244
0.1664696
0.16768819
0.169852
0.17178433
0.17330264
0.17446633
0.17676024
0.17863637
0.18050407
0.18250613
0.18517372
0.18751973
0.18955612
0.1915722
0.19320463
0.19490483
0.19653572
0.19774833
0.19924462
0.20104659
0.20252171
0.20416355
0.20542699
0.20640196
0.20744555
0.20928384
0.21144328
0.21442205
0.21698064
0.2183535
0.21026647
0.19908974
0.18969637
0.18162167
0.1757386
0.1712226
