0.096731134
0.023250835
0.120883465
0.048699304
0.041111536
0.03715506
0.041686486
0.04344998
0.03407787
0.025701568
0.029686842
0.03455393
0.033856563
0.02973776
0.02605613
0.021182565
0.016277378
0.018328883
0.021098446
0.019084778
0.014494597
0.01125664
0.011405095
0.012381952
0.012339243
0.01140067
0.010186139
0.009350509
0.009477524
0.009837053
0.009265693
0.008291435
0.008743202
0.009391413
0.008808047
0.007870411
0.00805395
0.008435605
0.0082111675
0.007779839
0.007536442
0.0077170264
0.007816138
0.0074405544
0.0073974314
0.0074940585
0.007277369
0.0073228
0.007398772
0.0072795637
0.0071842177
0.0072864247
0.0071941437
0.007224392
0.007255926
0.00712927
0.0071737003
0.0071703847
0.0071111596
0.0071179466
0.0070951856
0.0070699058
0.0070833536
0.007075082
0.007042338
0.0070284843
0.007061702
0.00700534
0.0070107644
0.007012363
0.006940989
0.0069849775
0.0069642696
0.00688049
0.0068463455
0.006839487
0.0068041617
0.0067706457
0.00675257
0.0066864192
0.0066522122
0.0066061914
0.006609076
0.006526625
0.006530401
0.006499874
0.006388019
0.006375565
0.0063166064
0.0062469747
0.0061979815
0.006148211
0.006096966
0.006101536
0.0060366513
0.0060074995
0.005974476
0.0059387335
0.0059157237
0.0058913385
0.005869554
0.005858366
0.005803693
0.005917181
0.005916541
0.005771602
0.0058367816
0.005863481
0.0057407687
0.005771707
0.005824865
0.005725805
0.0056822463
0.0057232953
0.0056455187
0.005656304
0.0056725233
0.0055761877
0.0057158493
0.0057595824
0.0055779256
0.0056204307
0.005702484
0.005610929
0.005510679
0.0056016147
0.0056204144
0.005527787
0.0054806825
0.005588338
0.005500667
0.005457274
0.005471973
0.005433997
0.005423264
0.0054256497
0.0053856517
0.005380337
0.005367887
0.005354723
0.0053332625
0.005350842
0.005327939
0.005318045
0.0053046704
0.005296542
0.0052938354
0.0052716807
0.005260244
0.005247921
0.005250445
0.005241923
0.0052001327
0.0052340487
0.005201163
0.0051775086
0.0051632724
0.005214811
0.005156477
0.0052781263
0.0052273558
0.005186022
0.0051621436
0.005194378
0.0051805936
0.005107931
0.005093431
0.0051489836
0.0051138517
0.0051426976
0.005101238
0.0051094075
0.0050805956
0.0050896243
0.005082308
0.005058736
0.005045167
0.0050446163
0.0050155986
0.0050544124
0.005025994
0.005010893
0.004985124
0.005033734
0.0050137616
0.0049613933
0.004944921
0.0049902378
0.0049689044
0.004939928
0.00491471
0.0049769785
0.004955806
0.0048960345
0.0048808553
0.0049400413
0.004915421
0.0048738676
0.0048545483
0.004902469
0.004875523
0.0048535885
0.00483634
0.004860323
0.00484009
0.0048259194
0.0048095607
0.0048208246
0.004799031
0.004804055
0.0047821226
0.0047917566
0.0047668987
0.004779805
0.004760206
0.0047516627
0.0047346726
0.004744459
0.004724705
0.0047227843
0.0047037327
0.0047125486
0.0046928595
0.004689975
0.0046676295
0.0046922727
0.004671277
0.004650725
0.0046303314
0.0046662763
0.0046439148
0.0046151225
0.0045960387
0.004635388
0.0046106363
0.0045854864
0.004567604
0.0045947363
0.0045714593
0.0045570894
0.0045390814
0.0045531453
0.004529926
0.004530403
0.004509182
0.0045181974
0.0044958834
0.0044956245
0.0044720895
0.0044899993
0.0044705253
0.0044487338
0.004426999
0.0044665374
0.0044447207
0.0044054147
0.004384707
0.0044360054
0.004410377
0.0043656235
0.0043432126
0.0044025197
0.004377221
0.004321891
0.004299122
0.0043712514
0.004346489
0.0042728027
0.004249614
0.0043411157
0.004307732
0.0042301523
0.0042082607
0.0042911507
0.004257109
0.004187541
0.004166171
0.0042321226
0.0041988348
0.004151831
0.004131306
0.0041661477
0.004136482
0.004112741
0.0040906332
0.0041061617
0.0040786853
0.00407071
0.0040489137
0.004052832
0.004027039
0.0040243673
0.0039974353
0.0040096957
0.003981098
0.0039768773
0.0039516827
0.003958822
0.003928715
0.00393154
0.0038986597
0.0039221
0.0038930413
0.0038728905
0.003844036
0.00387944
0.0038488538
0.0038227956
0.0037980953
0.003827157
0.0037975938
0.0037779824
0.003760919
0.0037674634
0.00373686
0.003756845
0.0037377346
0.0036940798
0.0036690459
0.0037241227
0.003693826
0.0036502583
0.0036299783
0.0036668014
0.0036355064
0.003620267
0.0035926811
0.003604681
0.0035665035
0.0035871472
0.003549189
0.0035610348
0.0035292048
0.0035311275
0.0034924152
0.003519681
0.0034779382
0.003495876
0.0034608173
0.0034651475
0.0034329675
0.003455425
0.00341474
0.0034324375
0.003391304
0.0034073147
0.0033553066
0.003409966
0.0033622733
0.0033540144
0.003320564
0.0033675502
0.003320267
0.0033315883
0.003322618
0.0032934009
0.0032664665
0.0032939168
0.0032657506
0.0032751502
0.0032801295
0.0032190448
0.0032703097
0.0032211214
0.0031991522
0.0032217987
0.00313836
0.00325983
0.0031975957
0.003227262
0.0032259119
0.0031467518
0.0031476906
0.0031135469
0.0031177166
0.0031275637
0.0031695098
0.0030883653
0.0030955072
0.0030818102
0.0030657407
0.0030480693
0.0030469762
0.003030193
0.002997644
0.003036239
0.0029841643
0.0030406774
0.0030124674
0.0029758422
0.0029396517
0.0029879066
0.0029175282
0.0030213762
0.0029891082
0.0028986689
0.0028665443
0.0029308924
0.002833164
0.0030336475
0.0030225315
0.0028006404
0.0029077986
0.0027915707
0.003072525
0.0030356073
0.0028549437
0.0028909575
0.0028735953
0.0027766533
0.0028805346
0.0028466778
0.0028085061
0.0028040358
0.0028438452
0.002772014
0.0027983924
0.0027612902
0.002767229
0.0027372863
0.0027595805
0.0027182405
0.0027468486
0.0027313814
0.0026928529
0.0026620452
0.0027263006
0.0027089072
0.0026329039
0.0026380229
0.002618326
0.0025921129
0.002639574
0.002594763
0.0026036967
0.002556622
0.0026866647
0.0026879192
0.0025307406
0.0025715977
0.0026128208
0.0025416177
0.0026621926
0.0027410076
0.0025475598
0.0026268715
0.002630111
0.002594844
0.0025540208
0.0025523694
0.002578963
0.00251966
0.0024957566
0.0024902625
0.00265176
0.002528153
0.0028489074
0.0029629744
0.0026318282
0.0026874738
0.0026396187
0.002686807
0.0024876595
0.0028329345
0.002918604
0.0024198326
0.0030493396
0.0034394702
0.0028914786
0.0027667931
0.0029864078
0.002708099
0.0026512241
0.002743564
0.0026255427
0.0026460113
0.0025812176
0.002617434
0.0025446557
0.002552649
0.0025521975
0.0024440954
0.0025274665
0.0023882564
0.0027928527
0.0029647793
0.0024592087
0.0029370922
0.0034931577
0.0030598985
0.0026705577
0.0028767877
0.0028691557
0.0027953074
0.0028290055
0.0025699097
0.0027670306
0.0029139693
0.0024722868
0.0027226298
0.0029147838
0.0024982293
0.0026184786
0.0028174873
0.0025249505
0.0025237699
0.002636196
0.0025220537
0.0024843751
0.0024965515
0.0025168431
0.0023929141
0.0024676593
0.0023875395
0.0024034989
0.0023328187
0.0024648926
0.0024671687
0.002416369
0.0024669247
0.0023605675
0.002373497
0.002319174
0.002298795
0.00232735
0.0022697307
0.0023405086
0.0022878144
0.0023373303
0.0023142677
0.0023015502
0.0022752902
0.0023215315
0.002255346
0.0023341249
0.0022687148
0.0023414807
0.002294793
0.0022964445
0.002256344
0.0022609434
0.0022342491
0.002277239
0.0023220116
0.0021753125
0.002181067
0.0022731966
0.0022214162
0.002254871
0.0022306591
0.002199113
0.0021633743
0.0022213073
0.0021786464
0.0022193217
0.002165487
0.002242044
0.002192268
0.002167018
0.0021317035
0.0021930246
0.0021680144
0.0021438515
0.0021628265
0.0021890788
0.002153901
0.0020887454
0.0022726965
0.002098636
0.0026754597
0.002673839
0.0024084756
0.002326646
0.0022111272
0.0021767588
0.0021872744
0.0021540003
0.002186551
0.0021587077
0.0020796868
0.0023161331
0.00221695
0.002294989
0.0022491275
0.0023005714
0.0021752045
0.002283802
0.002236749
0.0021882064
0.0021456713
0.0022586097
0.002187719
0.0023107147
0.0022278463
0.00216528
0.0021290092
0.0022049139
0.0021308765
0.0021790022
0.002122521
0.002259271
0.0021613678
0.0021531715
0.0021448345
0.002132045
0.0020959687
0.0021669425
0.0021440748
0.0021007594
0.0020575575
0.002156769
0.0021249042
0.0020841027
0.0020824869
0.0020755746
0.0020517667
0.0021365385
0.0021073003
0.0020847765
0.0020927012
0.002036771
0.0020079366
0.002112095
0.0020404677
0.0021508487
0.0021835673
0.0019707282
0.0020172938
0.0019170806
0.0019348473
0.001914719
0.0019436076
0.0018858756
0.0019478238
0.001932537
0.0018928119
0.0019319295
0.0019387488
0.0018847231
0.001895825
0.0019300333
0.0018976161
0.0018780637
0.0019143198
0.0018656707
0.0019008297
0.0019267942
0.0019079176
0.0018416434
0.0020071126
0.001920877
0.0020826494
0.0019851062
0.0020858434
0.0020139317
0.0021110896
0.0019451793
0.0021405001
0.0021779207
0.0018861846
0.0019505813
0.0018494168
0.0018528588
0.0019492663
0.0018024876
0.0024311505
0.0026600033
0.0018851334
0.0024941773
0.0028014507
0.0022011346
0.0023946813
0.0024832822
0.0021594006
0.0023342504
0.002332177
0.0019140213
0.0021394922
0.0022808749
0.0021404007
0.0019655759
0.0019596291
0.0019988646
0.0019037183
0.001978348
0.00185928
0.002109509
0.0020918262
0.0019780016
0.0019275342
0.002110289
0.0020840634
0.0018803141
0.002003484
0.0019322117
0.0018706286
0.0018726209
0.0018848607
0.0017949872
0.0019999985
0.0018995473
0.0020320185
0.0020994379
0.0018762884
0.001936703
0.001943182
0.0018098579
0.001884233
0.0018762207
0.0018209815
0.0018771667
0.0017957168
0.0018765562
0.0017752838
0.0018724652
0.0018818305
0.0017459688
0.0019781152
0.0018926437
0.002052416
0.0021317154
0.00198044
0.0018633303
0.001857899
0.001870836
0.001795513
0.0017817353
0.0017849947
0.0017729626
0.0017086094
0.0018815958
0.0017823944
0.0018105073
0.00181212
0.0016947042
0.0020520268
0.0019525605
0.0019221843
0.0018569644
0.001952574
0.0018897163
0.0017479802
0.0018198296
0.0017652413
0.0017547894
0.0017627318
0.0016798713
0.0018113656
0.0017934961
0.0017326403
0.001733781
0.0017511562
0.0017009552
0.0017604547
0.0016825133
0.0017777481
0.0018560581
0.0017289718
0.0018047978
0.0018687953
0.0018357116
0.0016506452
0.0018158685
0.0016703174
0.0017218577
0.0017963152
0.0016279711
0.0018493583
0.0019346619
0.0017977855
0.0017625097
0.0018039518
0.0018580975
0.0017299367
0.0017839737
0.0018053879
0.0016935897
0.0017610257
0.0016909121
0.0018823221
0.0017673702
0.001988195
0.0019680005
0.001887623
0.0018864234
0.001696156
0.0016940095
0.0017433255
0.0016209481
0.002059088
0.002098037
0.0017094712
0.0017574122
0.0017172133
0.0016995309
0.0016280275
0.0017621384
0.0017378773
0.001847621
0.0017943764
0.0019451957
0.0018801594
0.0018744952
0.0018161053
0.0016416629
0.0016034115
0.0018133039
0.0017638623
0.0017628872
0.0017371743
0.001781271
0.0016778216
0.0019340215
0.0018433711
0.0016139118
0.001603565
0.0017633976
0.0016852464
0.0017940751
0.0017925875
0.0016725988
0.0016465613
0.0016878115
0.001645615
0.0017216868
0.0016812603
0.0016651251
0.0016168508
0.0017763927
0.00170442
0.0016757123
0.0016609441
0.0016517901
0.0015832657
0.0017866527
0.0017699711
0.0015704809
0.001582973
0.0017201792
0.0016361743
0.0017449807
0.0017412085
0.0015721549
0.0015561366
0.0017035535
0.001627716
0.0016687608
0.0016444087
0.0016254089
0.0015791729
0.001703658
0.0016624825
0.0016326692
0.0016014067
0.0016665333
0.0016170084
0.001650709
0.0016143906
0.0016266826
0.001575506
0.0017085935
0.0016921695
0.0015700046
0.00157603
0.0016509872
0.0015942833
0.0016423408
0.0016162973
0.0015788273
0.0015387005
0.0017018782
0.0016529599
0.0015719217
0.0015454928
0.0016368987
0.0015771709
0.0016864251
0.001661969
0.0015674734
0.0015665187
0.0016236526
0.0015475655
0.0016289544
0.0015763644
0.0016159371
0.0015838571
0.0015911428
0.0015583587
0.0016318415
0.0016019386
0.0015850414
0.0015583031
0.0015826761
0.0015495708
0.001604091
0.0015821616
0.0015860525
0.0015500018
0.001605049
0.0015623776
